nan nan nan nan nan nan nan 0.000000000000000000e+00
1.004824435463236298e-11 nan nan nan 1.977642181960614920e-11 3.063292675076212390e-11 nan 1.612529033911958010e-11
1.634140739392719865e-11 nan nan 3.385680856042109376e-11 nan 1.825569730107279298e-11 1.667518553793989611e-11 2.294918190666924229e-11
1.110866260090048740e-11 nan 2.433563998464430988e-11 nan 2.073670749003220237e-11 4.047179258392930024e-11 2.885780040854749750e-11 3.433883039027918471e-11
1.393776298079056103e-11 2.262681708664615599e-11 nan 2.700589925297425253e-11 nan 2.402155789097785309e-11 2.318257854202106582e-11 2.615299003002528179e-11
1.504902515734520569e-11 3.013375104998772387e-11 3.167511292938891329e-11 nan 3.354223969283380325e-11 2.521751788867968735e-11 6.171441406250000000e+03 1.897251704545454777e+04
1.541119315495720343e-11 2.762593548983400070e-11 2.798847265061965572e-11 2.499870796479619628e-11 2.795288306378651555e-11 5.673384765625000000e+03 8.252677734375000000e+03 1.066447743055555475e+04
1.314555640267537667e-11 2.944235827362362556e-11 2.603613389699314261e-11 2.683311112987902265e-11 2.540940690177638925e-11 9.067173076923078042e+03 1.059610085227272793e+04 1.155914791666666679e+04
2.259868754116959968e-11 3.158426694785783984e-11 1.853809235748589767e-11 2.160657550312259150e-11 8.443641741071427532e+03 8.865796875000000000e+03 8.874770432692308532e+03 8.608324617346937885e+03
2.346497633879444673e-11 2.156309959648712575e-11 2.528394487241899514e-11 2.258158243728658476e-11 6.303249218750000182e+03 7.189239843750000546e+03 7.250775607638888687e+03 9.020077910958903885e+03
2.061030648979910817e-11 2.897567988016349838e-11 2.291927758690803785e-11 4.182999320652173992e+03 7.841880514705881978e+03 6.820664062500000000e+03 7.660591032608695059e+03 8.719238636363636033e+03
2.559417077367591025e-11 2.244636575375756626e-11 2.959358472561949235e-11 4.546171875000000000e+03 4.277877840909090992e+03 5.127593005952380736e+03 7.096002232142856883e+03 6.406399872448979295e+03
1.762958085526995817e-11 2.410495651322269001e-11 2.302379499173990854e-11 4.954575168918919189e+03 4.699722222222221717e+03 6.016016047297297519e+03 5.700383101851851279e+03 8.073078598484848953e+03
1.897899416398199350e-11 2.593657267277787899e-11 1.764020680147058783e+03 3.664143857758620470e+03 4.183373611111111131e+03 5.144775568181818016e+03 5.480439611486486683e+03 6.822733189655172282e+03
1.811443035372057377e-11 2.806563447252517981e-11 1.530670138888888914e+03 4.032351902173913004e+03 3.896304687500000000e+03 4.283892857142856883e+03 4.607135557432432506e+03 5.192131172839505780e+03
2.117685057046529259e-11 2.478174866961648193e-11 1.776918218085106446e+03 3.409436197916666515e+03 3.362968137254902103e+03 3.693025625000000218e+03 4.212689374999999927e+03 4.886720703125000000e+03
2.345951402486826702e-11 2.431118618786504489e-11 3.122063078703703468e+03 2.824488520408162913e+03 3.401375300480769511e+03 3.595947473404255106e+03 3.892144607843137237e+03 3.988871510152283918e+03
2.218143829532766170e-11 2.633578276091595344e-11 2.578659722222222172e+03 2.526026864035087783e+03 3.036561279296875000e+03 3.326775804924242493e+03 3.294705729166666515e+03 4.290333333333333030e+03
2.183508472964996451e-11 2.376545389053725262e-11 2.023182787698412540e+03 2.463983433734939808e+03 2.911895833333333485e+03 3.170832341269840981e+03 3.309281684027777374e+03 3.708399703557312023e+03
2.298755414015036110e-11 2.385836713377405562e-11 1.608970377604166515e+03 2.608148574561403166e+03 2.686658430232558203e+03 2.868769642857142571e+03 3.223513392857143117e+03 3.621106967213114785e+03
2.273854619618834336e-11 2.446454622808585729e-11 2.192681730769230853e+03 2.181710140306122412e+03 2.754656035958903885e+03 2.678428267045454504e+03 3.087774849397590515e+03 3.194183905750798658e+03
2.371524669763673455e-11 2.473609778546732150e-11 2.133003335674157370e+03 2.157174547697368325e+03 2.299239789603960617e+03 2.603649345930232357e+03 2.957391911764706038e+03 3.459837533156498466e+03
2.276806308757672220e-11 2.770182323354557730e-11 1.945353331367924511e+03 1.978521788990825826e+03 2.410588169642856883e+03 2.342394196428571831e+03 2.602328125000000000e+03 3.308622512437810656e+03
2.249725485268884758e-11 2.780776738818993454e-11 1.361859797297297291e+03 2.004680397727272521e+03 2.077521796218487452e+03 2.366903891509433834e+03 2.717000000000000000e+03 3.017102247191011429e+03
2.143192457885630071e-11 2.907520228477591295e-11 1.665253650700934486e+03 1.952279867256637090e+03 1.840996372767857110e+03 2.103536633403361066e+03 2.437044956140350678e+03 2.520681766055045955e+03
2.447130760940517209e-11 2.639799845383095162e-11 1.514632156488549526e+03 1.718992886178861909e+03 1.745287864963503580e+03 1.812056322674418652e+03 2.270666015625000000e+03 2.435350046210720848e+03
2.610615427537747046e-11 2.746031001154755378e-11 1.398742070895522374e+03 1.496006829470198682e+03 1.707472222222222172e+03 1.903102393617021335e+03 1.962426470588235361e+03 2.345743807339449631e+03
2.386258460974611150e-11 2.862724467200816747e-11 9.705072254335259458e+02 1.460572838345864511e+03 1.596512204142011797e+03 1.844078571428571422e+03 1.897310966257668724e+03 2.271347863247863188e+03
2.471503789436391571e-11 2.889547395008256430e-11 1.283961383928571422e+03 1.336216585090361605e+03 1.473019642857142799e+03 1.618792119565217263e+03 1.798831925675675848e+03 2.081702170418006517e+03
2.317330798469614003e-11 2.797510214024702828e-11 1.215662878787878753e+03 1.399989708083832511e+03 1.378882198033707937e+03 1.543958045580110365e+03 1.729918494152046605e+03 2.013596112696148339e+03
2.367092429925910904e-11 2.959810872252001504e-11 1.157635810810810881e+03 1.211834069293478251e+03 1.304475535714285797e+03 1.549702553353658686e+03 1.611130555555555702e+03 1.987521634615384755e+03
2.478314183087676363e-11 2.912783846320090262e-11 9.158222462871286780e+02 1.340184742647058783e+03 1.231680792682926722e+03 1.480639024390244003e+03 1.533016237745098124e+03 1.913388535031847141e+03
2.350343488856334769e-11 2.850465971687189316e-11 1.088256793478260761e+03 1.147331123737373900e+03 1.302560468749999927e+03 1.394860164141414316e+03 1.555418935643564282e+03 1.752919741697417066e+03
2.395584452308973464e-11 2.919249544939428009e-11 1.064027437200956911e+03 1.093083866279069753e+03 1.191303628177966175e+03 1.318543637387387435e+03 1.656775055066079403e+03 1.693993699885452543e+03
2.442855735797959079e-11 2.927305957343492806e-11 1.013671875000000114e+03 1.093255727091633389e+03 1.145081395348837304e+03 1.308203509221311606e+03 1.396862148268398187e+03 1.575380736392742847e+03
2.248865938642972045e-11 2.769082740883277309e-11 7.576955837673610858e+02 1.038282534246575324e+03 1.092608980144404313e+03 1.176864910313901419e+03 1.371755637254902013e+03 1.474775200601805409e+03
2.215289339793253201e-11 2.870133143496723604e-11 8.622296316964285552e+02 9.228282312925169890e+02 1.066865242903930039e+03 1.088466109154929654e+03 1.213193822957198563e+03 1.444229634146341368e+03
2.394262737780292961e-11 3.063998240312079073e-11 8.314846632841328073e+02 9.080582386363636260e+02 1.048167358803986644e+03 1.171888169642857065e+03 1.274848998091603107e+03 1.472778742110009034e+03
2.234376082847521777e-11 2.876934542446937068e-11 7.644909565916398151e+02 8.490763436482085353e+02 9.254618794326240732e+02 9.845702838827838832e+02 1.140583971088435419e+03 1.373658641715727526e+03
2.336476743075285268e-11 2.924222267839276378e-11 6.850382281553398798e+02 8.616457654723127462e+02 9.426220480456026962e+02 1.000560912698412722e+03 1.116344851762820554e+03 1.263044260307194691e+03
2.473241277462006158e-11 2.881764392332510772e-11 7.950545892295598378e+02 8.692595858895705305e+02 9.100551118210862569e+02 9.660442023026315610e+02 1.099373269230769210e+03 1.269562500000000000e+03
2.496262826576475105e-11 2.830887725493531180e-11 7.935382364048338104e+02 8.217725638977635754e+02 8.614428116147308856e+02 9.134396126760564130e+02 1.057719494047619037e+03 1.241928625377643584e+03
2.436420731056431387e-11 3.043287327568445685e-11 7.136971640173410378e+02 7.669995179948585928e+02 8.565783527696793271e+02 9.056890135327636244e+02 1.046411836592178815e+03 1.144110536465638006e+03
2.356437223884367228e-11 2.916436859454390462e-11 6.118369400726392087e+02 7.172228618421052033e+02 8.284877204030226494e+02 8.850021367521368347e+02 9.906817010309277975e+02 1.112762415540540587e+03
2.499276153313789283e-11 2.955941628262465276e-11 7.187013742997198733e+02 7.363912712895377126e+02 7.789010416666667425e+02 8.546647865853658459e+02 9.415020667989417689e+02 1.089523142216527731e+03
2.364168024781302254e-11 3.017621459045976264e-11 6.801984489051095579e+02 6.965331266318537473e+02 7.305223922902493996e+02 8.357816416040100194e+02 9.120031486146095858e+02 1.034857600732600758e+03
2.497203989486993270e-11 3.033564652972723573e-11 5.566252211084905639e+02 6.867355598341232508e+02 7.077052238805970319e+02 8.311094837587006623e+02 9.226977383863080604e+02 9.996382239952718010e+02
2.348543909976300147e-11 2.930401008269553962e-11 5.214824132709251217e+02 6.543697805139186130e+02 7.243775337837837469e+02 7.801591169724771362e+02 8.598095401982379826e+02 9.844767441860465169e+02
2.404913104286311590e-11 2.980692556652428574e-11 5.879170329670329238e+02 6.549761439732142208e+02 6.847845108695652243e+02 7.404086021505376038e+02 8.117644548458150666e+02 9.835179258241757907e+02
2.473293814109565876e-11 2.910213676585111584e-11 5.993120967741934919e+02 5.952431434599155864e+02 6.816197296626983189e+02 7.343099645030425791e+02 8.250623703319502056e+02 9.310983324510323200e+02
2.506653738743036541e-11 2.907769950747744263e-11 5.028362771739130039e+02 6.047797359496123590e+02 6.438199685534591481e+02 6.950275510204082821e+02 7.908856661676645672e+02 9.056721616261773988e+02
2.533820913358154571e-11 3.040321903700647410e-11 4.901363341968911413e+02 5.766602985829960062e+02 6.177145176252319061e+02 6.778651252408477603e+02 7.728340135261194064e+02 8.648687884524372294e+02
2.444674915177866382e-11 3.036916397371038068e-11 5.407937247983870748e+02 5.619445043103447688e+02 6.024896035992218231e+02 6.482512591575091392e+02 7.353476341807909193e+02 8.506314415041782695e+02
2.553381053718078031e-11 2.972750216584777678e-11 5.371474034926470722e+02 5.631607560861423281e+02 5.922916666666667425e+02 6.417541809605488652e+02 7.370097098214286007e+02 8.085022361359571050e+02
2.542896822940098964e-11 2.939573802424859141e-11 4.673310108153078204e+02 5.302617388507718488e+02 6.184092741935484128e+02 6.503904264972776446e+02 6.908007611492281512e+02 8.160059652928416654e+02
2.451202891178392401e-11 2.973647302421530382e-11 4.352051191437803368e+02 5.437151000000000067e+02 5.594525041390728575e+02 6.283757045088566429e+02 6.892956495098039795e+02 7.614851609657947620e+02
2.512644443245116525e-11 3.015443700383075378e-11 4.789315181518151689e+02 5.093845286885245969e+02 5.554763877795527378e+02 6.100432615629983957e+02 6.986351814516128798e+02 7.574254287464272011e+02
2.598908874998732851e-11 2.883679424052284630e-11 4.852674845440494664e+02 5.037557722929936403e+02 5.412246621621621898e+02 5.870805687203791194e+02 6.582893481717011355e+02 7.509821020563595084e+02
2.574448883341304279e-11 3.024265723978212014e-11 4.139760324483775662e+02 4.736607016925246967e+02 5.297082686335403423e+02 5.636669655667145662e+02 6.670531295487627403e+02 7.350374811178247683e+02
2.564020012519593822e-11 2.929834972921806021e-11 3.967193412162162645e+02 4.945097534937887644e+02 5.124507378472222854e+02 5.578372764530550967e+02 5.986545163584637521e+02 6.825050992779782746e+02
2.551649719573028126e-11 2.969687721162838083e-11 4.448890601644245066e+02 4.833934948979591582e+02 5.206916577253218748e+02 5.587740131578947285e+02 6.217778561354019757e+02 6.932315517241378302e+02
2.586979252370831791e-11 2.968915274007891866e-11 4.371589600271002496e+02 4.726135057471264531e+02 4.878786231884058111e+02 5.424699931412893648e+02 6.073235969387754949e+02 6.780162512630515721e+02
2.476505293526519049e-11 2.918026966110588384e-11 3.774856386392810919e+02 4.648685917721518877e+02 4.905397995283018986e+02 5.271547297297297519e+02 5.776458468790636971e+02 6.435432300163132595e+02
2.564251207884665636e-11 2.897906633759785039e-11 3.723491864355231087e+02 4.581856155778894504e+02 4.780816594561186434e+02 5.246306471306471622e+02 5.782641304347826008e+02 6.618353903116321817e+02
2.507357146415228378e-11 2.877089683211027441e-11 4.197362641687657288e+02 4.465503969489414544e+02 4.843416053921568505e+02 5.208602541560102281e+02 5.462886235955056691e+02 6.486631922837585762e+02
2.471800641764743545e-11 2.802194887809079461e-11 4.017298399390243731e+02 4.312672997644286852e+02 4.565736788617886077e+02 5.211023312356979886e+02 5.660118421052632129e+02 6.170942336309524308e+02
2.470453538708480605e-11 2.876047773097657677e-11 3.403979747386759414e+02 4.226466237259343188e+02 4.626646415552855274e+02 4.769752344665884607e+02 5.424348336177473584e+02 6.164570026369763127e+02
2.536984398326997399e-11 2.880250816405306065e-11 3.493452963917525835e+02 4.097581457345971785e+02 4.420298884165781033e+02 4.880829988532110519e+02 5.286174389567147500e+02 5.984845360824742784e+02
2.472589411559311359e-11 2.843945441765952016e-11 3.949921784472769559e+02 4.006188662190082823e+02 4.373895716292135489e+02 4.546345278355879600e+02 5.046097898230088390e+02 5.835691100892615850e+02
2.544716514802056016e-11 2.876934877580249211e-11 3.575579931071050055e+02 4.052287405812701309e+02 4.204865980691057530e+02 4.678305078976035247e+02 5.040407176906779796e+02 5.661855575868373762e+02
2.457300934836778136e-11 2.893487839054930224e-11 3.309476570289132269e+02 3.913029141104294695e+02 4.180969919786096511e+02 4.377477836879432971e+02 4.821553720083247185e+02 5.524434058898847297e+02
2.513969253458397239e-11 2.894125303127058907e-11 3.342545398009950190e+02 3.808324401794615710e+02 4.032887742718446589e+02 4.456272477522477402e+02 4.917057240704500600e+02 5.429383329142569892e+02
2.486721283994181883e-11 2.846509266530745116e-11 3.635302638067061594e+02 3.750938408430232585e+02 3.931794887475538189e+02 4.235565533980582131e+02 4.795461471754211971e+02 5.294809564370892758e+02
2.593021921673898045e-11 2.825076911604597979e-11 3.421307440476190322e+02 3.797508246936852174e+02 4.082137869344413730e+02 4.226454781105990719e+02 4.679190275208140974e+02 5.375484581497797762e+02
2.597683356781987734e-11 2.885138360659180862e-11 3.204744475138121516e+02 3.710257074420676986e+02 3.826912181303116540e+02 4.283037054409005577e+02 4.684774164408310639e+02 5.357072928821470441e+02
2.610454362395657369e-11 2.870410100670150452e-11 3.120928841309823838e+02 3.689628666035951028e+02 3.766441060799319871e+02 4.132603144513827260e+02 4.437643551236749317e+02 4.950364548494983410e+02
2.547159965016579603e-11 2.865331195195089248e-11 3.508347159090909031e+02 3.570283569641367762e+02 3.823883646021699860e+02 4.105698545494313407e+02 4.417527581641659253e+02 4.965196343574210118e+02
2.606877581918818411e-11 2.855252127687147667e-11 3.131693201376936599e+02 3.501166611258865373e+02 3.701382780082987551e+02 3.998594543147207787e+02 4.263722371244634815e+02 4.782108516483515928e+02
2.589766019519002133e-11 2.940086290447158375e-11 3.104488496302382714e+02 3.554166498384491319e+02 3.753051968670617953e+02 3.896989806425041252e+02 4.313639888337468733e+02 4.780843912591051321e+02
2.512393635963903752e-11 2.926288271527692505e-11 2.953670576009500905e+02 3.436556901465798433e+02 3.558133432539682417e+02 3.841712813257881862e+02 4.232191247002397745e+02 4.739342501505722112e+02
2.587068364207910492e-11 2.821856214831788874e-11 3.307049516192732881e+02 3.401480520751761674e+02 3.576645094681708201e+02 3.781957872928176698e+02 4.121435898718975182e+02 4.787868098159509032e+02
2.574805955093769423e-11 2.843773679343822149e-11 2.944084699453551934e+02 3.417819778726707796e+02 3.573657600454890257e+02 3.700172892720306663e+02 4.159637859304085055e+02 4.520727697293175993e+02
2.590409107703436949e-11 2.760308882994016718e-11 2.854514925373134133e+02 3.346885691375624106e+02 3.486864503816793786e+02 3.675635531135530982e+02 3.999883948545860903e+02 4.469717771982116119e+02
2.544292570697278083e-11 2.827339790496964283e-11 2.852449957044673852e+02 3.150778585271317525e+02 3.447781733473980239e+02 3.692735974222895834e+02 3.874958935018050283e+02 4.449036768751146269e+02
2.537236967331695955e-11 2.855870577364784684e-11 3.109154214559387128e+02 3.220235013623977807e+02 3.374023350630096161e+02 3.536622064917127091e+02 3.969119667389732626e+02 4.332523891092679378e+02
2.527856624781299590e-11 2.882722121779411942e-11 2.826989626917712712e+02 3.190340990028490182e+02 3.341415030467163092e+02 3.633238199300699307e+02 3.791522002772002793e+02 4.187215331610680096e+02
2.578813832640973493e-11 2.854103656019250795e-11 2.811095305242203040e+02 3.160329414749662078e+02 3.399042380136986594e+02 3.544651993648553230e+02 3.784484671409214229e+02 4.266476967047747166e+02
2.523360779586406937e-11 2.851020642743400713e-11 2.684637774633822005e+02 3.110121608206486030e+02 3.314017030423280517e+02 3.375478869818653038e+02 3.673034943559096632e+02 4.115777777777777828e+02
2.640954543394348736e-11 2.925163176563305687e-11 3.005715871710526130e+02 3.089446202531645440e+02 3.264585711887172579e+02 3.450397407223326809e+02 3.668790175612988946e+02 4.003316595324333207e+02
2.705334913891254452e-11 2.810202006747688511e-11 2.724257413903060865e+02 3.046939001264222497e+02 3.222277581438229390e+02 3.339864147407869837e+02 3.570884367128463168e+02 3.875258945386064511e+02
2.554013012509919040e-11 2.851271792330056522e-11 2.703654857673267315e+02 3.006512454156479066e+02 3.136120484790874343e+02 3.342751081582200072e+02 3.639581653225806690e+02 3.935355129209083884e+02
2.610555484217837919e-11 2.909571322381267075e-11 2.732912463450292648e+02 2.997121424129352931e+02 3.162293266391021689e+02 3.273820825441919737e+02 3.528187984496123590e+02 3.845223720502604579e+02
2.562385694080436529e-11 2.901242882299728984e-11 2.775250891196528187e+02 2.993667214912280770e+02 3.105413557213930176e+02 3.237289639381797315e+02 3.420135688295936802e+02 3.893928149024246181e+02
2.600209558619790535e-11 2.909992713297707208e-11 2.648060275670944748e+02 2.938511655708308012e+02 3.037564715813168164e+02 3.201635724852071121e+02 3.450660944835680652e+02 3.756453294713975311e+02
2.608355810278610353e-11 2.798716162258408391e-11 2.597868467514124404e+02 2.888040710688304671e+02 2.968209287993039425e+02 3.225943389491719131e+02 3.443578080229225975e+02 3.679160620287380539e+02
2.640295424154913343e-11 2.814685286173625037e-11 2.637857734806630106e+02 2.862969100336322867e+02 3.060124930594114403e+02 3.197148328690807944e+02 3.304049667036625806e+02 3.631229160878021389e+02
2.552096079198245982e-11 2.870130110800711794e-11 2.752951407967033219e+02 2.834243421052631788e+02 2.946415277777777533e+02 3.086362375138734819e+02 3.275878508530544764e+02 3.584719827586206975e+02
2.584088935922305353e-11 2.833130156273159315e-11 2.637330464893033763e+02 2.859886765505984840e+02 2.917969958741619507e+02 3.082840131578947194e+02 3.282136000000000422e+02 3.479073701167941977e+02
2.568700182300068926e-11 2.776635014524448010e-11 2.547515560165975046e+02 2.873104446935724923e+02 2.948004690048939551e+02 2.979604754928076318e+02 3.226571920478170910e+02 3.474360540681049656e+02
2.562232598729845070e-11 2.810813870498722568e-11 2.566231380337636665e+02 2.792380340724716348e+02 2.880633198789101925e+02 3.058863402061855936e+02 3.148962958182756893e+02 3.374704592363260645e+02
2.582144236257182217e-11 2.820160054343902474e-11 2.619522264376997214e+02 2.826681851311953437e+02 2.873719273012551980e+02 2.972273320895521920e+02 3.175507792701469612e+02 3.430393468611287062e+02
2.537059141170952113e-11 2.809045775635234740e-11 2.500836830900243513e+02 2.849558294812532040e+02 2.841257697773567088e+02 2.957165932452276138e+02 3.053655039721946309e+02 3.289054627012412197e+02
2.553512956637859720e-11 2.845786230983226436e-11 2.520537968975469028e+02 2.772218899521531057e+02 2.768217888779527698e+02 2.906517725258493670e+02 3.079324488802337214e+02 3.306608008238429761e+02
2.617360890390657467e-11 2.889412720737828727e-11 2.520220622935347023e+02 2.687576104842501081e+02 2.790526722090261273e+02 2.861962683042040680e+02 2.972054502369668398e+02 3.211893158388003826e+02
2.570213032440090176e-11 2.884816907331895546e-11 2.568679837952090566e+02 2.720808164228409964e+02 2.802297510518934018e+02 2.852552275878003911e+02 2.946582822808671267e+02 3.198452155936208214e+02
2.642752633414673913e-11 2.829404913507612018e-11 2.486884783609576459e+02 2.744665281625115085e+02 2.762977957714799686e+02 2.879315807799442837e+02 3.028821412505623130e+02 3.183239432575235810e+02
2.621125377190235075e-11 2.836078745680185782e-11 2.442999887285843101e+02 2.738034964648696246e+02 2.687172509225092085e+02 2.825431838365897192e+02 2.938641304347826235e+02 3.117897317403065927e+02
2.621556270449261356e-11 2.845434888561817500e-11 2.492601879222973196e+02 2.659842698519515238e+02 2.717579236739974249e+02 2.772609868713840342e+02 2.926624783362217954e+02 3.110932611311672531e+02
2.640274475451237380e-11 2.865892138988083989e-11 2.472772282855843571e+02 2.594501602564102427e+02 2.667444469124833404e+02 2.782879896685320773e+02 2.933293993794326298e+02 3.109957907886160910e+02
2.611713992508018995e-11 2.860349709875999102e-11 2.466360916984328640e+02 2.652824223803363566e+02 2.642809557920589327e+02 2.763102320675105261e+02 2.840323722010984397e+02 3.043731406714832133e+02
2.635359115957445247e-11 2.843993767492487313e-11 2.460579672606713473e+02 2.685872261264985355e+02 2.680103228228228431e+02 2.702312686249467788e+02 2.836199204021784794e+02 2.965970492832478840e+02
2.621402562833389232e-11 2.874625587090953571e-11 2.402860332927324407e+02 2.662482380185259672e+02 2.656355241436236270e+02 2.694464357429719144e+02 2.751881349045103775e+02 2.911505037783375656e+02
2.636548530252413183e-11 2.822389709551050436e-11 2.418236985472154856e+02 2.590810467479674912e+02 2.650543172690763072e+02 2.720602742529676448e+02 2.755770319450060697e+02 2.861579040762522936e+02
2.676644074352862399e-11 2.823137198410142650e-11 2.402629128070882132e+02 2.614050879648140722e+02 2.578814288476411321e+02 2.685427824472243969e+02 2.748898727308603043e+02 2.903884371281237691e+02
2.629807651938144291e-11 2.834556198649807119e-11 2.414887851366961797e+02 2.583912775246773208e+02 2.628413576555024065e+02 2.629378117805065358e+02 2.749993716163959903e+02 2.866029340328378225e+02
2.615183482173571913e-11 2.822439121425126753e-11 2.368194648767929493e+02 2.603084212583040653e+02 2.605686985404191773e+02 2.612240602975724073e+02 2.700981600910470775e+02 2.793023933649288892e+02
2.620388265250692062e-11 2.867172138853299685e-11 2.382401536037810104e+02 2.601848617176128187e+02 2.549767021681247741e+02 2.619071289785343879e+02 2.651395809739524339e+02 2.809931451612903288e+02
2.649218290842788837e-11 2.817290948967113208e-11 2.407759296390812835e+02 2.500317885867483767e+02 2.568183691756272538e+02 2.611072812846068700e+02 2.687870370370370097e+02 2.766356677972316334e+02
2.669349807793910298e-11 2.838781094182450521e-11 2.365396401651112797e+02 2.512944987446198013e+02 2.558051236418134238e+02 2.644482078039927160e+02 2.627880098324836240e+02 2.741733221018122322e+02
2.635555915107891852e-11 2.849371210322973697e-11 2.357902360515021485e+02 2.591592203631185498e+02 2.512160885379701938e+02 2.543105580357142799e+02 2.575084507670352991e+02 2.655668008137272409e+02
2.666833693407567269e-11 2.857137216874673682e-11 2.384063702343476905e+02 2.528244389352818473e+02 2.559666929271708682e+02 2.577090388007054571e+02 2.598320777855640813e+02 2.614239187763712948e+02
2.625873868665261415e-11 2.837351372145552427e-11 2.354601063829787222e+02 2.512049469964664183e+02 2.551310394692071952e+02 2.518336447010869392e+02 2.573592996209510488e+02 2.631003082399930690e+02
2.668906889166551804e-11 2.825574134821463414e-11 2.329961217183770827e+02 2.543192383778437318e+02 2.508047285464098195e+02 2.502425840192043722e+02 2.594430462184873818e+02 2.619934777048341630e+02
2.630679740580412629e-11 2.876630432539172777e-11 2.322398246460746520e+02 2.500486063611490977e+02 2.496919802140771765e+02 2.509040148729946509e+02 2.542154599800730921e+02 2.600975533770873085e+02
2.678434385783503088e-11 2.823965098045567669e-11 2.323337015635621867e+02 2.519601780558228938e+02 2.483981675612210722e+02 2.481360715455140848e+02 2.512505386145177226e+02 2.548853070712013960e+02
2.657654189312334147e-11 2.813636783277918650e-11 2.336641636981865418e+02 2.560377591312931713e+02 2.512335671500630383e+02 2.448725837628865918e+02 2.488941072575465512e+02 2.521601293974929376e+02
2.638008796534056303e-11 2.848039088909099435e-11 2.385706504452926424e+02 2.512322486391290113e+02 2.460545696721311515e+02 2.469542186001917514e+02 2.474957233626588504e+02 2.510140557424315091e+02
2.624726685209186595e-11 2.830045967746692700e-11 2.268005046583851083e+02 2.498755394574599222e+02 2.482181039802530051e+02 2.454114781368821241e+02 2.531819162045594567e+02 2.507954545454545325e+02
2.598743449279407853e-11 2.829265257111308525e-11 2.331768926466025391e+02 2.506086556529909330e+02 2.447518234016139047e+02 2.460309432515337562e+02 2.440990934667083252e+02 2.478323570486461449e+02
2.634306133178050146e-11 2.815525157191631199e-11 2.402258644430844470e+02 2.490215654347167629e+02 2.467763601618704854e+02 2.444644481503941904e+02 2.427308616031221788e+02 2.495219551038980796e+02
2.594703190283236723e-11 2.803461924065703852e-11 2.371914085765336608e+02 2.461587997054491836e+02 2.424920360110803301e+02 2.441651799044491042e+02 2.408644366197183331e+02 2.431852011064593171e+02
2.622934550058907511e-11 2.803457483039284856e-11 2.280345390020074490e+02 2.475416166766646597e+02 2.423427916308397982e+02 2.407496277546158581e+02 2.408691406249999716e+02 2.382871124102715896e+02
2.590801625769396994e-11 2.798210890700686842e-11 2.332113882211538680e+02 2.493057226783692215e+02 2.390594713656387569e+02 2.377913291871564638e+02 2.351731691368788120e+02 2.361022620848642077e+02
2.613444607015476021e-11 2.801427781151224377e-11 2.406723922659817276e+02 2.490491448326055490e+02 2.426498038116591829e+02 2.382754493119910251e+02 2.334487582072509326e+02 2.347048692740613944e+02
2.610864091146229166e-11 2.826919622457393755e-11 2.367171089385474545e+02 2.504418091367712975e+02 2.403937697387309811e+02 2.394409972598788272e+02 2.378384648127128287e+02 2.324828291375784488e+02
2.592848808502498152e-11 2.849059861531149744e-11 2.290491071428571388e+02 2.488060750900526727e+02 2.427349848818032001e+02 2.359246263027976056e+02 2.345993207651788168e+02 2.323763427818975629e+02
2.636016370142972428e-11 2.870640334656592743e-11 2.387236152694611064e+02 2.488097119594964397e+02 2.423159512362637429e+02 2.336870713305898732e+02 2.339314317059791790e+02 2.273473857988971645e+02
2.636450695905945551e-11 2.783295244138964341e-11 2.382400027203482011e+02 2.503558894230769170e+02 2.419731377277599051e+02 2.355071979865771539e+02 2.304747818791946088e+02 2.267482875551034454e+02
2.689320716310906650e-11 2.775426578644363243e-11 2.399712050599200950e+02 2.508724651252906312e+02 2.401347666756320507e+02 2.332458002645502688e+02 2.318216386832363867e+02 2.214906588657669033e+02
2.616484911815156515e-11 2.785984466241863098e-11 2.274288273718924245e+02 2.497202783031612796e+02 2.409198771013754481e+02 2.319068905070118376e+02 2.320998992721601155e+02 2.241544768776648198e+02
2.603080894746541806e-11 2.876800420350046296e-11 2.390449400798934505e+02 2.466091403903903938e+02 2.416918359271960242e+02 2.327956995987964035e+02 2.258103998437092912e+02 2.214604138551507049e+02
2.658307884424494461e-11 2.868401945829195904e-11 2.379970011424219649e+02 2.475125356309924882e+02 2.445308232169954579e+02 2.345193738773415362e+02 2.243879608294930961e+02 2.199525099828864541e+02
2.598295575175641681e-11 2.858716665595292416e-11 2.436994375000000161e+02 2.485070372432566046e+02 2.350253846642929716e+02 2.297993421052631220e+02 2.263266260673028967e+02 2.167807453025828011e+02
2.588552647425807135e-11 2.815024486406384290e-11 2.265374724467303338e+02 2.484469152626362813e+02 2.397784104787493789e+02 2.315358776530861178e+02 2.238061547443461166e+02 2.156898430286241819e+02
2.630463188785123132e-11 2.835317890450980559e-11 2.399097546728971793e+02 2.473038343558282293e+02 2.375614266437683852e+02 2.300731502242152260e+02 2.205125549853372320e+02 2.146946802662920675e+02
2.651019142494406895e-11 2.825757285208903247e-11 2.423525489840348257e+02 2.501699722691102181e+02 2.372741734062797434e+02 2.308844940406637249e+02 2.215919304179753624e+02 2.090718714431198748e+02
2.617427236476854511e-11 2.840054110638271857e-11 2.391610224586288211e+02 2.490652072659524947e+02 2.387636544489992900e+02 2.278086893903024475e+02 2.197923448926633512e+02 2.144805871494074836e+02
2.612110039524911851e-11 2.856237718310379405e-11 2.313820029606012270e+02 2.490110020413064262e+02 2.392651202749140964e+02 2.311661945231350330e+02 2.218719975632397450e+02 2.114997355585591094e+02
2.632882557142135421e-11 2.809584105125889474e-11 2.370693287312544726e+02 2.501245468962392522e+02 2.376877061734213044e+02 2.285427324920418357e+02 2.180337940284581464e+02 2.083930344668321766e+02
2.665345061609734309e-11 2.826254912585387180e-11 2.456271008403361407e+02 2.497635321100917452e+02 2.401282718120805555e+02 2.278171550148503570e+02 2.165438671696387587e+02 2.063066792495351933e+02
2.654131236059593431e-11 2.867107792422626368e-11 2.389239374859455722e+02 2.494033975084937822e+02 2.389470319634703230e+02 2.258220020211093697e+02 2.167570454545454481e+02 2.040059709095025084e+02
2.613785978968433574e-11 2.846441381385492271e-11 2.340077901343316569e+02 2.513256535588752172e+02 2.419463065049614272e+02 2.293076147816349533e+02 2.155969258688957382e+02 2.049409110976215516e+02
2.648887495263863388e-11 2.863611385423146327e-11 2.479692036955565584e+02 2.520255034299623844e+02 2.379636505113383578e+02 2.293146936995857743e+02 2.171480255901169016e+02 2.006642726921164410e+02
2.653742642329462449e-11 2.863578769313487488e-11 2.481259757155247030e+02 2.519046587215601392e+02 2.387399240346064460e+02 2.301376186367558319e+02 2.138015146649539702e+02 2.012028317065322369e+02
2.636108589773561243e-11 2.875082973629184338e-11 2.447150589496248472e+02 2.536826378695743358e+02 2.404399717514124291e+02 2.260345659163986909e+02 2.148200943295672403e+02 2.018554202355460347e+02
2.634227013263976003e-11 2.857889149163069609e-11 2.378602117694970559e+02 2.539972530461270708e+02 2.405338509316770228e+02 2.272222251585623667e+02 2.135870695086098294e+02 2.005206960189823349e+02
2.668705790510480135e-11 2.880487628684810031e-11 2.485432403433476338e+02 2.511282828282828348e+02 2.433890419669351388e+02 2.284472782048618171e+02 2.134891032325338927e+02 1.982886020775695499e+02
2.631662704713678765e-11 2.836838926895085043e-11 2.505638578522656701e+02 2.568120380147835249e+02 2.403986349848331656e+02 2.271345918990433574e+02 2.133634803411691223e+02 1.971411098614590287e+02
2.647555192263248520e-11 2.855829864659557140e-11 2.441027062113041666e+02 2.541191704703314258e+02 2.410036704730832184e+02 2.292301876153373144e+02 2.097320727657004795e+02 1.972696854363059060e+02
2.648846160540491537e-11 2.882757643929245778e-11 2.394004131819991983e+02 2.574464106173335836e+02 2.420995282071873191e+02 2.251999206664022211e+02 2.090822835432913394e+02 1.949210124618387283e+02
2.653225074380634278e-11 2.886188669517621995e-11 2.525470405918816255e+02 2.550491681521093312e+02 2.416492759373140302e+02 2.282420646766169057e+02 2.092432766462329425e+02 1.954571035517759015e+02
2.587639955317783043e-11 2.869796241434299678e-11 2.590482027739792557e+02 2.566004078223270426e+02 2.398383877159309066e+02 2.237355384014070694e+02 2.114651663405088016e+02 1.912214941972920599e+02
2.683932852494461167e-11 2.868271842955647865e-11 2.448539168278529985e+02 2.567828685258963901e+02 2.426779411764705685e+02 2.251437547600914115e+02 2.083323059140820703e+02 1.890690233658395414e+02
2.620816300592113189e-11 2.805520337551162633e-11 2.426336174944403297e+02 2.570417234001166662e+02 2.436822105460686885e+02 2.283891061998826615e+02 2.091939129619208302e+02 1.892647136100893306e+02
2.621648513800920552e-11 2.887779525767277235e-11 2.577650695517774011e+02 2.644510518545857281e+02 2.416355859300325051e+02 2.243997374239911551e+02 2.079047460528818760e+02 1.873852304797742363e+02
2.652848851882263148e-11 2.860379445290885310e-11 2.607912157118865366e+02 2.625191891128272914e+02 2.446290219378427935e+02 2.255478921842939712e+02 2.072829916123019700e+02 1.865983635016897324e+02
2.661961468173459978e-11 2.841090690169668192e-11 2.490926535087719174e+02 2.611687155963302871e+02 2.429620747350808472e+02 2.250876250463134340e+02 2.061007617728531613e+02 1.855342363628022326e+02
2.672665516545870749e-11 2.898257033928176396e-11 2.515016714853632038e+02 2.642058189655172100e+02 2.440374318181818012e+02 2.231267573900504431e+02 2.063807217516669823e+02 1.854588212687073394e+02
2.659125250250670748e-11 2.838938569664083488e-11 2.635179759122775636e+02 2.630706235229957883e+02 2.450193768996960557e+02 2.292021160160525426e+02 2.073968468468468416e+02 1.813853860418834074e+02
2.638423935017987614e-11 2.855565163946372712e-11 2.650096136688080151e+02 2.660540131696031381e+02 2.454459684487291895e+02 2.252949584199584194e+02 2.073920726306465951e+02 1.847922463447053758e+02
2.680421497494359479e-11 2.889827460822692596e-11 2.537367796907940942e+02 2.662792881646655019e+02 2.459578420864594364e+02 2.267076062048298866e+02 2.041939383321653736e+02 1.841123514819167042e+02
2.671828818376230222e-11 2.912275470028409369e-11 2.586795573135835866e+02 2.660115834359064593e+02 2.494643039918116756e+02 2.259016824395373533e+02 2.047468552113640214e+02 1.800267954238983918e+02
2.657295861463068953e-11 2.879388924997821156e-11 2.748610453908166846e+02 2.685592894558972148e+02 2.468817392431311646e+02 2.274449552893537998e+02 2.071928200692041457e+02 1.809670442842430589e+02
2.642659869395468677e-11 2.931762508055789938e-11 2.707341040462428055e+02 2.683937026515151842e+02 2.492706666666666706e+02 2.254501661837395545e+02 2.053822745728303403e+02 1.794245008231668805e+02
2.640054295334646801e-11 2.914892050157498869e-11 2.577407146410213841e+02 2.715351079611010618e+02 2.484295493197278688e+02 2.266067795196797761e+02 2.042066437667560308e+02 1.796285055465536686e+02
2.660396263704425658e-11 2.883749017868000724e-11 2.655573105436573087e+02 2.737433708982432563e+02 2.499692515558466823e+02 2.288778437396213974e+02 2.016445844966332857e+02 1.776494503684795347e+02
2.627894270793117154e-11 2.903210303740802623e-11 2.764861042490118734e+02 2.766539659128154653e+02 2.487448903906378916e+02 2.290962970540098524e+02 2.026770199111403770e+02 1.779382461918484921e+02
2.656004757979096136e-11 2.884637979742114166e-11 2.772266236945170021e+02 2.777470733718054703e+02 2.527919884169884028e+02 2.277694163048721521e+02 2.008396073340905446e+02 1.763409100150449547e+02
2.640801995037680497e-11 2.885231082235073875e-11 2.694856252994729289e+02 2.740100963031997594e+02 2.505008565834557146e+02 2.289796960437439566e+02 2.022522392200380352e+02 1.782151134910486121e+02
2.767798870824700095e-11 2.892705198981304615e-11 2.686978716841455821e+02 2.776558913851624197e+02 2.571336585930268370e+02 2.308341525289361016e+02 2.055927717476797056e+02 1.752712927531657954e+02
2.978957353020924733e-11 2.913528579679233085e-11 2.862619294605809159e+02 2.780939261233815500e+02 2.570737402947235068e+02 2.286824741864831196e+02 2.032797367183827077e+02 1.757342247654638356e+02
2.968545694427301429e-11 2.949135738210817521e-11 2.795102080422294648e+02 2.820012089741557020e+02 2.565130952380952181e+02 2.272048340217225189e+02 2.036628320312499909e+02 1.756177225527943051e+02
2.956646832862266695e-11 3.049880321397692118e-11 2.760540509786071652e+02 2.787192130329603970e+02 2.576345960766141729e+02 2.288466694837123327e+02 2.024817426436956964e+02 1.743815474152687557e+02
2.981341324963871851e-11 3.095469473461741123e-11 2.779783614077304605e+02 2.846712303075768773e+02 2.561813703537841320e+02 2.302461079201934524e+02 2.026683031029830886e+02 1.714486028693758044e+02
2.983761204549785636e-11 3.116721331463034786e-11 2.939951340020961652e+02 2.834959579933514533e+02 2.600612337465981341e+02 2.295755744553864588e+02 2.006840235792019200e+02 1.721993801652892842e+02
2.978410403043463416e-11 3.186210115583406606e-11 3.112636520047875592e+02 2.863787839442053951e+02 2.592485791314485937e+02 2.324708723435874447e+02 2.034974294947120939e+02 1.704417466730918704e+02
2.964088869328139974e-11 3.154247427048947725e-11 6.069146715328467963e+02 2.895431047089792287e+02 2.621441023738872218e+02 2.327014821845794188e+02 2.008861708351616073e+02 1.714042619580778819e+02
2.972925124661786152e-11 3.158027994917458763e-11 9.983305156382078849e+02 2.885400741171341110e+02 2.615287670261066637e+02 2.294749561595791363e+02 2.006848146285385894e+02 1.685131337813072889e+02
2.939870364440055878e-11 3.203385068632700302e-11 1.411082114901787008e+03 2.913367492171933009e+02 2.635741581259150621e+02 2.331522811125301473e+02 2.032095144643116669e+02 1.705190762690492647e+02
2.987236291027614857e-11 3.173774475467619129e-11 1.651323504394669726e+03 2.941900541079311324e+02 2.638968679458238853e+02 2.337702999009761129e+02 1.991158398299078556e+02 1.711454445664105606e+02
2.972299429297960991e-11 3.214378235960229941e-11 1.894551955307262460e+03 2.960498525487993788e+02 2.653954506922859764e+02 2.353129445234708612e+02 2.017245217330144840e+02 1.692460549489256891e+02
3.004985455338943460e-11 3.179059116271732153e-11 2.218481629834254363e+03 3.001328415827932758e+02 2.665065645139174535e+02 2.338522633744856023e+02 2.008866652841144571e+02 1.692952692241527473e+02
2.948406668302630201e-11 3.167944670452237210e-11 2.555453163857418986e+03 3.022077859217259288e+02 2.676494648318042664e+02 2.346436222005842183e+02 2.019517634854771870e+02 1.687185943552849778e+02
2.971030577666301394e-11 3.193134159710496363e-11 2.691817562039814675e+03 3.548746393735402762e+02 2.667125673854447427e+02 2.368292810061877844e+02 2.044427698574338024e+02 1.659839993198435764e+02
2.961283969130126800e-11 3.130790388584924813e-11 2.680549114984461539e+03 5.807933642999336143e+02 2.705459818998367041e+02 2.377707940463361922e+02 2.040323209246069212e+02 1.679142268598250780e+02
2.945600679949758106e-11 3.166637529694857306e-11 2.675051618775191855e+03 7.951696875422696849e+02 2.721754901960784423e+02 2.364663913510609916e+02 2.046625695732838324e+02 1.667072042190454226e+02
2.930046220645669418e-11 3.191283598135174792e-11 2.827324717285945098e+03 1.021975543828034574e+03 2.718438467752793599e+02 2.368771964076532583e+02 2.019304011119936604e+02 1.663802452450802889e+02
2.963625216130386604e-11 3.163231238817181677e-11 2.686886738163745576e+03 1.211827327528466185e+03 2.758787291747384529e+02 2.358151431791064283e+02 2.018420758928571388e+02 1.644733433636423001e+02
2.963361141762041015e-11 3.172813206669533770e-11 2.718299523134424817e+03 1.480481500513874607e+03 2.747301448712973411e+02 2.422522636783971279e+02 2.046915632674163419e+02 1.651838444616977313e+02
2.971827801019177283e-11 3.188567659236298831e-11 2.707718607015759972e+03 1.638992225337751734e+03 2.802958712655469071e+02 2.400556445412608753e+02 2.047936500319897846e+02 1.643689422069884642e+02
2.986941861855072377e-11 3.251388511694571544e-11 2.820490181076255794e+03 1.807732373009855792e+03 2.781049178239265984e+02 2.396006658211794615e+02 2.020237219332741176e+02 1.645235400705725226e+02
2.991005428623352289e-11 3.237248887558728862e-11 2.698601765447667276e+03 2.030751994933502374e+03 2.785288282124642478e+02 2.399862319741421857e+02 2.047915203211239259e+02 1.634456108369739411e+02
2.999863536564594886e-11 3.233926709149602929e-11 2.727331763539471922e+03 2.175815967523680683e+03 2.806379224030037562e+02 2.435096310448509200e+02 2.034303633217992910e+02 1.638407678130759280e+02
2.943123441473342816e-11 3.248532829091027088e-11 2.732967834853576278e+03 2.404316797214969483e+03 2.823751665657177341e+02 2.444976145038168056e+02 2.054464351061234311e+02 1.635733306775350115e+02
2.962371198078604268e-11 3.279422146897787839e-11 2.786254659161976178e+03 2.529191019330051859e+03 2.852736802695619645e+02 2.450834900509585168e+02 2.029153862766876557e+02 1.622431495392475824e+02
2.963680031282421247e-11 3.283816455126847672e-11 2.715047847463724793e+03 2.733366447528609569e+03 2.895394721338517456e+02 2.466706097268807127e+02 2.049709169570965059e+02 1.611756197107016249e+02
2.992477455319339228e-11 3.256942080712389151e-11 2.704538754160722874e+03 2.856631453154875544e+03 2.871223449191407440e+02 2.487455942499699404e+02 2.032664682302261667e+02 1.626983656609195350e+02
2.931465569483829216e-11 3.262918203679044835e-11 2.726075943396226648e+03 2.929357293868921715e+03 3.891351016068052786e+02 2.460118233282226754e+02 2.058297238286321260e+02 1.605572696970590698e+02
2.930046358201043827e-11 3.314228728778915999e-11 2.794630983258665310e+03 2.924028729541975736e+03 5.028176978587483745e+02 2.456323839045502382e+02 2.040873515229918951e+02 1.609668368095279902e+02
2.947728367199192002e-11 3.311259804061486185e-11 2.705351445895522374e+03 2.948957825026141563e+03 6.808740994854201745e+02 2.447148200093501771e+02 2.048835329168112764e+02 1.610832390238240350e+02
2.943667529424665576e-11 3.302305672815169281e-11 2.725754030400737065e+03 2.938904397487150163e+03 7.703362018839399070e+02 2.488529780207265674e+02 2.052752525252525118e+02 1.609503913809537607e+02
2.950071817186558657e-11 3.279859991553016934e-11 2.718374012682167177e+03 2.916879039704524530e+03 9.459152198421645608e+02 2.506457972520494195e+02 2.046069485377465469e+02 1.600245463336936211e+02
2.966638816301273699e-11 3.361416668540469420e-11 2.754544110854503288e+03 2.925974950121923939e+03 1.056254854647822640e+03 2.514782219236367666e+02 2.049429138321995651e+02 1.596186922730344691e+02
2.962432008721365493e-11 3.362004353560348712e-11 2.732984731973698672e+03 2.930839001242797622e+03 1.211855208560820984e+03 2.531837884337884361e+02 2.063327183271832723e+02 1.609096358730423617e+02
2.957211653815367164e-11 3.351895492500725831e-11 2.718617708677913924e+03 2.909432619439868176e+03 1.321278336686787497e+03 2.541513348972296740e+02 2.083272062894474743e+02 1.592340564232017357e+02
2.969071935463590765e-11 3.308611770645693659e-11 2.701015192917258446e+03 2.954513755386145021e+03 1.450140534007251972e+03 2.545433767643865508e+02 2.090630280917370953e+02 1.601188166296692259e+02
2.947594206742064310e-11 3.413452868805967655e-11 2.773521587440035091e+03 2.941161904761904680e+03 1.541117781402936316e+03 2.584221832529592575e+02 2.072016032608695753e+02 1.590913212259413001e+02
2.966330735393008578e-11 3.388285839477709676e-11 2.725792340240859176e+03 2.913640790479309999e+03 1.693630982905982819e+03 2.560959952885747839e+02 2.102279062229904980e+02 1.591020097113568852e+02
2.993210394664794903e-11 3.408854738565273675e-11 2.725878209208572116e+03 2.944124791318864936e+03 1.793257222940922929e+03 2.583946920540367955e+02 2.082265301792723164e+02 1.600720270234327245e+02
2.966684369267924776e-11 3.388931627638332942e-11 2.711973665111456739e+03 2.924536764705882433e+03 1.926805208442717458e+03 2.583468867418142736e+02 2.086616796381994163e+02 1.581538451332130251e+02
2.960749929760625806e-11 3.461857091941656369e-11 2.729320425943853024e+03 2.914893511843460601e+03 2.027452104038908828e+03 2.604238759689922631e+02 2.100026494780132964e+02 1.587490751187258979e+02
2.976513734214036591e-11 3.469420788275433219e-11 2.700763144303274657e+03 2.926326594741803547e+03 2.126294773447888019e+03 2.610903363532229378e+02 2.090161374014113846e+02 1.586839465315303528e+02
2.976955661329331618e-11 3.465617220291817062e-11 2.736327432722807771e+03 2.941018025399426733e+03 2.227884571309511557e+03 2.628767066611501946e+02 2.097139326536916712e+02 1.582420191591545233e+02
2.960172582180245916e-11 3.487610290587709488e-11 2.727088370196717733e+03 2.955834161175874215e+03 2.373493632195618829e+03 2.657844078415521381e+02 2.126101492688870849e+02 1.592326545140213057e+02
2.939004866128693963e-11 3.517268641477750368e-11 2.751631812676625032e+03 2.928555589524100924e+03 2.401576748410535856e+03 2.662929739059802614e+02 2.110659415880742245e+02 1.591810467299203538e+02
2.942816603301725334e-11 3.493162858201743504e-11 2.713743465536381336e+03 2.930062474969964114e+03 2.560807783955520335e+03 2.666013209246472684e+02 2.101823764353469528e+02 1.582085407650163802e+02
2.943964976823865106e-11 3.492512758152635654e-11 2.724292313819195442e+03 2.938314370078740012e+03 2.598460438896718642e+03 2.703304052705130971e+02 2.117765625000000114e+02 1.585556385548168521e+02
2.970072956792596126e-11 3.517033052876596829e-11 2.727098183223811247e+03 2.934141848204516009e+03 2.739776720706727701e+03 2.690677657480314906e+02 2.135119582194455461e+02 1.583213863143364222e+02
2.958845407830992923e-11 3.536984471267979401e-11 2.730404128622469216e+03 2.935917561683599615e+03 2.842086220472440800e+03 2.725218986972583934e+02 2.123678532901834046e+02 1.573971553343579899e+02
2.955021329522866818e-11 3.516932494734295316e-11 2.724000580046403684e+03 2.931149068322981293e+03 2.888433269598470361e+03 2.785927314681280791e+02 2.147732546896151575e+02 1.591499240982145125e+02
2.975445447523040298e-11 3.526964401808048095e-11 2.729254347410662831e+03 2.938732510288065896e+03 2.951934410276372091e+03 3.499777284998071991e+02 2.154872709739633763e+02 1.570232221131045094e+02
2.978029379468739485e-11 3.557036472634815840e-11 2.717741296348712240e+03 2.934359829464708582e+03 2.904731582924064696e+03 4.557047011800532914e+02 2.145007812499999886e+02 1.576550011823125885e+02
2.963406979666137854e-11 3.632828476415970266e-11 2.741445390876395777e+03 2.937681551561021934e+03 2.935325410299943087e+03 5.000786458822424265e+02 2.158986971299093796e+02 1.570211012433392455e+02
2.956202866842077489e-11 3.613422749516688362e-11 2.722187546886721975e+03 2.912698106131633267e+03 2.930884540839870624e+03 6.194059164950384684e+02 2.160293285727533998e+02 1.588624661246612391e+02
2.952814946079057436e-11 3.620983834059095844e-11 2.745589178171036565e+03 2.950854520422211863e+03 2.938177848875505788e+03 6.868245614035087101e+02 2.172333595995179394e+02 1.578247674931001825e+02
2.979471767821307158e-11 3.631827561533924061e-11 2.710762102601156130e+03 2.959751679104477716e+03 2.937232792237235572e+03 7.693371359673529923e+02 2.155295841729254391e+02 1.577434980866616172e+02
2.937188904212644360e-11 3.653311019056685909e-11 2.719752227171491995e+03 2.945486297689414187e+03 2.918742615257200669e+03 8.479960249345017473e+02 2.186428864569083430e+02 1.572946116405018131e+02
2.962808803948124671e-11 3.688584887075735524e-11 2.737280231192992233e+03 2.930990535697877476e+03 2.950859194112896148e+03 9.369606448126800160e+02 2.205753957423580971e+02 1.582809957402691055e+02
2.951094825441384199e-11 3.693680270915899271e-11 2.734417966313163106e+03 2.922962673995921705e+03 2.928697290930506369e+03 1.018286025606101816e+03 2.212140874082034543e+02 1.575101951645791019e+02
2.961632447224865079e-11 3.677830921167511895e-11 2.685730929757570266e+03 2.929850291983719671e+03 2.897045578771048440e+03 1.107528483786152492e+03 2.218211250774541838e+02 1.587220747622207568e+02
2.942940990241651188e-11 3.775800879529054563e-11 2.725483933444845661e+03 2.921637037037037317e+03 2.919866901718819008e+03 1.146907883082373928e+03 2.189267743644067821e+02 1.595198974177573348e+02
2.977858805447150931e-11 3.756446974141892611e-11 2.727083071553228820e+03 2.950919661733615158e+03 2.953991493793941572e+03 1.230235059068797682e+03 2.214843027818958774e+02 1.599710263278238642e+02
2.943287318964854529e-11 3.763189333436571069e-11 2.762386080904741448e+03 2.925052344416027154e+03 2.908344562078922081e+03 1.311003535092257152e+03 2.224927329353750167e+02 1.582815011372251774e+02
2.946459254879925447e-11 3.749567053638176028e-11 2.696518855218855151e+03 2.908378910675381121e+03 2.937663650968123875e+03 1.395370470148605136e+03 2.250840806217439649e+02 1.584048241572190818e+02
2.972706601748774500e-11 3.827367361528957583e-11 2.723645320197044384e+03 2.962533333333333303e+03 2.911654333764553940e+03 1.410202663093543151e+03 2.242558888794060010e+02 1.589656579648375043e+02
2.955824013356479320e-11 3.814294232240258337e-11 2.743108993448481215e+03 2.929699257108701204e+03 2.916465373961219029e+03 1.525698293515358273e+03 2.257594703389830784e+02 1.587211621947862170e+02
2.963898232135525514e-11 3.856822164925444689e-11 2.758982078853046460e+03 2.927050995547341245e+03 2.920435376443807399e+03 1.562961160976428118e+03 2.257918632075471805e+02 1.591901012255824526e+02
2.947724457414317128e-11 3.818495731234181237e-11 2.650896226415094588e+03 2.927802599111696054e+03 2.904540656795434188e+03 1.649532753623188228e+03 2.261749194680763253e+02 1.587068031430934525e+02
2.940573598651406652e-11 3.881389171180475964e-11 2.738540942928039840e+03 2.941206041892681696e+03 2.948731097308488188e+03 1.703541282881088819e+03 2.268573323385559206e+02 1.592668608628947027e+02
2.980535637204811275e-11 3.900492837845278128e-11 2.765943139678615807e+03 2.917696850393700970e+03 2.907749000407996391e+03 1.770346222583265444e+03 2.266010542661000216e+02 1.592715557013676744e+02
2.960860387249872002e-11 3.913920223206946109e-11 2.727936010341762994e+03 2.919843401524267847e+03 2.915893894874306170e+03 1.853373673036093351e+03 2.295651434127370010e+02 1.586376085504341802e+02
2.958976043108429263e-11 3.889241643098422759e-11 2.659513217432722286e+03 2.914977897398254754e+03 2.942461808044603913e+03 1.898086256839394991e+03 2.284389779559118097e+02 1.595261003689739141e+02
2.953494284039424457e-11 3.965853686788046109e-11 2.737715541805747762e+03 2.912139081183134294e+03 2.929303468909193725e+03 1.962022908049633998e+03 2.291239791833466768e+02 1.600166333666333571e+02
2.944158918294490933e-11 4.019411539959010268e-11 2.751575824873096280e+03 2.909604709297637328e+03 2.929978129179450661e+03 2.001527030245296601e+03 2.315384416102032503e+02 1.599283727675467333e+02
2.953157454443035358e-11 3.991834411917739417e-11 2.740824861403919840e+03 2.924785104732350192e+03 2.915649720186017021e+03 2.080174787802577612e+03 2.336811284504391324e+02 1.607252326217843574e+02
2.969476066250184274e-11 3.973222044883749657e-11 2.647081926398506312e+03 2.933475622123410631e+03 2.929873862664282115e+03 2.161035912682888465e+03 2.322373304225791628e+02 1.606777508012042404e+02
