nan nan nan nan nan nan nan 0.000000000000000000e+00
5.514057031250000000e+04 nan nan nan 3.337783593750000000e+04 1.378056054687500000e+04 nan 2.441866699218750000e+03
2.605874375000000146e+04 nan nan 2.682306250000000000e+04 nan 1.979853710937500000e+04 2.348657617187500000e+04 1.874328385416666424e+04
2.452947265625000000e+04 nan 1.997668229166666424e+04 nan 2.449383398437500000e+04 2.790307421875000000e+04 2.398829166666666424e+04 2.228880859375000000e+04
2.771680208333333212e+04 1.416170833333333212e+04 nan 1.919353906250000000e+04 nan 2.021292708333333212e+04 8.515119140625000000e+03 1.210346514423076951e+04
1.943143607954545587e+04 1.802222812500000146e+04 1.800019866071428623e+04 nan 2.076959375000000000e+04 2.033761458333333212e+04 2.005708928571428623e+04 2.279783238636363603e+04
1.496207714843750000e+04 1.999202083333333212e+04 1.896088125000000218e+04 1.522597656250000000e+04 1.505794726562500000e+04 1.797183593750000000e+04 1.155233105468750000e+04 1.346973611111110949e+04
9.373939453125000000e+03 1.622268619791666606e+04 1.374267057291666606e+04 1.208374441964285688e+04 1.299654829545454595e+04 1.540229807692307804e+04 1.540667897727272793e+04 1.532769444444444525e+04
1.232446628289473665e+04 1.329909821428571377e+04 1.005827148437500000e+04 1.435068269230769329e+04 1.412752008928571377e+04 1.460761197916666606e+04 1.391239663461538476e+04 1.090621301020408100e+04
1.148798505434782601e+04 1.209246514423076951e+04 1.173759742647058738e+04 1.445245410156250000e+04 1.138763593750000109e+04 1.203193750000000000e+04 1.053847135416666606e+04 1.195515068493150648e+04
1.115088725490195975e+04 9.575898437500000000e+03 1.093570738636363603e+04 1.208860190217391209e+04 1.455682812500000000e+04 1.061739275568181802e+04 1.108531250000000000e+04 1.148768019480519615e+04
9.618320153061224119e+03 1.056471354166666606e+04 9.428225000000000364e+03 8.569250000000000000e+03 7.517246212121212011e+03 8.723502976190475238e+03 9.735842633928570649e+03 8.283231505102039591e+03
9.993360655737706111e+03 8.136503810975609667e+03 8.752661931818181984e+03 9.552170608108108354e+03 8.126440972222221717e+03 9.541673986486486683e+03 8.337996527777777374e+03 1.005851704545454595e+04
7.728056436567164383e+03 7.291384146341463747e+03 6.663581801470588289e+03 7.173967133620689310e+03 7.503949305555555839e+03 8.098168560606060964e+03 7.851465371621621671e+03 8.791552586206897104e+03
7.194937500000000000e+03 7.488321428571428442e+03 6.663381250000000364e+03 7.667431385869565020e+03 7.172875520833333212e+03 6.980459077380952294e+03 6.429847550675675848e+03 6.587030092592592155e+03
5.435050176056338387e+03 6.165413194444444343e+03 6.391933510638297776e+03 6.560100911458333030e+03 6.187511029411764866e+03 6.117295000000000073e+03 6.083051875000000109e+03 6.183082682291666060e+03
5.294058189655172100e+03 5.255135023584905866e+03 5.970692129629629562e+03 5.413677295918367236e+03 6.032048677884616154e+03 5.503932180851064004e+03 5.824394607843137237e+03 5.054527284263958791e+03
4.692532758620689492e+03 4.872012276785713766e+03 5.154821759259259125e+03 4.668964364035087783e+03 5.750280273437500000e+03 5.256411458333333030e+03 4.646175520833333394e+03 5.417376004016064144e+03
4.914357020547944558e+03 4.688382812500000000e+03 4.243482142857142208e+03 4.665347138554217054e+03 4.921649999999999636e+03 5.062687500000000000e+03 4.947995659722221717e+03 4.525742588932806029e+03
4.510741883116883400e+03 5.136227083333333212e+03 4.519222656250000000e+03 4.883103070175438006e+03 4.543878270348836850e+03 4.464507142857142753e+03 4.659808441558441700e+03 4.444780327868852510e+03
4.189535377358491132e+03 4.440835106382978665e+03 4.311778365384615427e+03 4.005682397959183163e+03 4.635064212328767098e+03 4.130964488636363967e+03 4.148509789156626539e+03 4.002397763578274407e+03
3.948747767857142662e+03 4.020417067307692378e+03 4.305688202247190929e+03 3.953639802631578732e+03 3.992560024752475329e+03 4.050087209302325391e+03 4.237665073529411529e+03 4.207211870026524593e+03
3.698429644808742978e+03 3.771872524752475329e+03 3.856488502358490223e+03 3.731641628440367185e+03 4.026842261904761472e+03 3.753501190476190914e+03 3.781089192708333030e+03 4.032107587064676409e+03
3.216384642857142808e+03 3.244106991525423837e+03 3.421888513513513317e+03 3.796646590909090719e+03 3.575397058823529278e+03 3.545742334905660300e+03 3.425915570175438461e+03 3.621093820224719366e+03
3.236306132075471851e+03 3.196117324561403166e+03 3.009854556074766151e+03 3.406433628318583942e+03 3.092993582589285325e+03 3.077331407563025095e+03 3.352643640350876922e+03 3.025866972477064337e+03
3.010297095070422529e+03 2.802170500000000175e+03 2.826578721374045472e+03 3.012420223577235902e+03 2.914422445255474486e+03 2.820051841085271462e+03 2.914471679687500000e+03 2.813373844731977897e+03
2.560502604166666515e+03 2.648130292338709751e+03 2.740074626865671689e+03 2.599672392384105933e+03 2.794459077380952294e+03 2.885729609929077924e+03 2.606960248161764866e+03 2.771432110091743198e+03
2.526492412140575198e+03 2.635290527343750000e+03 2.374824060693641513e+03 2.488274436090225208e+03 2.591554918639053085e+03 2.543381919642857156e+03 2.436197469325153634e+03 2.551105128205128040e+03
2.446867892976588791e+03 2.383908571428571577e+03 2.323247321428571468e+03 2.390185617469879617e+03 2.397517857142856883e+03 2.318350543478260533e+03 2.378520692567567494e+03 2.277965233118970900e+03
2.139418486445783401e+03 2.409862699468084884e+03 2.245993181818181711e+03 2.442322791916167716e+03 2.298606390449438095e+03 2.270511567679558084e+03 2.275028143274853846e+03 2.421461305278174223e+03
2.320322027439024623e+03 2.210198625654450552e+03 2.101166385135135442e+03 2.208421195652173992e+03 2.204906250000000000e+03 2.284040777439024623e+03 2.110928298611111131e+03 2.280762190934065984e+03
2.084857092696629024e+03 2.187747130102040501e+03 2.116399752475247624e+03 2.197824295343137237e+03 2.041937347560975695e+03 2.134989939024390424e+03 2.036348651960784309e+03 2.093072770700636738e+03
2.011146645021645099e+03 2.118216787439613199e+03 1.930081672705313849e+03 2.012449968434343646e+03 2.041864375000000109e+03 2.031334911616161889e+03 1.984718440594059530e+03 2.014604089790897888e+03
1.875867424242424249e+03 2.021141279069767506e+03 1.918466806220095577e+03 1.825464825581395417e+03 1.928192266949152554e+03 1.909318412162162076e+03 2.078478248898678430e+03 1.937675400916380340e+03
1.794816321499013839e+03 1.717686039719626024e+03 1.809396200440528901e+03 1.843951693227091710e+03 1.719218895348837123e+03 1.815830174180327958e+03 1.779659090909090992e+03 1.660692769477054526e+03
1.642906762295081990e+03 1.664746022727272702e+03 1.683971245659722172e+03 1.777725456621004469e+03 1.651153655234657208e+03 1.570601177130044789e+03 1.691955147058823513e+03 1.550715145436308831e+03
1.609029693486589849e+03 1.582025390625000000e+03 1.601428850446428442e+03 1.579349383503401214e+03 1.619004503275109073e+03 1.547898987676056322e+03 1.437313837548638048e+03 1.597605609756097465e+03
1.441859767891682850e+03 1.539123125000000073e+03 1.460868081180811714e+03 1.468084969008264579e+03 1.526423276578073228e+03 1.565204910714285688e+03 1.586952767175572490e+03 1.483770175834084739e+03
1.414820082720588289e+03 1.435565000000000055e+03 1.406939710610932480e+03 1.321174267100977204e+03 1.366510195035461038e+03 1.305862065018314979e+03 1.372792517006802655e+03 1.420618061396131225e+03
1.324543750000000045e+03 1.401153885690789366e+03 1.389848705501618269e+03 1.309810260586319373e+03 1.354911848534201908e+03 1.353020039682539618e+03 1.307191806891025635e+03 1.297618835893290225e+03
1.292962020648967609e+03 1.346504852484471940e+03 1.359325963050314613e+03 1.355134969325153406e+03 1.282658246805111730e+03 1.341231496710526244e+03 1.309812019230769238e+03 1.311270898744113083e+03
1.236132949932341035e+03 1.268685141509434061e+03 1.316300226586102781e+03 1.255904952076677318e+03 1.262908994334277622e+03 1.233836267605633793e+03 1.254622767857142890e+03 1.247665407854985006e+03
1.215707867132867023e+03 1.181233648255813932e+03 1.256898121387283254e+03 1.175451638817480671e+03 1.201305940233236242e+03 1.227736556267806236e+03 1.179852304469273804e+03 1.171609221598877866e+03
1.147180865006553176e+03 1.145447492732558203e+03 1.202373032687651403e+03 1.172484283625730995e+03 1.211736460957178906e+03 1.156596420940170901e+03 1.139159632731958709e+03 1.116810895270270294e+03
1.093360718870346545e+03 1.136192822384428155e+03 1.144394607843137237e+03 1.087111465936739705e+03 1.149575868055555702e+03 1.089121646341463475e+03 1.115226686507936392e+03 1.119131165919282466e+03
1.077273609314359646e+03 1.026378212616822339e+03 1.085533607055961056e+03 1.033735639686684181e+03 1.033197137188208671e+03 1.064226817042606399e+03 1.076362562972292153e+03 1.022072649572649539e+03
9.811991459627329277e+02 9.956287900457665501e+02 9.969243071933962028e+02 9.930839751184835222e+02 9.591660447761194064e+02 9.904522911832946193e+02 1.000317695599022045e+03 1.017138002364066210e+03
9.797954125615763132e+02 9.514306249999999636e+02 9.807877890969164127e+02 9.681697002141328312e+02 9.376328828828828819e+02 9.432965883027522977e+02 9.575573375550661694e+02 9.650773117386488593e+02
9.234906218529707758e+02 8.450518804112554108e+02 9.159295329670329693e+02 9.408413783482142208e+02 9.366650815217391255e+02 8.841688844086021390e+02 9.082461453744493838e+02 9.065843406593406826e+02
8.792595866533864637e+02 8.957201028138528045e+02 8.915228494623655706e+02 8.583595727848100978e+02 9.072012648809522943e+02 8.754343306288031954e+02 9.289207728215767474e+02 8.495794732662784554e+02
8.368461914062500000e+02 8.521081380208332803e+02 8.416860177865612513e+02 8.320707364341085395e+02 8.453772274633124653e+02 8.432224489795919453e+02 8.412155688622754042e+02 8.659232151710460812e+02
8.140137859128823266e+02 8.341959876543210157e+02 8.426685017271156539e+02 8.127183704453441351e+02 8.161303919294990692e+02 8.030711103082851423e+02 8.180113106343283107e+02 8.336394344533838421e+02
8.416841168091168583e+02 7.830647786458332575e+02 7.675613659274193878e+02 7.949579741379310462e+02 8.030425583657587367e+02 7.716466346153846416e+02 7.447030955743879304e+02 8.075773560817084444e+02
7.855886404697380385e+02 7.662986111111110858e+02 7.453944738051470722e+02 7.857006086142322374e+02 7.719009375000000546e+02 7.513247212692966741e+02 7.622507254464285325e+02 7.523576699463327486e+02
7.508505957836847529e+02 7.270010132252559742e+02 7.596795965058236106e+02 7.324045883361920914e+02 7.512307907706093602e+02 7.507014519056260724e+02 7.152746033447684795e+02 7.323437635574837259e+02
7.408152364273205421e+02 7.121206879058441928e+02 7.064989903069467800e+02 7.286258000000000266e+02 6.944307740066225278e+02 7.229365438808373483e+02 7.096558415032679932e+02 7.006928068410462629e+02
6.798610692771084132e+02 6.925270297427653077e+02 6.725844678217821411e+02 6.740914959016392913e+02 6.985467252396165350e+02 6.811643740031897778e+02 6.747768145161289794e+02 6.826275520620662292e+02
6.635117449664429614e+02 6.436970541401274204e+02 6.806070324574960750e+02 6.502360171178344217e+02 6.469007132132131801e+02 6.557431872037914218e+02 6.730039745627981347e+02 6.670023324447829509e+02
6.366184257925071961e+02 6.277477678571427759e+02 6.360373801622419023e+02 6.340791607898448774e+02 6.489138198757763121e+02 6.182095588235293917e+02 6.461420123726346674e+02 6.455533421450151081e+02
6.197625000000000455e+02 5.987085096153846280e+02 5.994691722972972912e+02 6.291724572981365782e+02 5.877390190972222399e+02 6.217879098360655235e+02 6.077188389046941666e+02 6.045494133574006810e+02
5.905760028149190930e+02 5.881849573490814009e+02 5.746696562032884685e+02 5.931148756377550626e+02 6.049974964234620529e+02 6.079839638157894797e+02 5.946428949224259668e+02 5.874512068965516391e+02
5.655939849624060116e+02 5.754144180754226454e+02 5.756224593495934414e+02 5.673501257183908137e+02 5.672431653491436236e+02 5.827745198902605352e+02 5.897790816326530603e+02 5.851916470191983990e+02
5.546233484005563241e+02 5.531619889937106791e+02 5.629496148908857549e+02 5.493433148734177394e+02 5.535178992587601670e+02 5.684818412162162531e+02 5.391853868660598437e+02 5.898069331158238811e+02
5.326591911764705856e+02 5.367748907615480221e+02 5.503045924574209948e+02 5.578405307788945038e+02 5.349256025957972724e+02 5.397412240537240677e+02 5.476345108695652470e+02 5.467746837395865214e+02
5.096341267523363854e+02 5.318106084489280647e+02 5.218850755667506292e+02 5.287353673723537213e+02 5.345176930147058556e+02 5.192712196291560076e+02 5.266750936329588058e+02 5.397512445550715938e+02
5.200649564851207742e+02 5.205364149821640467e+02 5.094751143292683082e+02 5.079797924028268312e+02 5.130354965156794833e+02 4.948852974828375295e+02 5.064320175438596721e+02 5.163683407738095639e+02
4.888466619318181756e+02 5.059689778250303220e+02 4.936099375725900131e+02 4.904658125707814520e+02 4.904246658566220844e+02 4.820910023446658670e+02 4.860252773037542511e+02 5.004813214181072567e+02
4.762664027149321555e+02 4.753500874125874134e+02 4.569743878865979241e+02 4.676161137440758466e+02 4.703800478214665191e+02 4.801549598623853399e+02 4.826861126526082444e+02 4.906481262190025632e+02
4.593340459647246803e+02 4.712044325313806894e+02 4.784734212050984752e+02 4.734150955578512594e+02 4.542728932584270183e+02 4.631422671696150246e+02 4.695292104535398039e+02 4.645979172301866242e+02
4.488928668478260988e+02 4.631662436548223809e+02 4.438010339342524162e+02 4.543872443487620671e+02 4.509427718495935551e+02 4.611975422113289937e+02 4.564620630296610102e+02 4.541328022982502262e+02
4.322999335106383114e+02 4.409648869346734159e+02 4.324046921734795319e+02 4.321974693251534063e+02 4.288289438502673647e+02 4.449533308004052969e+02 4.352663566597294675e+02 4.320021446862995731e+02
4.322908258098778447e+02 4.270086077844310921e+02 4.382296019900497299e+02 4.224540129611166321e+02 4.245402305825242593e+02 4.230238511488511222e+02 4.065784001956947122e+02 4.350906147850138268e+02
4.029668473247232328e+02 4.010367575462512377e+02 4.174657297830374887e+02 3.997378875968992133e+02 4.206273238747553478e+02 4.230976941747572369e+02 4.059799615956392245e+02 4.101423399853978822e+02
3.994836641391614762e+02 4.004809011352885477e+02 3.959687500000000000e+02 3.956844663053722684e+02 4.016004155124653607e+02 3.914211981566820100e+02 3.941149976873265928e+02 3.992213656387664855e+02
3.919294382406563386e+02 3.926076089559387015e+02 3.955218116942909887e+02 3.937142379679144142e+02 3.810494570349386549e+02 3.986786468105065637e+02 3.825558943089430954e+02 4.006036172695449409e+02
3.799441736818785671e+02 3.779345018450184170e+02 3.776822260705289409e+02 3.815448793755912789e+02 3.774566592261904816e+02 3.817728311775200609e+02 3.830557641342755915e+02 3.813990523968785169e+02
3.729043697848046008e+02 3.662217236618521952e+02 3.624866477272727252e+02 3.697649082568807444e+02 3.718718636980108272e+02 3.696750328083989530e+02 3.723666427625772144e+02 3.596883383816529545e+02
3.641143832693128388e+02 3.590526960784313815e+02 3.519660068846815761e+02 3.621778036347517400e+02 3.535852697095435815e+02 3.555730224196277618e+02 3.574576180257510600e+02 3.566291472950126717e+02
3.495091016803102093e+02 3.431141315466448418e+02 3.442187500000000000e+02 3.490986217689822411e+02 3.546387595258255487e+02 3.468360790774299858e+02 3.458358922663358044e+02 3.539861862643080030e+02
3.391063568376068247e+02 3.392460596748612147e+02 3.304323040380047587e+02 3.354655944625407074e+02 3.398755456349206270e+02 3.372260256669360956e+02 3.496312450039968098e+02 3.378242320819112479e+02
3.289208112708018348e+02 3.317942729083665654e+02 3.287249703791468960e+02 3.216405393500391483e+02 3.255224617244157912e+02 3.234047947908445053e+02 3.356428642914331135e+02 3.281500098951117934e+02
3.176975101251840670e+02 3.202763055339049174e+02 3.245617193598750987e+02 3.282547069099378518e+02 3.193534401061410222e+02 3.337669779693486589e+02 3.153175113464448032e+02 3.210321911932901457e+02
3.188083908463494254e+02 3.021812067640276496e+02 3.051500932835820663e+02 3.148825953314326398e+02 3.145443225190839485e+02 3.132697115384615358e+02 3.099038497390007478e+02 3.149644653502235201e+02
3.033810254765396053e+02 3.027694146901300769e+02 3.027869845360825138e+02 3.056611918604651237e+02 3.141351529535864984e+02 3.080757439347991067e+02 3.107505866425992735e+02 3.081572758114799058e+02
2.929919992808342499e+02 2.979783736282578843e+02 2.985959530651340970e+02 2.921774097411444018e+02 3.016259266123054203e+02 2.982135272790055183e+02 2.965965744757772882e+02 3.010960827623512728e+02
2.916805850123718642e+02 2.916468247319035072e+02 2.916794368898187031e+02 2.911490384615384528e+02 2.992421716316858351e+02 2.895355769230769170e+02 2.942319819819819600e+02 2.813095822566752986e+02
2.848695129415879705e+02 2.858133844339622556e+02 2.826791224286662327e+02 2.834194857916103274e+02 2.770462328767123381e+02 2.789380733944954045e+02 2.786003556910569046e+02 2.882118359112306507e+02
2.761417968750000114e+02 2.792856377719182319e+02 2.769608646804261411e+02 2.823292521508934669e+02 2.771966972552909851e+02 2.756073307966321408e+02 2.715834578353253619e+02 2.839119047619047933e+02
2.689148086654016652e+02 2.742859405859117601e+02 2.663146175986842081e+02 2.719307336775482895e+02 2.729595995634654173e+02 2.762383822067594679e+02 2.741729622266401520e+02 2.671505391834046463e+02
2.631437137183012283e+02 2.625810408622908767e+02 2.611303810586734357e+02 2.618912768647282405e+02 2.685522818070067501e+02 2.646478177701436607e+02 2.619236854534004806e+02 2.622977087256748518e+02
2.562716817207593181e+02 2.552821884984025758e+02 2.560925123762376074e+02 2.569332594743275990e+02 2.567292458808618107e+02 2.521271438504326170e+02 2.559299782878411804e+02 2.529775841816758088e+02
2.450128248715624011e+02 2.524579057087876777e+02 2.531617141812865555e+02 2.497028529228855689e+02 2.512519935026579958e+02 2.568023200757576205e+02 2.530333929636255164e+02 2.496933803248544166e+02
2.464555871779508607e+02 2.451457333427441938e+02 2.438789910105393517e+02 2.489901681286549717e+02 2.465061800373134417e+02 2.465562929307383797e+02 2.480787788053365830e+02 2.484464259314015635e+02
2.407682586360929236e+02 2.416136622932116325e+02 2.332472287047841064e+02 2.366820083682008260e+02 2.387963738041643467e+02 2.364134245562130161e+02 2.357506968896713602e+02 2.429166002896451744e+02
2.361068735498839715e+02 2.340566097629796616e+02 2.323487641242937798e+02 2.365506435366536380e+02 2.351592952436194821e+02 2.317803041119360330e+02 2.323448424068767793e+02 2.362657383696115971e+02
2.245085029069767302e+02 2.311903016048699442e+02 2.302178004143646604e+02 2.306922996076233119e+02 2.317547890061077283e+02 2.297948990250696397e+02 2.304561251387347340e+02 2.271647679911086186e+02
2.241152182592494171e+02 2.245119459833795190e+02 2.258891655219780148e+02 2.211531509695290936e+02 2.238788541666666561e+02 2.189228634850166486e+02 2.226032608695652186e+02 2.246388695773081281e+02
2.189185556994818569e+02 2.180415714093598467e+02 2.192324122325836697e+02 2.164423966267682431e+02 2.147451650335224542e+02 2.140170723684210543e+02 2.195657666666666898e+02 2.151673546784803364e+02
2.172279335071707749e+02 2.141614695220193312e+02 2.115392245850622430e+02 2.139176787493771599e+02 2.140493134855899768e+02 2.134068826584975795e+02 2.152422037422037420e+02 2.152190668053028162e+02
2.095702649594320519e+02 2.119712259100642484e+02 2.107344991310824298e+02 2.102837344510546416e+02 2.076833060040363250e+02 2.104773195876288696e+02 2.111359867062467970e+02 2.069426277089783071e+02
2.074768577630235029e+02 2.068080357142856940e+02 2.042174853567625235e+02 2.052143464528668630e+02 2.061761244769874395e+02 2.051631374378109456e+02 2.079724404460212952e+02 2.071357165504121838e+02
2.011377245508981844e+02 2.005664231601731728e+02 1.972946776155717998e+02 1.991854776579352801e+02 1.965563417811463864e+02 2.016973507097405900e+02 2.030814610228401023e+02 1.992422575887919152e+02
1.928080579025844656e+02 1.931183529836381183e+02 1.960576899951900032e+02 2.002486244019138724e+02 1.960712659940944889e+02 1.972296898079763707e+02 1.949359177215189902e+02 1.945007874969711565e+02
1.903756156119182492e+02 1.895878540496254629e+02 1.908848513449740381e+02 1.940256964033850409e+02 1.915514251781472694e+02 1.916494744922059681e+02 1.930917654028436061e+02 1.928493732427366467e+02
1.911965412347904589e+02 1.865517739273927305e+02 1.864109910756223769e+02 1.872341611609249696e+02 1.844016187470780892e+02 1.843734981515711695e+02 1.905975642082940453e+02 1.950812315416420688e+02
1.855123987854251197e+02 1.857287122969837583e+02 1.840175817219152918e+02 1.864259002770083100e+02 1.817177800269905674e+02 1.826453545728876406e+02 1.860044984255510769e+02 1.823327159430278073e+02
1.792037557908669783e+02 1.791446288159112044e+02 1.809236361587015267e+02 1.824958848873177146e+02 1.808160458948339340e+02 1.780679396092362481e+02 1.823563179347826235e+02 1.781878663210099205e+02
1.762538772389689825e+02 1.757590211998195855e+02 1.793395402238175791e+02 1.785680097577388779e+02 1.770325840879689565e+02 1.765941672229639607e+02 1.754283064341421152e+02 1.770152745870254876e+02
1.710896405049396378e+02 1.717447982345523201e+02 1.745828785811732473e+02 1.728609909188034237e+02 1.732213321856952462e+02 1.748209615798536447e+02 1.728600537455673702e+02 1.717495383445578909e+02
1.691510617244330490e+02 1.661593997292794711e+02 1.664053367217280766e+02 1.707422110823630987e+02 1.720580485059353180e+02 1.694751186708860757e+02 1.704723410435150015e+02 1.714388015299617507e+02
1.700710853131749332e+02 1.650400196605960161e+02 1.658306309573145256e+02 1.670993824927655851e+02 1.691702327327327282e+02 1.683405305449127241e+02 1.676156001256807713e+02 1.686590718844825858e+02
1.633894731361932600e+02 1.597401489059967616e+02 1.606991473812423976e+02 1.637031312927909994e+02 1.601594872059430656e+02 1.600664658634538284e+02 1.616998806379520488e+02 1.632683123425692600e+02
1.620202603143418401e+02 1.613654819765087041e+02 1.588302310330911951e+02 1.596145325203252128e+02 1.590426832329317222e+02 1.635077901146131865e+02 1.600741508289526678e+02 1.609327595822348371e+02
1.583407176060430004e+02 1.586435217348154083e+02 1.579432893677003733e+02 1.585369852059176310e+02 1.552376498453209592e+02 1.562369649139953083e+02 1.572829148579321270e+02 1.582382115232050808e+02
1.531077512371526552e+02 1.539092250000000206e+02 1.518931700038505994e+02 1.522129128701594709e+02 1.527258522727272805e+02 1.546995275326170258e+02 1.557126595127610358e+02 1.540105654328184244e+02
1.508686153992757681e+02 1.491586856975837918e+02 1.549439821625597631e+02 1.514418596131301342e+02 1.541314324476047943e+02 1.514805696945967100e+02 1.509738476858877050e+02 1.494873459715639683e+02
1.490628539071347518e+02 1.487431077981651413e+02 1.469725531705395838e+02 1.486683042212518160e+02 1.471338674400913078e+02 1.493384183012583151e+02 1.472229379010947525e+02 1.472660104364326230e+02
1.468908115671641781e+02 1.453956308495320400e+02 1.442849981771782666e+02 1.447433693986978085e+02 1.462694444444444457e+02 1.447888519748984777e+02 1.449753240740740807e+02 1.438142932441103596e+02
1.384820830230826516e+02 1.409180224150397578e+02 1.456860193826274212e+02 1.406439652080344445e+02 1.410743958411389940e+02 1.448151996370235963e+02 1.450207119446467630e+02 1.433574811037246093e+02
1.405073301059554183e+02 1.391268858714944940e+02 1.399711641630901227e+02 1.410123375756496955e+02 1.410198278921220663e+02 1.391657366071428612e+02 1.417733455226542958e+02 1.416733039978772410e+02
1.350809505409582698e+02 1.367701754385964819e+02 1.353102374081846904e+02 1.393161534446764165e+02 1.373047312675070089e+02 1.358561618165784921e+02 1.360410717414155499e+02 1.379496967299578216e+02
1.347543241646979482e+02 1.350805662355819550e+02 1.339409552668294339e+02 1.353626545936395758e+02 1.341845227968696861e+02 1.315049465013586882e+02 1.348311401619572791e+02 1.350694625336459183e+02
1.332013560823350531e+02 1.331125862068965375e+02 1.339052804295942565e+02 1.336953923508077935e+02 1.315746497373029911e+02 1.330043831447187870e+02 1.329545588235294247e+02 1.321712209054480240e+02
1.306053020354563330e+02 1.292843997248021992e+02 1.283921935328185384e+02 1.307202676128590895e+02 1.291952643529030240e+02 1.278696524064171030e+02 1.326594154765858491e+02 1.292126568081747848e+02
1.258684134456557615e+02 1.271901307397959044e+02 1.288088672671651977e+02 1.282702718960538846e+02 1.271621309963099691e+02 1.267389898493778730e+02 1.284143810076234615e+02 1.283866222167849287e+02
1.267175699869791572e+02 1.241686436002522100e+02 1.243101319624352357e+02 1.251258843369529501e+02 1.263123620744010083e+02 1.246522833440721598e+02 1.251372631663455337e+02 1.262653052972098777e+02
1.239209727690288645e+02 1.217977062758840390e+02 1.218360766539440334e+02 1.243595801312840052e+02 1.235578586065573745e+02 1.225561481303930975e+02 1.231473199739328805e+02 1.238494513855518164e+02
1.212745344129554610e+02 1.210435167185069929e+02 1.219942934782608717e+02 1.213857698828606715e+02 1.219240589324282666e+02 1.196912428707224194e+02 1.197602337492298261e+02 1.208222485990037285e+02
1.203261363636363654e+02 1.199087503891656326e+02 1.195285836177474295e+02 1.212035605230191067e+02 1.199869840161390471e+02 1.188042273773006201e+02 1.192878047827446011e+02 1.192618414927457593e+02
1.173818862275449106e+02 1.171709222560975547e+02 1.164712649173806511e+02 1.180541123901847982e+02 1.171156886990407600e+02 1.159818071558520387e+02 1.156705006004202971e+02 1.165974423631123926e+02
1.158894429287715582e+02 1.153694391271056645e+02 1.159087812686122732e+02 1.141396170839469733e+02 1.148658625730994061e+02 1.141487290982382916e+02 1.149289781240635335e+02 1.146665109150717683e+02
1.118048176702718450e+02 1.110649213764813084e+02 1.134532190995124665e+02 1.128010647870425771e+02 1.122575236457437740e+02 1.144472900536033393e+02 1.153768618574766265e+02 1.125790720047361759e+02
1.113679667054376239e+02 1.092084851457399139e+02 1.126079383263221274e+02 1.114149472678369222e+02 1.113781204111600545e+02 1.107116538906566348e+02 1.088252143272304551e+02 1.107061991211007808e+02
1.094312401771681778e+02 1.076884549341183117e+02 1.088417076912100327e+02 1.090153384279476114e+02 1.076842769058295914e+02 1.095395605167087894e+02 1.097852019697402284e+02 1.093472964308612916e+02
1.069793460023343954e+02 1.066305567168338939e+02 1.069008641759776452e+02 1.069810205297085162e+02 1.073184754521963953e+02 1.073282016152292897e+02 1.064793381101021481e+02 1.076817925393131645e+02
1.060367840392268306e+02 1.043279778393351904e+02 1.041375103820598014e+02 1.048219035743973535e+02 1.072710280373831750e+02 1.061323882336807571e+02 1.048852751594122594e+02 1.064262249636149420e+02
1.043651573496215690e+02 1.050654565456545555e+02 1.041361339820359433e+02 1.035488249178982016e+02 1.035479395604395592e+02 1.050215877914952074e+02 1.037501885628085603e+02 1.040604789298114383e+02
1.021873843510441446e+02 1.018962591986917516e+02 1.022021813792165403e+02 1.014923248626373606e+02 1.003830469587352638e+02 1.029426174496644251e+02 1.025958557046979820e+02 1.025222363513055370e+02
1.001331664048180272e+02 1.007102641178059912e+02 1.006898468708388776e+02 9.975130780160165500e+01 1.005588942307692264e+02 1.009979332010582027e+02 1.002548089635113655e+02 1.022120786516853883e+02
9.887230156640778489e+01 9.726543624161072898e+01 9.896792554540841991e+01 1.006188192380437698e+02 9.939353031074885791e+01 9.952647990830635649e+01 9.993356024174680385e+01 9.954358806165956253e+01
9.845424595011570545e+01 9.857721236153071231e+01 9.654317576564579895e+01 9.850880568068068044e+01 9.772430592192034737e+01 9.729326260030090623e+01 9.572798091951028709e+01 9.634189640768587992e+01
9.506267732783079794e+01 9.617171456298521548e+01 9.611332190911399209e+01 9.433259911894273841e+01 9.627571762771876251e+01 9.665677123428278605e+01 9.708746159754224436e+01 9.532900741585851279e+01
9.441259740674502154e+01 9.355191218571073364e+01 9.420367968749999932e+01 9.408218108141548441e+01 9.373986679806714051e+01 9.257761741374967812e+01 9.358182132094425754e+01 9.420564161377491530e+01
9.337267198783733591e+01 9.203973793779084644e+01 9.188564627724711897e+01 9.323446017096134142e+01 9.273967238641914435e+01 9.302006586972431990e+01 9.306512721238938468e+01 9.326816712834718714e+01
9.171979615016738308e+01 9.061931262230919515e+01 9.155172466797834829e+01 9.135854294478528459e+01 9.155257912168792700e+01 9.116928251121075277e+01 9.173014418377321988e+01 9.233825505405241074e+01
8.962202206743151578e+01 8.887752395100655178e+01 9.088714017900338149e+01 9.002605799373040441e+01 9.054352997145575443e+01 8.916201215237205702e+01 8.809544877989851841e+01 9.047929521356256544e+01
9.000211640211639974e+01 8.857098970944309713e+01 8.892074468085105821e+01 8.863548701676758412e+01 8.786607788762961491e+01 8.777603666586652764e+01 8.746368542108987754e+01 8.850511373786696367e+01
8.745134095694899656e+01 8.717859277857485267e+01 8.726034787064450882e+01 8.777512608069163491e+01 8.854924112256586000e+01 8.760841595845137419e+01 8.620806741703411546e+01 8.720633043427162079e+01
8.530400744631724308e+01 8.631578277111161412e+01 8.521235271363960351e+01 8.530763621431808019e+01 8.585483918473138942e+01 8.717280582082764795e+01 8.475552542570562764e+01 8.602859967669303387e+01
8.421987378976486127e+01 8.354557117358321250e+01 8.397559192595957711e+01 8.521908686926606435e+01 8.449619686800895124e+01 8.469653872515421256e+01 8.427365540695015511e+01 8.463428925573271044e+01
8.362047111769396679e+01 8.320907939189189051e+01 8.220287553406791403e+01 8.370791336353340739e+01 8.233475313926940942e+01 8.349032955311027138e+01 8.253326704545455073e+01 8.283677627483162098e+01
8.187081325992200220e+01 8.184036475499890173e+01 8.205374642149305942e+01 8.294643837873461223e+01 8.208248346196251077e+01 8.234886618141098324e+01 8.312153541575011673e+01 8.215561365266817972e+01
8.013133029978585853e+01 8.064004092015041181e+01 8.090634623845139117e+01 7.972944788670059779e+01 8.153482103156957805e+01 8.063438794419009525e+01 8.108564278623427413e+01 8.049609828186287075e+01
7.901340135335165371e+01 7.817842088197146211e+01 7.999529759323503697e+01 7.921835048754063280e+01 7.921894123232749507e+01 8.029556729939604054e+01 7.874381824020552756e+01 7.858271210983589583e+01
7.845325224748809489e+01 7.907419157608696025e+01 7.808364147909966846e+01 7.684169244076326777e+01 7.836423022598870602e+01 7.816781886387995826e+01 7.670206246002983619e+01 7.804156852248394216e+01
7.724537376808555678e+01 7.708924713761071246e+01 7.699858735491753237e+01 7.768955341601392206e+01 7.747841614906832319e+01 7.668456659619450022e+01 7.728387494750106157e+01 7.627332586343264609e+01
7.643637523679224444e+01 7.608717573753814634e+01 7.631579265021458980e+01 7.560443813131313107e+01 7.600752437473505552e+01 7.641702810097652332e+01 7.577471324296141120e+01 7.584369290598736768e+01
7.484327130667215044e+01 7.561377022244691659e+01 7.501717359817918407e+01 7.515897571277719180e+01 7.533202730030333782e+01 7.516789639731325678e+01 7.503674979197003836e+01 7.555114769183579426e+01
7.457801546391752368e+01 7.381046046046046172e+01 7.407576892350708420e+01 7.322503224846199998e+01 7.410284971451876856e+01 7.312756305105597221e+01 7.359789527979066293e+01 7.431516862428794923e+01
7.354896880771597978e+01 7.270434902078336847e+01 7.292967194344882387e+01 7.369757942891614277e+01 7.318674713912868413e+01 7.230352538675128926e+01 7.257484753049389781e+01 7.266142210099593512e+01
7.185202669902912476e+01 7.110425582205414230e+01 7.216921615676864121e+01 7.218165725886314021e+01 7.098766985717119837e+01 7.153691542288557059e+01 7.183871984378090758e+01 7.275447723861931593e+01
7.061265446881886021e+01 7.036564157987817225e+01 7.172760793123656242e+01 6.909307439072327384e+01 7.026071857005759114e+01 7.008892539573969316e+01 7.060977862035225883e+01 7.098494922630560211e+01
6.959366369869536584e+01 6.898668754894283950e+01 6.946794003868471634e+01 6.915134106431416683e+01 6.871672794117647243e+01 7.006297600913937629e+01 7.020702899248699680e+01 6.969945447523414828e+01
6.852358984114906093e+01 6.810037989479836540e+01 6.944347664936989872e+01 6.944124440770278284e+01 6.923799024207168884e+01 6.856216995892822297e+01 6.923125351716375064e+01 6.898791382028376518e+01
6.830644249788075228e+01 6.797841933406917292e+01 6.706040499420402057e+01 6.766678584609707059e+01 6.825004181800802883e+01 6.832246176524783721e+01 6.797912307399657550e+01 6.745843132643462070e+01
6.691409329829171782e+01 6.685314557425019188e+01 6.725073474528829820e+01 6.706825673384818742e+01 6.731724177330896453e+01 6.767601660138033992e+01 6.714203168685926926e+01 6.660225221054579947e+01
6.682156881077038690e+01 6.577345316201932235e+01 6.536842105263157521e+01 6.567713302752294169e+01 6.587726575571667809e+01 6.654525981845127092e+01 6.629515235457063227e+01 6.648755562692113585e+01
6.513479033896739168e+01 6.479754670778160630e+01 6.461401111311890588e+01 6.555116850754309610e+01 6.561410227272726559e+01 6.538708768925738468e+01 6.516224770228870966e+01 6.450486051453633252e+01
6.381926454932576576e+01 6.430636613747067543e+01 6.433234091317633840e+01 6.386088324850026510e+01 6.427665161809404992e+01 6.368006658153958455e+01 6.375951576576576940e+01 6.357870098150075222e+01
6.374865951742626891e+01 6.368770164904104547e+01 6.270419008743754574e+01 6.317428034347748422e+01 6.372071647677476136e+01 6.244447331947331747e+01 6.321194641275465642e+01 6.245813026140895374e+01
6.198483467846914863e+01 6.264255852842808991e+01 6.217554242796907715e+01 6.252238421955402714e+01 6.265082395498392032e+01 6.236683632998413884e+01 6.294311711632795436e+01 6.325538582060320891e+01
6.210400060648068177e+01 6.196343711138745647e+01 6.156058533916849029e+01 6.194969337963777178e+01 6.206031431252132791e+01 6.157251139151770758e+01 6.207491870614410345e+01 6.128912740876070586e+01
6.106731347128015130e+01 6.047899823143001896e+01 6.056711137399229017e+01 6.061264362960459096e+01 6.023324369275963619e+01 6.149878732917158430e+01 6.081880406574394016e+01 6.072622725712324154e+01
6.025606733891642364e+01 6.005162367285998926e+01 5.997347840870452274e+01 5.988571797520661022e+01 5.916923958333332934e+01 5.903455769558547672e+01 5.984893630519371044e+01 6.027267402591920131e+01
5.961152239939255537e+01 5.894797036082474051e+01 5.927545183220029656e+01 5.926393810779627813e+01 5.982595663265306030e+01 5.983241952968645450e+01 5.940262650804289990e+01 5.954652249781877060e+01
5.866926907494936216e+01 5.887733630463358736e+01 5.854761120263591323e+01 5.835278215114351497e+01 5.833951236488699266e+01 5.859229699435403660e+01 5.874431351617671737e+01 5.813878195891143719e+01
5.813906965533863769e+01 5.813943256578946972e+01 5.754164093379446854e+01 5.775686762536873431e+01 5.802955538157244320e+01 5.818576104746318123e+01 5.769593857989139707e+01 5.747145944833264508e+01
5.646433225082190432e+01 5.668003700992354510e+01 5.751022968342036279e+01 5.717758656224237512e+01 5.671008787805662621e+01 5.725061304068177748e+01 5.673146702093136895e+01 5.673313544504534178e+01
5.545807099865368173e+01 5.595099824975578429e+01 5.693945655646063386e+01 5.611616088070829278e+01 5.577285242290749068e+01 5.640427488742361106e+01 5.638192572923271939e+01 5.615463654891304657e+01
5.530540954024792910e+01 5.531302208835341361e+01 5.616959535009253557e+01 5.507234928074995395e+01 5.541232451403887893e+01 5.579297804027271468e+01 5.599809265376750034e+01 5.573389975935933904e+01
5.490035955012148605e+01 5.438562653798831548e+01 5.463700925630386251e+01 5.505874904798171343e+01 5.468865869117414036e+01 5.484442467146433131e+01 5.514501057827926900e+01 5.443844155085835013e+01
5.352830594679186049e+01 5.424449091047968352e+01 5.463171964757025023e+01 5.424009037577295089e+01 5.345115687403993832e+01 5.409448141349243144e+01 5.423158691406250398e+01 5.438926807451483114e+01
5.299634401114206383e+01 5.391799357034795293e+01 5.313465331512668399e+01 5.385662987602056262e+01 5.351434584491813240e+01 5.363645225107559611e+01 5.340705995578594667e+01 5.312689242649016563e+01
5.280150015317454404e+01 5.260289714522446758e+01 5.237517859828545852e+01 5.293620592648161960e+01 5.288879870129869687e+01 5.262780097490930586e+01 5.278854369659721613e+01 5.260410407120859588e+01
5.238379267031180575e+01 5.170049115176963994e+01 5.247436929181015586e+01 5.221976050166213668e+01 5.181735712125794180e+01 5.219067069531483583e+01 5.197672309552599756e+01 5.196683414725770689e+01
5.180289585159216870e+01 5.207045420755277831e+01 5.181094311041292855e+01 5.141966074343374515e+01 5.138249599242203658e+01 5.134748848268687738e+01 5.108595586075205119e+01 5.116180913370648398e+01
5.029869618005218967e+01 5.080117767062314016e+01 5.086390967153285203e+01 5.083000786048552300e+01 5.135462722551928749e+01 5.080401212032710134e+01 5.083414692116424760e+01 5.077374637494952481e+01
5.067343019071608978e+01 4.987823609676944159e+01 5.027881093265708046e+01 5.014639042290364301e+01 4.986090912315550128e+01 4.961599444688002336e+01 5.030824292283374177e+01 4.981078191814295053e+01
4.946398595100864526e+01 4.963932624113475356e+01 4.918233089647024059e+01 4.943685062624537352e+01 4.881296669106881581e+01 4.965340304384844927e+01 4.950651439162668765e+01 4.923304932089202879e+01
4.857327123855835538e+01 4.889566180574937704e+01 4.892097568755315962e+01 4.898831072903318073e+01 4.886940074774265952e+01 4.903204130711557696e+01 4.861153880226789425e+01 4.953260330724832983e+01
4.853519513068385294e+01 4.820451728351955012e+01 4.807955219972066629e+01 4.841750631933717841e+01 4.888265576434020687e+01 4.781882112375534177e+01 4.823374419749612940e+01 4.840584712927087452e+01
4.719628967836872135e+01 4.736520657731104222e+01 4.753018819060773836e+01 4.767323865986487874e+01 4.759447415329768205e+01 4.810320644718792948e+01 4.746947151942485732e+01 4.783528728711508649e+01
4.695172636443961522e+01 4.736559130494885750e+01 4.714789565487703982e+01 4.729044651500484520e+01 4.753886919655268173e+01 4.659647551815272948e+01 4.713154391424619405e+01 4.754634753735472685e+01
4.646651696273540466e+01 4.677351442833698059e+01 4.653666996182165150e+01 4.658362240692402167e+01 4.657126431940701394e+01 4.648457257196663761e+01 4.607517820773930595e+01 4.676749277333787091e+01
4.624596909640577280e+01 4.599019507884719360e+01 4.567892007836778845e+01 4.638419459190444627e+01 4.579729178007621471e+01 4.601995218211207117e+01 4.634172154280339129e+01 4.613006956404282022e+01
4.531505329329461063e+01 4.530817751459209575e+01 4.574350702119360079e+01 4.512573972000540579e+01 4.536123366013072200e+01 4.551011449100187889e+01 4.526541793665517588e+01 4.530533765630701026e+01
4.487235793199258893e+01 4.533130430553754309e+01 4.503176326063543655e+01 4.442516330930622104e+01 4.495082132758852111e+01 4.471468664584146779e+01 4.496472067778660175e+01 4.435486781817582624e+01
4.450453779012100597e+01 4.421568152454779721e+01 4.452069300941668217e+01 4.471337910247822833e+01 4.459209931551077943e+01 4.471742841044677164e+01 4.427315848214285410e+01 4.395835104991168407e+01
4.384654710571017944e+01 4.388368300989589699e+01 4.451788245907978592e+01 4.429582316289825172e+01 4.399333042297244845e+01 4.415309529925507093e+01 4.415591476024299311e+01 4.433368513845756098e+01
4.327644450241293583e+01 4.308136912325285550e+01 4.321483382053889244e+01 4.328916008157023043e+01 4.314154859597384473e+01 4.324686859302921249e+01 4.337990243122201406e+01 4.361755371481164190e+01
4.276040889883171303e+01 4.274921158256881171e+01 4.266716080081612006e+01 4.290033484963355903e+01 4.315476493820868598e+01 4.277901077996195056e+01 4.274613884308004685e+01 4.344663747337635584e+01
4.228529602620357508e+01 4.229700351132481728e+01 4.241139265447667128e+01 4.208221975934135628e+01 4.243946308620475349e+01 4.251834441819989507e+01 4.193942862518815673e+01 4.191252317943237671e+01
4.211457685611242141e+01 4.184254958573939120e+01 4.202670715082413722e+01 4.214307956083159468e+01 4.222431946182727813e+01 4.186674705587572021e+01 4.204007043994067772e+01 4.176181160778433821e+01
4.107931725377864041e+01 4.142688023372078021e+01 4.128251395223235676e+01 4.158692729702846691e+01 4.130880148394911799e+01 4.123737226052696769e+01 4.114272154793852110e+01 4.143454861643122200e+01
4.067849534056772143e+01 4.112891794395880396e+01 4.124007582864290100e+01 4.110972205546884339e+01 4.056859166354674073e+01 4.087939062120844369e+01 4.064882605207947819e+01 4.104399957422219813e+01
4.040997985689374872e+01 4.073760878636146998e+01 4.038688691689650767e+01 4.073374726077428676e+01 4.023216021562389244e+01 4.055774586727360287e+01 4.056610533589712730e+01 4.019233914530940410e+01
3.992035573122529257e+01 4.002267410872912734e+01 4.002441452686638002e+01 3.982768433317399825e+01 3.979188540912382166e+01 4.021573890292313536e+01 3.996860790355390947e+01 4.007532626915708818e+01
4.006345863526569673e+01 3.929934521000472358e+01 3.949675339033019128e+01 3.962062485318299565e+01 3.961008388468809471e+01 3.987504422691355188e+01 3.964280656202053876e+01 3.950946506002772907e+01
3.918675719124993151e+01 3.937296163772876412e+01 3.879811659985852401e+01 3.921746953373366296e+01 3.902828877321660883e+01 3.918168060591882096e+01 3.924622927202164391e+01 3.929637493032942785e+01
3.865145946023708490e+01 3.874439627441806522e+01 3.863265945662313072e+01 3.844090928895085568e+01 3.870281232132646920e+01 3.887467128330995791e+01 3.869694044313317249e+01 3.877931937552595798e+01
3.801302350062592694e+01 3.851873179965055272e+01 3.833256563795485761e+01 3.807437178754997120e+01 3.824008969066170494e+01 3.852266256690582225e+01 3.861186438246097197e+01 3.787650197856792289e+01
3.770887895695741321e+01 3.777935715943374362e+01 3.803838719546111946e+01 3.797863284856878607e+01 3.764082581736189326e+01 3.779517376746333923e+01 3.753603916345500124e+01 3.768276423573582434e+01
3.713095338863494987e+01 3.754961890243902189e+01 3.723266454965357752e+01 3.723758590113056499e+01 3.723208232793289341e+01 3.745526816705856277e+01 3.733989512471655559e+01 3.716095967560261215e+01
3.679197406662195391e+01 3.698463883677298014e+01 3.675755042906497039e+01 3.694292311603209100e+01 3.700501610613670778e+01 3.707688145188145512e+01 3.735226224421334962e+01 3.701969804445186440e+01
3.689347697257026937e+01 3.645986219606117373e+01 3.649334270592127183e+01 3.661260296540362447e+01 3.655939805499664885e+01 3.674291359472743324e+01 3.650486864688296151e+01 3.636702474409830899e+01
3.630213151295625096e+01 3.626672669722768205e+01 3.615952563121652474e+01 3.611533255993813185e+01 3.567665641138336241e+01 3.630197475570032850e+01 3.600600790080105895e+01 3.601278810052344426e+01
3.582024064171123001e+01 3.564123871178326652e+01 3.591230783907544577e+01 3.581307832792207790e+01 3.537990755845568458e+01 3.573967352586584667e+01 3.593370244565217320e+01 3.537676453022776002e+01
3.510901340639463797e+01 3.563080968688845473e+01 3.533726741347510369e+01 3.529024729773993130e+01 3.582047943376068133e+01 3.559042054823856915e+01 3.521300035112359694e+01 3.523763825195575805e+01
3.491529313720302952e+01 3.516393552900656516e+01 3.505439409611712165e+01 3.483983070742905142e+01 3.510710435532557483e+01 3.507474603765556509e+01 3.477933064601675994e+01 3.495237984413650167e+01
3.469769377080361039e+01 3.449913203789428451e+01 3.472008812856402216e+01 3.450319663711072593e+01 3.445069174629843189e+01 3.450279790660225387e+01 3.484990928691627943e+01 3.457199673601528644e+01
3.428464424388707954e+01 3.441853737113402190e+01 3.460597504571367011e+01 3.405483071575694964e+01 3.393305270670332163e+01 3.438546511627907165e+01 3.452470209849203542e+01 3.450418164405845545e+01
3.377857404404456787e+01 3.378294474116680135e+01 3.360994796508625626e+01 3.400896878600607209e+01 3.377766377723228430e+01 3.422378423409351456e+01 3.394568545039435747e+01 3.362322892158130117e+01
3.378609813084111835e+01 3.384456605222734282e+01 3.328771871482656763e+01 3.377920806022122235e+01 3.363242264819252370e+01 3.337009658150599734e+01 3.357969055710019290e+01 3.356131378894110640e+01
3.314331662705383508e+01 3.294050030382823735e+01 3.330336166038119927e+01 3.334725671566143035e+01 3.330722109016811316e+01 3.348635496665318811e+01 3.326769077477660375e+01 3.318650369918389487e+01
3.282541204003386071e+01 3.242377081429586383e+01 3.280753873132821496e+01 3.284130744930195078e+01 3.302364012513876190e+01 3.285924967001725605e+01 3.297946455734712146e+01 3.288095222994571287e+01
3.258757851525792404e+01 3.244713958522098096e+01 3.254261277626400073e+01 3.225834125951141118e+01 3.265620035742652760e+01 3.226566721705193430e+01 3.236855654018971507e+01 3.255756385560253108e+01
3.205461020973486086e+01 3.218093922651933525e+01 3.230887532357626668e+01 3.241455770177165618e+01 3.163670852627340579e+01 3.216912370233579566e+01 3.223178323412698632e+01 3.210988894698837015e+01
3.191283290009318563e+01 3.188883452179116418e+01 3.177359755508310712e+01 3.163677820053715095e+01 3.163063052130861408e+01 3.173877337598425186e+01 3.217919330827801616e+01 3.176716870439755525e+01
3.165847372545178473e+01 3.134830685418066665e+01 3.158958788209606894e+01 3.125607764876632899e+01 3.159997539370078812e+01 3.143988795450126617e+01 3.153351475924291591e+01 3.163671960769962510e+01
3.121376381349359974e+01 3.104613551446637487e+01 3.138964617169373739e+01 3.100209869953415875e+01 3.128896391013384459e+01 3.126582179598115729e+01 3.105354682363179109e+01 3.135338305101081957e+01
3.088167478669769395e+01 3.095744192425109631e+01 3.098577536785782627e+01 3.111639869844004380e+01 3.099596450467107545e+01 3.089126072599305672e+01 3.069387656702025069e+01 3.075685645165153659e+01
3.058217117030018883e+01 3.059493779620853005e+01 3.032257170487782005e+01 3.058249644718143045e+01 3.053965279089535301e+01 3.077905226969927810e+01 3.070622632575757649e+01 3.066173149680775722e+01
3.017535939895025265e+01 3.037988851478621299e+01 3.005853090100321623e+01 3.032139309366130675e+01 3.019136424731182800e+01 3.014435040848905700e+01 3.031499008685800689e+01 2.999045293072824236e+01
3.013343970730806376e+01 3.015726982037054427e+01 2.979556510221305388e+01 2.995287596099756300e+01 2.996411225196123596e+01 2.994056297977907022e+01 2.996233654827042514e+01 3.011378025418185445e+01
2.945975830885053171e+01 2.949827630835843451e+01 2.968834835078291334e+01 2.956027420835245323e+01 2.966746259527618435e+01 2.973149238227146540e+01 2.971605288773523768e+01 2.959976343437623214e+01
2.943622460677763897e+01 2.938750462491906390e+01 2.933403800126444949e+01 2.921986940298507562e+01 2.919304321211571462e+01 2.896635596364310672e+01 2.921570457043414493e+01 2.943388384775784061e+01
2.903170745654162843e+01 2.905800837536022740e+01 2.891271111729769672e+01 2.915326941160666152e+01 2.904370456427717073e+01 2.889803166501038945e+01 2.883156634746922009e+01 2.914062464294691424e+01
2.869558883547977501e+01 2.872905406914418336e+01 2.839810801047593358e+01 2.877453941927777237e+01 2.876096540428968851e+01 2.859958123198846991e+01 2.878889192139738284e+01 2.880607518763100217e+01
2.834084676134553149e+01 2.844303411633109846e+01 2.855693565635861475e+01 2.862390559890061326e+01 2.853790375554951453e+01 2.850936677108871109e+01 2.871110122246104268e+01 2.836593918752381072e+01
2.811981334765677687e+01 2.844357454978813493e+01 2.822723614687860660e+01 2.830133770571580243e+01 2.818473948690822439e+01 2.819114537686240141e+01 2.840006472957422190e+01 2.801274330900243470e+01
2.813576587700511666e+01 2.791141371544643590e+01 2.788332214543533638e+01 2.797314539241622811e+01 2.794669457910974231e+01 2.792299047829938274e+01 2.794539801818502767e+01 2.808189998231340567e+01
2.764505625107554820e+01 2.777090186403508554e+01 2.758119546247818477e+01 2.760538891825229157e+01 2.748517923791337481e+01 2.771464015809590009e+01 2.767297189761925580e+01 2.753176923411946575e+01
2.729069580674176621e+01 2.725491286716352590e+01 2.762527729447586111e+01 2.747569533248081797e+01 2.747941639688511728e+01 2.733355427659941128e+01 2.740151072757158701e+01 2.726737246832015771e+01
2.701825649406502450e+01 2.735518411693268348e+01 2.732481849747474811e+01 2.703982843137254832e+01 2.712875729263549829e+01 2.711352057443295394e+01 2.722436800751558650e+01 2.709539551231220855e+01
2.680399250872563144e+01 2.698028192649773516e+01 2.685401002506265655e+01 2.676165249790092204e+01 2.693400711513583445e+01 2.688563039108952069e+01 2.691730498421097906e+01 2.684125732551944665e+01
2.659268558485405265e+01 2.656448972975234213e+01 2.665221113758189375e+01 2.665126537016480057e+01 2.661161126500461904e+01 2.652789035836177334e+01 2.658052966101694992e+01 2.649605842739459050e+01
2.624542670068744243e+01 2.641889432730923559e+01 2.625275850212553053e+01 2.617558598672603765e+01 2.617493255206137803e+01 2.624716624024830125e+01 2.623531471108490720e+01 2.634072395114401743e+01
2.612114842994661146e+01 2.620227620900960730e+01 2.599693809996690064e+01 2.595538431485441677e+01 2.601891957564728486e+01 2.603323757763974911e+01 2.589646227389113875e+01 2.623348066583953653e+01
2.596690005715685245e+01 2.581304271419120155e+01 2.579748759305211081e+01 2.584790693065176015e+01 2.577096273291925144e+01 2.590515828561945355e+01 2.571201193732902368e+01 2.590110505255738005e+01
2.559961483884045919e+01 2.565573272667380422e+01 2.556654305727235510e+01 2.537080411335301733e+01 2.569427784577723273e+01 2.576642465475223176e+01 2.555919520268061618e+01 2.574028071110746652e+01
2.543357040461960850e+01 2.539712003772965687e+01 2.541430677870243215e+01 2.542999899719213630e+01 2.541529954293176630e+01 2.541247141923893338e+01 2.524650330173391666e+01 2.555648165016902240e+01
2.497392287979498704e+01 2.531060420743639838e+01 2.518892146939747789e+01 2.511898499306744981e+01 2.529075567502986743e+01 2.507847702767943687e+01 2.504059869739478827e+01 2.488824424864407092e+01
2.498608631549386061e+01 2.501048060276990981e+01 2.493232262069526683e+01 2.480517916142228074e+01 2.457703970243389691e+01 2.497095728603245135e+01 2.491411128903122574e+01 2.502014485514485642e+01
2.451237416107382572e+01 2.467292766527460657e+01 2.458593254282994778e+01 2.454467885654382897e+01 2.462784694359216431e+01 2.459663015003572539e+01 2.465793144679155091e+01 2.468906073067524787e+01
2.417771762753388387e+01 2.453931121254681713e+01 2.438946962598578949e+01 2.436181633048875028e+01 2.442054120359422953e+01 2.450518704809807957e+01 2.427577536856963292e+01 2.454687622175307027e+01
2.421937876267427114e+01 2.410537497086473735e+01 2.428548539251536553e+01 2.435265036274280348e+01 2.433112022707831201e+01 2.391762186057428963e+01 2.407536936691096230e+01 2.416027483733126147e+01
