nan nan nan nan nan nan nan 0.000000000000000000e+00
-6.368727918015792966e-05 nan nan nan 7.390864629996940494e-05 -8.427923603449016809e-05 nan -1.580481912242248654e-04
-6.993641145527363637e-05 nan nan -1.469455892220139503e-04 nan -3.589952830225229263e-04 6.245648546610027552e-05 -1.173379132524132729e-06
1.467416132072685286e-05 nan -4.760110944819946632e-05 nan -7.735157851129770279e-05 1.995826460188254714e-05 6.133353842111924381e-05 -7.479442137992009521e-05
3.040038670102755003e-05 6.767629141298432693e-05 nan -5.499672261066734791e-05 nan -4.617348410344371967e-05 7.973151029242822618e-05 -1.136030858525863144e-04
-4.732215628874573087e-05 -3.619100607465952804e-06 -6.126027022089276027e-05 nan -1.534608891233801842e-04 1.187524273215482542e-04 6.197439174107142208e+03 1.865145170454545587e+04
-8.098167745629325509e-05 2.127218370636303937e-06 -1.549883163534104960e-05 -8.241712930612266064e-05 -1.062405644915997982e-04 5.693816406250000000e+03 8.037476562500000000e+03 1.054743229166666606e+04
4.384350328715905815e-07 -5.347923433873802423e-06 2.467868519791712251e-05 -3.044722585140594172e-05 -8.905729786916212725e-05 8.959592548076923777e+03 1.042647940340909190e+04 1.148418472222222226e+04
4.120878752713140555e-06 6.356425209170473110e-06 9.659212082624435425e-06 -1.823445871615639048e-05 8.160026785714285325e+03 8.765146484375000000e+03 8.886790865384615245e+03 8.603019132653060296e+03
1.860871713648995618e-06 -3.292082468620860129e-05 -2.991699832765494916e-05 3.874911635648459196e-05 6.146654296875000000e+03 7.156442968750000546e+03 7.059814236111110404e+03 8.963814212328767098e+03
2.566530533573206614e-05 4.543706179699963843e-05 2.033970800270749726e-06 4.089538722826086996e+03 7.805690257352941444e+03 6.667759943181818016e+03 7.508110054347826008e+03 8.662125000000000000e+03
1.546063897561053571e-05 1.459633737492064578e-05 -1.369642975207950272e-05 4.337075781250000546e+03 4.160853219696969973e+03 5.119034970238094502e+03 6.972765066964285325e+03 6.322238520408162913e+03
-2.368011885918066322e-05 1.983353073095403207e-05 2.026856501205739742e-05 4.832536317567567494e+03 4.573593171296295623e+03 5.861496621621621671e+03 5.594363425925925185e+03 7.966485795454545951e+03
2.703795021872467034e-05 -7.022037341191274963e-06 1.741782054227941217e+03 3.535151400862068840e+03 4.101490277777777919e+03 5.001928030303030027e+03 5.371371621621621671e+03 6.730813362068965034e+03
-1.108957673492493899e-05 -1.292226269946522251e-06 1.467118750000000091e+03 3.887759171195652016e+03 3.832178645833333121e+03 4.243999255952380736e+03 4.544726351351351695e+03 5.063816358024690999e+03
5.883118793578215537e-06 5.054364144733105958e-06 1.736036901595744666e+03 3.308866536458333030e+03 3.294801164215686185e+03 3.594271874999999909e+03 4.109053750000000036e+03 4.788176106770833030e+03
-1.008076601308481464e-05 4.660661051155260682e-06 3.003842013888888687e+03 2.767125637755101707e+03 3.310322115384615699e+03 3.494029920212765774e+03 3.837876838235294144e+03 3.912177982233502007e+03
4.708651324798320452e-06 -1.766100467648357153e-05 2.463315393518518249e+03 2.414623355263157919e+03 2.971719482421875000e+03 3.238859375000000000e+03 3.222932812500000182e+03 4.202236696787148503e+03
2.479371064572199549e-06 1.248126708170665138e-05 1.931116567460317356e+03 2.346074924698795257e+03 2.817060416666666697e+03 3.069016121031746025e+03 3.245783637152777374e+03 3.617599308300395023e+03
-1.705323146390063567e-05 8.470764926945169654e-06 1.540814453125000000e+03 2.496468201754385973e+03 2.541215297965116406e+03 2.787877008928571286e+03 3.144251623376623684e+03 3.515045491803278765e+03
-2.323242095474786603e-07 1.789015182789335982e-05 2.090021394230769147e+03 2.054857142857142662e+03 2.639781250000000000e+03 2.575630681818181984e+03 2.961008283132530323e+03 3.108011182108626144e+03
-5.418409100024118260e-07 2.573081963838866156e-06 2.049649227528089796e+03 2.042663240131578732e+03 2.193823948019802174e+03 2.520915697674418425e+03 2.876174632352940989e+03 3.375141246684349881e+03
3.159931056771447558e-06 -1.710804875497475786e-05 1.832316922169811278e+03 1.906612528669724952e+03 2.286611235119047706e+03 2.265337053571428896e+03 2.537230631510416515e+03 3.196418532338308523e+03
-9.134914726018906453e-06 1.295318262714703190e-05 1.266069115990990895e+03 1.912206818181818107e+03 2.000102284663865476e+03 2.253514593160377444e+03 2.598135416666666515e+03 2.919067696629213515e+03
-5.078707593229581594e-06 5.217376798227951941e-06 1.545708820093457916e+03 1.831367118362831889e+03 1.746786551339285552e+03 1.982132090336134297e+03 2.351930921052631675e+03 2.411012041284403949e+03
-4.859604712077219936e-06 -1.331614330410957286e-07 1.420423902671755741e+03 1.600974339430894588e+03 1.640122262773722468e+03 1.727305717054263596e+03 2.158504394531250000e+03 2.315547365988909405e+03
1.157440541040462682e-06 -2.468919481015613813e-06 1.294888059701492466e+03 1.389828125000000000e+03 1.608801587301587233e+03 1.815387854609929036e+03 1.862818244485294144e+03 2.240923165137614887e+03
-1.536726043336450344e-06 -4.362108938948949799e-06 8.927100794797687513e+02 1.339929041353383354e+03 1.499579789201183303e+03 1.725973772321428442e+03 1.802941334355828303e+03 2.168801495726495887e+03
1.777865983122168526e-06 9.597077899213347656e-07 1.193978348214285688e+03 1.233999435240963976e+03 1.395339508928571377e+03 1.497999708850931484e+03 1.716704286317567721e+03 1.974133038585209079e+03
-9.725722400134946592e-06 -5.972192701982691059e-06 1.115858901515151501e+03 1.288386788922155802e+03 1.274956636235955102e+03 1.439907976519336898e+03 1.659571089181286425e+03 1.909943651925820404e+03
-5.641728554420718457e-06 -6.309740918235005573e-09 1.049388513513513544e+03 1.116833899456521749e+03 1.205603035714285625e+03 1.449975038109756042e+03 1.517624305555555566e+03 1.892397664835164960e+03
-7.500295171493224274e-06 -2.955840853023893953e-06 8.249233446782178589e+02 1.230739276960784309e+03 1.152355030487804925e+03 1.387381402439024441e+03 1.440354166666666742e+03 1.809315445859872625e+03
1.068212504164029451e-06 -1.620118852686766686e-07 9.819799214975845416e+02 1.048597695707070898e+03 1.194922812499999964e+03 1.283170454545454731e+03 1.446237004950495020e+03 1.654772447724477388e+03
1.266458347939696722e-06 -5.056836295786291861e-06 9.598104066985645204e+02 9.903659156976743816e+02 1.086463453389830420e+03 1.229509009009009105e+03 1.552787444933920824e+03 1.597873281786941561e+03
-1.934052746250667270e-06 -1.316717129514039006e-07 8.978057544052863932e+02 9.882036230079680763e+02 1.045395421511628001e+03 1.188237448770491937e+03 1.291226055194805213e+03 1.473374733191035375e+03
-3.074926322280261569e-06 2.032423667101697262e-07 6.708974066840277146e+02 9.259597602739725062e+02 9.896683212996390466e+02 1.069856502242152374e+03 1.268881617647058874e+03 1.360826228686058130e+03
-2.503552196647300639e-07 -3.160616567280764240e-06 7.696463448660713311e+02 8.254927721088434964e+02 9.624205786026200258e+02 9.941837588028168966e+02 1.107612110894941679e+03 1.329665609756097638e+03
8.998676950771296293e-07 4.456404907008012429e-06 7.401134686346863418e+02 8.068730630165289313e+02 9.352489617940199196e+02 1.066674776785714357e+03 1.168611521946564835e+03 1.365051961226329922e+03
2.416487832841299254e-07 -1.453751659331222533e-06 6.642284967845658912e+02 7.386930985342020222e+02 8.263274601063830005e+02 8.892788461538461888e+02 1.041000744047619037e+03 1.287430613961312019e+03
4.147395916413842824e-06 -1.592732013178695145e-06 5.826022451456310591e+02 7.420978725570032566e+02 8.291937092833876477e+02 9.069196428571428896e+02 1.013190705128205082e+03 1.153547190784155191e+03
-5.337206720976175123e-06 -2.821573158957480591e-06 6.876586084905660528e+02 7.585634106595092589e+02 8.057154053514376528e+02 8.720900493421052033e+02 1.005914230769230812e+03 1.170521291208791354e+03
-5.662669673441066157e-07 1.378525809953047949e-06 6.770962990936556025e+02 7.172850439297124012e+02 7.587717776203966196e+02 8.206026408450704821e+02 9.561378348214285552e+02 1.139142654833836787e+03
-2.753069311692998004e-06 3.130743036393162826e-06 6.028066744942195783e+02 6.535582021208225569e+02 7.452646683673468715e+02 8.074886039886040408e+02 9.389406424581005695e+02 1.049849666900420743e+03
1.325376995815986998e-06 2.025314918069471969e-06 5.168140133171913249e+02 6.139504751461987553e+02 7.181945056675062915e+02 7.846128917378918004e+02 8.834323453608246837e+02 1.009471114864864944e+03
1.779567798185945277e-06 -1.454949344977410261e-06 6.048796393557422562e+02 6.251219586374695609e+02 6.758598958333333258e+02 7.470681402439024623e+02 8.352270998677248599e+02 9.920878443305572318e+02
-1.485375470613138096e-06 -3.380372371768282711e-06 5.721571624087591772e+02 5.890426729765013079e+02 6.308564342403627734e+02 7.232048872180450871e+02 8.149685925692695037e+02 9.352774725274725824e+02
7.687211730835601021e-07 3.266298783265343974e-06 4.528594118514150750e+02 5.759251703199053054e+02 5.982456078980098937e+02 7.235062354988398283e+02 8.119359718826406151e+02 9.038680555555555429e+02
7.735246166201500601e-08 -2.490914064562983235e-07 4.282196448237885988e+02 5.441252676659529470e+02 6.073678209459459367e+02 6.679709719036698061e+02 7.632571585903084497e+02 8.850462347729788917e+02
-3.223898417287302602e-07 -1.157156329851968388e-06 4.783385302197802389e+02 5.374615652901785552e+02 5.753365489130434298e+02 6.346045698924731369e+02 7.137527533039648233e+02 8.803200549450549488e+02
-7.995922026591768377e-07 4.543477716730722351e-07 4.829289986559139720e+02 4.824181830168776060e+02 5.726668526785714448e+02 6.222596348884380859e+02 7.230080394190871402e+02 8.285588935944945206e+02
-1.788344434316968545e-06 -1.647792335764582456e-07 3.991435276679841877e+02 4.842331031976744384e+02 5.304917452830188722e+02 5.856401785714285779e+02 6.824118013972055223e+02 8.037356841844322162e+02
1.237883605408215636e-06 -1.584533496602695273e-06 3.872145401554403747e+02 4.701348684210526585e+02 5.001008232838590288e+02 5.669495423892100234e+02 6.682365321828358447e+02 7.664259346900141736e+02
-7.108275881187471952e-07 -2.352033738538415943e-06 4.232601436491935374e+02 4.538896012931034534e+02 4.945740515564202155e+02 5.442336881868131968e+02 6.300699152542372303e+02 7.572971796657382129e+02
3.049937148377393289e-06 8.593606590120880025e-07 4.186746323529411598e+02 4.445765156835205971e+02 4.789310937500000591e+02 5.339754502572898218e+02 6.347266741071427987e+02 7.089322450805009339e+02
1.841191864827704261e-06 -1.825665901717014577e-07 3.560032757903494485e+02 4.210734348198971020e+02 4.985504032258064626e+02 5.366137704174228702e+02 5.892597019725557175e+02 7.157906182212581143e+02
1.115918639825490718e-06 1.677720544424343580e-07 3.343577847334410649e+02 4.255585000000000377e+02 4.540116411423841214e+02 5.148703703703703241e+02 5.826150939542484366e+02 6.688539738430583839e+02
2.025908214413190712e-07 1.140913201370231518e-07 3.647630981848184888e+02 3.976379098360655462e+02 4.420621006389775971e+02 4.987312101275917371e+02 5.882089717741935146e+02 6.595843711719069233e+02
3.709351556413125721e-08 4.810872443233895926e-08 3.742242803323029534e+02 3.875851910828025666e+02 4.232707394894894719e+02 4.699036334913112114e+02 5.499074920508744526e+02 6.438952779893373872e+02
-5.875377709808241201e-07 -2.865788746648323457e-06 3.094743962020648951e+02 3.597683797602256845e+02 4.161440217391303804e+02 4.539903604734577129e+02 5.504780749636099699e+02 6.269594033232627908e+02
-1.769161740072681416e-06 2.604778139637066643e-06 2.919404349662162304e+02 3.797483986801241826e+02 3.965266493055555657e+02 4.449635804769001766e+02 4.917658694879089580e+02 5.857685469314078546e+02
7.304919714515767973e-07 -1.496733459607353259e-06 3.266507847533632116e+02 3.672792570153060865e+02 4.048324839055794087e+02 4.447960526315789593e+02 5.106782440056417158e+02 5.944090517241378393e+02
8.049426423366642648e-07 -4.324616887939728228e-07 3.208440464092141156e+02 3.482808908045976750e+02 3.676442687747035620e+02 4.296200274348421999e+02 5.010595663265305575e+02 5.764079235432805035e+02
-3.065435422755394222e-07 2.612529685662227382e-07 2.746825256739409156e+02 3.354088212025316693e+02 3.741952493261455857e+02 4.175300253378378557e+02 4.709052340702210699e+02 5.396213703099510894e+02
1.253824744957919027e-06 5.104847469793797937e-07 2.649864659367396484e+02 3.347556532663316489e+02 3.541517305315203430e+02 4.087763278388278536e+02 4.650624611801242168e+02 5.584054304227090597e+02
-1.581108259313487303e-07 -1.431537191953138959e-06 2.970146804156171356e+02 3.242179716687422228e+02 3.640107996323529278e+02 4.034986413043478706e+02 4.419138186641698098e+02 5.363040992532669407e+02
-6.760999242420079156e-07 2.830150256467170219e-07 2.776634146341463634e+02 3.100389796819787875e+02 3.388856344367015367e+02 3.980625357551487582e+02 4.530203947368420927e+02 5.144184151785714221e+02
-2.223898263764567514e-07 2.642876054426227183e-07 2.392963124274099869e+02 2.987252618912797288e+02 3.391425804981773808e+02 3.619767731535756070e+02 4.328963310580204507e+02 5.142024611778493863e+02
-9.249519963424265901e-07 1.099534030995029939e-06 2.375826836340206114e+02 2.857108634478673252e+02 3.213530818278426864e+02 3.678476920871559628e+02 4.170147752497225611e+02 4.926419267205350252e+02
4.511546689015476757e-07 1.121687319979196183e-06 2.668836906141367535e+02 2.807919034090909349e+02 3.174317415730337189e+02 3.449928459937565322e+02 3.980076396570796646e+02 4.793751014335948071e+02
8.469075470676888913e-07 -1.299598722288451181e-06 2.413484060180275890e+02 2.802656754574811657e+02 3.017143038617886646e+02 3.525772739651416714e+02 3.962892280190678207e+02 4.637374314442413379e+02
-1.165851395814976885e-06 -7.719986272938363647e-08 2.206401109172482506e+02 2.660624520705521832e+02 2.968376336898396062e+02 3.190272922998987042e+02 3.715918314255983432e+02 4.510233354673495114e+02
5.135370729529692911e-07 1.090904976614934967e-06 2.221343283582089327e+02 2.574685163260219269e+02 2.851056432038834600e+02 3.282403533966033820e+02 3.793224681996085792e+02 4.418385089263263694e+02
-1.048623764418354176e-07 1.726993102310071297e-07 2.338315150394477371e+02 2.448432957848837077e+02 2.757407962328766757e+02 3.092853155339805653e+02 3.656806243805748409e+02 4.239516305670479142e+02
-3.075192247938620762e-07 1.738511062030704371e-06 2.210951041666666583e+02 2.497806020263901985e+02 2.792683518005540009e+02 3.035406682027650049e+02 3.570248612395930081e+02 4.308945919313702575e+02
-1.251787319100218268e-06 1.213328878955480090e-06 2.022781854281768119e+02 2.415027852049910848e+02 2.582264223323890633e+02 3.070085600375234662e+02 3.530602981029809939e+02 4.259418028004667462e+02
1.757329773020839298e-08 -1.872263911499803395e-07 1.966918818219983223e+02 2.393080948438978339e+02 2.559265784438775313e+02 2.915856935771632834e+02 3.314940371024734986e+02 3.931001393534002091e+02
-1.821252779170484759e-07 -3.861393854686691344e-07 2.177673295454545439e+02 2.301048269391159238e+02 2.573737850361663391e+02 2.914936570428696427e+02 3.312723411297440634e+02 3.900677196019039457e+02
2.042258836446640987e-06 1.757562369164505644e-07 1.911485450731497622e+02 2.257539893617021107e+02 2.467959024896265419e+02 2.799779505076141959e+02 3.183824839055793632e+02 3.779323224852070666e+02
-4.439514724418155163e-08 1.460944768994034499e-07 1.891948438783894630e+02 2.242789781906300561e+02 2.476801174851820520e+02 2.706478840609555050e+02 3.160204456162117594e+02 3.735347554630593550e+02
-4.646585235356265471e-07 2.557952045614429983e-07 1.755109610055423559e+02 2.130545093648208592e+02 2.341056795634920604e+02 2.635204628132578932e+02 3.083142236211031104e+02 3.665562638024493367e+02
-4.737868037852550288e-07 4.030034072192541802e-07 1.977968009478672968e+02 2.060727779953014931e+02 2.327563205076551185e+02 2.584239838200473400e+02 2.987349129303442510e+02 3.683434840688699410e+02
6.205279984276890131e-07 8.527550262719136996e-07 1.717054791178766493e+02 2.056094235248447148e+02 2.260883244882486736e+02 2.477935344827586164e+02 2.995429273827534189e+02 3.484790316431567021e+02
3.838367507137734798e-07 5.299090332624364806e-07 1.616482975746268664e+02 2.009093014967926081e+02 2.199652433206106821e+02 2.446737179487179503e+02 2.881512397464578612e+02 3.411467958271236967e+02
4.470796864397845649e-07 1.180328178634922653e-06 1.623975193298969089e+02 1.880818556201550393e+02 2.158837025316455822e+02 2.426017816527672437e+02 2.737657490974729058e+02 3.435733770401614038e+02
-1.510017237022213546e-07 -7.198982174535100675e-08 1.741951149425287326e+02 1.895063010899182530e+02 2.071092012601927195e+02 2.341625949585635169e+02 2.767490283803326179e+02 3.288487648755860278e+02
-5.173035191168588492e-07 -2.225996329057112704e-07 1.576242154811715466e+02 1.853795072115384812e+02 2.034886382870683690e+02 2.355563592657342724e+02 2.638270530145530302e+02 3.143194875107665780e+02
-4.394448337208019879e-07 -1.036201483216086476e-06 1.525720595554080887e+02 1.774925363667117892e+02 2.036305008561643888e+02 2.283060603387438334e+02 2.634754403794037785e+02 3.196600117686617182e+02
4.116515709837484997e-07 -8.607654505082078138e-07 1.481030396970705851e+02 1.775872766379880829e+02 1.983890542328042272e+02 2.109920255829015616e+02 2.523419239707835118e+02 3.051891604010025389e+02
3.558610213106376961e-07 -4.218610762627678637e-07 1.597309004934210463e+02 1.722640947701532355e+02 1.921681077904634094e+02 2.215031063618290261e+02 2.509206842279655518e+02 2.941155540006585056e+02
1.840315317564916789e-08 -2.807554006192981571e-07 1.438871372767856940e+02 1.669331147281921801e+02 1.867463506453595414e+02 2.104124765771392731e+02 2.405502991183878976e+02 2.847132572190835162e+02
-1.048078837211940205e-07 4.645718184237282459e-07 1.394596418626237551e+02 1.628172371638141840e+02 1.812751505069708458e+02 2.048424752781211282e+02 2.437826845533498670e+02 2.870687353171495602e+02
-2.125128453507924999e-08 -6.789923272190603932e-07 1.417595486111111143e+02 1.614313102456467561e+02 1.812803824571766143e+02 2.003602825126262701e+02 2.306116949910554297e+02 2.792531987434875873e+02
-3.674111849086558773e-08 8.495699641631861699e-07 1.419241611128332181e+02 1.615470394736842081e+02 1.743243353544775971e+02 1.963855001431024334e+02 2.239202546998180878e+02 2.803625443524541652e+02
-6.492285583747363832e-07 -1.847916917585333522e-07 1.302218312427071112e+02 1.540118051404662083e+02 1.690482554867754743e+02 1.928044008875739621e+02 2.248149024354460153e+02 2.675778059377262821e+02
8.619467408035442562e-07 6.270495823607621476e-09 1.269260416666666771e+02 1.476499370453273627e+02 1.646256162993039425e+02 1.900526841804683045e+02 2.231910995702005494e+02 2.599539763835538224e+02
2.516852217986313417e-07 -6.400647753046636019e-07 1.266470131215469763e+02 1.460709080717488746e+02 1.688844912548584318e+02 1.892064763231197730e+02 2.117639775249722618e+02 2.555082488191164032e+02
2.929564150948140254e-07 -1.705758572863079514e-07 1.328280734890109898e+02 1.419856994459833857e+02 1.579670138888888857e+02 1.769804730854606021e+02 2.080910498073747874e+02 2.502161429365962135e+02
-4.493356670296408367e-07 -2.032899269718935037e-07 1.255724252605595268e+02 1.415454638193688766e+02 1.549048317431665964e+02 1.773071381578947410e+02 2.054083333333333314e+02 2.418667774197878941e+02
4.969898494740041771e-07 1.240901832311753258e-07 1.182480225622406635e+02 1.419228948679621283e+02 1.544823613376834999e+02 1.699419952051145231e+02 2.024763188669438705e+02 2.388346763711983272e+02
-7.863763486494217672e-08 -4.427571024653966924e-07 1.173634402929493490e+02 1.356194733639805463e+02 1.506021379919273500e+02 1.730076353092783563e+02 1.946604607640681479e+02 2.311848232714138192e+02
1.522852131664996470e-07 -1.039608462969306980e-06 1.187277106629393018e+02 1.346073402575315754e+02 1.454364703190376531e+02 1.659636815920397908e+02 1.952882349214394253e+02 2.344383481293595537e+02
-4.799593427774315615e-08 2.981631854435267044e-07 1.129711298661800498e+02 1.332786979969183392e+02 1.414187292752250187e+02 1.645137053352912631e+02 1.849296021598808295e+02 2.235002611527589806e+02
-2.533144749900988898e-07 -4.941263461092898271e-07 1.109134349446849512e+02 1.318377392344497707e+02 1.378912401574803255e+02 1.571022587395371772e+02 1.853036605404089698e+02 2.223598406833050660e+02
-5.256630227105484246e-07 -4.673444043342651833e-07 1.085326805096743783e+02 1.208986688998589472e+02 1.386713776722090188e+02 1.559013639584317445e+02 1.770155805687203951e+02 2.132712628865979525e+02
1.410041894191232386e-07 5.146002907170714203e-07 1.083360512564584326e+02 1.241594649598867477e+02 1.349523433847592457e+02 1.511055914972273513e+02 1.739301072101790737e+02 2.112965298287064400e+02
2.392771879225312397e-07 1.253560185432434029e-07 1.040804126381215440e+02 1.207845755424745988e+02 1.313488107287449509e+02 1.521352715877437447e+02 1.778435813090418378e+02 2.096990294050080479e+02
-3.534568075732484741e-08 1.488380591474666541e-08 1.002327054215509463e+02 1.209585450729120737e+02 1.275203961023985215e+02 1.488503274866785091e+02 1.685138134057970944e+02 2.032895626690712163e+02
6.058482974425915549e-08 -8.334605836964400950e-08 1.012466612119932421e+02 1.150167956482727618e+02 1.246423027166882349e+02 1.448955829995549607e+02 1.683671604202772869e+02 2.007685154797067923e+02
6.968297220717473675e-08 2.511657815847033894e-08 9.701173829013187344e+01 1.105761084401709411e+02 1.252943414038205248e+02 1.405325952432199870e+02 1.661462765957446663e+02 2.007087089941342413e+02
-1.262438734200299715e-07 -2.009093539183435916e-07 9.656784731046165859e+01 1.107092901034928900e+02 1.211474237617683229e+02 1.390085047468354560e+02 1.599861903253062962e+02 1.944025711857203476e+02
-1.068868408820412803e-07 4.571433574584195687e-08 9.602811593452133820e+01 1.132415770979743712e+02 1.205581027456027527e+02 1.336603341847594777e+02 1.581349628194386128e+02 1.868223422622161820e+02
-4.433449161863858580e-08 7.005145764234965884e-08 9.130545828258222230e+01 1.080602471808296485e+02 1.176839016714816353e+02 1.316318775100401695e+02 1.518831521739130324e+02 1.826152267002518954e+02
1.780736792561815784e-07 -2.949437344919795115e-07 9.177969254439062752e+01 1.056324695121951152e+02 1.166400853413654630e+02 1.329317949242734187e+02 1.504962975131419114e+02 1.781270533360373349e+02
-2.893348482951345694e-07 1.257219908347870239e-08 8.944391864679823811e+01 1.033105570271891196e+02 1.106674883990719280e+02 1.299891761141516895e+02 1.488731994869771142e+02 1.792294104522015061e+02
-4.498042530679049772e-07 -7.396793458610773058e-07 8.797752214093183909e+01 1.017685317008352399e+02 1.124134768740031944e+02 1.213987432847275443e+02 1.466899893658159328e+02 1.746185635869037185e+02
2.108254853855411503e-07 4.423477807440101638e-07 8.457170605001839192e+01 1.006267707112153289e+02 1.091030478106287518e+02 1.220828602192638925e+02 1.432881615136570588e+02 1.688607464454976252e+02
-8.641159082469331499e-08 -5.920088226231959481e-07 8.404616729027175381e+01 9.723059952692868535e+01 1.050238089577786269e+02 1.229561898593634339e+02 1.381735324650811663e+02 1.694219758064515986e+02
2.681151286128963880e-08 3.557919177291760457e-07 8.398058694859642515e+01 9.270946237073917473e+01 1.063137544802867325e+02 1.200276162790697612e+02 1.380343171296296134e+02 1.641916880557338061e+02
-1.473345335057020577e-07 1.267957090671542502e-07 8.151082421033740388e+01 9.231423735652798257e+01 1.032739673098538731e+02 1.191603675136116038e+02 1.346039011289147993e+02 1.632243078954557802e+02
9.992445560813951837e-08 1.223055052547525583e-07 7.903303826895565010e+01 9.263941794232823668e+01 9.930635645848118997e+01 1.133216964285714283e+02 1.297297426864074055e+02 1.567275340527153560e+02
4.778566869257570508e-07 -1.763740325706046699e-07 7.832822883875481068e+01 9.116333942240780175e+01 1.001919424019607874e+02 1.120543320105820158e+02 1.294121080063069371e+02 1.528041930379746987e+02
-1.865042409055887955e-07 1.397232073549622488e-08 7.531862574119288922e+01 8.741024734982332234e+01 9.782753487580809804e+01 1.082159052309782510e+02 1.290933731047553295e+02 1.515921572458105402e+02
-3.853024638622310246e-07 5.844809869625444515e-08 7.401019647118990008e+01 8.832640949554895826e+01 9.580867994746060390e+01 1.059235682441700845e+02 1.253360924369747949e+02 1.489453597919686274e+02
4.231333867136146223e-08 -1.753966420463446043e-07 7.261046593468468302e+01 8.467900884917921189e+01 9.298568764190723357e+01 1.060248370655080095e+02 1.227150240783792867e+02 1.486035660878956435e+02
1.965645595469370640e-07 -9.186690903686898717e-08 7.238039598912304484e+01 8.347874558870708483e+01 9.121590909090909349e+01 1.024707964963981652e+02 1.199414981769970154e+02 1.429264741864448354e+02
-1.237254802314661510e-07 -2.284215417928984179e-07 7.158371113989637990e+01 8.265308283974991355e+01 9.225455154476671282e+01 9.994761799291237025e+01 1.174414539177906107e+02 1.406071775171856189e+02
-7.728234767911373926e-08 -1.592793580240772636e-07 7.131236084605598080e+01 8.138132404739032211e+01 8.817557377049180900e+01 1.006846636305528904e+02 1.157581663408276285e+02 1.379948942815953785e+02
-4.404380461314187775e-09 1.659790455171053140e-07 6.737856172360248763e+01 7.908150624229347159e+01 8.681037874112928421e+01 9.724338561470214870e+01 1.170711260012322867e+02 1.364863889321295005e+02
-1.247162027104067791e-07 -2.936377514218667930e-07 6.677620811355879482e+01 7.726679455057939094e+01 8.527335505896958523e+01 9.610841641104295263e+01 1.110002735229759168e+02 1.343642447047870405e+02
-6.513121819491693155e-08 -2.646829759724801716e-07 6.771826231640146432e+01 7.536514029839442230e+01 8.270632868705035889e+01 9.459277402971497395e+01 1.091647215550885619e+02 1.342782875777339768e+02
2.088541003753611061e-07 3.237394932628955478e-07 6.440512395771293086e+01 7.293218888070691719e+01 8.126206140350876694e+01 9.367071327261869840e+01 1.060634177404854768e+02 1.294354440789473699e+02
-4.782319981991390835e-08 1.347982686180513607e-07 6.355402208201892478e+01 7.279971037042591320e+01 7.962780345371166391e+01 9.065217391304348382e+01 1.063435218311915804e+02 1.254941907792496067e+02
-1.588352506600621365e-07 3.141786557551256006e-07 6.295549128605769340e+01 7.206600368063421058e+01 7.749746696035242621e+01 8.706504917558575585e+01 1.024897377215925616e+02 1.224656454866364044e+02
-9.256817582688118475e-09 -5.633463727465389536e-08 6.378907141837899530e+01 7.022415847889374163e+01 7.553617222533631548e+01 8.647766603482168080e+01 9.895855338281474189e+01 1.207472394386264796e+02
-8.454386741118595015e-08 -1.112493270293808473e-07 6.120784741620111191e+01 7.017327634529148384e+01 7.543365094745908550e+01 8.459455220651859975e+01 9.994324631101021339e+01 1.187435653338974788e+02
-4.644201967320942111e-08 5.072386486460958743e-07 5.694621227851605738e+01 6.826110504987531158e+01 7.404957222374932257e+01 8.303884393856280610e+01 9.893839236207374199e+01 1.155754903319703430e+02
-3.344835875507149117e-08 -2.784222903342792462e-07 5.908088510479042554e+01 6.753909670908593910e+01 7.215755494505494028e+01 8.218263888888888857e+01 9.652473601206801845e+01 1.147297297297297405e+02
2.478610834009805352e-07 -7.103005186551824471e-08 5.742168372551686417e+01 6.602903502747253128e+01 7.237955519828510376e+01 8.086196308724831283e+01 9.345271812080535767e+01 1.116050695150898662e+02
2.537710287562603426e-07 -1.025307186625312012e-07 5.833841128495339490e+01 6.502830340997158487e+01 7.021869956966109783e+01 7.853239087301588484e+01 9.371976632734002521e+01 1.087359384349444866e+02
1.293567612539690829e-07 1.358573056207407018e-07 5.368430523845763247e+01 6.357564256282085324e+01 6.956827878247580088e+01 7.617476570927723856e+01 9.147659702365479006e+01 1.097036323384716354e+02
1.416825654651365186e-07 -1.065741971459648585e-07 5.514120339547270078e+01 6.174016985735735830e+01 6.830513469401213911e+01 7.573613026579739937e+01 8.876369171659285939e+01 1.060683359038622200e+02
-3.213730686590909843e-07 1.710409156496725356e-07 5.324438309215537402e+01 5.988107346462814462e+01 6.790236153262519281e+01 7.629452142673851256e+01 8.660103046594981890e+01 1.054337722634214316e+02
-3.089098708097826448e-07 1.376458307608075468e-08 5.336882031249999869e+01 5.994500123731749142e+01 6.325676341556459903e+01 7.321344592042305521e+01 8.689705236062280846e+01 1.016798372399924659e+02
-3.791469009233249217e-07 -6.520243118896426806e-08 4.955168534166054428e+01 6.000833513999008773e+01 6.419060668050805418e+01 7.280274152232252050e+01 8.417283523844641024e+01 1.007310710987996316e+02
-1.834758641113652492e-07 1.674244977003455356e-07 5.154795483890801222e+01 5.746953220858895861e+01 6.307855434249263737e+01 7.119288739412057510e+01 8.153627504887585076e+01 9.913891009588958525e+01
1.178388269035940691e-09 5.838142271082926912e-08 4.952459028785679607e+01 5.776076832650108628e+01 6.152040839081826817e+01 7.014389314092078109e+01 8.079576890553273927e+01 9.518012040975258969e+01
-2.896719815309155516e-07 -2.031589150158169727e-07 4.841946660756500620e+01 5.534292035398230070e+01 6.122955600434048762e+01 6.799106607057129281e+01 7.971119367775418141e+01 9.669101709045435200e+01
-9.392937828355657258e-09 1.641695855549723313e-07 4.579925557959462878e+01 5.541914700408261041e+01 5.941924040664375894e+01 6.657271748111426746e+01 7.748727227895103908e+01 9.440564582476348221e+01
2.662193428366323418e-07 -2.180681292339568882e-07 4.649031852535110687e+01 5.263733291798821767e+01 5.821683553251649101e+01 6.621069236016370496e+01 7.639748075577327313e+01 9.237228653080076413e+01
1.820367709430833768e-07 1.467962403121349863e-07 4.757460822166704162e+01 5.284815797018348604e+01 5.649046420581655781e+01 6.458374742974640981e+01 7.512072759487882934e+01 8.970437066877006771e+01
7.237215730450454106e-08 -2.134261235410163060e-08 4.580325921969867409e+01 5.281436862967157708e+01 5.583460331050228120e+01 6.234923787334381728e+01 7.365972301136363853e+01 8.713891561491878690e+01
-2.314531558196898315e-07 -3.611954828260547875e-08 4.306946432503853828e+01 5.232241322495605829e+01 5.656654492833517622e+01 6.273317469204927477e+01 7.149114606247250947e+01 8.665394431874619841e+01
-1.313505600539596397e-07 7.027995038684478629e-08 4.475081802683678234e+01 5.062821213210887805e+01 5.495341679635393461e+01 6.206376716808371441e+01 7.180015993823074893e+01 8.446250897740455343e+01
-9.882145626858415032e-08 -3.264566470328935712e-08 4.460802661535125679e+01 4.963628453412784580e+01 5.378289196032918085e+01 6.101407463330457404e+01 6.943065590879896831e+01 8.422598010297114968e+01
-1.985092274549144734e-07 2.468013427341761938e-07 4.268774785637727831e+01 4.851264022855944802e+01 5.256321300521512541e+01 5.952362004287245156e+01 6.880495896397356148e+01 8.290345289079228053e+01
2.098714867964133879e-07 1.571430172026801100e-07 3.939986764406434361e+01 4.744265393820713683e+01 5.142897256728778643e+01 5.835391120507399165e+01 6.740708998320033629e+01 8.186444107566569528e+01
-1.847977700800650723e-07 -1.256678173828221871e-07 4.190545869098712473e+01 4.633347853535353522e+01 5.070655600890207637e+01 5.772111988364844848e+01 6.626494395203336296e+01 8.045407031372343454e+01
1.036550799313669549e-07 -8.052358939618444588e-08 4.047034385992137118e+01 4.605263331573389252e+01 5.000030965621840551e+01 5.598645176063504891e+01 6.519338334720200123e+01 7.774075328459689160e+01
1.898480545652588655e-07 -1.290687700142493064e-07 3.846496467445576428e+01 4.480941158960111181e+01 4.910822797716150490e+01 5.524655910395735248e+01 6.310567632850241182e+01 7.565888239149064987e+01
6.614271606795111472e-08 -7.365052325860988471e-08 3.768227922142572339e+01 4.381008068570279335e+01 4.786304205982734317e+01 5.386478579928599686e+01 6.252837557488501830e+01 7.546056879035083398e+01
-2.773964067794455099e-08 1.481184765554157918e-07 3.916226442211557668e+01 4.325801520102990594e+01 4.766164947431065002e+01 5.218999378109452891e+01 6.169744908048249954e+01 7.500330790395197766e+01
-3.801204374077699612e-07 -1.119926948291387847e-07 3.985784271830435443e+01 4.275398916568396146e+01 4.563779990403071452e+01 5.122626477916747945e+01 6.106389432485322999e+01 7.130153529980657368e+01
1.617132319527153202e-07 -3.703439065066334483e-08 3.515398331721470271e+01 4.138450958072471764e+01 4.526816789215686043e+01 5.153249952399086453e+01 5.840510017337700077e+01 7.019663029834894985e+01
1.649961011404713613e-07 5.713968698139278747e-08 3.490638320051890275e+01 4.067518478895156164e+01 4.605861207543629376e+01 5.131718169372188498e+01 5.853634402551115556e+01 6.931839081832512761e+01
6.926622284016467897e-08 -3.079403273355575134e-07 3.630757643450540684e+01 4.131163787137847976e+01 4.368990752246224218e+01 4.975301732080339434e+01 5.724551788092067994e+01 6.776052445907808419e+01
-7.311601201549622614e-09 -8.802471618388113344e-10 3.571518706848292624e+01 3.996779054435863543e+01 4.329619515539305752e+01 4.847204929117701511e+01 5.531293103448275872e+01 6.743346372853108051e+01
-3.061203524890364678e-08 1.265586989317160769e-07 3.440178979349415300e+01 3.838407683486238398e+01 4.245966954824316275e+01 4.648163671730270607e+01 5.476376962142197158e+01 6.521303963848235696e+01
-2.420864950435758320e-07 -1.502626701552909385e-07 3.336666516082399880e+01 3.823298873024425149e+01 4.180248863636363410e+01 4.583411815068492956e+01 5.427355154081816835e+01 6.410624745670750713e+01
-2.037711402518982914e-07 -2.916256947388787202e-07 3.371417456857810180e+01 3.780819964551899659e+01 4.154777456195244412e+01 4.656218077344034612e+01 5.361271396396396227e+01 6.301482427970510258e+01
-6.163368741934566753e-08 -2.045221266181991520e-07 3.330781026945039258e+01 3.755509765972593073e+01 3.998177585451358595e+01 4.434590750606375309e+01 5.289265389725421329e+01 6.271351351351351866e+01
6.043706029449228721e-09 -1.093039665842660618e-07 3.112493411806043397e+01 3.661327454974270523e+01 3.897762035548409898e+01 4.445984818438216024e+01 5.068702916958654470e+01 6.111020803412107938e+01
-2.318482645587994713e-07 -1.401862592500402567e-07 3.053209160915670850e+01 3.535197599788992306e+01 3.826372718355510472e+01 4.407985563441991417e+01 5.067697993325346317e+01 5.953389664622210375e+01
-4.674847308692475578e-08 -1.062793552552999247e-07 3.317168879249912550e+01 3.536445220091246711e+01 3.852967318990841505e+01 4.286456839463471624e+01 5.009488538062283425e+01 5.946033942670786843e+01
1.859146720579986311e-07 -1.328601158120840570e-07 3.096642829819789355e+01 3.504029463670799061e+01 3.716607552083333132e+01 4.227031223367990265e+01 4.849671692607004303e+01 5.809566676516526940e+01
-1.592750275361580984e-08 -3.629730624745444420e-08 2.935191096003979538e+01 3.340897993242129616e+01 3.753597470238094758e+01 4.065194244079386010e+01 4.730280244638069576e+01 5.751114504133948202e+01
1.377475452354677355e-07 1.975648446241776251e-08 2.973424114497528592e+01 3.445044487487569995e+01 3.651391817474615209e+01 4.088913566921289089e+01 4.637063249302020296e+01 5.555528737288484109e+01
4.695667234657423362e-08 -8.250734888286770576e-09 3.029287868494730063e+01 3.312172750737462934e+01 3.533991779297841163e+01 3.935118146481178769e+01 4.570497367121935639e+01 5.452743927542198321e+01
-9.437316208516247867e-08 -8.443803851446797008e-08 2.875954634464752147e+01 3.283195074196208196e+01 3.466119439752252163e+01 3.846923239266762806e+01 4.425117130455947034e+01 5.397271073069573077e+01
-9.467614571390351180e-08 -1.064455303451751753e-08 2.801045410078262421e+01 3.184565519182975990e+01 3.381882240169684906e+01 3.865863219684786145e+01 4.393104985732403378e+01 5.384528852301790636e+01
-2.038690397302827365e-07 -7.656295353688868072e-08 2.716643854102406053e+01 3.155657275335380518e+01 3.357448993366244849e+01 3.729804681306485037e+01 4.410431414189082489e+01 5.170694110221310069e+01
1.948246086289730500e-08 -4.686260106335948987e-08 2.799130226619853090e+01 3.063698115003807843e+01 3.300194105530027144e+01 3.685451540988736241e+01 4.303572617928224275e+01 5.168033010237845559e+01
-1.919853897453380292e-07 1.041742044979330189e-07 2.698441866557987723e+01 3.090395096717932688e+01 3.203959293394777319e+01 3.599824556371424222e+01 4.203825195312499829e+01 5.075313071209115634e+01
-6.079324935477876771e-08 -1.764284769487362755e-07 2.596464402215141831e+01 2.949170793014816994e+01 3.171373474667902315e+01 3.558077798478795017e+01 4.116160047263302602e+01 4.903702594240937174e+01
2.964225689264066591e-08 1.521398484230975255e-07 2.563371841630320347e+01 2.952462021755438926e+01 3.175668943125839405e+01 3.499951349002418510e+01 4.031507645030730203e+01 4.788452546383234676e+01
-9.492359457044000928e-08 -4.809919526006067318e-08 2.604818975520287694e+01 2.865062613327289043e+01 3.164943207589960750e+01 3.424028275141748878e+01 3.992076972490930586e+01 4.694231780616078709e+01
-3.407916980962889997e-08 1.084953240514102781e-08 2.569308703620586343e+01 2.807837540807241439e+01 3.023755373797726875e+01 3.376198404294843414e+01 3.893084422737955208e+01 4.659399673796196595e+01
2.535672283335271407e-08 1.358441926970060914e-07 2.404609489051095039e+01 2.824951557472945396e+01 2.992225055637982223e+01 3.302138854410046775e+01 3.766878062381161385e+01 4.562123728937997669e+01
-6.141050656055666475e-08 -9.349330123291376691e-08 2.294382220343758760e+01 2.759037113064961488e+01 2.891676716799091906e+01 3.183299083004530416e+01 3.643437904152895612e+01 4.476791746020338536e+01
8.364768815562344646e-08 2.778710546434348120e-07 2.431601914414414267e+01 2.607219168089951822e+01 2.845399203879941297e+01 3.196760367887044296e+01 3.727731819668556312e+01 4.458848668804265714e+01
1.441485749864503277e-07 8.708636109809985103e-08 2.368258036220584017e+01 2.666075751103517177e+01 2.868567252751128294e+01 3.110838697128306762e+01 3.556823175053153818e+01 4.363857069508870268e+01
-6.354820233997460587e-08 -2.824888511316319819e-08 2.158345408519553033e+01 2.602359438632214861e+01 2.775982798813224051e+01 3.084217860953058477e+01 3.514840563018708508e+01 4.310280468474815052e+01
-1.318962673795189033e-07 2.712424718645522645e-08 2.192872928176795710e+01 2.534141475940989707e+01 2.730460501508295579e+01 3.006530778463648801e+01 3.533863887736762166e+01 4.230390504042662769e+01
6.369508894421563516e-08 -9.610430007393119409e-08 2.304983032260292930e+01 2.538630116857972752e+01 2.674941357381150908e+01 2.942488306788148478e+01 3.476585408022130252e+01 4.107984141532926969e+01
-1.564776793339231057e-07 -1.085176041805240281e-08 2.125901196482137934e+01 2.488845694806978770e+01 2.592108322102426143e+01 2.944622889763249773e+01 3.426821113374066385e+01 4.005121152865159218e+01
9.822764308471826326e-08 -9.550282696455456899e-08 2.109797240237805838e+01 2.384719434306569141e+01 2.604988602340773340e+01 2.910745134024784520e+01 3.303273669533665213e+01 4.026211039070678765e+01
-4.546935687288090479e-09 4.455956045851197933e-08 2.089370286698738965e+01 2.360624492763424698e+01 2.554816993464052644e+01 2.753087228041901824e+01 3.337736052213092819e+01 3.949492935089057966e+01
-1.181399567507662733e-07 1.832248083594908607e-07 2.261979587372105627e+01 2.362856786587720492e+01 2.493367948027467307e+01 2.742898078550045682e+01 3.139631114310299154e+01 3.806483007548538211e+01
-9.379497918179073099e-09 -1.550679536083910469e-08 1.979210534920219544e+01 2.263216259209644932e+01 2.490503922898101408e+01 2.675450749038843767e+01 3.089300075498949383e+01 3.805910659383789607e+01
5.140920311059692234e-08 4.389015102514592312e-08 2.056641883619023403e+01 2.328180402106885794e+01 2.414276734898460575e+01 2.725118602298998027e+01 3.080321426263409990e+01 3.730585209627329135e+01
7.277458547346668637e-08 -1.678087220798226261e-07 2.023387058337569755e+01 2.323036818123884828e+01 2.389452373701756827e+01 2.621583482829318257e+01 2.957429222648752543e+01 3.631650877527055599e+01
-4.669197765809814035e-08 -1.181031214870763149e-07 1.932982258990053381e+01 2.234489117386909030e+01 2.277077892088163935e+01 2.582631777108433724e+01 2.920020534694912939e+01 3.598968830466986901e+01
-7.555583173863916087e-08 -1.161680405403969465e-07 2.008086774905422445e+01 2.135717226092463861e+01 2.260276853464361224e+01 2.505487008950770544e+01 2.956175716570496448e+01 3.528648992676870932e+01
2.703459371606826273e-08 -1.386725985611799058e-07 1.840716980109059264e+01 2.064071534014023968e+01 2.250228801627033803e+01 2.518145123402656083e+01 2.850905601211072238e+01 3.453709040077468728e+01
-5.245018962258495303e-08 -3.055773065850900420e-08 1.891287355976956164e+01 2.171055187740892478e+01 2.226167852816474735e+01 2.455491258310761182e+01 2.868932018480117208e+01 3.382825284221493689e+01
-7.568739543490039616e-08 -1.784981450452060536e-07 1.944847951844903022e+01 1.954653544843318613e+01 2.182952701859478495e+01 2.378224528330502352e+01 2.718865312230038356e+01 3.326930065995559715e+01
-7.398940241340048231e-08 -9.414882358726740889e-08 1.775510402926010300e+01 2.020331522400779178e+01 2.123723783433486290e+01 2.396338943459511484e+01 2.719956285302247423e+01 3.255371076165896227e+01
5.118662418384760746e-08 8.137171774093084886e-08 1.777669549453162290e+01 1.918612758424952247e+01 2.056953370142408843e+01 2.369110504631300529e+01 2.604471550795740242e+01 3.261240196958812021e+01
1.796838154809342440e-09 -1.412516572117566483e-07 1.674440964033018986e+01 2.074968801385952588e+01 2.060264613362476283e+01 2.295818345323741028e+01 2.646992653133482776e+01 3.157849325978584787e+01
-1.125429299379138497e-07 -1.784703971364446532e-08 1.782935186276821682e+01 2.089652875897798268e+01 2.119869425056192824e+01 2.226051109778921600e+01 2.573749522227449305e+01 3.116509357857373175e+01
3.110319561420300227e-08 -7.858412787588399610e-08 1.857265916511193993e+01 2.002182634774021253e+01 1.939234205260148514e+01 2.149007640836839883e+01 2.544003818118708793e+01 3.038305439482313375e+01
-4.947204700309397278e-08 1.022742977653330049e-07 1.526857942768309506e+01 1.731700456881781847e+01 1.846499592975927229e+01 2.112207464981209526e+01 2.440218054120752811e+01 3.017715764998122552e+01
-6.049055185324236841e-08 1.741159114775711156e-08 1.679858368561575332e+01 1.903574417128347207e+01 1.920023252536640257e+01 2.095745655813416519e+01 2.385957690999773106e+01 2.959190653620797562e+01
6.099756221418812355e-08 -8.293658550704793815e-08 1.526378825057736677e+01 1.869793975836843103e+01 1.863087082040675568e+01 2.063238824039861186e+01 2.413914930555555571e+01 2.904098966546519378e+01
-2.037085623041265317e-08 1.346825187966834172e-07 1.593301083806976415e+01 1.778673313749858664e+01 1.798686769764140436e+01 2.032081113331113187e+01 2.354117046852286776e+01 2.900932571142451621e+01
1.359958033863665572e-07 1.016868815721163417e-07 1.697446658948064879e+01 1.796180669961559673e+01 1.873156822881734840e+01 1.969725689789990852e+01 2.303739203853394102e+01 2.789595411800604552e+01
-8.668526192293022820e-08 -4.500249510314221982e-08 1.614244043064815770e+01 1.668793676113136826e+01 1.826987418964948873e+01 1.913410355591748058e+01 2.289780396137386376e+01 2.766186727506919851e+01
-1.018213227709984383e-07 -1.191446411118078268e-08 1.593488674771042390e+01 1.637108022186147238e+01 1.682053085916258794e+01 1.966889693391056682e+01 2.233362432065217362e+01 2.669441390449819451e+01
2.621274571093865085e-08 -6.604184379149490566e-08 1.524624165943365561e+01 1.771169068675619584e+01 1.727480802617521505e+01 1.846883365456686832e+01 2.211898025605012919e+01 2.656319968977609847e+01
3.168459903227853639e-08 -2.706846373742914368e-08 1.443968478145554712e+01 1.704062923883556024e+01 1.817291599288486381e+01 1.882474936177002434e+01 2.122115830858173524e+01 2.641372316940181619e+01
1.313280956444211280e-07 -1.501545850626682226e-07 1.519578635303265912e+01 1.496885813148788991e+01 1.631785545521369230e+01 1.808236379495437518e+01 2.098319507257046723e+01 2.571374290149665498e+01
-1.651554569087532391e-08 3.735243808478117201e-08 1.443243116058943798e+01 1.624362931256436582e+01 1.641505372436033028e+01 1.805924741602067130e+01 2.062766265949593958e+01 2.522495769160128987e+01
-5.768193767505965248e-08 -1.513505004990720335e-08 1.261822771407912391e+01 1.704431693202052855e+01 1.674868313388565255e+01 1.713321032489847084e+01 2.009047614414694749e+01 2.526967416035369851e+01
-1.369259667873908697e-08 -1.526019337820246847e-08 1.574190851069272590e+01 1.518007476444080339e+01 1.552153707417439321e+01 1.738583148014066992e+01 1.971002117444135493e+01 2.465476282199450253e+01
1.304288778461379643e-07 8.684179787304277058e-08 1.432486813270818438e+01 1.552171502787632917e+01 1.571492931737136978e+01 1.739682542188763037e+01 1.974408668003655620e+01 2.477478993466046475e+01
-1.168774819015560274e-07 -7.894215287396913948e-08 1.319184465835688336e+01 1.411770100886579016e+01 1.566131168634574777e+01 1.665966881155447155e+01 1.945426427340026265e+01 2.422993778223146677e+01
4.385963227500181830e-08 4.740703106901622027e-08 1.308716507720254363e+01 1.368607328794553446e+01 1.501705842930897461e+01 1.654589149904933620e+01 1.877134766600099880e+01 2.376842337327696342e+01
1.363406541230629605e-07 -1.161283589356931110e-07 1.322533975507765724e+01 1.446652005413385744e+01 1.514422060599959785e+01 1.610793696346576098e+01 1.836854848710317611e+01 2.301765549911605646e+01
3.500379596585774447e-08 -5.110583865426765326e-08 1.253262028290490804e+01 1.630337958818263289e+01 1.368080465488787567e+01 1.514064037893700743e+01 1.838903107916829427e+01 2.336797629905344209e+01
-4.729675332023088469e-08 1.395163929585739078e-07 1.198960090809845092e+01 1.435464743589743541e+01 1.437159510334645596e+01 1.532091860295547470e+01 1.759927705452584235e+01 2.260139305667373932e+01
-7.997202782119982048e-08 3.267750368403775557e-08 1.142114994199535971e+01 1.342200086131599335e+01 1.488924175430210362e+01 1.526005311989231927e+01 1.752292683958615171e+01 2.254286794294113605e+01
6.587515731947307383e-08 -1.389615445088064089e-08 1.283725724966558346e+01 1.220836324050148392e+01 1.519436216669910422e+01 1.496313391824141981e+01 1.702709136933462020e+01 2.167426615008742630e+01
-1.070247747426496969e-07 -1.222361872299305084e-07 1.145694611519954798e+01 1.298362298673614390e+01 1.316046024981110563e+01 1.488024005519604209e+01 1.683699248342803045e+01 2.161653759754079118e+01
-7.465476826593985862e-08 2.473335225734334334e-08 1.246543453056975181e+01 1.412386175496688701e+01 1.416259756413884041e+01 1.412244987792280959e+01 1.665206346771148205e+01 2.130374185908821616e+01
-7.270050588643516105e-08 -7.519945319222392267e-08 1.190568003328957225e+01 1.260806534783423949e+01 1.380440701430549133e+01 1.395096014323160638e+01 1.639914680515626344e+01 2.110256926922717469e+01
4.139421078907630013e-08 7.880970474342389094e-08 1.247300044010006381e+01 1.311113326067003193e+01 1.193031899877670021e+01 1.342676015697137437e+01 1.625454250486696850e+01 2.082449207969014537e+01
-3.564444223184197035e-08 -3.011121441565447874e-08 1.204489929552023142e+01 1.168770260027985053e+01 1.244720628910855176e+01 1.271943111203858123e+01 1.557231177871405059e+01 2.042842309983731042e+01
-1.214370506407466394e-08 1.045603335966551910e-07 1.185003856950631018e+01 1.309417399919398051e+01 1.125673052590411416e+01 1.328917189899719986e+01 1.582422623119015093e+01 2.026125859783825689e+01
2.988089164376053435e-08 1.643337776935353896e-07 1.152738361329359762e+01 1.144643595515942280e+01 1.238438509602440973e+01 1.319496634095821186e+01 1.533451743313318794e+01 1.992700562329554259e+01
-9.548699567127934973e-08 -1.731191155494459506e-08 1.170912518937706182e+01 1.151033654911782911e+01 1.123211130742049413e+01 1.262228304049759409e+01 1.515838538867992114e+01 1.973574637567501000e+01
7.918316839746159690e-08 -1.590083332297900070e-08 1.076795744161264423e+01 1.105977233011856242e+01 1.117432764149695856e+01 1.286514296669588120e+01 1.485864886695582854e+01 1.965241373589913820e+01
8.162800264969964389e-08 4.142377773388807877e-08 9.864388232899022668e+00 1.133114803791887226e+01 1.298636789334508634e+01 1.255492277457927486e+01 1.448733779131355881e+01 1.941527292624690304e+01
-7.573412183971573131e-08 -2.061805341662348833e-08 1.022520996945898908e+01 1.116995903805496937e+01 1.154852551861817567e+01 1.213135613924600342e+01 1.418909152350222413e+01 1.944421397617647784e+01
4.633020159014594628e-08 -1.590093454866229614e-08 1.035952180295780778e+01 1.186616315004262567e+01 1.072081027430221312e+01 1.180915351784790523e+01 1.410027900337399309e+01 1.878273448499945886e+01
7.147269918502104709e-08 -2.433151925418275015e-08 1.059523358585858688e+01 1.029459286492374659e+01 1.111606784264817804e+01 1.178995394107934302e+01 1.396270763942266768e+01 1.893666016587728507e+01
-5.379328843530587837e-08 -1.263350442446984748e-07 9.048491379310345195e+00 1.122513512804366087e+01 1.018898164618370039e+01 1.156524526840298073e+01 1.384508353247418455e+01 1.843333777304208709e+01
-3.506100979230078673e-08 1.952094427986915856e-07 8.737487237301115428e+00 1.184425700196396392e+01 1.033761305926299023e+01 1.074838417235494958e+01 1.355083421610169658e+01 1.807992868638952899e+01
3.708097055041575026e-08 -7.648445248019094222e-08 9.615183743852629306e+00 1.019702884776947016e+01 1.087845604818312140e+01 1.141297919637614378e+01 1.341018257243935352e+01 1.801986604341824716e+01
3.070599087917808145e-09 1.742251428254763283e-08 9.189837802052300830e+00 9.201653489471953051e+00 1.008733598209115812e+01 1.060675336438923289e+01 1.307634271495829026e+01 1.775488265095119900e+01
-7.727716932995051634e-08 4.333577684446888568e-08 9.805123035566584377e+00 9.863821403237921004e+00 1.000286878881987462e+01 1.070512431540950971e+01 1.269720167039708159e+01 1.766898440901457690e+01
-3.153769653943738512e-09 -1.339429269586119555e-07 1.044233750515039105e+01 1.010270054133858331e+01 1.024281288249694022e+01 1.105551634849715548e+01 1.262551334177835827e+01 1.723995647850068735e+01
2.235452007599195445e-08 3.856008319646178711e-08 9.670923133634968138e+00 9.954657415764138761e+00 1.026625181092882855e+01 1.071697646170177975e+01 1.203151079646734800e+01 1.748380852614319281e+01
4.989007657794027758e-08 1.094181192959844029e-07 8.758953644716996223e+00 9.343066302707773829e+00 8.985470803464755463e+00 1.006053304534116499e+01 1.210472945891783425e+01 1.716759960279855690e+01
-4.117946578144146902e-08 3.081682264710447195e-08 9.081226339249369062e+00 9.014839570877910546e+00 8.980889160669523363e+00 1.010323287861915276e+01 1.184435923738991292e+01 1.686415709290709231e+01
-1.235486088181018661e-08 -3.922493689066880406e-08 9.535437569400379232e+00 8.929616311184583211e+00 9.172629145031860887e+00 1.027371596411844124e+01 1.182998704663212486e+01 1.726742257186562668e+01
4.083180815757519647e-08 -3.529651516050881532e-08 8.438325964316389260e+00 1.060612150892164429e+01 9.671963673445258536e+00 9.201453699701351852e+00 1.126837946988707628e+01 1.684717090859332345e+01
4.946658110869599690e-09 -2.602434174215059288e-08 8.876290433167353555e+00 9.043357881855058622e+00 8.264243428726961938e+00 9.367010846177919348e+00 1.137771299508810330e+01 1.709642735748276365e+01
