nan nan nan nan nan nan nan 0.000000000000000000e+00
3.616511230468750000e+02 nan nan nan 3.872653198242187500e+02 8.429805755615234375e+01 nan -9.220201492309570312e+00
3.040748535156250227e+02 nan nan 3.334876505533853788e+02 nan 5.402820434570312500e+02 3.931168518066406250e+02 6.211414388020832575e+02
3.825762329101562500e+02 nan 3.501166585286458144e+02 nan 5.591941528320312500e+02 6.374121704101562500e+02 8.662084960937500000e+02 5.521157226562500000e+02
5.950008138020832575e+02 3.451855875651041288e+02 nan 4.821932067871093750e+02 nan 5.696451822916666288e+02 2.698934122721353788e+02 3.763415715144230944e+02
4.828985706676136260e+02 4.340460449218750227e+02 4.354759347098213880e+02 nan 6.242107599431818699e+02 6.791391601562500000e+02 1.124834960937500000e+03 2.170439630681818016e+03
3.510046386718750000e+02 4.720289713541666288e+02 5.130249023437500000e+02 4.986152954101562500e+02 4.823704223632812500e+02 9.817889404296875000e+02 9.836816406250000000e+02 1.204391276041666515e+03
2.358837890625000000e+02 4.313901367187500000e+02 3.543091227213541288e+02 3.477293178013392776e+02 4.191352539062500000e+02 1.152454927884615472e+03 1.270115678267045496e+03 1.298964496527777783e+03
3.657543174342105203e+02 3.936271623883928328e+02 3.205634969075520644e+02 4.389415189302885096e+02 1.057814313616071331e+03 1.112858561197916515e+03 1.079318810096153811e+03 9.428996332908162685e+02
3.331589249320651902e+02 3.735640775240385096e+02 3.476346794577206083e+02 4.696614379882812500e+02 8.011753417968750455e+02 8.982754882812500909e+02 8.181555989583332575e+02 9.924576198630136332e+02
3.320629595588235361e+02 2.681101074218750000e+02 3.586222922585227479e+02 6.817842646059782510e+02 1.038297449448529505e+03 8.126327237215908781e+02 8.703045176630434980e+02 9.308450689935065157e+02
2.813398836096938567e+02 3.270308702256944002e+02 3.040172712053571331e+02 5.804313476562500682e+02 5.406119791666666288e+02 6.364071800595237391e+02 7.805728236607142208e+02 6.737609215561224119e+02
3.114978227459016580e+02 2.584549828506097811e+02 2.994559215198863740e+02 6.542704814189189619e+02 5.786708622685184764e+02 7.106618454391892783e+02 6.389218026620369528e+02 8.245411339962121247e+02
2.525165578358208904e+02 2.359050590701219505e+02 3.427439395680146959e+02 4.775993399784482563e+02 5.314918836805555884e+02 5.891909919507576205e+02 6.005155194256757341e+02 7.093247306034483017e+02
2.454759794776119293e+02 2.419893973214285552e+02 3.262163845486111313e+02 5.218447690217391255e+02 4.922705078125000000e+02 5.060750093005951840e+02 4.991609480574324493e+02 5.260855034722221717e+02
1.844249559859154886e+02 1.968550528067129619e+02 3.364733834773936110e+02 4.461921386718750000e+02 4.301387867647058556e+02 4.361236718750000136e+02 4.617179296875000318e+02 4.937827962239583144e+02
1.775349205280172384e+02 1.840996278007075375e+02 4.097316623263888573e+02 3.681016422193877133e+02 4.141987680288461888e+02 4.078931599069148888e+02 4.382882582720588402e+02 3.960631741751268464e+02
1.607588227370689538e+02 1.765976562500000000e+02 3.351217086226851620e+02 3.173616365131578618e+02 3.891045532226562500e+02 3.828602035984848726e+02 3.521771484375000227e+02 4.243999435240963294e+02
1.634442690496575210e+02 1.575491594587053612e+02 2.746512896825396410e+02 3.096372599774096557e+02 3.499791666666666856e+02 3.633314732142857224e+02 3.620470106336805429e+02 3.593610424901185638e+02
1.567571530032467706e+02 1.752401855468750114e+02 2.522469482421875000e+02 3.249542557565789025e+02 3.149742460029069662e+02 3.226333705357142776e+02 3.447184709821428896e+02 3.499081454918032819e+02
1.445580901139937282e+02 1.537088181515957501e+02 2.820108774038461661e+02 2.654329958545918089e+02 3.193602044092465349e+02 2.981192737926136260e+02 3.155361681099397515e+02 3.077853434504792176e+02
1.330482003348214164e+02 1.445766977163461604e+02 2.783103054775280611e+02 2.611324013157894797e+02 2.716313428217821979e+02 2.861274527616279215e+02 3.104688419117646845e+02 3.315880512267904123e+02
1.311188738046448066e+02 1.327543220142326845e+02 2.436202277417452819e+02 2.485018635321100930e+02 2.792294456845237960e+02 2.674627604166666970e+02 2.749221598307291288e+02 3.097135805348258373e+02
1.128129687499999960e+02 1.166372318591101731e+02 1.989813661317567437e+02 2.479076349431818187e+02 2.457623752626050191e+02 2.530851451945754604e+02 2.629323773300438347e+02 2.771334620786516894e+02
1.067327093160377416e+02 1.151400938870613970e+02 1.978543552862149397e+02 2.287255254424778741e+02 2.105667201450892776e+02 2.193412224264705799e+02 2.480439624451754241e+02 2.290810278096330421e+02
1.040474733164612644e+02 9.931989062499999932e+01 1.881475429389312808e+02 2.001075965447154772e+02 1.956659443430656893e+02 1.975855135658914605e+02 2.163338775634765625e+02 2.131737667513863244e+02
8.959833441840277146e+01 1.008198478452620890e+02 1.714406920475746290e+02 1.744506803600993408e+02 1.898555927579365061e+02 2.017351507092198517e+02 1.919899758731617680e+02 2.081832425458715647e+02
8.768720047923322625e+01 9.029159545898437500e+01 1.342529579118497054e+02 1.659403782894736707e+02 1.779696745562130218e+02 1.854702845982142776e+02 1.817032568059815958e+02 1.966220753205128062e+02
8.555269518185617983e+01 8.243901785714285779e+01 1.552105189732142776e+02 1.544776214231927725e+02 1.649896065848214164e+02 1.616513489906832319e+02 1.719689875422297405e+02 1.726088474678456635e+02
7.501790756777108982e+01 8.532660301695479177e+01 1.409241714015151388e+02 1.560592603854790639e+02 1.506617582514044784e+02 1.590991669544198714e+02 1.657461394371345023e+02 1.769379903708987172e+02
8.036850943216464316e+01 7.849150237238220029e+01 1.336481630067567608e+02 1.380860648777173765e+02 1.427060044642857122e+02 1.565390625000000000e+02 1.505552517361111029e+02 1.693783911401098976e+02
7.370553897471910432e+01 8.046680185746173208e+01 1.212206644492574270e+02 1.473898973651960773e+02 1.358043635670731817e+02 1.484739233993902303e+02 1.445221832873774588e+02 1.580365843949044518e+02
6.869999239042208217e+01 7.408387115036231307e+01 1.218248792270531311e+02 1.280640684185606233e+02 1.340776562499999898e+02 1.374440005523989896e+02 1.408425897277227818e+02 1.454455239083640947e+02
6.438748393533549574e+01 7.189621184593022463e+01 1.179373878588516646e+02 1.180620094476744129e+02 1.245177932997881385e+02 1.307924056869369451e+02 1.501158108480176452e+02 1.376309511025200436e+02
6.075105553500986844e+01 5.937955424941588234e+01 1.125723516657489114e+02 1.183796299178286802e+02 1.146185138081395394e+02 1.257986600281762293e+02 1.238541666666666714e+02 1.230012006403415228e+02
5.685081006659836333e+01 5.790332031250000000e+01 9.508527967664930713e+01 1.100488013698630141e+02 1.088932761732852015e+02 1.087749001541479856e+02 1.203794883578431296e+02 1.123131425526579790e+02
5.588912086925287070e+01 5.654866197374131787e+01 9.525451660156250000e+01 9.813245376275510523e+01 1.059287322598253240e+02 1.032599994498239511e+02 1.013086469479572003e+02 1.111485060975609684e+02
4.901458232591875941e+01 5.427407226562500142e+01 8.939690959409594484e+01 9.267311789772728048e+01 1.008238748442690991e+02 1.085472726004464192e+02 1.099472358062977122e+02 1.093495406898106381e+02
4.674256089154411598e+01 5.148819661458333741e+01 8.194801296221865528e+01 8.440432868485342510e+01 8.972010056515956933e+01 8.828680173992674440e+01 9.507646417942176242e+01 1.028859532695542356e+02
4.376206483004386172e+01 4.751514956825657521e+01 7.788372269417476446e+01 8.279668414087947781e+01 8.736965594462540707e+01 9.211521577380952408e+01 9.053650841346153300e+01 9.152537009902989951e+01
4.272146939528023779e+01 4.783501552795030420e+01 8.276406495676100405e+01 8.402235309624232684e+01 8.453644169329072611e+01 8.693364514802631504e+01 9.048829927884615643e+01 9.262866095957613766e+01
4.090601213633288324e+01 4.426853626179245538e+01 7.880571421827794154e+01 7.960535642971245807e+01 8.070248317988668418e+01 8.194126320422535059e+01 8.627686709449403679e+01 8.825221865558911816e+01
3.865434877622377741e+01 3.904938737736191712e+01 7.294710756864161283e+01 7.250962504016709431e+01 7.875822248542273485e+01 7.991182558760684174e+01 8.120369238826815206e+01 8.122828826262271207e+01
3.725448988368282954e+01 3.894789584847383423e+01 6.696385536470944544e+01 6.859634274488303163e+01 7.508827928211586311e+01 7.686066595441596405e+01 7.809773679123711076e+01 7.637339527027027941e+01
3.665196014521822576e+01 3.899165526155717743e+01 6.882512692577030577e+01 6.734671532846715536e+01 7.210849066840277999e+01 7.205672637195121411e+01 7.289770378637565784e+01 7.600985946508647828e+01
3.456362690006468341e+01 3.520143883250583627e+01 6.544005664537712619e+01 6.314641298139687109e+01 6.507502480158730407e+01 6.826909069548871400e+01 7.162264837846348087e+01 6.968801987942613607e+01
3.228709239130434838e+01 3.309534110411899377e+01 5.434939747936320487e+01 6.113066035989336910e+01 6.034746190920397879e+01 6.637161941705336687e+01 6.749566874235941327e+01 6.702132276891252616e+01
3.070073410560344840e+01 3.239451822916666401e+01 5.217589310297357486e+01 5.764267431745182080e+01 6.094086958051801872e+01 6.162742348767201861e+01 6.403645546530837862e+01 6.547252647425248995e+01
2.841622804947130021e+01 2.910339091247294263e+01 5.274801682692307736e+01 5.623884800502231940e+01 5.794213654891304088e+01 5.726253360215054045e+01 5.942878407213657255e+01 6.270408653846153868e+01
2.748132859188246968e+01 3.027634182224025849e+01 5.199117943548387188e+01 5.074222458465189334e+01 5.652199590773809490e+01 5.653213742393509023e+01 5.985931016597510279e+01 5.780695391079936485e+01
2.643662452697753906e+01 2.855224609375000000e+01 4.604953835227272663e+01 4.880381692102712776e+01 5.125980657101677451e+01 5.288915417729592150e+01 5.471210703592814184e+01 5.606519970872582803e+01
2.528669485634847192e+01 2.787656330375514813e+01 4.555978788860103634e+01 4.874674610956477494e+01 4.866870796614099959e+01 5.016642581888246610e+01 5.391908378031716609e+01 5.430114543894936219e+01
2.481194169931149318e+01 2.583536275227864465e+01 4.485880402595766014e+01 4.692419517780172100e+01 4.804794275899805456e+01 4.817930832188644530e+01 5.000946033427494797e+01 5.235157700789229551e+01
2.356889749887082175e+01 2.430475983796296191e+01 4.326584041819852899e+01 4.523302536867977608e+01 4.596538411458333684e+01 4.738388454116638115e+01 5.003032226562499574e+01 4.763324575134168271e+01
2.250734704399633301e+01 2.465252039782423310e+01 4.016945715474209777e+01 4.274320593910805854e+01 4.570250196012544563e+01 4.656244328493647799e+01 4.580224860634648110e+01 4.727170214208242527e+01
2.140122694559982364e+01 2.261833210734577904e+01 3.829342311187399162e+01 4.251729375000000033e+01 4.300922560533940242e+01 4.434017713365539493e+01 4.500640829248366259e+01 4.376614373742454944e+01
2.011897002070783103e+01 2.202943817825562789e+01 3.745644144492574412e+01 3.913649141905737849e+01 4.072864666533546085e+01 4.234522029505582452e+01 4.351893901209677296e+01 4.311863898530012307e+01
2.006432349925428582e+01 2.085762247462181662e+01 3.776561896251931927e+01 3.742589632265127619e+01 3.854842049080330213e+01 3.910045171800948083e+01 4.165149915540541059e+01 4.155712109672505505e+01
1.856588278998559005e+01 1.999964516207298004e+01 3.434608337942477618e+01 3.473666145098730595e+01 3.744716250970496674e+01 3.787244440459110706e+01 3.952537072416303232e+01 3.854993745279455908e+01
1.747919817615658644e+01 1.912515925480769141e+01 3.121011665962837967e+01 3.642280910326086740e+01 3.562401801215278141e+01 3.628633220007451854e+01 3.682405483197013041e+01 3.622742272111913309e+01
1.720195944757213269e+01 1.840861579314304564e+01 3.233267353325859261e+01 3.454179288903061007e+01 3.538852937231759910e+01 3.668245785361842337e+01 3.622865611777150718e+01 3.630710129310344314e+01
1.677160452623034814e+01 1.773865460419375850e+01 3.164123899051490341e+01 3.192754916487069039e+01 3.210573122529644507e+01 3.475406164266117770e+01 3.621304209183673350e+01 3.494501252526102775e+01
1.613167295071279383e+01 1.719124656053459077e+01 2.884090931883825348e+01 3.044757219145569849e+01 3.208604015751348015e+01 3.377865815033784003e+01 3.264226572659298142e+01 3.288745666802610401e+01
1.435467984068627345e+01 1.699874302629525502e+01 2.795991816833941712e+01 3.060294391881281584e+01 3.005145723887515175e+01 3.226272512210012167e+01 3.212730735636645818e+01 3.281010876272755183e+01
1.475330844772196137e+01 1.584870546973518302e+01 2.781997795969773080e+01 2.915267454078455600e+01 3.120233034620098067e+01 3.058044777014066895e+01 3.056042251872659321e+01 3.100701034536403355e+01
1.444143366612857982e+01 1.535841817776456431e+01 2.660123380335365795e+01 2.767385803150765256e+01 2.870476734901277638e+01 3.030960830234553782e+01 3.029721080043859871e+01 2.927676246279762040e+01
1.413802268288352160e+01 1.465939801982077562e+01 2.457401685903019839e+01 2.649367390996602722e+01 2.780754005923450478e+01 2.740546233880422022e+01 2.821910996160409368e+01 2.935384696381482783e+01
1.264861204397624483e+01 1.386036408253205110e+01 2.338979542525773425e+01 2.483888107227488362e+01 2.656824521785334525e+01 2.754134711869266283e+01 2.708950558407325104e+01 2.792827911674561392e+01
1.246620081173169403e+01 1.336787088944821988e+01 2.421918905706836611e+01 2.496067318246384303e+01 2.567981917134831704e+01 2.545443385796045987e+01 2.643275978290929018e+01 2.609243981606708118e+01
1.201724481997282545e+01 1.361982273159898504e+01 2.265718824562566525e+01 2.406963552879440016e+01 2.442872483168191167e+01 2.614263556985294201e+01 2.557389805680614359e+01 2.499898390571950912e+01
1.158687666223404200e+01 1.197705519786432227e+01 2.120143086365902008e+01 2.256937787576687171e+01 2.422872660427807645e+01 2.390753625253292824e+01 2.395753528225806761e+01 2.377635443341869248e+01
1.143873327967339293e+01 1.192440704528443085e+01 2.093302433146766006e+01 2.221065319666001869e+01 2.277039214199028905e+01 2.388726312749750136e+01 2.308560497186888227e+01 2.312460122265526863e+01
1.106961521275368909e+01 1.182082693068403145e+01 2.050649693355522629e+01 2.051862660489340939e+01 2.208193378485811920e+01 2.288079300667475735e+01 2.248964785678889911e+01 2.190069055731321512e+01
1.060606113403211381e+01 1.116297044997634735e+01 1.968091889880952294e+01 2.050322698221017959e+01 2.155280110226223300e+01 2.153422559043778861e+01 2.204452438425069616e+01 2.162815724263853312e+01
1.010478773786462980e+01 1.084537199173850475e+01 1.847641142955801286e+01 1.960527030414438343e+01 1.943009324834750018e+01 2.161146737218573932e+01 2.122099600553297094e+01 2.122874854142357037e+01
1.012756147540983598e+01 1.035851645381688080e+01 1.799955886597397026e+01 1.912805256622516481e+01 1.957325547406462363e+01 2.046454058876003756e+01 1.998898520318020999e+01 1.945191088350055963e+01
9.493459561649100209e+00 1.024457207147408688e+01 1.781826349431818102e+01 1.849699945266889145e+01 1.936687846123417600e+01 1.952581440015310577e+01 1.976362877868490742e+01 1.904525063554738296e+01
8.880213334933845459e+00 1.000623595792483655e+01 1.640355058627366702e+01 1.809554382757092128e+01 1.832991766078838225e+01 1.905705041772419506e+01 1.857581645654506275e+01 1.840484005177514604e+01
8.461700741867728581e+00 9.157715642900981834e+00 1.619874049917830661e+01 1.747226972687802871e+01 1.792945266193903464e+01 1.792226433793245377e+01 1.824863652812241455e+01 1.725313312955255185e+01
8.135250567574786373e+00 9.263369845360823973e+00 1.492031311856690401e+01 1.669231601180781865e+01 1.709063430059523725e+01 1.744075257679870461e+01 1.750593899880095705e+01 1.732274518169042565e+01
8.113751063729198520e+00 8.786966975846613792e+00 1.589465158471563910e+01 1.561260522709475396e+01 1.663036676571313421e+01 1.697169433208366129e+01 1.673842198759007260e+01 1.642933962497525968e+01
7.753889710281663739e+00 8.392473846697194872e+00 1.437440384709211472e+01 1.536409404114906785e+01 1.596130176743745288e+01 1.631958812260536362e+01 1.627780469931921203e+01 1.596416168271063718e+01
7.426161516981474975e+00 8.228568919340892407e+00 1.351038362873134346e+01 1.509135000890947964e+01 1.533346851145038237e+01 1.560923906822344343e+01 1.564092503262490652e+01 1.525482896330104232e+01
7.212024319556451957e+00 7.944776772905508544e+00 1.344191634450171868e+01 1.418867944525193714e+01 1.527479040304149116e+01 1.501753666366565554e+01 1.514566787003609960e+01 1.492165436456996197e+01
7.044459052499100871e+00 7.490108453360767804e+00 1.341101083572796959e+01 1.389802505534741073e+01 1.445765671330615199e+01 1.483534400897790029e+01 1.460508603353217616e+01 1.391818145961053155e+01
6.730918886974196269e+00 7.463234909098525272e+00 1.266976388162482436e+01 1.345227642004985746e+01 1.399807596690927447e+01 1.421434249344405565e+01 1.369427976654539236e+01 1.329584544573643434e+01
6.381928504284714698e+00 6.905649848382749312e+00 1.206191419210351690e+01 1.278673407899188241e+01 1.331746842893835669e+01 1.364472697600564643e+01 1.357710080030487809e+01 1.315377805564895830e+01
5.860928005642361605e+00 6.743253543177322840e+00 1.165054666694407537e+01 1.254581247931833232e+01 1.328664305348875629e+01 1.283184150340025909e+01 1.298718926377821958e+01 1.248823360484544764e+01
5.869815138757116024e+00 6.645162576119156839e+00 1.148033896998355274e+01 1.214345384327115340e+01 1.257100245550705253e+01 1.287279707173624921e+01 1.272360369035785332e+01 1.190027936697398658e+01
5.725995598457072511e+00 6.376632631515444238e+00 1.082692298110650420e+01 1.154125266671934291e+01 1.219018059503687645e+01 1.234271061055590124e+01 1.185041128778337516e+01 1.133402728735091181e+01
5.393075675520514700e+00 6.262039486821086243e+00 1.062367293858292072e+01 1.126143580952017054e+01 1.166103998336501846e+01 1.174815310182323813e+01 1.180703318858560813e+01 1.104587656617071190e+01
5.294954338546388861e+00 5.803023773252084183e+00 1.034885096856725184e+01 1.090152266013681626e+01 1.139127334982280004e+01 1.131911645754419204e+01 1.108168185375670767e+01 1.059422526241189111e+01
5.190529742735170871e+00 5.471701192828909655e+00 1.007665016661500346e+01 1.079862710160818651e+01 1.071739933146766077e+01 1.089141094554951295e+01 1.086458649181322045e+01 1.050657201729745793e+01
5.050577678305539386e+00 5.510205161687107278e+00 9.338785142575845910e+00 1.001350726613867259e+01 1.046061545969330453e+01 1.065750855214496973e+01 1.047729377567488207e+01 9.877416727009412867e+00
4.972546924847737415e+00 5.394480548109480189e+00 9.091241834392656429e+00 9.689979933198097584e+00 1.008145800101508094e+01 1.023808716447744160e+01 1.005220048352435391e+01 9.329802203371745151e+00
4.557208961664244384e+00 5.109080463994188470e+00 8.906671918162984980e+00 9.432827389293722220e+00 1.004672534355913527e+01 1.018408121518105958e+01 9.772828367785793446e+00 9.026229074048346845e+00
4.633909930629491747e+00 5.028845654432132939e+00 8.892908653846154365e+00 8.905488768178670966e+00 9.386458333333333570e+00 9.350753936598223959e+00 9.350893901348376502e+00 8.838921501320912810e+00
4.401698611560880714e+00 4.772260792092522408e+00 8.315992697476687567e+00 8.728626139145811536e+00 9.012826763151108977e+00 9.153904194078947398e+00 9.066952083333333690e+00 8.467783007786279015e+00
4.311536424380704169e+00 4.691434571361439154e+00 7.924368577379408585e+00 8.684778081402590999e+00 8.771052117319195318e+00 8.962369306073521003e+00 8.922002907354469770e+00 8.140636677118532560e+00
4.070390248637170139e+00 4.565349178600107471e+00 7.630682876117179880e+00 8.292103628650622227e+00 8.476132851917254740e+00 8.544748711340206526e+00 8.298370345573051310e+00 7.685594241808565208e+00
3.947195799284984652e+00 4.249444821123842253e+00 7.609366679978701420e+00 7.995038417152574794e+00 8.004953296613493308e+00 8.342264264614426494e+00 8.233140561644702871e+00 7.795015258402028913e+00
3.812610131299899674e+00 4.102493498977874076e+00 7.150828296076642943e+00 7.658751845788392743e+00 7.833881676338228850e+00 8.062245701786588725e+00 7.679746656218966905e+00 7.293186217279094663e+00
3.637654784185511581e+00 4.061300679740134534e+00 6.998069421897547215e+00 7.535491738935406580e+00 7.593970111035925008e+00 7.611880116014279274e+00 7.607419973222979692e+00 7.023753161346014018e+00
3.563677838740458181e+00 3.908858738588483206e+00 6.792371475342142695e+00 6.994756773037140718e+00 7.458795557452494229e+00 7.339107061141946886e+00 7.259292617002369497e+00 6.773670886539362890e+00
3.467088655503605121e+00 3.850137483056341292e+00 6.477163849665336315e+00 6.962070294065597409e+00 7.048131428237494944e+00 7.102566590370840593e+00 6.860189108889019671e+00 6.468310229621972773e+00
3.235296650078722358e+00 3.661120123984918706e+00 6.261111320931169288e+00 6.684886816135733767e+00 6.918923347531489298e+00 6.929429078168523937e+00 6.934959092442645634e+00 6.279028561480588522e+00
3.301938992527023942e+00 3.547559994001503458e+00 5.909656521218439984e+00 6.655757187638091210e+00 6.474570636819649394e+00 6.714700648035080377e+00 6.610754040704257761e+00 6.006319477710775345e+00
3.066982844241481043e+00 3.417347221047586814e+00 5.881318788270692544e+00 6.225002803947958796e+00 6.371415480810694199e+00 6.529389011737872117e+00 6.437633706130848843e+00 5.972507538152280304e+00
2.995052226262349127e+00 3.385129732161622496e+00 5.525887121987266504e+00 5.958272819845085166e+00 6.382792543591736312e+00 6.242600741901635608e+00 6.052951244597739588e+00 5.609055490305235203e+00
2.823907436751176725e+00 3.249477756663890382e+00 5.401812658831003588e+00 5.771075052554980545e+00 6.058144043568358228e+00 6.032692592958860622e+00 5.848182281764891854e+00 5.444199808090735004e+00
2.830210161312094908e+00 3.119380319355339548e+00 5.267434858060505043e+00 5.728153097871020449e+00 5.811734167202917689e+00 5.854884226000425684e+00 5.713863505446166613e+00 5.188796088599978873e+00
2.749378107429196305e+00 2.954868805080024252e+00 5.033311764108810316e+00 5.453984359268022608e+00 5.644165694000206734e+00 5.609788372238956100e+00 5.514343286519706844e+00 5.018309587531486038e+00
2.594961014243614805e+00 2.918389197929323942e+00 4.956280896892654830e+00 5.357205125762194875e+00 5.478449736445782925e+00 5.542532234957019632e+00 5.344880174636069015e+00 4.687046079649158870e+00
2.539650745085221928e+00 2.867632167402739185e+00 4.824964052431534256e+00 5.073308957666933239e+00 5.120850553460943644e+00 5.377957938330727217e+00 5.065707934589581463e+00 4.626767574251289261e+00
2.430790268426437084e+00 2.713928906250000050e+00 4.499834168632075304e+00 5.002568574411541569e+00 5.135442755058812203e+00 4.991397181384304993e+00 4.936696394044857605e+00 4.409779401049256364e+00
2.357765077067848214e+00 2.642278800601617128e+00 4.307499382240713715e+00 4.738870469421649467e+00 4.918921190821482270e+00 4.884111014584965105e+00 4.787024907530349260e+00 4.217917654028435770e+00
2.207189402250849142e+00 2.557941513761468055e+00 4.260284483925757648e+00 4.558882667508187936e+00 4.696686893780905869e+00 4.859130317241858066e+00 4.524190289967912726e+00 4.031166241698292296e+00
2.170405419193096819e+00 2.402641148083153322e+00 4.055373194267225756e+00 4.313496011465913327e+00 4.554073560707885271e+00 4.607209186969360992e+00 4.421081452546296475e+00 3.967556533023191889e+00
2.090927021767963634e+00 2.392482092823571715e+00 3.980836801193467611e+00 4.187901063150107461e+00 4.428022331046271631e+00 4.515892269736841769e+00 4.272480141569555911e+00 3.845631445792732972e+00
2.108626789710449145e+00 2.220210163738018938e+00 3.815291026801681085e+00 4.126926703230687110e+00 4.243020939606990893e+00 4.360415039062499609e+00 4.207547228973421483e+00 3.628974659472846032e+00
1.976159330456809249e+00 2.188289473684210229e+00 3.683116228357817601e+00 4.015721161164752750e+00 4.151441729035363792e+00 4.106479414682540074e+00 3.936677757642781827e+00 3.472669985056259012e+00
1.947559945051468011e+00 2.178077076415589008e+00 3.568716346573072684e+00 3.774562099712897467e+00 4.033267254487070019e+00 3.966430000636888664e+00 3.933090325637491169e+00 3.413577483285577863e+00
1.803413866100050500e+00 2.071903623383620552e+00 3.390987257074667305e+00 3.803350320948730712e+00 3.920369280866900397e+00 3.899461952910665108e+00 3.718446034663865696e+00 3.309061674055759461e+00
1.763485282953052957e+00 2.038433630030959787e+00 3.306476607746138718e+00 3.593697230890902983e+00 3.748917957346740160e+00 3.658453140666777959e+00 3.597198293756227461e+00 3.144472836358727097e+00
1.707545985866782079e+00 1.988983777104591733e+00 3.224706632924031258e+00 3.491210937500000000e+00 3.588800685592083095e+00 3.639522450065487913e+00 3.468164450923930886e+00 3.029384965541146890e+00
1.658390363057454353e+00 1.873611661855690391e+00 3.068387520745628372e+00 3.357730364634748277e+00 3.523945484906998882e+00 3.537462372140785849e+00 3.343952274506261979e+00 2.930742329660331880e+00
1.633737318784858950e+00 1.840022947196559455e+00 3.028591786935432850e+00 3.264368570885366250e+00 3.398334080430327919e+00 3.392397730904442188e+00 3.196876781932225686e+00 2.799042114668428560e+00
1.535595900809716641e+00 1.808591319984447665e+00 2.922730250388198669e+00 3.146483170853884292e+00 3.213957582054149942e+00 3.267628252732889482e+00 3.138101461414048110e+00 2.804723984277708748e+00
1.537816982581967196e+00 1.692900889243462048e+00 2.796550186161960827e+00 3.044937473085656432e+00 3.168504616697703113e+00 3.154981666986196309e+00 3.031566566212097413e+00 2.607540526320893726e+00
1.464066593375748404e+00 1.617194943311737854e+00 2.722320967526009383e+00 2.901343816267797582e+00 3.024966745353717013e+00 3.070902938333838872e+00 2.911159491331432037e+00 2.560840154804338020e+00
1.388736393507594702e+00 1.568724127823506898e+00 2.567648618969625041e+00 2.810956484720176451e+00 2.936240598068636576e+00 2.976491058431621539e+00 2.819218586117770542e+00 2.463088624215012068e+00
1.324871885048231501e+00 1.548683168822166278e+00 2.504749784915400124e+00 2.702873683075884603e+00 2.843312800050157740e+00 2.838450737976474514e+00 2.724857508579146881e+00 2.351786242877229149e+00
1.334064595676432097e+00 1.496749946354750449e+00 2.445943538959209906e+00 2.670549507184314830e+00 2.742448777074155686e+00 2.770018260052068193e+00 2.613986781640511570e+00 2.229996262877314006e+00
1.260368668738391262e+00 1.432000094179282312e+00 2.399527771832191458e+00 2.518792360352984261e+00 2.659705191984305106e+00 2.681434946293176136e+00 2.498221390593776903e+00 2.171952779929827937e+00
1.228087613072658124e+00 1.405651215858416903e+00 2.306817933833798850e+00 2.471304718154428315e+00 2.609470048718776969e+00 2.563247561832996624e+00 2.474764006633087376e+00 2.078873002388759605e+00
1.196066573914511100e+00 1.346511020818905946e+00 2.193007763834094792e+00 2.402414103629814335e+00 2.509655835538070257e+00 2.491628775541689489e+00 2.383495579342251425e+00 1.980838962549379634e+00
1.146720897374186698e+00 1.278058445492986639e+00 2.096371754006192578e+00 2.316613108066502669e+00 2.432190075549450547e+00 2.392373435356653033e+00 2.293666753805540637e+00 1.980448406332970368e+00
1.111177884615384581e+00 1.264240671419324169e+00 2.045281178803386890e+00 2.246515227936126458e+00 2.295119176212486511e+00 2.332685612416107279e+00 2.235999370805368702e+00 1.879369065785011950e+00
1.099079796330845848e+00 1.244903325325925403e+00 1.979055790196404763e+00 2.157457900090415936e+00 2.267196482904115129e+00 2.247154534556878414e+00 2.121416516558698895e+00 1.797157301293132114e+00
1.053642229765861416e+00 1.192752202181208032e+00 1.893676076547437637e+00 2.109207709909483697e+00 2.208249092587875495e+00 2.173417010096413193e+00 2.057142233396152875e+00 1.760285006354542547e+00
1.016209455957508334e+00 1.136940763075906302e+00 1.854715847619840208e+00 2.021348496934434635e+00 2.103187184697309586e+00 2.100725516392928593e+00 1.975940923946665873e+00 1.668753464189319358e+00
1.014451714437709651e+00 1.103612596457863582e+00 1.795155169062579548e+00 1.923243300968515257e+00 2.058911367444360430e+00 2.029838783238709254e+00 1.977557063652073621e+00 1.670774456091145277e+00
9.504951551122573505e-01 1.080880379480955833e+00 1.737997070312500059e+00 1.882511145524003782e+00 1.917452652117243028e+00 1.983548942725383846e+00 1.880778689650301594e+00 1.550610644598755972e+00
9.207162522369505275e-01 1.022285381077026711e+00 1.662717843038207244e+00 1.857535355627477625e+00 1.942287517747007808e+00 1.913802099216272312e+00 1.781799496450958697e+00 1.516938986034164438e+00
8.923153615009266071e-01 1.028843470982142794e+00 1.649104233275946685e+00 1.763195695935583007e+00 1.824400477835193657e+00 1.875692157526781090e+00 1.713348716817876261e+00 1.445599033088010854e+00
8.673800229747131718e-01 9.830652977580038865e-01 1.562279718304003362e+00 1.703441964823969146e+00 1.753812171072193227e+00 1.810592747648399170e+00 1.648010917492147787e+00 1.371516714528544956e+00
8.392892737727807306e-01 9.366638922518160104e-01 1.470752068557919623e+00 1.632174573168956755e+00 1.743335143439534551e+00 1.750226208068290878e+00 1.622517817254953920e+00 1.378775056943369215e+00
8.038879594459230615e-01 9.273580645101028308e-01 1.446706509052607670e+00 1.630549567348102746e+00 1.671557085839060708e+00 1.661800914040368449e+00 1.518443070644291071e+00 1.310217356173238645e+00
7.879544814996536362e-01 8.774114483105047713e-01 1.418159483047191083e+00 1.531443254948742672e+00 1.615066168782398615e+00 1.620748244940882099e+00 1.506184440240844413e+00 1.279188399377922725e+00
7.723322824818464882e-01 8.801115922021418569e-01 1.382683859016579531e+00 1.504777316872133008e+00 1.535712694001677869e+00 1.562277780157642182e+00 1.414912359432155764e+00 1.248624592406614386e+00
7.420299504386465017e-01 8.427672240111204749e-01 1.307302719881380693e+00 1.451157055138731611e+00 1.502282882063356029e+00 1.494898102402874462e+00 1.421245783025568254e+00 1.162919520063387946e+00
7.058844219574443857e-01 8.047223695685015166e-01 1.283689363232217495e+00 1.406402534256919967e+00 1.466186819528666030e+00 1.470720622200448080e+00 1.348426587247030461e+00 1.145333474456431633e+00
6.930827171440042678e-01 8.029153879119663717e-01 1.238930429910910735e+00 1.338483391306151793e+00 1.401393674966651792e+00 1.408763046381076967e+00 1.288817659214372302e+00 1.082756132257886250e+00
6.551734890436666792e-01 7.671454166160018850e-01 1.200582062588085419e+00 1.306325543404658784e+00 1.350086837610782853e+00 1.382899918774266768e+00 1.260987530273228518e+00 1.075883923663252251e+00
6.567979801526969696e-01 7.371809718919837273e-01 1.135536512761254002e+00 1.250036244823338194e+00 1.327474170537266573e+00 1.292182475884244397e+00 1.236954532282562358e+00 1.001757185157922780e+00
6.371333129652443361e-01 7.103159408585817403e-01 1.079347542506617685e+00 1.211401027217961168e+00 1.286620487189440887e+00 1.295684130549682900e+00 1.187380851992335229e+00 9.799777138808331012e-01
6.045387956976162602e-01 6.984987959371821153e-01 1.072924071217811193e+00 1.174760988794191885e+00 1.242000591153560762e+00 1.226758096561396227e+00 1.123016020105578772e+00 9.553607403625306027e-01
5.821172903066207382e-01 6.714304616405459836e-01 1.036532691909786807e+00 1.108432467661034870e+00 1.199399448622345821e+00 1.185848212014044334e+00 1.094667444612024143e+00 9.484436306617759493e-01
5.741025692654639911e-01 6.504472734453203842e-01 1.004702303493858473e+00 1.096018826590097195e+00 1.162652319057147388e+00 1.147087292713245832e+00 1.056924964302787817e+00 8.916417828741745044e-01
5.560590562794992531e-01 6.306343596997402434e-01 9.612556314715252626e-01 1.041945647119445040e+00 1.101888739710901399e+00 1.116699606121082988e+00 1.040230430476404733e+00 8.313572698751313661e-01
5.282424719356796361e-01 6.070732554053045460e-01 9.332317130323934951e-01 1.028693607335610993e+00 1.087617667935429466e+00 1.065507423818407906e+00 9.911407416390647374e-01 8.030857714013257542e-01
5.250881796927387990e-01 6.109113252849283082e-01 9.011731722504394693e-01 9.863144016865664776e-01 1.033988030080374321e+00 1.027703686852647902e+00 9.595966854207436114e-01 7.867105332749032565e-01
5.006602793781544936e-01 5.726969337314017361e-01 8.637189086677949934e-01 9.632290221554259402e-01 9.966354549632352455e-01 1.019518234125095235e+00 9.241484096573396867e-01 7.726359870588732637e-01
4.884805010760486788e-01 5.455795754797388986e-01 8.258167037794199583e-01 9.378186507671172345e-01 9.833269682984613347e-01 9.961909669592216021e-01 9.107484890850684467e-01 7.268222106691587525e-01
4.620940693581049308e-01 5.289664587788585060e-01 8.236076437524150196e-01 9.064366984222180790e-01 9.356565539273083987e-01 9.570933310876175160e-01 8.717990967400609525e-01 7.178672812059031516e-01
4.562562513199268088e-01 5.225763104654352897e-01 7.870672802178578786e-01 8.566358792263139010e-01 9.130523737431445186e-01 9.115676296399924938e-01 8.288252490097857139e-01 6.818829459573630958e-01
4.281355544712976968e-01 4.970669309276471992e-01 7.702449330112389747e-01 8.355914922591742844e-01 8.867160267359174286e-01 8.619691863595313475e-01 7.963613804247460237e-01 6.535485818002477743e-01
4.193719441269511128e-01 4.801568540410166563e-01 7.289967152630331126e-01 8.034949467099945508e-01 8.529134410511363118e-01 8.386478657849675278e-01 7.735768832222021940e-01 6.502208955498033349e-01
4.055827284976046831e-01 4.629198707829694781e-01 7.245264295063365001e-01 7.877591148200326909e-01 8.224885948395315172e-01 8.257714166818679313e-01 7.493998979448198705e-01 6.071009773310642732e-01
3.909589804900328591e-01 4.483889169345984804e-01 6.889038521591720476e-01 7.610654489789108190e-01 7.885679708041192226e-01 7.921070672535516222e-01 7.281369367249779234e-01 5.783007120209349150e-01
3.947923616083051646e-01 4.440004751309188369e-01 6.564522352506807490e-01 7.299400996998284263e-01 7.684040512515629695e-01 7.681912953904459496e-01 6.915379867072529718e-01 5.623115472809766535e-01
3.703226192925836435e-01 4.252298192118937337e-01 6.270980231389917670e-01 7.072071754934500243e-01 7.391944242312777913e-01 7.347569992113565096e-01 6.859891109019339295e-01 5.684840524952150531e-01
3.667635710912681146e-01 4.184509863330596602e-01 6.209473340836401123e-01 6.903557192437267398e-01 7.186822464413772371e-01 7.176205355259827057e-01 6.565034754136028772e-01 5.350369035358737424e-01
3.527393487758502810e-01 4.030751188464249957e-01 6.095292377698912079e-01 6.666573768804880951e-01 6.931136881510416847e-01 6.931084931475839372e-01 6.289578784522500410e-01 5.068354840326734223e-01
3.482076827860035029e-01 3.872292775191220060e-01 5.753586126627010522e-01 6.336547388793885016e-01 6.738656595450679410e-01 6.657561746893762011e-01 6.074556652406585266e-01 4.927348359144542722e-01
3.262967065248354448e-01 3.718809290148497038e-01 5.548717115424217639e-01 6.212613387419206878e-01 6.431434948718472988e-01 6.359178130708237342e-01 5.815213974482673631e-01 4.792441569486186603e-01
3.188975945508958354e-01 3.666744031404193804e-01 5.408123755172307146e-01 5.960635344968863158e-01 6.336106350183369207e-01 6.241257288256956137e-01 5.674379721310885971e-01 4.650999720178056740e-01
3.132603577800496808e-01 3.585810961520863871e-01 5.287625783417305714e-01 5.686065749304410888e-01 6.014908210037603897e-01 5.998734582906214419e-01 5.366056839328452455e-01 4.390176368148457353e-01
2.925874675793933566e-01 3.381894607568788902e-01 4.953722074149496946e-01 5.480617251815392832e-01 5.853025511400717917e-01 5.752766665326471962e-01 5.262126063877219373e-01 4.329897985433983632e-01
2.895511643358700815e-01 3.310755522088353331e-01 4.771493562278300571e-01 5.313146359049215617e-01 5.621244859563020446e-01 5.698144639636515407e-01 5.025627660698835930e-01 4.168768060377134876e-01
2.808584259150403439e-01 3.149283769056636650e-01 4.607675054984240459e-01 5.236473159034652491e-01 5.530400633566392443e-01 5.422932000572003863e-01 4.887019631033537315e-01 4.058806100738643341e-01
2.696339495305163925e-01 3.055253953989077176e-01 4.424978894969724963e-01 4.960212858728397234e-01 5.256194646457372777e-01 5.204615015966804759e-01 4.688276672363281272e-01 3.857539610921518203e-01
2.601763985910418575e-01 2.917580562712745462e-01 4.268668256784819981e-01 4.812558026770865083e-01 5.030669553212852030e-01 5.027508586187192652e-01 4.533678750690844916e-01 3.700870982754193572e-01
2.617544820007945972e-01 2.900327916388125149e-01 4.142817088330951747e-01 4.677031806779820000e-01 4.896687953076018229e-01 4.842460660000377781e-01 4.335046721584095430e-01 3.687411021534402478e-01
2.507626012207680444e-01 2.767539936836851400e-01 4.065846104628312863e-01 4.491378124763901192e-01 4.769235062462201524e-01 4.640365049612056314e-01 4.279270010674878777e-01 3.504254760283621595e-01
2.443533297557423933e-01 2.713416874001077783e-01 3.852598234823833012e-01 4.254936357513169898e-01 4.557040244280093355e-01 4.567892137227856919e-01 4.069675754856418859e-01 3.420601562789598038e-01
2.392689612818026945e-01 2.534921708375834637e-01 3.631693730041058443e-01 4.227822976838988001e-01 4.429129671272254987e-01 4.315318883022414842e-01 3.865354213516527526e-01 3.187203026917146964e-01
2.277985772197733128e-01 2.441699045881582930e-01 3.378604255820301105e-01 4.088609670764605242e-01 4.162300447600382758e-01 4.231074766755261174e-01 3.786518301390286445e-01 3.062309312565130170e-01
2.142467663679755163e-01 2.448378629210992974e-01 3.212407463816275288e-01 3.910139362390585016e-01 4.111277009173682218e-01 4.059753028216794291e-01 3.672969533634976025e-01 3.041858669659905923e-01
2.129842029283466887e-01 2.320469763902456295e-01 3.027003185249503847e-01 3.714563282028691682e-01 3.975712278895668361e-01 3.962517351287311307e-01 3.533256763266300338e-01 2.886195871859619233e-01
2.068380703432688705e-01 2.240885984964210709e-01 2.907526964581877982e-01 3.676189373859009013e-01 3.767715544645380277e-01 3.820563239020270396e-01 3.377716970235792870e-01 2.805979837200598959e-01
1.965791537744814854e-01 2.150720520146037762e-01 2.678470506193888490e-01 3.467578475070660082e-01 3.694780967730186272e-01 3.661733619470164958e-01 3.286527730972625405e-01 2.694656978431962946e-01
1.948405467847312000e-01 2.045963910656276030e-01 2.573951200478378221e-01 3.381727152948243997e-01 3.496175537448741877e-01 3.524782056353456539e-01 3.130378522648685768e-01 2.619506295504461790e-01
1.849304419326832927e-01 2.044261039216356546e-01 2.458597458380914202e-01 3.163019057927771716e-01 3.469100088443396457e-01 3.395272933060936027e-01 3.027708386371351090e-01 2.552069329461401082e-01
1.792939390798202748e-01 1.944851234855050071e-01 2.327076458734461395e-01 3.013898681154611459e-01 3.360556164836520643e-01 3.255673770246834686e-01 2.962735892143193439e-01 2.459101313190152904e-01
1.766774581377458242e-01 1.904415183949538237e-01 2.266235272203305784e-01 2.916068065864669268e-01 3.213398054534313819e-01 3.178990292606768686e-01 2.834885488793731367e-01 2.335989390713622549e-01
1.721371814478449835e-01 1.851177371409350181e-01 2.178828702155274077e-01 2.757461043087913732e-01 3.084953968627978660e-01 3.038574282303462271e-01 2.786032363855242555e-01 2.313283162114332381e-01
1.632156356935627606e-01 1.781446195696059220e-01 2.115288209827851096e-01 2.677298094231412851e-01 2.954596591275990836e-01 2.917737458881578538e-01 2.603659108907234732e-01 2.178624090066314523e-01
1.545507136192506015e-01 1.687790013082749452e-01 2.043466785547428943e-01 2.510581570318521916e-01 2.847210537830648924e-01 2.805643618152774410e-01 2.522054068013280803e-01 2.137893139698984479e-01
1.527733126752641168e-01 1.653266800101254597e-01 1.940442595799440895e-01 2.391641205012904892e-01 2.736950700811001669e-01 2.734826115814005809e-01 2.501722261376359557e-01 2.033089907099955573e-01
1.517019933235458640e-01 1.631433796080609955e-01 1.899943158383942121e-01 2.316090292420867891e-01 2.631371544643426041e-01 2.607359949667089616e-01 2.386491178604275010e-01 1.976758452013860079e-01
1.458375781201718124e-01 1.566178636672782565e-01 1.814893070716424861e-01 2.191687807997546034e-01 2.545458626014585057e-01 2.526506588033394229e-01 2.292649976823177838e-01 1.910731530854181681e-01
1.406895495546262864e-01 1.519120293228643503e-01 1.779000299661513129e-01 2.068791463961972554e-01 2.427887764979661800e-01 2.480122817844055416e-01 2.229795432361823260e-01 1.791063304604769979e-01
1.365913528747409733e-01 1.461033648870062873e-01 1.687162475292921793e-01 2.033336259499720078e-01 2.404583455576165818e-01 2.374028607678219660e-01 2.106503563178519223e-01 1.782407462825207622e-01
1.345414065852798824e-01 1.424608492106110014e-01 1.666260070991635311e-01 1.914913137644075058e-01 2.304330414248720871e-01 2.230019332193338977e-01 2.075415560305596818e-01 1.679781648691493490e-01
1.252710194347153028e-01 1.365291975655326118e-01 1.580292637334737293e-01 1.842201219906561827e-01 2.172106512165665193e-01 2.184783979414979815e-01 1.996636516184578103e-01 1.702432098397830273e-01
1.261164849925889286e-01 1.331906678424434332e-01 1.546421604274399730e-01 1.706604820820387114e-01 2.109485196227069981e-01 2.113337108952093035e-01 1.874581364705486530e-01 1.602845465999910013e-01
1.183976472863828427e-01 1.290615886492006981e-01 1.470356779278449433e-01 1.667934827242262830e-01 2.043693845348682758e-01 2.048399734362100488e-01 1.837424588121828184e-01 1.591595374905976079e-01
1.173900160291489747e-01 1.232274313702487051e-01 1.406492643889265537e-01 1.610841166070587638e-01 1.955724102666952513e-01 1.955043798525412380e-01 1.775831473542426320e-01 1.508227286248863264e-01
1.125913258457172939e-01 1.205692574606679196e-01 1.368812447163595958e-01 1.557101221661874035e-01 1.841644444146655069e-01 1.917898954772235820e-01 1.715778111170166431e-01 1.457180252223528039e-01
1.088385963461647871e-01 1.129990592694379709e-01 1.340229415717843209e-01 1.485933540209166126e-01 1.746614795325037717e-01 1.829444043335753389e-01 1.654112144168962406e-01 1.383769825169333667e-01
1.038318652277029769e-01 1.105974382855107047e-01 1.265701428047474597e-01 1.418794049010272396e-01 1.695709675785653792e-01 1.774827362331861114e-01 1.593855133783084743e-01 1.343586035939544343e-01
1.033325918600283555e-01 1.096132671753741739e-01 1.252246742160435800e-01 1.409697789517983801e-01 1.633098803483712391e-01 1.668426578595622045e-01 1.545337910554847038e-01 1.332046429727979375e-01
9.896291131118307993e-02 1.054204257299484054e-01 1.207953286944165733e-01 1.349678112819173159e-01 1.570716752941417327e-01 1.605351842168248333e-01 1.455808117207592622e-01 1.300859404338437775e-01
9.831058490571029096e-02 1.020345504245344648e-01 1.155676219728608428e-01 1.291730885974395893e-01 1.489300931456796484e-01 1.554238708877904440e-01 1.410901810214469643e-01 1.262393477237579442e-01
9.318756503160699478e-02 9.924424326958497522e-02 1.122796303301590304e-01 1.218575020413835558e-01 1.429792495759394655e-01 1.485081973992263826e-01 1.392442512156397416e-01 1.213517472731508173e-01
9.100202101437165902e-02 9.884992526231503596e-02 1.102495089504742787e-01 1.197548077736066002e-01 1.352667173268420342e-01 1.444414766772386116e-01 1.320657746688179424e-01 1.164896410198984628e-01
8.735835245900276658e-02 9.327560726728975626e-02 1.078682719749342184e-01 1.146564502384949252e-01 1.300572452382144639e-01 1.398704880909358572e-01 1.256455905291162523e-01 1.125436120641691295e-01
8.573288899627626303e-02 9.060465626177215126e-02 1.015702184284160842e-01 1.137630099645242088e-01 1.255020595614691203e-01 1.329212219153879937e-01 1.222677589967646195e-01 1.110192105171290272e-01
8.203565503108983803e-02 8.675574825146005475e-02 9.786638306360159745e-02 1.074385329513813797e-01 1.213750641949096903e-01 1.310459597675120713e-01 1.192620533777476871e-01 1.082724800105814150e-01
7.936289468333508623e-02 8.306653209568298779e-02 9.595545879215069962e-02 1.033633954001995370e-01 1.159626280537970483e-01 1.229772791505167884e-01 1.125014700442568266e-01 1.029535884655498196e-01
7.797724747811175805e-02 8.081424559543831654e-02 9.211644425937404179e-02 1.010170130751152084e-01 1.114080069535005740e-01 1.187442365219527757e-01 1.084838588488156452e-01 1.024427810678019274e-01
7.684545467451972534e-02 7.940273802523362123e-02 8.822283036850571414e-02 9.728793871300184248e-02 1.042455734219547708e-01 1.139514751063430836e-01 1.072580335363891441e-01 1.001026347449084364e-01
7.359647144768199922e-02 7.774017068184120582e-02 8.612393997529876888e-02 9.400919369496008038e-02 1.007457544654228182e-01 1.111794844113151715e-01 1.025615292385668315e-01 9.572242882487351501e-02
7.231222725493886838e-02 7.551832970828256664e-02 8.356155808240499361e-02 9.268086782401215029e-02 9.690066815048188620e-02 1.070337511462140789e-01 9.901757970952489163e-02 9.186529606358452560e-02
7.003421784390610749e-02 7.356370199870380933e-02 8.048892504801506698e-02 8.966186059013002418e-02 9.219745760213958474e-02 1.003230764953436105e-01 9.499001010203443618e-02 9.258716674771096111e-02
6.806758009590176128e-02 6.977811283588648827e-02 7.777856289746988561e-02 8.347996989573081006e-02 8.988584299934254673e-02 9.749132469757561259e-02 9.194372267950148836e-02 8.641142861894934857e-02
6.721906621293957662e-02 6.727493725924378609e-02 7.485828023644362783e-02 8.219382827654057866e-02 8.786882038151636043e-02 9.506397397499384561e-02 8.974923607149612459e-02 8.439943452390123724e-02
6.592876550715633110e-02 6.594420619165186626e-02 7.512470652726775666e-02 7.880194395939163488e-02 8.350039504644439503e-02 9.054875767882315796e-02 8.519463923978866371e-02 8.413313823525823965e-02
6.134708873427806297e-02 6.400099822126784077e-02 7.089835253226509093e-02 7.692646239855274737e-02 8.042342877068893447e-02 8.933573985899793957e-02 8.219172843441790999e-02 7.915710168316728024e-02
5.953208415897081468e-02 6.208445784290927277e-02 6.857929051138805798e-02 7.344045683760108689e-02 7.669881105701391311e-02 8.524761795767751837e-02 7.959813087632594542e-02 7.909746902620422293e-02
5.914128730830352232e-02 6.107535267328199208e-02 6.510435669970339456e-02 7.117274007431312333e-02 7.277524664936130261e-02 8.020729323417277734e-02 7.619537006724964867e-02 7.881573496430893666e-02
5.830348926157740558e-02 5.889425818406832797e-02 6.360186768733437634e-02 6.967540730139841487e-02 7.149322688230994038e-02 7.825953067776317273e-02 7.299457215830638945e-02 7.447607335146536056e-02
5.712940217297216017e-02 5.634616610361022071e-02 6.206395119898138607e-02 6.609997551726864984e-02 6.880299665436086232e-02 7.385233907837074341e-02 7.108216673525456775e-02 7.381652598180077351e-02
5.392941332371235796e-02 5.425949556281767922e-02 5.960764726341725994e-02 6.582247492040499415e-02 6.643275006689917939e-02 7.117356347025045882e-02 6.914743409493197268e-02 7.069697462898914819e-02
5.239683018210895826e-02 5.319579423229234272e-02 5.870709942944477011e-02 6.122270270959655203e-02 6.371104997251064717e-02 6.775707881009726541e-02 6.587877498919501862e-02 7.264515875087360075e-02
5.086477825866308339e-02 5.096780738500765462e-02 5.673968818511623130e-02 6.094987320255126906e-02 6.221299378997193624e-02 6.684388458723405924e-02 6.584983091619642237e-02 6.767256665645494940e-02
5.044606037717667274e-02 5.162949363568094391e-02 5.432016460012530773e-02 5.880425202652646288e-02 6.010267621769272567e-02 6.323343326447676549e-02 6.265769636440138290e-02 6.701063409630034218e-02
4.868655699864012781e-02 4.936308244197427919e-02 5.391361925672288891e-02 5.661956383960235761e-02 5.769828014575971442e-02 6.077427848054571535e-02 6.078127492569519036e-02 6.529531688511114318e-02
4.751337620923973964e-02 4.834462828555349811e-02 5.156760676886765898e-02 5.310924815574676744e-02 5.566321232326654905e-02 5.818706649526183411e-02 5.698469536298353399e-02 6.400718629900740975e-02
4.483437855982833758e-02 4.691793968512650986e-02 4.992666109335108793e-02 5.220835314015653122e-02 5.400704274150231604e-02 5.665007490727413941e-02 5.706285487460551614e-02 6.543821558161257157e-02
4.523070595839249336e-02 4.679550438596490752e-02 4.934783988806173971e-02 5.031529776725742614e-02 5.182970270660641060e-02 5.388189107697402558e-02 5.401220111243132393e-02 6.085910449467563793e-02
4.501222386709213125e-02 4.400649214982464003e-02 4.697182793469987377e-02 4.884439063499040889e-02 5.002351474319712693e-02 5.074123350335187077e-02 5.261603786990926707e-02 6.252985850685043034e-02
4.271709154051264029e-02 4.320132211212645429e-02 4.562565453526146869e-02 4.728010323052832253e-02 4.793330739515515304e-02 4.926957037360411157e-02 5.072432242792670326e-02 6.098952605796328919e-02
4.224713020977430289e-02 4.267340703465870994e-02 4.487328318776467179e-02 4.652476787166771183e-02 4.673023166302824744e-02 4.811588290867598733e-02 4.864668123773150527e-02 6.095004911427810007e-02
4.215359847776613961e-02 4.029793081832538232e-02 4.385221480187239534e-02 4.432926433681474293e-02 4.444495746833816013e-02 4.629187470003199439e-02 4.741305076469809476e-02 5.589706657756877278e-02
4.036439370588149750e-02 4.078711595241643617e-02 4.062717135989726142e-02 4.323286819105477685e-02 4.373367833162518370e-02 4.380868099428004980e-02 4.504905556732753669e-02 5.614106448784612902e-02
3.999104051422795042e-02 4.021802095436584346e-02 3.992214916321427248e-02 4.130219103258914171e-02 4.159247008434191484e-02 4.225970597987836058e-02 4.465723640313971204e-02 5.520170983250620445e-02
3.908040637024628311e-02 3.864546008272515265e-02 3.968968292816894144e-02 3.969335026785993786e-02 3.992737700973731513e-02 4.039049959708997106e-02 4.364234274777470390e-02 5.686095036074886866e-02
3.890207639795129763e-02 3.707192355066962763e-02 3.888755770047899046e-02 3.956857315824413579e-02 3.953460481691146305e-02 3.955175801082706777e-02 4.168926138003381521e-02 5.295452157107998631e-02
3.716619556582892447e-02 3.691926841034976620e-02 3.715373237500757542e-02 3.836227765869434231e-02 3.738110897551164685e-02 3.821445223982575939e-02 3.973624069171832057e-02 5.343579559687556407e-02
3.572617377541393441e-02 3.607431798687341790e-02 3.592681824200454760e-02 3.704845433755913492e-02 3.707788270671544956e-02 3.609929423950706401e-02 3.822872796373998072e-02 5.148633730051716678e-02
3.816794293138941335e-02 3.527687944478871684e-02 3.558494706384077166e-02 3.574842353374272502e-02 3.456838377524359268e-02 3.485486100063633214e-02 3.834175006020441173e-02 5.469812414148351315e-02
3.366613830000723950e-02 3.373443288504772430e-02 3.496118245391070800e-02 3.437978792032900938e-02 3.336610149581317047e-02 3.346198538404481643e-02 3.626357709900607934e-02 5.274137372701739879e-02
3.544848170713636726e-02 3.348375527599777718e-02 3.461157068339092147e-02 3.333753966101386801e-02 3.242091331262438730e-02 3.261104944703414887e-02 3.547803431263232832e-02 5.164961099382281429e-02
3.355521333837085951e-02 3.407394886943031220e-02 3.286536832658231572e-02 3.205366050576780729e-02 3.174148275967342975e-02 3.006817389612755076e-02 3.418289010877563483e-02 4.892154666559434678e-02
