nan nan nan nan nan nan nan 0.000000000000000000e+00
6.866647460937500000e+03 nan nan nan 6.169370117187500000e+03 2.808518310546875000e+03 nan 2.025138092041015625e+02
3.855258984375000182e+03 nan nan 4.821532877604166060e+03 nan 6.146768554687500000e+03 6.040905273437500000e+03 7.957883463541666060e+03
4.339412109375000000e+03 nan 3.893092447916666515e+03 nan 5.931881347656250000e+03 7.513628906250000000e+03 9.363106770833332121e+03 7.588020019531250000e+03
5.749595052083333030e+03 3.415800455729166515e+03 nan 4.816689453125000000e+03 nan 6.247994140625000000e+03 3.087291341145833030e+03 4.506153846153846644e+03
4.516373579545454959e+03 4.207567578125000182e+03 4.171690848214285325e+03 nan 6.051998579545454959e+03 6.844930989583333030e+03 1.017190736607142753e+04 1.775421875000000000e+04
3.377302734375000000e+03 4.421800347222221717e+03 4.695441406250000000e+03 4.502175781250000000e+03 4.650634765625000000e+03 8.465958984375000000e+03 7.671416015625000000e+03 1.013505034722222081e+04
2.063347819010416515e+03 3.795427734375000000e+03 3.251797526041666515e+03 3.228116350446428442e+03 3.937920099431818471e+03 8.592524038461539021e+03 9.951916193181818016e+03 1.101332847222222335e+04
3.138952713815789139e+03 3.458992187500000000e+03 2.904995442708333030e+03 3.953487980769230944e+03 7.701382812500000000e+03 8.406553385416666060e+03 8.573315504807693287e+03 8.293352678571427532e+03
2.841883491847826008e+03 3.162425180288461888e+03 3.166285615808823422e+03 4.177580078125000000e+03 5.838035937500000728e+03 6.909836718750000728e+03 6.705016059027777374e+03 8.553175513698630311e+03
2.858854779411764866e+03 2.304988932291666515e+03 3.068178267045454504e+03 5.040458220108695059e+03 7.556181985294117112e+03 6.360370028409090992e+03 7.146879755434782055e+03 8.306344967532468218e+03
2.357593112244897839e+03 2.782502170138888687e+03 2.622785937499999818e+03 4.104333593750000546e+03 4.001418560606060510e+03 4.964701636904761472e+03 6.625945312500000000e+03 6.045586096938774972e+03
2.629419825819672042e+03 2.196168826219512084e+03 2.628934836647727479e+03 4.627237331081081720e+03 4.375212384259259125e+03 5.582870777027027543e+03 5.341831018518518249e+03 7.569375946969696997e+03
2.098118003731343379e+03 1.991094893292683082e+03 2.557950137867646845e+03 3.375037715517241395e+03 3.949010416666666970e+03 4.791950284090909008e+03 5.121416807432432506e+03 6.420934482758621016e+03
2.055861240671641553e+03 2.081862723214285779e+03 2.522471527777777737e+03 3.705633831521739012e+03 3.700069531249999727e+03 4.118722470238095411e+03 4.371902871621621671e+03 4.784161265432098844e+03
1.533940250880281837e+03 1.703822627314814781e+03 2.444620013297872447e+03 3.167934244791666515e+03 3.181794117647058556e+03 3.447656875000000127e+03 3.901886875000000146e+03 4.535819010416666060e+03
1.509923760775862092e+03 1.575275501179245111e+03 2.876851273148147811e+03 2.704469068877550853e+03 3.194131610576923322e+03 3.323173869680851112e+03 3.695332107843137237e+03 3.734406725888324672e+03
1.354934698275862047e+03 1.489500000000000000e+03 2.334271412037036953e+03 2.321599232456140271e+03 2.873864990234375000e+03 3.109712121212121474e+03 3.109854427083333121e+03 3.983096887550200336e+03
1.406201626712328789e+03 1.345841796875000000e+03 1.866926587301587233e+03 2.251820594879518012e+03 2.708568229166666697e+03 2.935859126984126760e+03 3.123665364583333030e+03 3.426178359683794042e+03
1.322263189935064929e+03 1.515502343749999909e+03 1.830704752604166515e+03 2.375697094298245702e+03 2.400845566860465169e+03 2.700275669642856883e+03 3.009205154220779605e+03 3.312225204918032887e+03
1.229420990566037744e+03 1.301373503989361780e+03 2.007530528846153857e+03 1.964301498724489647e+03 2.514768407534246307e+03 2.462493963068181984e+03 2.812526731927710898e+03 2.945355431309903906e+03
1.150111886160714221e+03 1.256744741586538566e+03 1.988854283707865079e+03 1.959121504934210407e+03 2.095220606435643731e+03 2.428376090116279101e+03 2.748044485294117749e+03 3.198830238726790412e+03
1.101284323770491710e+03 1.141843750000000000e+03 1.770783608490565939e+03 1.866810923165137638e+03 2.179985491071428442e+03 2.179492857142857247e+03 2.439040039062500000e+03 3.009255286069651902e+03
9.942419642857142890e+02 1.016818193855932236e+03 1.466311655405405418e+03 1.848059374999999818e+03 1.952487263655462129e+03 2.148747494103773533e+03 2.457822368421052488e+03 2.761180337078651974e+03
9.553390330188678945e+02 1.000730400219298190e+03 1.481250292056074613e+03 1.740168418141592838e+03 1.681479073660714221e+03 1.890328387605041826e+03 2.246138432017543892e+03 2.271787700688073528e+03
9.187455985915493102e+02 8.716499374999999645e+02 1.380840052480916029e+03 1.537724085365853853e+03 1.581012317518248210e+03 1.663074612403100673e+03 2.047978271484375000e+03 2.160790665434380571e+03
8.092819010416666288e+02 8.945580897177419502e+02 1.249005830223880594e+03 1.337410802980132530e+03 1.540892485119047478e+03 1.748592420212766001e+03 1.773050781250000000e+03 2.105216513761467922e+03
7.835610023961661454e+02 8.137369384765625000e+02 1.029850794797687740e+03 1.281800399436090174e+03 1.451298816568047414e+03 1.629563058035714221e+03 1.725288918711656379e+03 2.035920940170940185e+03
7.618098348662207400e+02 7.525776785714285779e+02 1.166447656249999909e+03 1.202615869728915641e+03 1.365795312499999909e+03 1.424789402173913004e+03 1.648573374155405418e+03 1.863452572347266823e+03
6.769301581325302095e+02 7.698959441489361097e+02 1.073935037878787853e+03 1.227546687874251575e+03 1.218783093398876417e+03 1.377455283149171237e+03 1.604627923976608145e+03 1.798199001426533641e+03
7.353993902439024168e+02 7.010710078534032164e+02 1.014549324324324402e+03 1.077871433423913004e+03 1.168278035714285807e+03 1.386439596036585499e+03 1.447573958333333394e+03 1.793483173076923322e+03
6.777482443820224489e+02 7.344946588010203641e+02 9.672739016089109327e+02 1.184548560049019670e+03 1.125665472560975559e+03 1.332632621951219562e+03 1.378181372549019670e+03 1.709365764331210130e+03
6.459647591991341642e+02 6.818846618357487159e+02 9.422564160628019181e+02 1.015552793560606119e+03 1.143520312500000045e+03 1.213485637626262815e+03 1.371974009900990040e+03 1.568038899138991383e+03
6.113628246753246458e+02 6.602680232558140005e+02 9.225891148325358699e+02 9.567084302325581575e+02 1.042777740995762770e+03 1.186127674549549511e+03 1.476483342511013461e+03 1.514449455899198256e+03
5.700918392504930807e+02 5.649556074766354641e+02 8.684525055066079631e+02 9.607810009960159050e+02 1.008697892441860404e+03 1.128265881147540995e+03 1.223888663419913428e+03 1.393322838847385356e+03
5.422350153688524870e+02 5.487172585227272066e+02 7.777282986111110858e+02 8.893723601598172763e+02 9.583316787003610671e+02 1.023605871636771326e+03 1.204197549019607777e+03 1.272048771313941870e+03
5.416288314176244967e+02 5.282188042534721717e+02 7.557126116071427759e+02 8.104390943877550626e+02 9.308861217248908133e+02 9.533572843309859763e+02 1.055391780155641982e+03 1.244716829268292713e+03
4.790669426982591972e+02 5.259345833333334213e+02 7.270042666051659808e+02 7.823024276859504198e+02 8.969494393687707543e+02 1.028763839285714312e+03 1.109409589694656461e+03 1.283673016230838584e+03
4.617465245863970722e+02 4.970831770833333394e+02 6.760241157556270082e+02 7.096101893322476144e+02 8.038085660460992585e+02 8.583819826007326128e+02 9.947411777210884338e+02 1.230268502943649992e+03
4.372045230263158260e+02 4.577173108552631220e+02 6.444943365695793318e+02 7.105784812703583384e+02 7.925727300488599667e+02 8.809069444444444343e+02 9.664761618589743648e+02 1.075933104284559249e+03
4.325889564896755246e+02 4.699184297360247911e+02 6.690530169025157647e+02 7.299871549079754232e+02 7.768043130990414511e+02 8.461084498355262440e+02 9.686761538461538521e+02 1.109733810832025256e+03
4.117310554803789273e+02 4.358780463836478134e+02 6.457076095166163441e+02 6.964139376996804458e+02 7.349406869688385768e+02 7.939446302816901380e+02 9.111605282738095184e+02 1.071911820241691885e+03
3.974698426573426673e+02 3.933116824127906739e+02 6.072346459537571945e+02 6.293398136246786407e+02 7.172848487609329595e+02 7.746827813390314077e+02 8.946918645251397493e+02 9.990035939691443900e+02
3.842936189384010390e+02 3.907566315406976969e+02 5.707443628934624940e+02 5.956587627923976243e+02 6.893332021410578818e+02 7.595566239316240171e+02 8.419858247422680506e+02 9.528673986486486456e+02
3.754753690629011089e+02 4.026330976277372429e+02 5.844852065826330545e+02 6.026697840632604084e+02 6.494618923611111541e+02 7.165899390243902189e+02 7.986734457671957443e+02 9.383675528507366153e+02
3.662335058214748074e+02 3.699508615654205528e+02 5.580744373479318483e+02 5.695393276762401911e+02 6.120228883219955378e+02 6.911756735588971878e+02 7.824675692695213911e+02 8.861040903540903173e+02
3.384441770186335248e+02 3.476671910755148929e+02 4.766959021226414848e+02 5.544816720971564337e+02 5.736293532338307841e+02 6.913394721577725477e+02 7.665446210268949017e+02 8.545842937352246054e+02
3.274214131773399004e+02 3.403420833333333348e+02 4.683448513215859634e+02 5.259453292291220805e+02 5.818593750000000000e+02 6.372462012614679452e+02 7.337787720264317386e+02 8.368730620155038196e+02
3.093956445115810538e+02 3.139085159632034561e+02 4.672044642857142662e+02 5.162630789620535552e+02 5.524059442934782282e+02 6.093793010752688133e+02 6.818820209251101687e+02 8.290364010989011376e+02
3.023284985059760857e+02 3.235519480519480453e+02 4.690094422043010809e+02 4.649045029008438519e+02 5.536499255952380736e+02 5.918777256592292133e+02 6.904082598547718135e+02 7.805873478030704291e+02
2.969092407226562500e+02 3.106129557291666856e+02 4.215384757905138144e+02 4.624488553779069662e+02 5.108377882599580744e+02 5.617980867346939249e+02 6.518111277445109408e+02 7.613276524541397521e+02
2.836285333642261435e+02 3.067067901234568126e+02 4.216146912780656066e+02 4.574626454959514490e+02 4.794722286641929827e+02 5.397184489402696954e+02 6.381914645522388128e+02 7.242893398012304260e+02
2.781810897435897800e+02 2.893933919270833144e+02 4.089334047379032313e+02 4.431113954741379075e+02 4.787675401264591528e+02 5.252124542124541904e+02 6.051002236346515701e+02 7.180612813370473759e+02
2.688036359530261734e+02 2.715184132996632798e+02 4.016231330422793917e+02 4.297550912921348640e+02 4.628863541666667061e+02 5.134447898799313634e+02 6.054139508928570876e+02 6.745040250447227663e+02
2.574544569202566322e+02 2.793957444539249195e+02 3.793357945091514125e+02 4.132123177530016847e+02 4.755120967741935374e+02 5.163068852087113783e+02 5.662284519725557175e+02 6.740797722342732641e+02
2.512809216287215293e+02 2.639406452922078188e+02 3.652938206785137822e+02 4.106652250000000208e+02 4.420244205298013185e+02 4.941252012882447389e+02 5.560734272875816941e+02 6.407680080482897438e+02
2.414920933734939865e+02 2.572534666398713625e+02 3.537808632425742417e+02 3.875627049180328072e+02 4.266875499201277648e+02 4.815817384370016043e+02 5.559046875000000227e+02 6.270180175581870117e+02
2.409828020134227984e+02 2.460865346337579638e+02 3.664222855486862613e+02 3.763114550159235705e+02 4.059353415915915662e+02 4.449754146919431150e+02 5.247934717806041363e+02 6.056463728103580024e+02
2.272755088256483873e+02 2.389120729813664354e+02 3.373333333333333144e+02 3.474755818053596386e+02 4.019070749223602093e+02 4.360701667862267072e+02 5.180478529839883777e+02 5.906845260574018539e+02
2.174057384341637089e+02 2.243512499999999932e+02 3.109825168918919189e+02 3.670422166149068062e+02 3.807545138888888800e+02 4.277667194485841833e+02 4.704747066145092731e+02 5.557068140794223154e+02
2.129312543983110402e+02 2.212853510498687513e+02 3.202442077727952210e+02 3.517954799107142776e+02 3.880246781115880026e+02 4.262728207236842195e+02 4.840111953455570983e+02 5.635473275862068476e+02
2.123557330827067915e+02 2.193585419375812933e+02 3.138119706978319527e+02 3.323263290229884888e+02 3.527526350461133120e+02 4.121397462277091677e+02 4.772967687074829541e+02 5.438268356348938823e+02
2.016089186369958099e+02 2.096506485849056389e+02 2.929678273427471140e+02 3.176367088607594837e+02 3.597926634097035503e+02 4.039873310810810949e+02 4.504798033159947863e+02 5.121214110929853405e+02
1.861649101307189369e+02 2.083312070848938902e+02 2.846909595498783574e+02 3.231064502198492505e+02 3.385169962917181579e+02 3.891279761904762040e+02 4.388787655279503497e+02 5.287073434125269387e+02
1.922696042640186818e+02 2.007958701134930664e+02 2.839267750314861587e+02 3.106464819427148427e+02 3.481942401960784537e+02 3.845113091432225474e+02 4.262439138576779101e+02 5.011692594897324398e+02
1.886177358225716034e+02 1.947698796076099654e+02 2.760713414634146261e+02 3.012300684628975205e+02 3.283528600464575788e+02 3.771812070938215129e+02 4.277110745614035068e+02 4.873216517857143231e+02
1.876258345170454334e+02 1.906812158262454204e+02 2.598678680313589098e+02 2.868032099377123814e+02 3.220886239368164752e+02 3.476391412661195659e+02 4.115355162116040901e+02 4.882110313507178603e+02
1.724386665723982048e+02 1.826612580128205252e+02 2.512291398195876297e+02 2.739384626777251128e+02 3.096530951115834114e+02 3.517689936926605583e+02 3.960448113207547181e+02 4.635881164669824557e+02
1.699413582308925470e+02 1.785024843096234122e+02 2.564217844727693887e+02 2.737381198347107443e+02 3.028190308988764059e+02 3.339315166493236688e+02 3.813816371681415944e+02 4.537794833648904387e+02
1.660037703804347871e+02 1.785554885786802117e+02 2.457045831124072208e+02 2.687203141819160237e+02 2.949825330284552933e+02 3.366593818082789085e+02 3.774033699682203178e+02 4.397503917471925092e+02
1.603798869680851169e+02 1.673804491206030320e+02 2.339192734297108416e+02 2.558279013292433888e+02 2.859375000000000000e+02 3.031693579027355554e+02 3.569432882414152459e+02 4.268342509603072585e+02
1.570016595857673849e+02 1.625831618013971820e+02 2.322123756218905442e+02 2.497456069292123289e+02 2.749282766990291407e+02 3.135777035464535629e+02 3.578823997064579316e+02 4.202923686195624668e+02
1.552554485701107012e+02 1.616221701557935830e+02 2.268784979043392696e+02 2.341564014050387641e+02 2.693076076320938910e+02 3.000104368932038597e+02 3.460159192269573509e+02 3.995990204429301116e+02
1.498557091882248073e+02 1.527332071901608401e+02 2.231965476190476068e+02 2.372034195334589981e+02 2.644522160664819808e+02 2.880527649769585423e+02 3.404076086956521863e+02 4.044471655460236548e+02
1.464555321330902302e+02 1.490228987068965409e+02 2.108967541436464046e+02 2.334577762923350974e+02 2.471159850094428805e+02 2.917646575984990704e+02 3.340791836043360377e+02 3.988721703617270009e+02
1.455374667700487237e+02 1.484682022601475921e+02 2.078437762384550638e+02 2.294876714758751177e+02 2.461921768707482840e+02 2.802235169491525539e+02 3.172496963339222589e+02 3.738421404682274556e+02
1.404712889767237698e+02 1.463798853016142800e+02 2.075715624999999989e+02 2.228723415346121612e+02 2.481703774864376157e+02 2.767272255030621295e+02 3.164853265666372408e+02 3.682388035482475175e+02
1.333995678617157523e+02 1.439808772467320352e+02 1.954723537005163507e+02 2.199313081781914718e+02 2.385278526970954260e+02 2.696730118443316542e+02 3.053179184549355796e+02 3.600932745139475628e+02
1.289648723610512775e+02 1.322891264320785751e+02 1.958548942070665362e+02 2.133172960420032496e+02 2.375255080440304596e+02 2.599459431630971835e+02 3.001501499172870240e+02 3.519501560874089705e+02
1.264835737179487154e+02 1.346296837827121351e+02 1.829591003562945275e+02 2.065476511604234702e+02 2.260056547619047649e+02 2.511275262732416991e+02 2.911803557154276518e+02 3.461899718931941266e+02
1.263098643154311702e+02 1.305101593625498140e+02 1.909695892575039409e+02 1.958634005481597455e+02 2.237592163577759834e+02 2.485424230465666824e+02 2.863131255004003037e+02 3.440819315258262350e+02
1.234727310382915988e+02 1.256930412120031235e+02 1.763861729117876678e+02 1.955070239712732700e+02 2.146239338514025690e+02 2.374623084291187922e+02 2.835075170196672047e+02 3.322078726648875318e+02
1.173675081729022907e+02 1.222680149884704122e+02 1.682060401119402968e+02 1.926927565930149910e+02 2.088059637404580258e+02 2.334452838827838832e+02 2.760839392244593569e+02 3.229642324888226312e+02
1.167619249450146697e+02 1.230508798775822470e+02 1.679059170962199516e+02 1.838690164728682248e+02 2.070158667369901480e+02 2.286399023881728567e+02 2.622988267148014074e+02 3.273019897304235997e+02
1.135639383315354110e+02 1.174057141632373060e+02 1.685903855363984860e+02 1.816002852520435908e+02 1.993461360266864233e+02 2.264555852900552395e+02 2.600944052783803500e+02 3.101245717634330958e+02
1.102974991162955121e+02 1.165753707272118049e+02 1.629509021966527200e+02 1.776352608618233830e+02 1.944526489505754796e+02 2.235682910839160797e+02 2.529217558905058922e+02 2.978317829457364496e+02
1.064019324938789879e+02 1.117630769878706190e+02 1.564680656934306455e+02 1.711565248646820123e+02 1.920022688356164338e+02 2.165988223359209712e+02 2.507386941056910530e+02 3.020547663080026837e+02
1.008082248263888943e+02 1.095601413150955779e+02 1.551463673435419537e+02 1.703826832395764370e+02 1.884945436507936449e+02 2.014843142810881034e+02 2.418831756308100864e+02 2.885143065998329348e+02
1.014617528462998166e+02 1.079819577024358068e+02 1.520209087171052715e+02 1.656396568954030784e+02 1.836478341168569557e+02 2.116503479125248646e+02 2.384114065606361805e+02 2.799432416858742272e+02
9.933984494347693328e+01 1.047350386100386004e+02 1.474629504145408134e+02 1.595983426833122678e+02 1.796123040872771810e+02 2.023436914428482112e+02 2.308326511335012583e+02 2.718857305398619246e+02
9.543336650336803473e+01 1.049965654952076761e+02 1.447286799969059530e+02 1.557287305165036742e+02 1.749352820025348478e+02 1.955234471569839059e+02 2.307492245657568333e+02 2.723697729052466912e+02
9.492890601390148220e+01 9.772607641116098876e+01 1.432207145467836256e+02 1.541676383706467561e+02 1.722967365623154024e+02 1.901523634785353636e+02 2.169114490161001640e+02 2.656959278271529001e+02
9.298532055122828410e+01 9.326244000564652481e+01 1.396252324860508338e+02 1.544646564327485407e+02 1.641045553482587138e+02 1.862578348597595834e+02 2.141451258338387049e+02 2.626074438202247165e+02
9.091420674508637489e+01 9.545842840844265709e+01 1.323255451429404843e+02 1.475826266437537129e+02 1.612119091164884708e+02 1.833858727810651033e+02 2.110697439847417911e+02 2.539541998551773929e+02
8.904403821055683466e+01 9.440711413656883622e+01 1.291777895480226164e+02 1.427751468942361726e+02 1.574377900232018419e+02 1.795970159908623600e+02 2.105469914040114361e+02 2.466516929862000040e+02
8.481892260174419107e+01 8.941780229662423096e+01 1.289355317679558084e+02 1.395602403307174768e+02 1.601918031649084071e+02 1.799157729805014014e+02 2.019659579633740236e+02 2.421600097249235830e+02
8.596362623103540557e+01 9.020105609418283166e+01 1.300300652472527361e+02 1.349491430055401793e+02 1.506851736111111109e+02 1.670698529411764639e+02 1.979736172261970353e+02 2.365952794771968968e+02
8.343243199481864281e+01 8.705890263582570299e+01 1.249049129182666036e+02 1.342995443416757269e+02 1.486815207581227583e+02 1.685259703947368450e+02 1.934887999999999977e+02 2.299421902268760789e+02
8.178953715775749345e+01 8.648982948442534280e+01 1.202010341026970934e+02 1.344106408819133094e+02 1.454816476345839931e+02 1.628259856153436260e+02 1.926577117983368055e+02 2.266439920717442078e+02
7.981414807302230940e+01 8.303135873929336697e+01 1.175058574354518299e+02 1.285581902379664712e+02 1.425377617305751698e+02 1.626672036082474335e+02 1.846927594217862918e+02 2.210587590299277565e+02
7.903302157814096063e+01 8.065110007313505491e+01 1.166177116613418576e+02 1.263592155612244881e+02 1.362312696129706922e+02 1.591525342039800819e+02 1.826184744044602155e+02 2.215730976537729759e+02
7.587855538922154608e+01 7.768985990860991819e+01 1.127753117396593723e+02 1.244333991397021038e+02 1.328663844149692181e+02 1.562536251835536234e+02 1.761649236593843000e+02 2.121293627872680077e+02
7.320431318339959148e+01 7.775655678537054882e+01 1.109387626262626299e+02 1.237619617224880386e+02 1.314682886318897488e+02 1.480969350073855253e+02 1.749176302336903746e+02 2.106820783862369808e+02
7.248482516621521654e+01 7.665965150983146259e+01 1.082928784214252005e+02 1.151376057827926616e+02 1.312992280285035633e+02 1.473029493386868296e+02 1.690492742890995430e+02 2.021594277179006554e+02
7.138807599143758864e+01 7.497101897689769601e+01 1.049820044621888258e+02 1.176992611491269543e+02 1.257235565684899541e+02 1.421608133086876080e+02 1.653303487276154442e+02 1.996385705847607710e+02
6.892025837831759816e+01 7.323771751740139280e+01 1.030692478130755063e+02 1.127939317867035953e+02 1.243680696131354040e+02 1.417414403435468842e+02 1.670107681061628568e+02 1.984232138754881873e+02
6.916304048091771506e+01 7.134317183163737752e+01 9.879371900360685288e+01 1.133767813742819328e+02 1.210333977167896649e+02 1.397860651642984067e+02 1.594947350543478422e+02 1.932139314697925840e+02
6.548830002184359955e+01 6.932022440234551652e+01 9.930224609375000000e+01 1.071708445491251638e+02 1.175944911599827520e+02 1.360740431686693341e+02 1.583139893847486803e+02 1.892030138934470926e+02
6.484636388583973599e+01 6.887202474779319061e+01 9.516908253751705615e+01 1.049727363782051270e+02 1.201236117281208351e+02 1.324543693499784638e+02 1.551079759530141757e+02 1.894365631110145500e+02
6.294635216089002938e+01 6.710757236568096573e+01 9.414236552308344130e+01 1.029185802069857800e+02 1.135295487106017163e+02 1.295658227848101376e+02 1.508932984790874627e+02 1.831534477263068368e+02
6.302755129589633043e+01 6.630633019453642873e+01 9.282138416908412637e+01 1.045800627842083514e+02 1.131816012441012447e+02 1.260272456364410374e+02 1.480255289065773070e+02 1.789547452129329201e+02
6.203007861307788318e+01 6.256014485413290060e+01 8.941815113682500282e+01 9.988447694321385484e+01 1.092619944283945586e+02 1.236738202811245060e+02 1.446381806176351006e+02 1.749676952141057882e+02
5.986166502946954893e+01 6.329032503037667112e+01 8.985005548829701638e+01 9.935378556910569614e+01 1.085212349397590401e+02 1.244002123413835363e+02 1.423506874241811602e+02 1.692305693571283882e+02
5.894720245012589288e+01 6.197294313219531148e+01 8.744183573298430190e+01 9.437167632946821527e+01 1.029684358081979951e+02 1.217356333072712999e+02 1.402290474546172163e+02 1.684455325267750823e+02
5.745693757137419055e+01 5.940972500000000167e+01 8.441866817481709973e+01 9.467745111996963203e+01 1.034957386363636402e+02 1.144337226592478913e+02 1.363789515661252949e+02 1.631646507335082106e+02
5.637025919573088828e+01 5.872468701286048542e+01 8.223232921110702875e+01 9.260218835482611155e+01 1.022179079341317447e+02 1.147833055990602986e+02 1.342949426213960464e+02 1.595542890995260734e+02
5.399829534730086777e+01 5.748443807339449307e+01 8.100884329460417632e+01 8.934742312590975644e+01 9.779438474705212059e+01 1.157034603997039142e+02 1.295593148357870916e+02 1.599265180265654749e+02
5.352484841417910388e+01 5.626277897768178349e+01 7.899290808421436338e+01 8.557649128686327344e+01 9.780730286738351253e+01 1.118131459948320412e+02 1.292692708333333371e+02 1.550809881749014494e+02
5.127707906738644539e+01 5.565711428958785234e+01 7.796928840631730395e+01 8.420318104375897406e+01 9.496168977144998280e+01 1.102435571687840223e+02 1.263670338674435669e+02 1.544479100264092608e+02
5.197370524296675143e+01 5.306187877174298961e+01 7.644407188841201162e+01 8.353400342648629362e+01 9.162841554293825652e+01 1.060617522321428510e+02 1.235327327863003859e+02 1.493360826110030075e+02
4.995674480508328941e+01 5.251819627192982409e+01 7.454354669464848371e+01 8.295258133263745037e+01 9.174929424894958174e+01 1.035053350970017760e+02 1.211976940259285129e+02 1.449158205872011251e+02
4.972850573742827862e+01 5.200342974484445335e+01 7.187727807813044478e+01 7.976602804770317334e+01 8.937287342633548803e+01 1.011012015964673907e+02 1.201808343383873137e+02 1.430288920725883486e+02
4.790781065463134780e+01 5.067795258620689225e+01 7.125357995226730168e+01 8.019209013353115267e+01 8.822718914185639960e+01 9.875651577503428769e+01 1.158423424369747892e+02 1.392248486657003923e+02
4.657490869172685422e+01 5.048649810801513382e+01 6.958923544079793544e+01 7.729919951265389955e+01 8.625798734998377881e+01 9.753551136363635976e+01 1.152284436233809402e+02 1.388606691866744143e+02
4.552002808060785810e+01 4.967513352997448806e+01 6.844671460740991620e+01 7.624542829643888808e+01 8.331371603488761934e+01 9.465700720366731957e+01 1.122487570434206106e+02 1.345215826604681695e+02
4.512376912434895360e+01 4.776130989911727909e+01 6.704060071243523566e+01 7.383170862125699330e+01 8.369906604665825967e+01 9.360527746456185127e+01 1.090190169396274769e+02 1.323751516376870256e+02
4.463656496062991863e+01 4.640949048263778565e+01 6.600662969147583681e+01 7.305410462696124796e+01 8.016454405737704292e+01 9.274597515180569474e+01 1.071578893776474359e+02 1.295850953067435398e+02
4.342019230769230376e+01 4.610597783825816265e+01 6.448717488354037641e+01 7.134055178791615504e+01 7.931352206109225733e+01 9.008196688846641109e+01 1.073861675908810867e+02 1.286312558374844457e+02
4.244491896423248534e+01 4.470349470734744557e+01 6.288031822060192155e+01 6.967996887723144539e+01 7.832912399130974279e+01 8.837934240797547147e+01 1.029832564864019986e+02 1.262387597951741753e+02
4.181285553892215745e+01 4.391867378048780779e+01 6.183021917074663065e+01 6.783004203271735832e+01 7.483673373800958473e+01 8.705703267131595169e+01 1.014611603122185528e+02 1.243689045199454029e+02
4.046659323846040479e+01 4.214995692955589135e+01 5.937754057474688096e+01 6.517882916053018505e+01 7.399243998153278312e+01 8.537213533890714245e+01 9.874895115373089993e+01 1.210010373056220061e+02
3.930931197018415446e+01 4.198164026891522127e+01 5.874964152566676034e+01 6.505096168266345558e+01 7.287049476927487035e+01 8.269967242406194430e+01 9.746271721670559884e+01 1.179088470361873675e+02
3.939307393137539748e+01 4.175742275084081001e+01 5.827537653996394340e+01 6.417648464043035972e+01 7.138824339207047842e+01 8.070709791726930860e+01 9.509383173496077291e+01 1.139573157553490290e+02
3.804281861694528288e+01 4.058882639472946607e+01 5.760694920091324178e+01 6.243380640465793618e+01 6.905180598374438716e+01 7.974022395394551666e+01 9.191648230088496518e+01 1.126337536510650352e+02
3.742833564341989927e+01 3.932537712513935446e+01 5.585617143854748434e+01 6.207336042600896775e+01 6.840026557565317944e+01 7.768198370349004733e+01 9.278034548808172133e+01 1.105172325646992562e+02
3.640566817083570328e+01 3.864977493074792392e+01 5.413403671788482541e+01 6.009198358270989360e+01 6.661295698185816150e+01 7.655092910038398202e+01 9.149327696146382038e+01 1.081499237646406613e+02
3.551165183906519474e+01 3.736331133113311154e+01 5.210498605062602451e+01 5.962699267925561486e+01 6.627897063873626848e+01 7.543604252400548660e+01 9.028445556774548209e+01 1.072641857852815122e+02
3.466764142215173194e+01 3.719465453802126120e+01 5.206139485854189530e+01 5.788867616758241752e+01 6.389010584137191984e+01 7.482162751677851986e+01 8.682273489932885013e+01 1.041805696846388685e+02
3.466690396700707311e+01 3.682905802485814206e+01 5.144639647137150007e+01 5.713944636398863253e+01 6.381906014658417803e+01 7.234338624338624868e+01 8.654280969063987072e+01 1.022812894754338089e+02
3.404294458338817719e+01 3.583286912751677278e+01 4.991781614662607325e+01 5.537522797892461313e+01 6.210002626719307273e+01 7.053521103020496241e+01 8.337464257863268813e+01 1.026577648409314634e+02
3.368300816405245257e+01 3.509061870594159416e+01 4.936756824234353758e+01 5.480155937187187476e+01 6.151923964653126120e+01 6.985385845035105490e+01 8.224627181557697497e+01 9.939737163421374078e+01
3.270650430423008004e+01 3.435073096669170667e+01 4.811309977151561412e+01 5.282270342057528012e+01 6.021803474329792749e+01 6.926472286374134057e+01 8.069598854326676474e+01 9.851145655067502105e+01
3.173594388732754368e+01 3.384390169902912504e+01 4.667956250000000296e+01 5.218829652313783640e+01 5.698370740081383445e+01 6.718055905313522658e+01 7.952558387744852553e+01 9.513669641173883917e+01
3.133310765868491288e+01 3.264015429831006543e+01 4.558793319862846261e+01 5.177164890981169521e+01 5.810228001343429582e+01 6.596175896560136209e+01 7.726492594641101164e+01 9.438862726992921637e+01
3.086836441893830951e+01 3.242329684442270121e+01 4.565946261682243090e+01 5.039840490797546124e+01 5.666610954367025954e+01 6.530461354010961372e+01 7.624810606060606233e+01 9.290496549196849685e+01
2.974767691992507679e+01 3.186903877637642424e+01 4.397389785921625105e+01 4.965912105136243326e+01 5.432410724904853083e+01 6.406645828464594672e+01 7.383450108721913807e+01 8.947294524651050551e+01
2.916572604350382036e+01 3.116156930992736207e+01 4.265848847517730036e+01 4.772009635537960293e+01 5.439774987943091844e+01 6.281771333413345815e+01 7.330293848785090915e+01 8.858343506222831820e+01
2.867376506200280772e+01 3.082340424736968032e+01 4.182472315531769880e+01 4.808232393731988452e+01 5.277828250286368927e+01 6.081715504013220652e+01 7.163807582965885956e+01 8.775575894693541557e+01
2.808101477718771832e+01 2.964782021168213433e+01 4.168736982266127455e+01 4.618605573176257195e+01 5.221915130183788989e+01 6.038255314915870997e+01 7.089710170282249635e+01 8.600349286992667430e+01
2.786190712886122611e+01 2.958778516845158180e+01 4.099134113104701527e+01 4.542981651376147312e+01 5.087146252796420498e+01 5.815831334247201312e+01 6.891047953818015515e+01 8.372635078032564593e+01
2.738122721317078856e+01 2.876537690033783790e+01 3.975609259051045541e+01 4.511739807474518926e+01 4.956293521689497794e+01 5.690312710532225537e+01 6.732550426136363342e+01 8.166972522497029274e+01
2.643722757513191013e+01 2.800343331136014058e+01 3.900713636864126954e+01 4.421626482864674301e+01 4.914419790518191888e+01 5.658017917133258834e+01 6.587057303123626184e+01 8.074141189779813033e+01
2.564957173447537286e+01 2.808478316467595803e+01 3.846451550813902287e+01 4.286663255144944173e+01 4.795122137616718305e+01 5.556058221604533998e+01 6.619961945731303388e+01 7.924654715209103983e+01
2.527275520723197033e+01 2.693165160235624711e+01 3.774265841825671686e+01 4.175248171722643775e+01 4.705694437117535500e+01 5.443194227243313321e+01 6.389968689788054235e+01 7.810827389252386865e+01
2.500038008989952232e+01 2.606132472826087110e+01 3.614568595927116945e+01 4.057216528622353025e+01 4.617911370056497589e+01 5.324663719185423361e+01 6.329663184821999522e+01 7.667425722698072832e+01
2.436221233487104243e+01 2.571296783862605295e+01 3.504096988902463750e+01 4.040021894038294192e+01 4.502467650103519503e+01 5.243150105708244979e+01 6.201955585888282485e+01 7.599078565779066707e+01
2.355339665333614008e+01 2.556382248219735587e+01 3.553271861587982983e+01 3.908540719696969745e+01 4.443233361593895836e+01 5.077413060980677528e+01 6.038808654848800472e+01 7.492622801064884186e+01
2.315332643672252644e+01 2.502329373104145560e+01 3.401557003931305445e+01 3.816747624076029410e+01 4.401725227502527815e+01 4.991052437410950660e+01 5.959910677137507662e+01 7.283277951024997776e+01
2.301793814432989649e+01 2.424490115115115074e+01 3.360503108148591878e+01 3.784567870609247819e+01 4.288826085848287306e+01 4.895287830633586168e+01 5.812502516103059236e+01 7.060895674749205853e+01
2.260877058536835449e+01 2.402216039668265424e+01 3.277431800079649804e+01 3.679200809370601633e+01 4.192414613029512083e+01 4.809545753173343741e+01 5.697458008398319862e+01 6.943039637655772367e+01
2.181343901699029431e+01 2.316749446407245472e+01 3.282037654969006013e+01 3.634490431273519562e+01 4.145532880380876861e+01 4.721726057213930261e+01 5.659494265374728172e+01 6.946517008504252999e+01
2.159252562505987427e+01 2.324655967528001810e+01 3.181351338151982588e+01 3.559957866548742089e+01 3.985862823896353291e+01 4.582031097322649771e+01 5.574425146771037021e+01 6.653398210831721826e+01
2.091639189124845188e+01 2.244457223962411874e+01 3.067709139264990270e+01 3.498014489660405957e+01 3.945799938725490108e+01 4.593882390041888897e+01 5.388823203621652880e+01 6.526110963599498405e+01
2.062535075620660052e+01 2.176805717903759785e+01 2.989632945700518718e+01 3.441761695195486936e+01 3.895629456746106456e+01 4.508111370526110306e+01 5.346845104108047053e+01 6.474828022739215783e+01
1.981728889987755338e+01 2.144066754047093326e+01 2.996661273183925900e+01 3.382480047056652239e+01 3.786545354616708181e+01 4.437775244149622011e+01 5.219308778771162594e+01 6.350585018814675209e+01
1.975221161066266262e+01 2.106830079553767376e+01 2.918425195932077187e+01 3.269850725183650297e+01 3.730535591864716594e+01 4.345928348255922202e+01 5.054606244175209895e+01 6.221478172306836996e+01
1.925398513462976879e+01 2.057737322307271910e+01 2.880495591191520433e+01 3.199395642201834988e+01 3.652997188139059404e+01 4.167863676361615433e+01 4.989573522622345081e+01 6.074682295728770498e+01
1.886138242357070283e+01 2.027254614093959617e+01 2.754567785507770239e+01 3.134459747665230012e+01 3.591527840909090941e+01 4.071295117609949443e+01 4.884590128852045865e+01 5.979599403174029248e+01
1.857059805269694763e+01 1.953676652985747708e+01 2.763813365090778262e+01 3.096241024359207117e+01 3.519555973985338682e+01 4.074012107807369176e+01 4.841336148648648674e+01 5.929144239902302616e+01
1.819234843898642140e+01 1.921246947257573012e+01 2.686820240007137883e+01 3.036563167378536932e+01 3.428212642418930756e+01 3.941536729036729270e+01 4.766168069087688508e+01 5.798172352680549579e+01
1.801786508504729767e+01 1.897859091709205970e+01 2.626068385453267595e+01 2.967925332332761457e+01 3.385886979724901380e+01 3.918554446500969846e+01 4.597424667133847009e+01 5.605970644557601190e+01
1.739080911020620235e+01 1.861981896207141318e+01 2.540489027520619558e+01 2.925566533321610763e+01 3.287421368560218582e+01 3.840883225990186389e+01 4.571164213588909320e+01 5.597904976293009582e+01
1.726673982570618904e+01 1.841593239430688911e+01 2.519142678759201104e+01 2.879174235383575464e+01 3.240602859858303475e+01 3.737188396321916173e+01 4.485849372837370197e+01 5.542920743220048507e+01
1.685398329345411028e+01 1.803413497428666190e+01 2.480959123172390335e+01 2.814110386535812580e+01 3.134969270833333255e+01 3.707281191409578724e+01 4.383590974454407529e+01 5.352873696652454782e+01
1.660638129587445988e+01 1.742772593116062296e+01 2.423398379207428377e+01 2.698854458546233914e+01 3.106962159863945416e+01 3.611384151934623077e+01 4.309043021112600513e+01 5.300568158211807912e+01
1.604869624620189228e+01 1.704138340042721111e+01 2.381763797364085633e+01 2.701854076897580370e+01 3.026887999508679883e+01 3.513087169960146383e+01 4.233550254557398773e+01 5.159113178805220201e+01
1.573939252430304592e+01 1.666539242393092124e+01 2.310602972661396848e+01 2.611421460176991260e+01 2.983095022251524853e+01 3.441022401800327657e+01 4.107354317508639241e+01 5.102707389872375643e+01
1.557365337583192932e+01 1.658593368716447358e+01 2.287557114882506681e+01 2.564213726298433826e+01 2.909106288207850710e+01 3.398216654606849829e+01 4.060381764157066442e+01 4.977260297645671727e+01
1.523321058050209942e+01 1.591080368772387033e+01 2.197633664750039983e+01 2.534167977244485925e+01 2.859278634361233529e+01 3.372364254985525633e+01 3.968158241518706575e+01 4.934411464993606700e+01
1.487885660207123983e+01 1.587681852409638594e+01 2.147368040561381974e+01 2.468396183529982224e+01 2.803486578216599767e+01 3.269671099571904449e+01 3.954723139845839341e+01 4.817657501282101862e+01
1.448707529978838515e+01 1.530908158066748825e+01 2.114077960421321478e+01 2.445745430312261703e+01 2.780941015686896023e+01 3.236273857947434607e+01 3.836320717755837961e+01 4.766784421347658451e+01
1.415150381455398865e+01 1.508047853651084580e+01 2.058035679630492254e+01 2.357803829078801527e+01 2.685567396313363986e+01 3.135160910968334491e+01 3.768213867187500199e+01 4.675020903822968421e+01
1.398566982938718617e+01 1.475621690620272197e+01 2.033202947200728161e+01 2.316960944587239268e+01 2.608814585264133612e+01 3.094587430854332766e+01 3.699898755526757554e+01 4.553094450150253181e+01
1.373076223481657365e+01 1.456047802425429261e+01 1.963965680929463176e+01 2.269213240810202592e+01 2.601371939841767045e+01 3.050019838270858230e+01 3.629421657172837712e+01 4.456298824457297769e+01
1.351885067238067073e+01 1.412842353404318985e+01 1.948619273094774940e+01 2.218049731792082113e+01 2.557627759298457804e+01 2.946532518278126034e+01 3.559692176163844834e+01 4.366198347107438593e+01
1.313527972538708610e+01 1.383191393473089370e+01 1.894046884350688131e+01 2.173645941534352488e+01 2.471263844360245088e+01 2.907421468643186202e+01 3.470909683460634199e+01 4.301422044704747805e+01
1.296824940200057874e+01 1.347151798961424340e+01 1.791606067518248224e+01 2.141941174319976682e+01 2.423821402077151177e+01 2.877482932973130758e+01 3.402724605089951382e+01 4.250305146653940369e+01
1.273626191975530908e+01 1.322120934134828296e+01 1.707835944103972992e+01 2.085718827205348092e+01 2.379137698637911313e+01 2.795399495835160053e+01 3.327567269004167372e+01 4.149360828632002551e+01
1.237394294848703247e+01 1.290724955673758778e+01 1.646942498338502503e+01 2.045350306006262642e+01 2.320746705710102376e+01 2.760204253583085077e+01 3.305912923390027203e+01 4.105956155204093250e+01
1.204013738915903886e+01 1.266287634314820032e+01 1.562228323468953839e+01 1.963335647159333774e+01 2.274921081405191714e+01 2.675200037133965481e+01 3.219025070871722249e+01 4.013699939803831285e+01
1.186332796276405332e+01 1.229313678421787692e+01 1.514335064594972025e+01 1.961215287529841333e+01 2.241885507911839426e+01 2.641445145803698580e+01 3.130713268392178961e+01 3.928514001408947109e+01
1.146315079531918002e+01 1.203932266477822211e+01 1.419782026933701680e+01 1.888776626913001522e+01 2.199077025915261174e+01 2.581859139231824685e+01 3.122371422646204664e+01 3.884438327885773390e+01
1.146943604295521091e+01 1.160755849115288996e+01 1.383338802155291525e+01 1.871237121421656724e+01 2.143931574923547601e+01 2.519707843580470197e+01 3.058387793914246089e+01 3.805378389596015154e+01
1.103997136703619475e+01 1.152445145821936556e+01 1.329568938335151351e+01 1.802962074117323610e+01 2.106443733153638931e+01 2.472474862119988970e+01 3.020137474541751743e+01 3.715203196735249236e+01
1.074950453476654388e+01 1.118651972029635644e+01 1.287286768679908100e+01 1.741196292302587878e+01 2.073041133641807576e+01 2.442007761988146441e+01 2.950489685526138928e+01 3.723521341978185006e+01
1.081250103121699979e+01 1.120240493925614089e+01 1.254526496066831420e+01 1.704953376504801810e+01 2.021381944444444656e+01 2.371095638597904909e+01 2.879701580307447273e+01 3.634538873594480890e+01
1.047718063641174879e+01 1.092892864090260652e+01 1.249394184168012956e+01 1.611600491536877300e+01 1.970339218392351910e+01 2.330450751659508057e+01 2.836098217831612445e+01 3.527722747799716529e+01
1.028440330952853188e+01 1.061747012273901802e+01 1.207444047541197918e+01 1.559206296048224871e+01 1.931776281802918760e+01 2.296855528304388017e+01 2.753253635438550262e+01 3.504586004448223946e+01
9.876179071932574161e+00 1.026601055455596878e+01 1.176240494909137979e+01 1.523367645169578743e+01 1.896819218083042102e+01 2.214165248522990126e+01 2.704859360863384055e+01 3.454497848731884346e+01
9.720648354962825977e+00 1.019254089898348070e+01 1.140977694458566383e+01 1.477074703670660227e+01 1.835022919605077618e+01 2.181085020502306548e+01 2.666218010236724467e+01 3.320356882160652390e+01
9.572600127392492553e+00 1.004462024560397637e+01 1.145185977748023376e+01 1.435231472706595746e+01 1.787021833991591180e+01 2.177057506341154181e+01 2.592441012304960068e+01 3.304869345455701790e+01
9.410112554848279132e+00 9.850897206756927815e+00 1.084420022856242127e+01 1.358206538948701869e+01 1.759346233984326346e+01 2.098447212207856438e+01 2.580359970835423766e+01 3.241536364207813392e+01
9.167253179020022458e+00 9.541688896560382105e+00 1.073159235964803493e+01 1.326349143498585370e+01 1.717196104505632093e+01 2.070395303495364558e+01 2.511338745056846022e+01 3.179587589416799531e+01
8.980402090443686092e+00 9.385440101237344734e+00 1.048232529704752736e+01 1.289486199179410519e+01 1.700637303149606439e+01 2.025265482639743908e+01 2.469513143449621850e+01 3.105830179572825145e+01
8.900488933848324180e+00 9.097806400431085905e+00 1.027710873983739859e+01 1.249609046704286186e+01 1.648869610320728896e+01 1.950142941640378424e+01 2.422945976798716572e+01 3.083081034640065710e+01
8.605192299019902791e+00 8.967541055674773887e+00 1.000223348123276068e+01 1.197494559593377161e+01 1.621380861906445148e+01 1.951057513775754870e+01 2.351817126847734585e+01 3.016208698457475279e+01
8.459108011553663431e+00 8.830888013739192743e+00 9.940315917736567641e+00 1.156466972394837356e+01 1.571648903270576980e+01 1.900329679417779261e+01 2.306398453392365866e+01 3.002882917265325347e+01
8.258926819142512699e+00 8.547448309933932009e+00 9.643400832841981796e+00 1.115599215263096156e+01 1.544909137228260931e+01 1.869343009199198136e+01 2.289306842322672253e+01 2.919929906197457115e+01
8.191273253143480204e+00 8.427797615556077204e+00 9.393588997288375708e+00 1.102191326680796024e+01 1.495873783715840410e+01 1.814993895484852260e+01 2.245027857814888961e+01 2.886314683622282828e+01
8.023377258602831574e+00 8.231629795882559719e+00 9.178379343516791522e+00 1.066960032531660296e+01 1.451688196826758137e+01 1.781988151589527902e+01 2.223975688418373053e+01 2.809991548417050922e+01
7.838907974849209204e+00 8.042938264414676297e+00 8.992039958544449263e+00 1.043538156767561453e+01 1.409600135190138381e+01 1.745160716319325900e+01 2.154069817493112993e+01 2.781038062158805246e+01
7.652572378159872457e+00 7.890269639127407864e+00 8.691085980086771912e+00 1.020275709833794942e+01 1.363793686583990983e+01 1.711539155409306190e+01 2.108880143391521145e+01 2.719445965356391426e+01
7.602253329383217739e+00 7.928192558203990714e+00 8.633605477771363113e+00 9.976451659831521823e+00 1.333168429708146618e+01 1.666964610625909771e+01 2.072434275793650826e+01 2.662250788465870599e+01
7.366948217080259376e+00 7.559944404591104394e+00 8.478363040510419779e+00 9.717318311490227956e+00 1.294519050966368212e+01 1.634121434121434291e+01 2.043246987867605924e+01 2.643343521377506988e+01
7.371634337255898117e+00 7.392007165254703693e+00 8.190265258021833361e+00 9.523652869302580370e+00 1.254769415101721464e+01 1.599910983579088430e+01 1.970244851068541792e+01 2.587125683098005524e+01
7.146043466146558387e+00 7.308260341628465717e+00 8.162516907585528614e+00 9.222912178212352430e+00 1.213797590924074221e+01 1.572864074375678634e+01 1.967797034456271277e+01 2.541657588588341810e+01
6.976077456550801692e+00 7.107856020835599864e+00 7.968361589620584162e+00 9.094127096861472026e+00 1.175266109298531880e+01 1.551717311486190276e+01 1.914509171195652115e+01 2.500254669218448811e+01
6.881194472522210503e+00 7.052815489780386748e+00 7.787715634154280586e+00 8.817334725406704266e+00 1.144011167868589673e+01 1.499702022432808590e+01 1.887769757454623942e+01 2.449500101159967613e+01
6.751789115826234422e+00 6.911978830319664091e+00 7.598527344578823950e+00 8.738690460663606885e+00 1.126530074250754687e+01 1.477649319221359292e+01 1.827955274742760139e+01 2.437369504215762106e+01
6.616093246420457596e+00 6.678862431370437669e+00 7.447873736391912303e+00 8.483683127432959381e+00 1.082932768035282933e+01 1.439762144390767418e+01 1.789762897034076516e+01 2.386473702367052141e+01
6.531987469173050620e+00 6.606196037371134366e+00 7.309426091750027332e+00 8.236083934088568981e+00 1.054987510573059772e+01 1.413666020671834644e+01 1.769624097068438218e+01 2.330998117440243433e+01
6.369639914735575559e+00 6.421344590951108877e+00 7.118201890300588808e+00 8.037298202314863360e+00 1.025085500409123540e+01 1.378433985473289525e+01 1.742026482721045966e+01 2.314965935827494192e+01
6.218444152388369339e+00 6.256853238607271273e+00 6.969994660032743816e+00 7.886661140413765203e+00 9.987643569642671082e+00 1.346073628852916748e+01 1.697326163628874340e+01 2.269406188201453389e+01
6.143559632375735546e+00 6.268406927283775687e+00 6.775159897054326308e+00 7.755987075519513496e+00 9.600845326031583582e+00 1.327131227263540758e+01 1.675795529549147034e+01 2.231917696336409662e+01
6.137064774934023248e+00 6.081620754645141069e+00 6.647874507973354774e+00 7.635773336390502486e+00 9.448381837218690293e+00 1.296356546349883132e+01 1.631730744853463122e+01 2.229224117154599583e+01
5.890201512191502786e+00 6.022312776854927385e+00 6.490095020940559678e+00 7.410861784140968744e+00 9.074905989376489401e+00 1.267967264585209719e+01 1.613600224663005278e+01 2.169583687739223876e+01
5.772905742975861010e+00 5.891692302862883146e+00 6.402024062873357124e+00 7.219442821112204811e+00 8.800506782262935701e+00 1.240186492438610522e+01 1.558744109623015817e+01 2.105372282811682894e+01
5.679915487517779304e+00 5.694347916874439086e+00 6.259380586828371840e+00 7.051655911170794155e+00 8.613804181632850998e+00 1.209083415354330704e+01 1.554523989652479621e+01 2.121670867432459318e+01
5.641376827342181599e+00 5.651474152827109521e+00 6.170457646883683367e+00 6.899381652152878353e+00 8.337480007381889990e+00 1.186280274766673237e+01 1.519525350593311863e+01 2.075377997755495230e+01
5.512591938493601518e+00 5.538790806428434799e+00 6.007716203233758989e+00 6.772826390236800442e+00 8.176864244741873122e+00 1.158869489712527745e+01 1.492858459437246132e+01 2.040660767210428617e+01
5.382509513767694820e+00 5.409726197290592786e+00 5.952961524221287881e+00 6.619945688582639320e+00 7.967316137115608932e+00 1.131867121215773153e+01 1.470656039054966335e+01 2.002844379506095862e+01
5.325352274375211969e+00 5.375654620853079990e+00 5.699992334182470088e+00 6.439502901468498131e+00 7.725004132036267457e+00 1.099376442353445071e+01 1.433164062500000036e+01 1.975877867108063413e+01
5.159819313484137027e+00 5.265899445517046473e+00 5.628498470920877850e+00 6.283547924550615171e+00 7.605994152046783086e+00 1.076280196497323693e+01 1.415822672771903257e+01 1.971349319123741850e+01
5.224039965260145024e+00 5.151345604486033736e+00 5.513529749624906273e+00 6.129075450028127037e+00 7.386186259806183152e+00 1.048984345745178892e+01 1.380452013586200444e+01 1.925177553499672811e+01
5.087032053341902227e+00 5.021800581231175009e+00 5.433917672333920201e+00 6.037406780633317815e+00 7.300485349816504765e+00 1.021321416204986043e+01 1.357418941781774357e+01 1.915529837419115466e+01
4.966825804214242801e+00 4.995839018129682785e+00 5.287710553648843792e+00 5.885083372201492580e+00 7.035875011335812168e+00 9.966051636987570461e+00 1.325780391326250118e+01 1.868460134964826480e+01
4.897791700022873229e+00 4.896478746397693982e+00 5.166033749768002892e+00 5.832842165950205882e+00 6.975141195822214257e+00 9.673889353148432235e+00 1.301103226174190652e+01 1.842920065812024433e+01
4.837194472156720160e+00 4.783530797748793972e+00 5.103219825250610242e+00 5.699411855072130884e+00 6.786571446199407553e+00 9.390298541066281146e+00 1.273188313091339197e+01 1.832141669859586486e+01
4.780887272975555824e+00 4.708444491051454683e+00 5.065821757196328434e+00 5.563735010860892061e+00 6.594827342121953428e+00 9.167395918460002235e+00 1.252850310093139896e+01 1.804362073987766024e+01
4.623090674096951957e+00 4.627204162252825270e+00 4.892657040893348963e+00 5.390013935586621230e+00 6.410462399717888005e+00 8.917627081507449205e+00 1.229042832167832167e+01 1.793318541251935372e+01
4.622998300843568664e+00 4.565012860990902865e+00 4.814871811449071615e+00 5.301091269841269771e+00 6.357529473336271941e+00 8.762304860496014314e+00 1.213544149452683563e+01 1.772063058233109345e+01
4.568555998322148426e+00 4.510358415570174806e+00 4.761895996945899157e+00 5.187382316992600551e+00 6.127787030205711361e+00 8.497886716035441879e+00 1.184977544257434445e+01 1.756618159447747374e+01
4.480799861866620937e+00 4.397595969421306705e+00 4.661063913658112234e+00 5.096439418158567491e+00 5.975734015443171288e+00 8.365448245387135273e+00 1.175450676961674823e+01 1.715734999458464216e+01
4.408610684027180149e+00 4.391562594877688852e+00 4.621635298295454497e+00 4.958257421023964717e+00 5.794149509596685732e+00 8.078043527852610595e+00 1.139432808096336203e+01 1.702747476479286703e+01
4.336446938580063026e+00 4.286895019613190527e+00 4.552455357142857650e+00 4.934653127623845670e+00 5.702902652005175099e+00 7.881292003391675571e+00 1.116917593027225486e+01 1.678206579648374941e+01
4.292965912004786055e+00 4.219441568356760541e+00 4.427354651471964608e+00 4.783732975407736454e+00 5.583721564677243343e+00 7.720947765571672505e+00 1.096249735169491579e+01 1.654923789203955664e+01
4.214759895196322326e+00 4.179622788027108626e+00 4.311968291552054744e+00 4.673436449844577290e+00 5.452921141240198999e+00 7.501536810041104175e+00 1.066779897026617263e+01 1.641264587777638440e+01
4.232598969061330152e+00 4.120362379409573172e+00 4.257908830892088936e+00 4.545241559055765990e+00 5.331153321201091977e+00 7.310241977225672372e+00 1.052895600169323664e+01 1.616601788668321049e+01
4.104809787601045201e+00 4.051925472419782182e+00 4.159101659429280673e+00 4.470173892180589803e+00 5.231957168737059405e+00 7.151182993112604969e+00 1.037261538381828707e+01 1.599134150892542650e+01
4.097469212446786635e+00 3.997129905089352064e+00 4.141466445199835533e+00 4.411978013246391050e+00 5.085938137494899536e+00 6.990863627132411828e+00 1.017637120995423317e+01 1.587003398675387977e+01
4.020681483201421713e+00 3.950763051591207109e+00 4.060398382584632593e+00 4.308172570697953674e+00 5.011156341821743077e+00 6.814817721092601310e+00 9.980590286217793761e+00 1.577952242869577404e+01
3.987586777748858946e+00 3.889694303449119150e+00 3.962845816464237725e+00 4.191772948780687180e+00 4.926106381919553634e+00 6.628120473929836720e+00 9.803190756513025406e+00 1.563022335020263220e+01
4.015126336455909772e+00 3.847935970451684007e+00 3.915456703370511882e+00 4.111466404775016237e+00 4.730629523126061109e+00 6.430303327831689231e+00 9.608590622497999334e+00 1.551745504495504413e+01
3.943737016618728219e+00 3.754373485639429742e+00 3.930623165847080713e+00 4.011081515603581060e+00 4.647392022657540700e+00 6.274673533380964230e+00 9.451551290354723633e+00 1.551125290541748569e+01
3.811120687951949915e+00 3.751163401704900036e+00 3.847984134652924215e+00 3.959047711404188874e+00 4.584018089382832173e+00 6.156615328316566327e+00 9.253879293444164489e+00 1.515894274376417172e+01
3.786478446312579127e+00 3.728935203169917223e+00 3.734141591457247333e+00 3.886341197636320910e+00 4.466027259604168798e+00 5.964546372545183495e+00 8.976654476259161797e+00 1.539817179761095467e+01
