nan nan nan nan nan nan nan 0.000000000000000000e+00
9.194425781250000000e+03 nan nan nan 5.743403320312500000e+03 1.572290893554687500e+03 nan -3.235573120117187500e+02
6.969064062500000546e+03 nan nan 5.944255208333333030e+03 nan 8.957287109375000000e+03 7.911066406250000000e+03 1.075393164062500000e+04
6.695037597656250000e+03 nan 6.164841145833333030e+03 nan 8.537824218750000000e+03 1.037909765625000000e+04 1.548794270833333212e+04 1.121418554687500000e+04
1.008029166666666606e+04 5.844891276041666060e+03 nan 7.947357421875000000e+03 nan 9.554890625000000000e+03 5.190114908854166060e+03 7.637543870192308532e+03
8.155399147727272975e+03 7.149750781250000728e+03 6.765868303571428442e+03 nan 9.832194602272727934e+03 1.139432291666666606e+04 1.917834375000000000e+04 3.693107954545454413e+04
5.710499511718750000e+03 7.667769097222221717e+03 7.910823437500000182e+03 7.731242187500000000e+03 7.162196289062500000e+03 1.463537500000000000e+04 1.454573632812500000e+04 2.000691319444444161e+04
3.682441080729166515e+03 6.606689453125000000e+03 5.298105794270833030e+03 5.542532366071428442e+03 6.624087357954545951e+03 1.508074639423076951e+04 1.876102840909090810e+04 2.084172222222222263e+04
5.408970805921052488e+03 5.607655133928571558e+03 4.707333333333333030e+03 6.873800480769231399e+03 1.319239285714285688e+04 1.482935937500000000e+04 1.561395793269230853e+04 1.593129336734693788e+04
4.955266983695652016e+03 5.591604567307692378e+03 5.176337775735293690e+03 7.221743652343750000e+03 9.594446874999999636e+03 1.195670000000000073e+04 1.176935243055555475e+04 1.613825856164383549e+04
4.917689644607842638e+03 4.204381076388888687e+03 4.988561079545454959e+03 8.384614809782608063e+03 1.255855330882352973e+04 1.111600284090909190e+04 1.286162907608695605e+04 1.515342532467532510e+04
4.184787946428570649e+03 5.022312500000000000e+03 4.530617857142857247e+03 6.479652343750000000e+03 6.613195075757575978e+03 8.591690476190475238e+03 1.189648437500000000e+04 1.094446811224489647e+04
4.632634221311475812e+03 3.926582317073170998e+03 4.416246093750000000e+03 7.453810810810810835e+03 7.308402777777777374e+03 9.492231418918920099e+03 9.470434027777777374e+03 1.374888068181818198e+04
3.628104710820895434e+03 3.340062118902439124e+03 4.223875919117646845e+03 5.383843211206896740e+03 6.599233333333333576e+03 7.831983901515151956e+03 8.910849662162163440e+03 1.146671379310344855e+04
3.555086753731343379e+03 3.450452752976190368e+03 4.024750694444444434e+03 5.994578125000000000e+03 6.000375000000000000e+03 6.825986607142856883e+03 7.650142736486486683e+03 8.558313271604938564e+03
2.715359154929577471e+03 2.921799768518518249e+03 4.011625000000000000e+03 5.127113932291666060e+03 5.256958333333333030e+03 5.794643750000000182e+03 6.758183125000000473e+03 8.270920572916666060e+03
2.678218211206896740e+03 2.602709316037735789e+03 4.609600694444444343e+03 4.360010841836734471e+03 5.088771033653846644e+03 5.754250000000000000e+03 6.370122549019607504e+03 6.712892766497461707e+03
2.341994181034482608e+03 2.567147321428571104e+03 3.682390046296296077e+03 3.756853070175438461e+03 4.655684570312500000e+03 5.213349431818181984e+03 5.495309895833333030e+03 6.990135040160642347e+03
2.407500428082191775e+03 2.306511439732142662e+03 2.927860119047618809e+03 3.558785015060241221e+03 4.499763541666666242e+03 4.907153769841269423e+03 5.225442708333333030e+03 6.126771245059288049e+03
2.314862418831169180e+03 2.577243489583333485e+03 3.118599283854166515e+03 3.767012883771929410e+03 3.931250363372093034e+03 4.491514285714285506e+03 5.184103896103896659e+03 5.887724590163934408e+03
2.187829795597484463e+03 2.440810837765957331e+03 3.202362259615384573e+03 3.121219706632653015e+03 4.063792808219177914e+03 4.185845880681818016e+03 4.897953313253012311e+03 5.227294728434504577e+03
1.949813244047619037e+03 2.412246694711538566e+03 3.099539325842696599e+03 3.079194490131578732e+03 3.423301980198019919e+03 3.998424418604651237e+03 4.613052205882352609e+03 5.600084217506630921e+03
1.898484289617486411e+03 2.146502784653465369e+03 2.726727594339622556e+03 2.991173165137614887e+03 3.510036458333333030e+03 3.675922023809524035e+03 4.072912109375000000e+03 5.233471393034826178e+03
1.735904464285714312e+03 1.956288665254237230e+03 2.550073761261261097e+03 2.900214204545454322e+03 3.140912815126050191e+03 3.589749410377358345e+03 4.211719846491228054e+03 4.836122471910112836e+03
1.745451886792452797e+03 2.058779057017543892e+03 2.315160338785046406e+03 2.788316371681416058e+03 2.705064732142856883e+03 3.183596376050420076e+03 3.785673793859648868e+03 3.995107798165137865e+03
1.604792033450704366e+03 1.760375999999999976e+03 2.205355916030534445e+03 2.462022865853658914e+03 2.573995437956204114e+03 2.762109980620155056e+03 3.537176757812500000e+03 3.889640018484288248e+03
1.419863932291666515e+03 1.840088709677419274e+03 1.957783582089552283e+03 2.192221026490066379e+03 2.542395833333333030e+03 2.871145168439716144e+03 3.033068933823529278e+03 3.791281192660550460e+03
1.367258486421725138e+03 1.678055175781250000e+03 1.762721098265895762e+03 2.083515507518796767e+03 2.348755362426035390e+03 2.771940401785714130e+03 2.993827837423312758e+03 3.633452564102563883e+03
1.332116220735785873e+03 1.602456071428571477e+03 1.900730357142856974e+03 1.931643448795180802e+03 2.248516964285714039e+03 2.365049301242235742e+03 2.838313133445946278e+03 3.374078376205787663e+03
1.218138836596385545e+03 1.632833444148936223e+03 1.682210227272727252e+03 1.953880613772455263e+03 1.971462605337078685e+03 2.306427140883977700e+03 2.741190606725146154e+03 3.172621255349500643e+03
1.288069359756097583e+03 1.462750654450261891e+03 1.596160979729729888e+03 1.725165081521739012e+03 1.940113035714285616e+03 2.281219512195122206e+03 2.504126041666666879e+03 3.144606456043956314e+03
1.209556267556179819e+03 1.516010841836734471e+03 1.641682240099009960e+03 1.923558823529411711e+03 1.827213567073170680e+03 2.223363719512195075e+03 2.354879748774509608e+03 2.972716878980891579e+03
1.164350919913419830e+03 1.502553743961352666e+03 1.502183121980676333e+03 1.648267045454545496e+03 1.868990625000000136e+03 2.005932449494949651e+03 2.305769801980197826e+03 2.699389606396064210e+03
1.092954748376623456e+03 1.485074127906976628e+03 1.447064892344497594e+03 1.547129651162790651e+03 1.683791843220338933e+03 1.994820101351351241e+03 2.458545154185022056e+03 2.676990836197021963e+03
1.021613288954635209e+03 1.217043151285046633e+03 1.427041024229074992e+03 1.557712898406374507e+03 1.665990406976744225e+03 1.858206454918032932e+03 2.086878246753246913e+03 2.492525880469584081e+03
9.967015881147541450e+02 1.193134659090909054e+03 1.315426649305555429e+03 1.404129566210045596e+03 1.586613492779783428e+03 1.775009248878923700e+03 2.042919485294117521e+03 2.321598294884654024e+03
9.826945641762451942e+02 1.153319010416666515e+03 1.175589006696428442e+03 1.302647427721088434e+03 1.522481713973799060e+03 1.595358934859154942e+03 1.888077213035019440e+03 2.164194390243902490e+03
8.847269100580271015e+02 1.171908333333333303e+03 1.160163514760147564e+03 1.284151084710743817e+03 1.483350913621262407e+03 1.710359040178571377e+03 1.820415553435114361e+03 2.266868800721370462e+03
8.353529986213235361e+02 1.093924166666666679e+03 1.111698151125401864e+03 1.158358815146579900e+03 1.333926196808510667e+03 1.471745879120879181e+03 1.689684948979591809e+03 2.134899495374264006e+03
7.904555921052631220e+02 1.010739103618421041e+03 1.086640068770226662e+03 1.171771274429967434e+03 1.300297638436482202e+03 1.482540079365079464e+03 1.660546975160256352e+03 1.896257073565076780e+03
8.203185840707964189e+02 1.056657220496894297e+03 1.087208922955974913e+03 1.165596721625766804e+03 1.296017472044728493e+03 1.397635485197368325e+03 1.647255384615384628e+03 1.921043171114599772e+03
8.010695196211096345e+02 9.479783805031446491e+02 1.033195619335347374e+03 1.146471645367412066e+03 1.227026026912181351e+03 1.343580809859154897e+03 1.566379092261904589e+03 1.902370845921450154e+03
7.697720279720280132e+02 8.794901889534883139e+02 9.994496026011560161e+02 1.029192159383033413e+03 1.197280156705539412e+03 1.287001157407407391e+03 1.534741096368715034e+03 1.765347826086956502e+03
7.479077653997378548e+02 8.501984011627906739e+02 9.565724122276029675e+02 9.589905884502923072e+02 1.118138617758186456e+03 1.267108618233618245e+03 1.416451997422680279e+03 1.698367567567567676e+03
7.245274390243902189e+02 8.868416210462287381e+02 9.311003151260504183e+02 9.770378649635036936e+02 1.058069965277777783e+03 1.205596951219512221e+03 1.350737681878306830e+03 1.635790999359384841e+03
7.340891009055627592e+02 8.286181366822429482e+02 8.975555809002432852e+02 9.406531494778067781e+02 1.023144132653061206e+03 1.152993264411027440e+03 1.343958753148614505e+03 1.549916514041514120e+03
6.644329192546583727e+02 7.703902316933638303e+02 8.082104952830188722e+02 9.207497037914693010e+02 9.670713619402985159e+02 1.169090052204176345e+03 1.299096118581907149e+03 1.474959958628841605e+03
6.326114532019704484e+02 7.454467361111111359e+02 8.020911343612335713e+02 8.435467746252677443e+02 9.478851351351351013e+02 1.070790209288990809e+03 1.228941905286343626e+03 1.445315891472868088e+03
6.315819486404833469e+02 7.131780979437229462e+02 7.490779532967032992e+02 8.408510044642856656e+02 8.880751358695652016e+02 1.056353427419354830e+03 1.173801486784141161e+03 1.452662637362637270e+03
6.071827689243027635e+02 7.037350514069264591e+02 7.639717741935484128e+02 7.727598892405062543e+02 9.164903273809522943e+02 9.983246703853955069e+02 1.183344657676348561e+03 1.349287718369507729e+03
6.040090332031250000e+02 6.892460937500000000e+02 7.233375123517786278e+02 7.592830668604650555e+02 8.505195230607967005e+02 9.381196428571429351e+02 1.095190119760478865e+03 1.329592711948438136e+03
5.873512511584800677e+02 6.887164351851852189e+02 7.131396804835923149e+02 7.536461285425101551e+02 7.920758348794063295e+02 9.309296724470134450e+02 1.077818330223880594e+03 1.241218291528632335e+03
5.734783357075024242e+02 6.457644314236110858e+02 6.774813508064515872e+02 7.177477909482759060e+02 7.800550218871595689e+02 8.749329212454211984e+02 1.029575094161958532e+03 1.255202762302692690e+03
5.493369467028003328e+02 6.229699600168349889e+02 6.695141888786764639e+02 7.104064840823970144e+02 7.787679687500000227e+02 8.546973627787307350e+02 1.010792633928571377e+03 1.150793828264758531e+03
5.369244958753437231e+02 6.193172994880545730e+02 6.391183444259567068e+02 6.873359240994853963e+02 7.940340501792114765e+02 8.408166969147005148e+02 9.802851629502572450e+02 1.154208893709327413e+03
5.078257443082311511e+02 5.947065746753247595e+02 6.213502120355412899e+02 6.800103500000000167e+02 7.374219784768212094e+02 8.262209641706924685e+02 9.655478962418301307e+02 1.102581388329979745e+03
4.985572289156626766e+02 5.784271503215434223e+02 5.871290738448844877e+02 6.392833504098360891e+02 7.053393071086261443e+02 8.032910187400318591e+02 9.504693548387097053e+02 1.086787055941200606e+03
5.100780667412378193e+02 5.536029060509554256e+02 6.059391421947449317e+02 6.240627985668789961e+02 6.752900243993993854e+02 7.350053317535545148e+02 8.950824721780604705e+02 1.043491241431835533e+03
4.726063580691642301e+02 5.308199243012421675e+02 5.828149428466076643e+02 5.836079866008462886e+02 6.515606075310558936e+02 7.314474982065997892e+02 8.768873726346433841e+02 1.026113765105740185e+03
4.491398576512455634e+02 5.112096153846154039e+02 5.373866976351351923e+02 5.951816284937888213e+02 6.294947916666667425e+02 7.383697839046200215e+02 7.870283605974395869e+02 9.776635379061370941e+02
4.468815095003518536e+02 5.089739993438320198e+02 5.392704596412555702e+02 5.773166454081632537e+02 6.409682582260371646e+02 6.922225328947367871e+02 8.294064703808180639e+02 9.791351724137930432e+02
4.485675837320574715e+02 4.895417750325097472e+02 5.153213922764227846e+02 5.435850395114943012e+02 5.898080121870882522e+02 6.743215877914951761e+02 7.820884353741496398e+02 9.268464129336476844e+02
4.159095097357440523e+02 4.796903301886792406e+02 4.978772464698330964e+02 5.232318037974683875e+02 6.071726330862534269e+02 6.695295185810811063e+02 7.773332249674903096e+02 8.880986949429037622e+02
4.035953022875816600e+02 4.746898408239700302e+02 4.769666970802919650e+02 5.278864635678392006e+02 5.656877317676143093e+02 6.418886599511599798e+02 7.332431677018633991e+02 9.002597963591483676e+02
4.178089223130840537e+02 4.613823297604035361e+02 4.822398457178841227e+02 5.089920610211706276e+02 5.736775045955881751e+02 6.477371323529412166e+02 7.302603776529338120e+02 8.352079184816427642e+02
3.976879562043795886e+02 4.491791394173602612e+02 4.676579268292683196e+02 5.067614104829210646e+02 5.372531939605109983e+02 6.160509153318078006e+02 7.173543859649122396e+02 8.333408482142857565e+02
4.021482244318181642e+02 4.462472660996354534e+02 4.410513211382113923e+02 4.754389156285391209e+02 5.212168134872417795e+02 5.856636137162953446e+02 7.036397895335608155e+02 7.993855845297392761e+02
3.736691883484162986e+02 4.226589452214452081e+02 4.360562822164948784e+02 4.655474674170616254e+02 5.061709949521784893e+02 5.949189721903669579e+02 6.592221143174250528e+02 7.877493730844247466e+02
3.712879810261891862e+02 4.141718749999999432e+02 4.343446190614136526e+02 4.499081869834710687e+02 5.076884480337079140e+02 5.541032127991676361e+02 6.319511891592919710e+02 7.639285907492561591e+02
3.553098505434782624e+02 4.038074238578680593e+02 4.145235286320254886e+02 4.470723560279870412e+02 4.929847560975610463e+02 5.633316993464052302e+02 6.404006885593220204e+02 7.424925568033429499e+02
3.488192486702127439e+02 3.848712939698492619e+02 4.054009222333000935e+02 4.309958780674846821e+02 4.788005347593582997e+02 5.023810790273556677e+02 5.881294224765869103e+02 7.365680537772086609e+02
3.330568242166754658e+02 3.770546407185628368e+02 3.977835820895522261e+02 4.169411141575274087e+02 4.549141686893203769e+02 5.171971778221778777e+02 6.112914628180038790e+02 7.102967060598441549e+02
3.350205834870848776e+02 3.695434213729308794e+02 3.845509738658777223e+02 4.042982679263565728e+02 4.613023483365948891e+02 5.054458131067960949e+02 5.883062438057482950e+02 6.915978948649305948e+02
3.254153936217662704e+02 3.529251419110690904e+02 3.814703571428571536e+02 4.010488925541941398e+02 4.378958044783009882e+02 4.781994815668202818e+02 5.662600601295097249e+02 6.702585787155112484e+02
3.221881551959890544e+02 3.499024185823754465e+02 3.709793393186004096e+02 3.896502339572192568e+02 4.237725743626062354e+02 4.857096329737335623e+02 5.522429990966576270e+02 6.526617269544924511e+02
3.193383916703588739e+02 3.560006630535055479e+02 3.586571683459278006e+02 3.796614238410596158e+02 4.107698501275510239e+02 4.650209634255129458e+02 5.384017226148409918e+02 6.386614269788183265e+02
3.114906949934123759e+02 3.379191270178419586e+02 3.521761079545454436e+02 3.777546914095079273e+02 4.089431509945750349e+02 4.555214895013123737e+02 5.250781112091791556e+02 6.123651016875811592e+02
2.983700917626974274e+02 3.318305504493463900e+02 3.408681422117039688e+02 3.747522717198581290e+02 3.967556535269709457e+02 4.460742914551607328e+02 5.068944206008583251e+02 6.007690194420963508e+02
2.883741921585523187e+02 3.151474529459902101e+02 3.433734593262119574e+02 3.628149232633279553e+02 3.938573507620660052e+02 4.281331342668863158e+02 4.943853908188585820e+02 5.898840270551509093e+02
2.823072115384615586e+02 3.157895767248215861e+02 3.243604513064132675e+02 3.505743078175896130e+02 3.772047123015872785e+02 4.119727415117218925e+02 4.766437849720223880e+02 5.724017265609315928e+02
2.784592000756429684e+02 3.040205677290836661e+02 3.299315017772511851e+02 3.414610904463586394e+02 3.739394641418210767e+02 4.111615775453827837e+02 4.691103883106484886e+02 5.625802988323767977e+02
2.697481590574374195e+02 2.969698947778643969e+02 3.093590212724433854e+02 3.246024116847825667e+02 3.596953421152388159e+02 3.950196360153256592e+02 4.732668305597579774e+02 5.479522969881815015e+02
2.670968034871049781e+02 2.896482993850884213e+02 3.024138992537313584e+02 3.263682510691375569e+02 3.504084446564885411e+02 3.938950549450549374e+02 4.573585943325875860e+02 5.208672690014902855e+02
2.603183651026392909e+02 2.860982928462127006e+02 2.926466065292096346e+02 3.162616521317829665e+02 3.378842299578059283e+02 3.858380401819560461e+02 4.364916064981949262e+02 5.174980286081056420e+02
2.565923678532901704e+02 2.821843492798353736e+02 2.871688697318007826e+02 3.013961597411444018e+02 3.296213862120088720e+02 3.802076139502762544e+02 4.299469450469992466e+02 5.077186260367832915e+02
2.478159685401201955e+02 2.816397453083109781e+02 2.858467137377963923e+02 3.052271412037036953e+02 3.280607439065673816e+02 3.722626748251748268e+02 4.250239951489951409e+02 4.879976744186046176e+02
2.453346231199720364e+02 2.672866408355795329e+02 2.827240378234903915e+02 2.885130243572395443e+02 3.213022474315068280e+02 3.520996383203952291e+02 4.108565379403793827e+02 4.917732851378614782e+02
2.323876736111111256e+02 2.603067938365194323e+02 2.742597994340878813e+02 2.922171575115817177e+02 3.146915095899470884e+02 3.413433047279792731e+02 3.903657868525896220e+02 4.721723475355054234e+02
2.312883459835547058e+02 2.588508681698485816e+02 2.679265624999999886e+02 2.789496169220519732e+02 3.071434267965077538e+02 3.482288767395626223e+02 3.933490722332670657e+02 4.558143727362528352e+02
2.316664184234647053e+02 2.510596846846846688e+02 2.627438815369897611e+02 2.736106984829330031e+02 3.006293023970497416e+02 3.320340412242348407e+02 3.756344458438287006e+02 4.456890301318267689e+02
2.252122627066748350e+02 2.542754792332268323e+02 2.562236618193069262e+02 2.613963172371638279e+02 2.887191460709759099e+02 3.230193525957972724e+02 3.733598014888337389e+02 4.380774079874706217e+02
2.152716455122393597e+02 2.369763069275176122e+02 2.435726425438596436e+02 2.619107587064676750e+02 2.871262182516243229e+02 3.163953203914141454e+02 3.595544126416219228e+02 4.290675758504443706e+02
2.107649041342121166e+02 2.318098884810841298e+02 2.469092335709857196e+02 2.605906067251461877e+02 2.747314987562189117e+02 3.134825057240984165e+02 3.492598544572468313e+02 4.154867681845062179e+02
2.097366363907087816e+02 2.311961637193382728e+02 2.359239717036172408e+02 2.502004445606694389e+02 2.711233469330331900e+02 3.033776072485206896e+02 3.468968603286385246e+02 4.040825850832729884e+02
2.057307497099767772e+02 2.283135228555304650e+02 2.353056144067796822e+02 2.443914556519306416e+02 2.611065472737818709e+02 2.937164120502570199e+02 3.409142550143266135e+02 4.108212405747616458e+02
1.957323037790697526e+02 2.203571181516325339e+02 2.307543853591160428e+02 2.387620515695067240e+02 2.647592309827873578e+02 2.910536037604456965e+02 3.301802857935626889e+02 3.821013823284245063e+02
1.990464133617248024e+02 2.176596952908587355e+02 2.255722184065934073e+02 2.321027700831025129e+02 2.541528472222222206e+02 2.817762035238623639e+02 3.147724958723169948e+02 3.777177419354838435e+02
1.937668717616580238e+02 2.149725322754168815e+02 2.213506239714756134e+02 2.258344668117519234e+02 2.553604145177926910e+02 2.765311184210526108e+02 3.202364000000000033e+02 3.737688280306081197e+02
1.948590938722294652e+02 2.083410982814178283e+02 2.139310165975103644e+02 2.287145926756352594e+02 2.466509651984774223e+02 2.702110082578582819e+02 3.071245452182952249e+02 3.551427735898101901e+02
1.881187404918863990e+02 2.004905647751606068e+02 2.118440913604766536e+02 2.225403934559221284e+02 2.429067230070635617e+02 2.662441043814433215e+02 3.010821502323180425e+02 3.523084365325076988e+02
1.862529207099080679e+02 1.986346903949292937e+02 2.119028554313099164e+02 2.172697704081632537e+02 2.301299032426778126e+02 2.623622823383084324e+02 2.941853142422706355e+02 3.484959099556119213e+02
1.806578405688622695e+02 1.963997414622414794e+02 2.048471107055961227e+02 2.176587699024139795e+02 2.232882224064424577e+02 2.593277655408712690e+02 2.843835650446872023e+02 3.385669472778665181e+02
1.761187872763419193e+02 1.922671739653513043e+02 2.000842652717652754e+02 2.112597188995215447e+02 2.180828924704724443e+02 2.469667959133431907e+02 2.809014118792599675e+02 3.307480918342621976e+02
1.733824796848066967e+02 1.895724485018726568e+02 1.931918652666352045e+02 2.008341267042783045e+02 2.195597387173396555e+02 2.417086679263108238e+02 2.775667950236966703e+02 3.159915358481724752e+02
1.686249436683190766e+02 1.856291548797736937e+02 1.893328440582433245e+02 2.011868511090137019e+02 2.127420523609163183e+02 2.350415030036968460e+02 2.661907398680489791e+02 3.130126698168930943e+02
1.670384896536212409e+02 1.786118474477958387e+02 1.882590354511970645e+02 1.945029720683287167e+02 2.056775191183085951e+02 2.305553911327762364e+02 2.651198830409356901e+02 3.069948311509303949e+02
1.652841661151555286e+02 1.813597219010175934e+02 1.800612319657348905e+02 1.952698298718515275e+02 2.047979128228782315e+02 2.307294626998223919e+02 2.537771173007246546e+02 3.016351442741208189e+02
1.619873989733508211e+02 1.732095596526837937e+02 1.815535789695946107e+02 1.845155058322117441e+02 2.011302554980595119e+02 2.235145749888740454e+02 2.527199415077989499e+02 2.987438190569959602e+02
1.559131586169044965e+02 1.742817491593106354e+02 1.741676898590268365e+02 1.839455528846153811e+02 1.991714654597956269e+02 2.166661106328024005e+02 2.473438608156028238e+02 2.866498750814686218e+02
1.533452075310226803e+02 1.678830174927113887e+02 1.742757835662854689e+02 1.824159389823199717e+02 1.933730428776094925e+02 2.128743275316455765e+02 2.388391951837769227e+02 2.775522736931576446e+02
1.520816684665226717e+02 1.671390469784768129e+02 1.718091975756319982e+02 1.824895359652749107e+02 1.928148997211497147e+02 2.097749175180928205e+02 2.387811059907834021e+02 2.770281730668619957e+02
1.499901082882132641e+02 1.584313715559157174e+02 1.674179354445797685e+02 1.725765455094643528e+02 1.837955530334296554e+02 2.031104919678714964e+02 2.339955810646078760e+02 2.666458942065491442e+02
1.468583005893909501e+02 1.597284578776832689e+02 1.648153753026634263e+02 1.717857469512195223e+02 1.819036772088353473e+02 2.011065800245599746e+02 2.256974322684997958e+02 2.628676232001622566e+02
1.476938068952159711e+02 1.563186780468439849e+02 1.604270036246475968e+02 1.654956017592962780e+02 1.776455795630317311e+02 1.993529857310398654e+02 2.212012628255722291e+02 2.539621429988100090e+02
1.419978349828701880e+02 1.549793500000000108e+02 1.589603388525221419e+02 1.658819286256643863e+02 1.731658567583731951e+02 1.904592287029931015e+02 2.149189868522815345e+02 2.514411250364325099e+02
1.378874833238040765e+02 1.500603078721746044e+02 1.525773262228760530e+02 1.608942580109417975e+02 1.728713627432634894e+02 1.873354052466718827e+02 2.101135242792109352e+02 2.450778199052132607e+02
1.333693728765571791e+02 1.491794036697247634e+02 1.544706700472627006e+02 1.556082378093158809e+02 1.671288037276530929e+02 1.864801651554404032e+02 2.066746885617214105e+02 2.461085626185958120e+02
1.313364039179104452e+02 1.466425035997120290e+02 1.501633931826467290e+02 1.509652910762160047e+02 1.675508176523297550e+02 1.830103820598006621e+02 2.040213425925925890e+02 2.347034787789898189e+02
1.288242740134028281e+02 1.431112165582067917e+02 1.458552920854271520e+02 1.513641275107603974e+02 1.626641766579243154e+02 1.781624999999999943e+02 1.983043745447924380e+02 2.301542436936526883e+02
1.292853489221775760e+02 1.379671636492722655e+02 1.455009388412017302e+02 1.477110404058383892e+02 1.562845990063875092e+02 1.724511941964285597e+02 1.938545308597930728e+02 2.258343578630815500e+02
1.266006568778979897e+02 1.364648464912280588e+02 1.392479232249038148e+02 1.454940957724425914e+02 1.591938244047618980e+02 1.682328262786596156e+02 1.902860896986685191e+02 2.206181654360056257e+02
1.252672966587917642e+02 1.365924938832575890e+02 1.380732908964073999e+02 1.432955167844523032e+02 1.501152815583531890e+02 1.661433423913043441e+02 1.856250430737422334e+02 2.155164105235738532e+02
1.213318710983634077e+02 1.319781896551724003e+02 1.356910586430276169e+02 1.418171364985163336e+02 1.486954246935201525e+02 1.597522290809327785e+02 1.845316386554621886e+02 2.135528391167192410e+02
1.194027823374917858e+02 1.288548761609906990e+02 1.346806024774774642e+02 1.370016458618331114e+02 1.470027773272786078e+02 1.611229006517379503e+02 1.806269511790102911e+02 2.086968929135166491e+02
1.168791088536504645e+02 1.315107222576530432e+02 1.292459423861318726e+02 1.377075312800770064e+02 1.449908273230459486e+02 1.552141863130320871e+02 1.756149320517069725e+02 2.030820283826767820e+02
1.163245035807291572e+02 1.253875906368221962e+02 1.286012589054404316e+02 1.322598305363606528e+02 1.420465104823455249e+02 1.512534632731958766e+02 1.718331727681438679e+02 1.959511322280631020e+02
1.140366428805774319e+02 1.235099952214080901e+02 1.281470459605598080e+02 1.303612311879602714e+02 1.389471823770491881e+02 1.507381351869607045e+02 1.706194505539263560e+02 1.943200784879064429e+02
1.110198886639676061e+02 1.209281298600310919e+02 1.257760869565217376e+02 1.273080880086313158e+02 1.354858839864239428e+02 1.445974829689480146e+02 1.653628504313000747e+02 1.891159129825653906e+02
1.098897261549925446e+02 1.174271676525529244e+02 1.234088775985106992e+02 1.276933134982774902e+02 1.338152738981998766e+02 1.446283742331288522e+02 1.610966708346358018e+02 1.873065404608580877e+02
1.082985029940119688e+02 1.172445503048780466e+02 1.203279433139534831e+02 1.235615627840048489e+02 1.287973527428057423e+02 1.452330484384475540e+02 1.575373386370459343e+02 1.818905847110571870e+02
1.068533955168854135e+02 1.139674004594180730e+02 1.177246128648004913e+02 1.207957566273932173e+02 1.272876461988304015e+02 1.378638772767990588e+02 1.517237507491759061e+02 1.779709180622009512e+02
1.041235567085647489e+02 1.123461523852932089e+02 1.151552462718669290e+02 1.184201878374325076e+02 1.273963707366007441e+02 1.362936643835616621e+02 1.506856381425233451e+02 1.735601642862428662e+02
1.043035584472230255e+02 1.124613754204035843e+02 1.129066631610576934e+02 1.165997841166477968e+02 1.234988069016152679e+02 1.343073112525310933e+02 1.489790213600697655e+02 1.730980476910885386e+02
1.007190491498785576e+02 1.094014402859545925e+02 1.118284103881278497e+02 1.143951419213973963e+02 1.195229470291479856e+02 1.304062412243751794e+02 1.448579431915501061e+02 1.666182054570064679e+02
9.989975744091040610e+01 1.070127421265328849e+02 1.085812238128491458e+02 1.133944611827354265e+02 1.185780756531725615e+02 1.279351204211133393e+02 1.424530895289443890e+02 1.616598265284535785e+02
9.638850198976690820e+01 1.061496364265928065e+02 1.077474217884828249e+02 1.116047901080631846e+02 1.164322086311159978e+02 1.247408804168952372e+02 1.400510379123925588e+02 1.590141555201330732e+02
9.617837936529014087e+01 1.043669554455445478e+02 1.023110370168753462e+02 1.074345409140667726e+02 1.139097355769230830e+02 1.228042181069958900e+02 1.364153524410312741e+02 1.555202021921165567e+02
9.284752511234469807e+01 1.014502844780594160e+02 1.027842168797606064e+02 1.065867101648351678e+02 1.121226051714898233e+02 1.182407046979865726e+02 1.325973825503355670e+02 1.525818073923364011e+02
9.304653541503012093e+01 1.004322818157254744e+02 1.017814580559254267e+02 1.056814938000516690e+02 1.094143272592791760e+02 1.174596064814814866e+02 1.312186508461131780e+02 1.515047536732929814e+02
9.103042319336579169e+01 9.956277684563757191e+01 9.945310914510400835e+01 1.021497061604971606e+02 1.070681195873662830e+02 1.152565989077669855e+02 1.283302573433844316e+02 1.458799770416530066e+02
9.030446451529955709e+01 9.803209183031218288e+01 9.847225366178427919e+01 1.012238410285285255e+02 1.058777367449221884e+02 1.137485581745235663e+02 1.271801575931232122e+02 1.435672514619882918e+02
8.981936742326541889e+01 9.642156586526419915e+01 9.671692529829907414e+01 9.950820322622440983e+01 1.038997850278199309e+02 1.115500304721580704e+02 1.230596358166922641e+02 1.400548266463839582e+02
8.656368165559530325e+01 9.421253422952452183e+01 9.324646875000000534e+01 9.776038573372926521e+01 1.004726920142421136e+02 1.115568024427096390e+02 1.218480349070818818e+02 1.386545748758876471e+02
8.489508108450526436e+01 9.179203404359539320e+01 9.287036186627479140e+01 9.781666563429138250e+01 1.005424859550561791e+02 1.068563674066845550e+02 1.199897523352999116e+02 1.357998614958448798e+02
8.513902588474414301e+01 9.162961717221133995e+01 9.256845640678798759e+01 9.335759969325154373e+01 9.742461972522079350e+01 1.071750046711509725e+02 1.170341672776148556e+02 1.338722592072314228e+02
8.303146218684149460e+01 9.002907470288624836e+01 8.975330339864537166e+01 9.336624367012298364e+01 9.598823293292103642e+01 1.032873334891329762e+02 1.142512080212611636e+02 1.294352423171389148e+02
8.184763374485596898e+01 8.745820217917675166e+01 8.791108156028369081e+01 9.139301932929669192e+01 9.392048468772607350e+01 1.008716844695151167e+02 1.111873378155225254e+02 1.286566128744119624e+02
7.987534364763688188e+01 8.762656922525107461e+01 8.743896606695513185e+01 8.922741804755042949e+01 9.165816151202749040e+01 9.946773194050992117e+01 1.095503524599675131e+02 1.254659605100781619e+02
7.833501212191180230e+01 8.455600520715417190e+01 8.580992620804570947e+01 8.754735642274580698e+01 9.061417589538170603e+01 9.878874630513870159e+01 1.079703682645206442e+02 1.218112262571445115e+02
7.841183292992161569e+01 8.369993864346272971e+01 8.508819270951623537e+01 8.580204271788991832e+01 8.854300195749441116e+01 9.741756625542609527e+01 1.058891032235939633e+02 1.204717167164347273e+02
7.719895750256351619e+01 8.266901745495495391e+01 8.291283449516528492e+01 8.594464892412231904e+01 8.685390981735159244e+01 9.469204749607007443e+01 1.035926207386363700e+02 1.176727672760201528e+02
7.406617056664372001e+01 8.158136947923533455e+01 8.153320441532702034e+01 8.352507139718804297e+01 8.566751653803748923e+01 9.328774496080627898e+01 1.028976985261768675e+02 1.153811461839854218e+02
7.350468415417559243e+01 8.039888852023888433e+01 8.025112736471623975e+01 8.285252544810799691e+01 8.498881447309915416e+01 9.054853390015260572e+01 9.964227608647694012e+01 1.136285426219545798e+02
7.193520035948402835e+01 7.853984273670558025e+01 7.909324859063312374e+01 7.990079225352113212e+01 8.322012819160160291e+01 8.975235925366695255e+01 9.696023335474203009e+01 1.099547288962780272e+02
7.198804204124802197e+01 7.679197010869565077e+01 7.711685423365487679e+01 7.835186884042776967e+01 8.293227808561495351e+01 8.747339898177919792e+01 9.561689938179492287e+01 1.070283391327623121e+02
7.017542985950933598e+01 7.540589220133938397e+01 7.507723732437385422e+01 7.633065437336814796e+01 8.007493530020704497e+01 8.476318710359407760e+01 9.251534281814363680e+01 1.056398497231742653e+02
6.929312250052620925e+01 7.413896236012207908e+01 7.529030981759656527e+01 7.616733585858585798e+01 7.858464921576938877e+01 8.463730391647621332e+01 9.142526068821689478e+01 1.033336508847940678e+02
6.780018248175183260e+01 7.317981547017188859e+01 7.245397527415683214e+01 7.303339493136219573e+01 7.666694893832153923e+01 8.258958375737837798e+01 9.006874089868941269e+01 1.022603777925463930e+02
6.712141752577319664e+01 7.203479729729730252e+01 7.210424780307569392e+01 7.399957208771581918e+01 7.495977773246329434e+01 8.038480367028911644e+01 8.836994263285023976e+01 9.909541513333670082e+01
6.569950492509747164e+01 7.084225744404476188e+01 7.106327160493826511e+01 7.186789915543937468e+01 7.460994905641437924e+01 7.881049186830622943e+01 8.820349055188961529e+01 9.679091386817475495e+01
6.479112864077670508e+01 6.932297472133758731e+01 6.969776044791041159e+01 7.073253985937809318e+01 7.385572679031938037e+01 7.890972636815919827e+01 8.491593335969943723e+01 9.544022636318159414e+01
6.318757783312577914e+01 6.973524390842995047e+01 6.903559655206095158e+01 6.933068617334906492e+01 7.157312859884837053e+01 7.647080809067813334e+01 8.416400440313111631e+01 9.384693544487427630e+01
6.238349919055328030e+01 6.808955315191856528e+01 6.670742263056092725e+01 6.829814669891861456e+01 7.086937499999999091e+01 7.546265113290175464e+01 8.264083269119630870e+01 9.070172950661388711e+01
6.139611671264149351e+01 6.631586060783166658e+01 6.558895478131948664e+01 6.733968342734875989e+01 6.910291565021580595e+01 7.320971054175630854e+01 8.163508253610955023e+01 9.150518917498685312e+01
6.039319605349910347e+01 6.552530583149373911e+01 6.670482756955178161e+01 6.633010587746817066e+01 6.782635968266106374e+01 7.185809379030771993e+01 7.852640526916492547e+01 8.866416980244591173e+01
5.957999929603904832e+01 6.388766459400146402e+01 6.356613873857062913e+01 6.385677622904502471e+01 6.651613345521023746e+01 7.132386681589255772e+01 7.705007572227400203e+01 8.695310980973103199e+01
5.796557124158563568e+01 6.263513759795881697e+01 6.355379088998537895e+01 6.321512041284403693e+01 6.579877765383899657e+01 6.978645447387921763e+01 7.585219298245613118e+01 8.637032045694361670e+01
5.710834026045995415e+01 6.316368129874840776e+01 6.178326594687387541e+01 6.287794091235632266e+01 6.472709090909090435e+01 6.812761355443402067e+01 7.383994300774914166e+01 8.339406904191346825e+01
5.620672351845280446e+01 6.086672379577845504e+01 6.012141043501707571e+01 6.071821600618068970e+01 6.357666949758626629e+01 6.716530235315578068e+01 7.329238738738739301e+01 8.305912750463612326e+01
5.521789328029058197e+01 6.051041293242516161e+01 5.991341006423982662e+01 6.013864232959600997e+01 6.234828001752848081e+01 6.557606765419265571e+01 7.171802480070859076e+01 8.053634249003101786e+01
5.490370346263993895e+01 5.862568209822214271e+01 5.964244773366127816e+01 5.903074614065179304e+01 6.104051670239370964e+01 6.527931099065750686e+01 6.998790075332865968e+01 7.868933063498280944e+01
5.361018454340668882e+01 5.789530778113341114e+01 5.805218502777310619e+01 5.853640979426762669e+01 5.910788766632548885e+01 6.309628023133544161e+01 6.948960294369329915e+01 7.646584779677236554e+01
5.270616360436163461e+01 5.673874642075122665e+01 5.634710721170697667e+01 5.663302107975667354e+01 5.915356618282357459e+01 6.225133921039311247e+01 6.720639597750864880e+01 7.634186727600412326e+01
5.199063194325756143e+01 5.579213669542136955e+01 5.514865266916014974e+01 5.628607093663912053e+01 5.714948958333333451e+01 6.095344724731548780e+01 6.689554432414144003e+01 7.472473510912237771e+01
5.196867354256306015e+01 5.420708451114067117e+01 5.542145788426463326e+01 5.531567805340365851e+01 5.689011479591836462e+01 6.027841477651767121e+01 6.518837969168900770e+01 7.368302069051476622e+01
4.980525194125591071e+01 5.441850147880381883e+01 5.443852965403623756e+01 5.347452456910838237e+01 5.593444972158532380e+01 5.917556459647957467e+01 6.351140376088027750e+01 7.132654185022026638e+01
4.899051478267855941e+01 5.333035567434210122e+01 5.296425189393939803e+01 5.321049450999672104e+01 5.445388989615955211e+01 5.773835924713584689e+01 6.252507404969557570e+01 7.104792095512556216e+01
4.847458603961189283e+01 5.247398121034651552e+01 5.171669488413838423e+01 5.213995259686727479e+01 5.385398568211068238e+01 5.632306238945167820e+01 6.198493529936719426e+01 6.911540885617858976e+01
4.767870436366516174e+01 5.180784964181049190e+01 5.118554344353937324e+01 5.126129523920472053e+01 5.282265663240332998e+01 5.555787632679317767e+01 6.059070822764743269e+01 6.836845128676471006e+01
4.678823748627020507e+01 5.085231927710843536e+01 5.001617442936458957e+01 5.009402780022627866e+01 5.143730715828447586e+01 5.483824520374187728e+01 5.911471606103507526e+01 6.699055189553827461e+01
4.492382827807821855e+01 4.991215203014457558e+01 4.902229791733163466e+01 4.972271515613099524e+01 5.061226430042782454e+01 5.410006160043804613e+01 5.812622433787807807e+01 6.543455370002725147e+01
4.334086463223786723e+01 4.739520317751298251e+01 4.834527829529576337e+01 4.867244728079911198e+01 4.968972254224270557e+01 5.251046447147010099e+01 5.695907226562500369e+01 6.336964764904911362e+01
4.291504178272980852e+01 4.546381429652041817e+01 4.797574343802154573e+01 4.739665387813728614e+01 4.857141064257028518e+01 5.112392920251997452e+01 5.662313233724653116e+01 6.291591540187911136e+01
4.239333307804243134e+01 4.387627109068996845e+01 4.689653989321702454e+01 4.718195330082520655e+01 4.873742349604417967e+01 5.076174236698911812e+01 5.494893943936441616e+01 6.134376173664838916e+01
4.134319122210728636e+01 4.272647814187162396e+01 4.620173772271298418e+01 4.597392527954064434e+01 4.751714639401269835e+01 4.966339339003283015e+01 5.403609620616686726e+01 6.070990796393689237e+01
4.049839322231959926e+01 4.066386968480522768e+01 4.464378553261519755e+01 4.530314215759014473e+01 4.661213931798310028e+01 4.911822893446277050e+01 5.293558130141010309e+01 5.917912017644659528e+01
3.937831617860248912e+01 4.032486554154302638e+01 4.344708941605839669e+01 4.466559118163205255e+01 4.592015022255192491e+01 4.803407929322429482e+01 5.211899407634927428e+01 5.812773484820674241e+01
3.931031845987765649e+01 4.014383574273492172e+01 4.203079652719075199e+01 4.376156263624473297e+01 4.457405026248581237e+01 4.782307650153441614e+01 5.072308341715763902e+01 5.652845502892666474e+01
3.877535122478386143e+01 3.880791666666666373e+01 4.045309961600945314e+01 4.302589489040705928e+01 4.374662335285505321e+01 4.581627376897970549e+01 5.011724996365750684e+01 5.608859927225564945e+01
3.790812714530892436e+01 3.801273810354452110e+01 3.909120711652963109e+01 4.204555567421330409e+01 4.373045552341986308e+01 4.582747736596407151e+01 4.879581856839120491e+01 5.482152278602033135e+01
3.772231471535982905e+01 3.716954434357541714e+01 3.843756983240223235e+01 4.139207098722089739e+01 4.172086041254591748e+01 4.466462482219061769e+01 4.828753165002110137e+01 5.423451039098274151e+01
3.656740067269287664e+01 3.661707630924416179e+01 3.765181284530387273e+01 4.033514580173721242e+01 4.162392876731112068e+01 4.382833504801097746e+01 4.723778169500898372e+01 5.287953724410802891e+01
3.612305019370624848e+01 3.591851845452032421e+01 3.645530965045592353e+01 3.992909435071221225e+01 4.048132123992215980e+01 4.266170538322436556e+01 4.705093360995850560e+01 5.232796935528499915e+01
3.508242620542272761e+01 3.548684098057987057e+01 3.517915700845377813e+01 3.883663192059348290e+01 4.040817048517520504e+01 4.249200884449825111e+01 4.569913866259334867e+01 5.090650399591906705e+01
3.467424420557608045e+01 3.483127718868950495e+01 3.434075209431157560e+01 3.749315693430656893e+01 3.899247244148067892e+01 4.153070278825430961e+01 4.504311836446714068e+01 4.954293722351670226e+01
3.424229680900211292e+01 3.385196653997556382e+01 3.402756265440125105e+01 3.714473995671581008e+01 3.899598039215686640e+01 4.074369627988181719e+01 4.436422442353564577e+01 4.920903678397293390e+01
3.380158648121195597e+01 3.326304751329269749e+01 3.334466082727517744e+01 3.597148522975930263e+01 3.789388800996364637e+01 4.019822579070675772e+01 4.327434968228752865e+01 4.837720440386327425e+01
3.348932710110427280e+01 3.270065406976743816e+01 3.277463910868427632e+01 3.483659368720696392e+01 3.695435393258426870e+01 3.963349711653187768e+01 4.225659795168066779e+01 4.754048374435794955e+01
3.264071483405200524e+01 3.215409732039583446e+01 3.187537859260214290e+01 3.399496563463515031e+01 3.681336502392963439e+01 3.834724184433598992e+01 4.177584981258885932e+01 4.725574210662526298e+01
3.193192007956175615e+01 3.164455011118170091e+01 3.076679866230299965e+01 3.317673416390517360e+01 3.532655628926785596e+01 3.746427312916453189e+01 4.088133397312859785e+01 4.605880462724935143e+01
3.100415967561520958e+01 3.098822550331294678e+01 3.070386221627135725e+01 3.239845526914329099e+01 3.508068703019493029e+01 3.683063966391883071e+01 3.996247859317518447e+01 4.516071542105095915e+01
3.083438909832519670e+01 3.070527608186764468e+01 3.005761349306431285e+01 3.151530636478784331e+01 3.408437772110958974e+01 3.635814737692690102e+01 3.993678656547917427e+01 4.385970550334726425e+01
3.025399320669070846e+01 3.012240106389656091e+01 2.987909359895897765e+01 3.090332836142206929e+01 3.394504458698372673e+01 3.595057629666750643e+01 3.861863568956994186e+01 4.336394199231562396e+01
3.007146285348610348e+01 3.000640154355705391e+01 2.897623807309169308e+01 3.005826883625512735e+01 3.288825711689884912e+01 3.499944210169908843e+01 3.777024121737009210e+01 4.284403441301749638e+01
2.924588851082092233e+01 2.903405280804694044e+01 2.853713062851782212e+01 2.960579939068315625e+01 3.217971187445401426e+01 3.461820174108225956e+01 3.755949571146489063e+01 4.178464766886651915e+01
2.882572267151704537e+01 2.840529066821649806e+01 2.809689785945557006e+01 2.843084215972729467e+01 3.174907947449039725e+01 3.394661146382367178e+01 3.672609962744862599e+01 4.159863228497688681e+01
2.831805259957433663e+01 2.812707272296577088e+01 2.739268864419876337e+01 2.795165362093690220e+01 3.149453898141443631e+01 3.292566236617346220e+01 3.596145446930717071e+01 4.042736021312260419e+01
2.758484676932367208e+01 2.771211730179329891e+01 2.716536888266509564e+01 2.690358160089265027e+01 3.031424267485822455e+01 3.228738648425522229e+01 3.551480069042842302e+01 4.028268340166956563e+01
2.751334543836481572e+01 2.688276117433129997e+01 2.627428856696533899e+01 2.656107603320381472e+01 3.026631077723884999e+01 3.217912182711428670e+01 3.487123662236857768e+01 3.939969638299744759e+01
2.699155181839106987e+01 2.662373888758919449e+01 2.602233522329757420e+01 2.624121354711281384e+01 2.909187750142938711e+01 3.134548489364189194e+01 3.402280747425662355e+01 3.851566988769913991e+01
2.658744274211904113e+01 2.640310497961560898e+01 2.549156854560110474e+01 2.554820638206739147e+01 2.835291167577625160e+01 3.083189556998064162e+01 3.371725421831956027e+01 3.804443473614280435e+01
2.592908790708267119e+01 2.594127480273845521e+01 2.503060337634887134e+01 2.512082143063249973e+01 2.777909033258173466e+01 2.981904514490243585e+01 3.315995522557243191e+01 3.718614184538370182e+01
2.589191672309689096e+01 2.541163733370288114e+01 2.459882722286373991e+01 2.477017637441808873e+01 2.706324866425370601e+01 2.969963469936177347e+01 3.219085175736961446e+01 3.696513854471727711e+01
2.531241965682987072e+01 2.510542262167530936e+01 2.441784903321074296e+01 2.430876101570444092e+01 2.667126760755623494e+01 2.917499514374514291e+01 3.158371072347087249e+01 3.613977092547776238e+01
2.508574966136132645e+01 2.445772706018263776e+01 2.379847729904068743e+01 2.370647309170785277e+01 2.593548792756539356e+01 2.837758322162645186e+01 3.085910336618314886e+01 3.550211864406779938e+01
2.448909341042072896e+01 2.423683079567780041e+01 2.323580787517761337e+01 2.308693445475638129e+01 2.531735866937699342e+01 2.799387893593919685e+01 3.052420991989465904e+01 3.505346474279919988e+01
2.412299465240641538e+01 2.370937772005222399e+01 2.291031297699520408e+01 2.264408820346320184e+01 2.466066646275149665e+01 2.738995883110477791e+01 2.996165760869565275e+01 3.440175638624209142e+01
2.395969769112092251e+01 2.348295995053272378e+01 2.260060553867852917e+01 2.216090048040179283e+01 2.428188768696581334e+01 2.691813062158689362e+01 2.944633210890233599e+01 3.362176288103587751e+01
2.346530239695222164e+01 2.314962396405123357e+01 2.233483019043072204e+01 2.182547083681135192e+01 2.365295015362225328e+01 2.635735227635357703e+01 2.935123183409356074e+01 3.334433598425406586e+01
2.321337573307972590e+01 2.273195446226719696e+01 2.194638413685847667e+01 2.136187216154844393e+01 2.313213732542266143e+01 2.589142847557702609e+01 2.849468868321413595e+01 3.288913729964971822e+01
2.290934581278203197e+01 2.233906572164948656e+01 2.137414622996665514e+01 2.101152162718846483e+01 2.281261894692323722e+01 2.540944282945736532e+01 2.809389829167984942e+01 3.214410109411487326e+01
2.247743173615107182e+01 2.217085590848397558e+01 2.107369783596735857e+01 2.069450154498795413e+01 2.197306976833384695e+01 2.480680516505258737e+01 2.739672841427978511e+01 3.177810779015952392e+01
2.211758502076843058e+01 2.173159562211981566e+01 2.071709205208226834e+01 2.034183608152396516e+01 2.138429296020418846e+01 2.450208807405874722e+01 2.701621228503758587e+01 3.135527583018722453e+01
2.205356612328200683e+01 2.149605339781243885e+01 2.005740527214351232e+01 1.984638874809933995e+01 2.084569058838512490e+01 2.391175095998383071e+01 2.648529682422826781e+01 3.103468143797828915e+01
2.185891052133645118e+01 2.114026804751751243e+01 2.022249697214371977e+01 1.927462931825129999e+01 2.047909097789888122e+01 2.340910561985988281e+01 2.594300780853868815e+01 3.041579671723578215e+01
2.144409342697462861e+01 2.082989938840229271e+01 1.938723319709355408e+01 1.916522796105326520e+01 1.992331308330023631e+01 2.323185292204543373e+01 2.557522154268596992e+01 3.000020013509118755e+01
2.098841573506133784e+01 2.046625910346559607e+01 1.928688458283552265e+01 1.876086214320866219e+01 1.967302949466478879e+01 2.277850650079856365e+01 2.507670975942460245e+01 2.959394686387291173e+01
2.081480822992790181e+01 2.028134817243442711e+01 1.923848509373791771e+01 1.841217484830398732e+01 1.900218880448500158e+01 2.216498216043306968e+01 2.488940629880906030e+01 2.945503845395385767e+01
2.033318998236936181e+01 1.992592337045214634e+01 1.867650853513298870e+01 1.806552068214804052e+01 1.855751261072834524e+01 2.189645513319074510e+01 2.428581629400804331e+01 2.856666422698772578e+01
2.014411472469949516e+01 1.961178805805710113e+01 1.825208756283836209e+01 1.774502923621894368e+01 1.828090045411089903e+01 2.098129687049322456e+01 2.384501305356797474e+01 2.824571697067540654e+01
1.996522475518712270e+01 1.926903262736119160e+01 1.824117380087903584e+01 1.746513870944588120e+01 1.782765971681588013e+01 2.091328064741611925e+01 2.325449312921890055e+01 2.780480670195693449e+01
1.963510749504519737e+01 1.917194905213269962e+01 1.769078893055948853e+01 1.702062855281856812e+01 1.759999822912731204e+01 2.030865025456795081e+01 2.278367513020833357e+01 2.764496039252778559e+01
1.940990495378326841e+01 1.873112138585421249e+01 1.744737246829452815e+01 1.658889250236518365e+01 1.722164744859460228e+01 2.024250516480420714e+01 2.243330609186178393e+01 2.736817051509769172e+01
1.917364733853469261e+01 1.852769679300291372e+01 1.718645970086271646e+01 1.652425493390211741e+01 1.667205093447162056e+01 1.942291354615240806e+01 2.218050113604748219e+01 2.682778478646855547e+01
1.893727047374219552e+01 1.836569618317018282e+01 1.700286644121189639e+01 1.613240448600275201e+01 1.642895602004328737e+01 1.914257415743305657e+01 2.169754102160007392e+01 2.635030266484217520e+01
1.878505898335397006e+01 1.817123473776709019e+01 1.666350789152817669e+01 1.597559468283582085e+01 1.612477328375804930e+01 1.874975074197736902e+01 2.153057307886059490e+01 2.624557182466029559e+01
1.847901989935956024e+01 1.760769486221181523e+01 1.643126797976985998e+01 1.564299407800465680e+01 1.571945166559308049e+01 1.842015990604390652e+01 2.102549732102143309e+01 2.589814560910399521e+01
1.835822431072011440e+01 1.756633436439163631e+01 1.610401426894247479e+01 1.526848065790682618e+01 1.556962330611145973e+01 1.783049182726945148e+01 2.058388771379184945e+01 2.568405868962564043e+01
1.804701653466247890e+01 1.741072706935123193e+01 1.595564120844844602e+01 1.501366338992818505e+01 1.505459194074476770e+01 1.748652728593480532e+01 2.033138965385993302e+01 2.542929205225302169e+01
1.777968896871223237e+01 1.704171080508474745e+01 1.573913007281768905e+01 1.496832280791010383e+01 1.478464140879837707e+01 1.718546505258544954e+01 2.008369202000531217e+01 2.465497401017474033e+01
1.762925062284190858e+01 1.685198407003444387e+01 1.554639492913108612e+01 1.454285714285714448e+01 1.464070074922873665e+01 1.670728659211691891e+01 1.948984126721398269e+01 2.457929673682348692e+01
1.736016283772156399e+01 1.671680921052631419e+01 1.530643815445026235e+01 1.433641373766737281e+01 1.429731034632410314e+01 1.629020532922168130e+01 1.944726443271997951e+01 2.428560190326865609e+01
1.724236250910181312e+01 1.648452159140727957e+01 1.493691414745541657e+01 1.410287190963341786e+01 1.412506562253915554e+01 1.615832201672701984e+01 1.905179405657928626e+01 2.414237517599913474e+01
1.719929737226905075e+01 1.620064462612768708e+01 1.458855218855218894e+01 1.374812636165577295e+01 1.381225691215016482e+01 1.568876553402276919e+01 1.853019712400717367e+01 2.399486455498167459e+01
1.691014727164382236e+01 1.620206305588186169e+01 1.461059572422435515e+01 1.340320896305625453e+01 1.353486416558861549e+01 1.538605565907377937e+01 1.845974865579926671e+01 2.339360415556739525e+01
1.684816925937005649e+01 1.590573230421686723e+01 1.429242666765932235e+01 1.340171366663820329e+01 1.325884537899773363e+01 1.498824658703071755e+01 1.816206038135593204e+01 2.329519969928633571e+01
1.649268140314621789e+01 1.558996140813252929e+01 1.412943860965241250e+01 1.311062599764765224e+01 1.289389332686957346e+01 1.464755211391661760e+01 1.774758623231132049e+01 2.329673840297820675e+01
1.648949488208835845e+01 1.558311682262338493e+01 1.396190986014564750e+01 1.288580821269945709e+01 1.273424962776077507e+01 1.441843426501035097e+01 1.755178951226563200e+01 2.283686931348221805e+01
1.610261186412999024e+01 1.531253618094608093e+01 1.377842741935483950e+01 1.268430015438537950e+01 1.252384575569358027e+01 1.417771087461621526e+01 1.741871580452623647e+01 2.269296954367342067e+01
1.609785627407257280e+01 1.514775487935436082e+01 1.347677688504326454e+01 1.245498456979986912e+01 1.216569512443900436e+01 1.383869313566206216e+01 1.693699304306963072e+01 2.260782464270335623e+01
1.603728446535293273e+01 1.481472738270997347e+01 1.344459481295952230e+01 1.223014691135178467e+01 1.211627948498204432e+01 1.338724889759921588e+01 1.652512508102414657e+01 2.237903331916357885e+01
1.574734223592536253e+01 1.478379428612198154e+01 1.322884540962133926e+01 1.201234605660223487e+01 1.181576314217443269e+01 1.321685659398133339e+01 1.632785821643286539e+01 2.216829898985825764e+01
1.572463993420524808e+01 1.475233243822788864e+01 1.301863093299682461e+01 1.181364557111390923e+01 1.172928458801649576e+01 1.298649652998727255e+01 1.605894715772618042e+01 2.194846153846153669e+01
1.547591707614253842e+01 1.453236299345993210e+01 1.276412793464466944e+01 1.160610535440690327e+01 1.137781006608449275e+01 1.272253314281178227e+01 1.589658230370665493e+01 2.189327681427180750e+01
1.550159046904018645e+01 1.443117002184768971e+01 1.287993138517997949e+01 1.144567857835531299e+01 1.104945391936627885e+01 1.242031913116944253e+01 1.553529225807716330e+01 2.151124501524747856e+01
1.525633218472750308e+01 1.424859907932561676e+01 1.261278495292927815e+01 1.127345761174818684e+01 1.095288440975192579e+01 1.205543995970581328e+01 1.529973052783408782e+01 2.170218510245702603e+01
