nan nan nan nan nan nan nan 0.000000000000000000e+00
4.568844238281250000e+03 nan nan nan 5.526465820312500000e+03 -2.192626037597656250e+02 nan -6.909716796875000000e+01
2.824903710937500364e+03 nan nan 4.430691406250000000e+03 nan 7.229444335937500000e+03 3.921087890625000000e+03 9.842257161458332121e+03
4.382279785156250000e+03 nan 4.465809244791666060e+03 nan 7.398035156250000000e+03 8.319953125000000000e+03 1.178719921875000000e+04 7.990624023437500000e+03
7.514876302083333030e+03 4.127605468750000000e+03 nan 6.333795898437500000e+03 nan 8.061975260416666060e+03 3.780558593750000000e+03 4.289433293269231399e+03
6.123631392045454959e+03 5.157627343750000364e+03 5.483885044642856883e+03 nan 7.132037642045454959e+03 9.592949869791666060e+03 1.682396205357142753e+04 3.535556250000000000e+04
4.035947753906250000e+03 6.072869791666666060e+03 5.454116796875000546e+03 6.536754394531250000e+03 6.590754882812500000e+03 1.445814746093750000e+04 1.567933203125000000e+04 1.977889756944444161e+04
3.258277994791666515e+03 5.225904296875000000e+03 4.327631835937500000e+03 4.820003348214285325e+03 5.236516335227272975e+03 1.861129086538461706e+04 1.988829261363636397e+04 2.070053055555555693e+04
4.850288651315789139e+03 5.367917410714285325e+03 4.212141927083333030e+03 5.598238581730769511e+03 1.672716294642856883e+04 1.804113281250000000e+04 1.707020793269230853e+04 1.456554719387754994e+04
3.889536345108695514e+03 5.028950120192307622e+03 3.995028033088235134e+03 5.870332031250000000e+03 1.283560312500000146e+04 1.403563437500000146e+04 1.310103125000000000e+04 1.515972773972602590e+04
3.848046568627451052e+03 3.218874131944444343e+03 4.610049360795454959e+03 1.026777309782608609e+04 1.592762132352941080e+04 1.239740625000000000e+04 1.356507065217391209e+04 1.461105519480519615e+04
3.007345982142856883e+03 3.906594184027777374e+03 3.573796428571428351e+03 3.734119140625000000e+03 8.428439393939393995e+03 9.663039434523809177e+03 1.188495535714285688e+04 1.034676530612244824e+04
3.952909836065573927e+03 3.012331935975609667e+03 4.018177556818181984e+03 7.432591216216216708e+03 8.708430555555554747e+03 1.089521114864865012e+04 9.728710648148147811e+03 1.232603314393939399e+04
3.054958488805969864e+03 2.913012195121951208e+03 2.987982077205882433e+03 4.005864762931034420e+03 8.076850000000000364e+03 9.195456439393939945e+03 9.177297297297298428e+03 1.074254137931034529e+04
2.917034981343283562e+03 3.085653459821428442e+03 2.917194097222222354e+03 5.469268682065217035e+03 7.645304687500000000e+03 7.720797619047618355e+03 7.534518581081081720e+03 7.863489969135802312e+03
2.269295554577464827e+03 2.369895254629629562e+03 2.818844414893616886e+03 3.578291666666666515e+03 6.461854166666666970e+03 6.645916250000000218e+03 6.897709375000000364e+03 7.268598307291666060e+03
2.170548760775861865e+03 2.160933077830188722e+03 2.766245949074073906e+03 4.244947704081632764e+03 6.321329927884616154e+03 6.111198138297871992e+03 6.572809436274509608e+03 5.889824873096446026e+03
2.015975862068965398e+03 2.237161830357142662e+03 2.360334201388888687e+03 3.204835800438596380e+03 5.867716796875000000e+03 5.666125000000000000e+03 5.158323958333333394e+03 6.316073293172689773e+03
2.036951626712328562e+03 1.780358258928571331e+03 1.927410342261904589e+03 3.297925828313253078e+03 5.127709895833333576e+03 5.360633928571428442e+03 5.525467013888888687e+03 5.222309288537549037e+03
1.884553977272727479e+03 1.967277864583333212e+03 2.005538411458333258e+03 3.399828947368420813e+03 4.694076671511627865e+03 4.682057142857142935e+03 5.121848214285714675e+03 5.079281967213114513e+03
1.711151533018868122e+03 1.911765458776595779e+03 1.874630048076923231e+03 2.640121651785714221e+03 4.659522260273972279e+03 4.304072443181818016e+03 4.595301957831325126e+03 4.516678514376996645e+03
1.641686755952380963e+03 1.842968149038461661e+03 1.999522823033707709e+03 2.763496710526315837e+03 3.990886757425742417e+03 4.143785610465116406e+03 4.560336029411764684e+03 4.733525198938991707e+03
1.523804815573770384e+03 1.535848855198019919e+03 1.900937647405660300e+03 2.500675172018348803e+03 4.012606398809523398e+03 3.810812500000000455e+03 4.035296875000000000e+03 4.528541666666666970e+03
1.446120892857142962e+03 1.443158368644067878e+03 1.535785754504504439e+03 2.634481249999999818e+03 3.601811449579831788e+03 3.759910082547169623e+03 3.710740131578947057e+03 4.047013483146067756e+03
1.302252948113207594e+03 1.427642817982456108e+03 1.474506717289719518e+03 2.286769081858406935e+03 3.077252232142856883e+03 3.137764705882352700e+03 3.646561403508771946e+03 3.381633314220183820e+03
1.239740096830985976e+03 1.212748125000000073e+03 1.377112595419847366e+03 2.022186229674797005e+03 2.855369753649634731e+03 2.843844961240310113e+03 3.100222167968750000e+03 3.063747920517560033e+03
1.096630208333333258e+03 1.193508316532258050e+03 1.216127798507462558e+03 1.732407802152317799e+03 2.688582589285714221e+03 2.946187056737588591e+03 2.798789292279411711e+03 2.992867201834862499e+03
1.080850738817891397e+03 1.131900146484375000e+03 1.117060874277456605e+03 1.630613016917293180e+03 2.600255547337278131e+03 2.646454687500000091e+03 2.565530866564417465e+03 2.794595726495726467e+03
9.673737458193979819e+02 1.020930714285714316e+03 1.147546651785714175e+03 1.613348456325301186e+03 2.378712946428571286e+03 2.318411296583850799e+03 2.494777449324324607e+03 2.462054059485530615e+03
8.931890060240964431e+02 1.058524850398936223e+03 1.109998674242424158e+03 1.520754116766467178e+03 2.214246313202247165e+03 2.284572168508287177e+03 2.340116593567251130e+03 2.568051533523537728e+03
9.502976371951219789e+02 9.184093586387434698e+02 9.900714527027027998e+02 1.567962975543478251e+03 2.089616071428571558e+03 2.222372713414634291e+03 2.113448090277777737e+03 2.393439560439560410e+03
8.263556004213482993e+02 9.502566964285713311e+02 9.878472308168317113e+02 1.338263633578431381e+03 1.937704268292682855e+03 2.102898475609756133e+03 2.039626531862744969e+03 2.217492834394904548e+03
8.195630411255410763e+02 8.957074275362318758e+02 8.854203653381641743e+02 1.397002998737373900e+03 1.914588906250000036e+03 1.976950126262626327e+03 2.014457920792079221e+03 2.119857164821648439e+03
7.427914637445887820e+02 8.802364825581395280e+02 9.336851076555024065e+02 1.124411046511628001e+03 1.815265360169491487e+03 1.865000844594594582e+03 2.057601183920704898e+03 1.977514175257731949e+03
7.306166173570020419e+02 7.124182973130840537e+02 8.032860682819383555e+02 1.292138695219123520e+03 1.612480377906976628e+03 1.772424692622950943e+03 1.780348484848484759e+03 1.715453441835645890e+03
6.455560322745901658e+02 6.811133522727271838e+02 7.973620876736110858e+02 1.127664526255707642e+03 1.545190884476534393e+03 1.529405269058295971e+03 1.689530637254901876e+03 1.560628134403209742e+03
6.536745689655172100e+02 6.881226671006944571e+02 7.560980747767856656e+02 1.060987882653061206e+03 1.506101255458515197e+03 1.489771566901408505e+03 1.413164883268482527e+03 1.615012439024390233e+03
5.593369197292070112e+02 6.271640625000000000e+02 6.985616928044280485e+02 9.131276472107438167e+02 1.417996470099667704e+03 1.502407366071428442e+03 1.561272662213740432e+03 1.526708408476104523e+03
5.281652113970587834e+02 6.138416666666666970e+02 6.622322648713826538e+02 8.516273412052117919e+02 1.269939937943262294e+03 1.262137820512820554e+03 1.344138392857142890e+03 1.431685765349032636e+03
5.145163377192982352e+02 5.237878803453946830e+02 6.439767900485437622e+02 8.107633346905537337e+02 1.247246335504886019e+03 1.293342063492063517e+03 1.287434895833333258e+03 1.302503536782538276e+03
4.956830752212389370e+02 5.440842391304347530e+02 6.196890723270440731e+02 9.006437883435582989e+02 1.196603534345047819e+03 1.283823601973684163e+03 1.292524423076923085e+03 1.325504218995290557e+03
4.693728010825440151e+02 5.486001867138364787e+02 5.852400868580060660e+02 8.253368111022364246e+02 1.149087376062323074e+03 1.172021390845070528e+03 1.226038504464285552e+03 1.281038802870090649e+03
4.486513548951048733e+02 4.918856740552325277e+02 6.033002167630057784e+02 7.682516870179947546e+02 1.120951166180758037e+03 1.168947293447293532e+03 1.153445792597765376e+03 1.186777962833099537e+03
4.472792840760157560e+02 4.383347111191860677e+02 5.741343069007264148e+02 7.584204586988303163e+02 1.099311240554156029e+03 1.093183760683760738e+03 1.121617831829896886e+03 1.120261824324324380e+03
4.060134788189986921e+02 4.606579227493917301e+02 5.292450980392156907e+02 7.017489355231143691e+02 1.047334895833333348e+03 1.020982164634146329e+03 1.064731316137566182e+03 1.126731822549647632e+03
3.938707956015524019e+02 4.271486200350466902e+02 4.910763001824817593e+02 6.537010443864229501e+02 9.243105867346938567e+02 1.002150219298245588e+03 1.051891845088161290e+03 1.016522283272283289e+03
3.524958850931677148e+02 4.083401029748283690e+02 4.153855763561320487e+02 6.483198311611374720e+02 8.641333177860695969e+02 9.414031322505800290e+02 9.841682457212714326e+02 1.014688312647754060e+03
3.440600369458128398e+02 3.865057638888889073e+02 4.296083425110132339e+02 6.051706370449678616e+02 8.653842905405405190e+02 8.756692947247706797e+02 9.143570346916300196e+02 9.463564507198227602e+02
3.241834088620342413e+02 3.296129599567099717e+02 4.005791895604395449e+02 6.137809709821427759e+02 8.425716032608695514e+02 8.125142473118279440e+02 8.744114812775330847e+02 8.986850274725275085e+02
3.225953062749003948e+02 3.466804991883116713e+02 3.853076612903225850e+02 5.241717431434598211e+02 8.219816468253967514e+02 8.095035496957403893e+02 8.768933480290456828e+02 8.252166490206459457e+02
2.992289733886718750e+02 3.320230468749999773e+02 3.336618700592885034e+02 5.312170542635658421e+02 7.632969077568134253e+02 7.788542091836735608e+02 7.878415668662673852e+02 8.326525780862666579e+02
2.825898980537534726e+02 3.122325745884774051e+02 3.564355300086355669e+02 4.954219382591093108e+02 7.153236317254174992e+02 7.272147157996146234e+02 7.726767723880597032e+02 8.008544131566493434e+02
2.707434710351377021e+02 2.847267252604166288e+02 3.220127583165322562e+02 5.085292025862069067e+02 6.907345573929960665e+02 7.032102793040293136e+02 7.095855696798493000e+02 7.616779247910862978e+02
2.552739385727190609e+02 2.668740267255892036e+02 3.055969669117646959e+02 4.708493094569288360e+02 6.833447916666667652e+02 6.790124356775299930e+02 7.162003348214285552e+02 6.990690966010733973e+02
2.430625000000000000e+02 2.786101749146757811e+02 3.237209858569051448e+02 4.641720626072041114e+02 6.547092293906810028e+02 6.778583257713248713e+02 6.480938036020583013e+02 6.709943600867678697e+02
2.417790882224168172e+02 2.592354910714286120e+02 2.963535440226171431e+02 4.261619000000000028e+02 5.973014797185430780e+02 6.445200281803543021e+02 6.493060661764706083e+02 6.420633802816901152e+02
2.258614693147590344e+02 2.522601738344051512e+02 2.689613758250824844e+02 4.182810706967213150e+02 5.997348742012778757e+02 5.914954146730462980e+02 6.051368447580645125e+02 6.205152102899143074e+02
2.213088180462341370e+02 2.213157095939490659e+02 2.675899826120556213e+02 3.897235270700637102e+02 5.471796171171171181e+02 5.663236571879937173e+02 5.990303060413355070e+02 6.035603579588728280e+02
2.044045389048991126e+02 2.275848699534161312e+02 2.465756591076696225e+02 3.779258638928067739e+02 5.448147321428571104e+02 5.412445301291248825e+02 5.712863901018922661e+02 5.672886140483383315e+02
1.917293594306050011e+02 2.100114182692307736e+02 2.504094594594594696e+02 3.730667216614906465e+02 4.925993923611111427e+02 5.271030178837555695e+02 5.336618509957326069e+02 5.422630866425992053e+02
1.895653149190710849e+02 1.976391486220472302e+02 2.298676195814648793e+02 3.450745376275509670e+02 5.078151824034334822e+02 5.261214638157894115e+02 5.195965708744711264e+02 5.176895689655171964e+02
1.752416908749145819e+02 1.953964970741222373e+02 2.189937542344173380e+02 3.429403286637930819e+02 4.606786478919631236e+02 4.982311385459533426e+02 5.170650510204080774e+02 5.193700740990232134e+02
1.739826799374130530e+02 1.843826847484276641e+02 2.152935253530166619e+02 3.148821993670886172e+02 4.507808288409704005e+02 4.804133023648648759e+02 4.566081355656697269e+02 5.036381729200652444e+02
1.486454452614378852e+02 1.787935003121098703e+02 2.098877737226277418e+02 3.200677017902009993e+02 4.401059177997527172e+02 4.463042582417582480e+02 4.693905279503105703e+02 4.747303301450169783e+02
1.507640186915887739e+02 1.790224818726355522e+02 1.919268931045340025e+02 3.043931740348692188e+02 4.284092371323529278e+02 4.333579763427110265e+02 4.479010221598002772e+02 4.593945239576851236e+02
1.576267897248736745e+02 1.680508323424494392e+02 2.006297446646341598e+02 2.798460320965842243e+02 4.108915868176538879e+02 4.105405105835240533e+02 4.243105994152047060e+02 4.431220982142857565e+02
1.468322620738636317e+02 1.632802058019441063e+02 1.880802845528455407e+02 2.740842652887882309e+02 3.915862697448359313e+02 3.965483953692848331e+02 4.058660409556313766e+02 4.280554131262818487e+02
1.368509438631221826e+02 1.476797512383449771e+02 1.710880476804123873e+02 2.679125814573459934e+02 3.764144527098831077e+02 3.889933342889908658e+02 3.983980993340732653e+02 4.048551128448036138e+02
1.322987957642971537e+02 1.560739408995815722e+02 1.809562572421784523e+02 2.686618833935950761e+02 3.633108146067415873e+02 3.773699271592091691e+02 3.908632466814159443e+02 3.837514876927238561e+02
1.222497961956521806e+02 1.446478426395939039e+02 1.643391768292682968e+02 2.513973022066738281e+02 3.534674796747967775e+02 3.744478826252723707e+02 3.724404793432203178e+02 3.745465199791068471e+02
1.163158327792553166e+02 1.322561714824120713e+02 1.552543930707876143e+02 2.392598415132924572e+02 3.430666443850267342e+02 3.553722137791286855e+02 3.544920330385015745e+02 3.556033610755441714e+02
1.159155934678704085e+02 1.255385557010977919e+02 1.544496268656716325e+02 2.262393756231305986e+02 3.347645631067961176e+02 3.450794205794205709e+02 3.362911570450097543e+02 3.532524515966809417e+02
1.102487027214022106e+02 1.189949488802336930e+02 1.550162875986193285e+02 2.217271378391472751e+02 3.259453889432485312e+02 3.371632888349514587e+02 3.282563181367690959e+02 3.303432708688245043e+02
1.096727531222123133e+02 1.167317585146641505e+02 1.337754761904761835e+02 2.175531338360037523e+02 3.095293744228993660e+02 3.092719758064516213e+02 3.225688887604070487e+02 3.250142302341757272e+02
1.021876068254329937e+02 1.196062619731800680e+02 1.403253194060773410e+02 2.108946078431372371e+02 2.904578021718602372e+02 3.112603482645403119e+02 2.982489837398373993e+02 3.246417152858809914e+02
9.549845619184758050e+01 1.141935611738929879e+02 1.345506926952141100e+02 2.012109153263954511e+02 2.906118197278911452e+02 2.974215822925959287e+02 3.025655918727915150e+02 2.956132107023411209e+02
9.583485671936759331e+01 1.074539613423959281e+02 1.197657670454545524e+02 1.996215596330275162e+02 2.828026955244122860e+02 2.917563429571303573e+02 2.914211165048543535e+02 2.827343411942881630e+02
9.840921761630389142e+01 9.654870046977124787e+01 1.174811478055077458e+02 1.857549174423758700e+02 2.642359439834024784e+02 2.754798540609136808e+02 2.813107832618025554e+02 2.777472791631445261e+02
8.502625484704869052e+01 9.634401851472995304e+01 1.104749768898931706e+02 1.875176696284329694e+02 2.638690198983911728e+02 2.622104098023064012e+02 2.680031275847808274e+02 2.713348595213319641e+02
8.232676282051282612e+01 9.647291336241077886e+01 1.131237381235154373e+02 1.695405893729641775e+02 2.504567460317460359e+02 2.552730901374292500e+02 2.684843625099920246e+02 2.597371762698253406e+02
7.932754585854765139e+01 9.144007719123506206e+01 1.054486325039494403e+02 1.692153117658574786e+02 2.448440773569701889e+02 2.442650453827939998e+02 2.552772467974379254e+02 2.488185731248763091e+02
8.196851988217967744e+01 8.425797082034294760e+01 1.084545765027322375e+02 1.661091323757763973e+02 2.331074677786201619e+02 2.475580459770114885e+02 2.386099186838124240e+02 2.357639153640869267e+02
7.752756084271703685e+01 7.881648731744812153e+01 9.856408582089552795e+01 1.593646984141126381e+02 2.289759303435114361e+02 2.323002518315018392e+02 2.352439876957494107e+02 2.392611307749627372e+02
7.144109695747800970e+01 8.498560635042080946e+01 9.888675902061856959e+01 1.546841569767441911e+02 2.270132955344585071e+02 2.247325625473843900e+02 2.350788357400721793e+02 2.289653172565560340e+02
6.548611111111111427e+01 7.851810592421124113e+01 9.453183668582376242e+01 1.411966855415531370e+02 2.165563380281689945e+02 2.168637776243093924e+02 2.208758586406362951e+02 2.202296024161557852e+02
6.770445607988689574e+01 7.341667015750670089e+01 9.205844665271966676e+01 1.444620726495726615e+02 2.128692239336492946e+02 2.088710227272727309e+02 2.160517151767151915e+02 2.032019595176571727e+02
6.294199239244490940e+01 7.242661303908356274e+01 9.194651003649634902e+01 1.399847555818674039e+02 1.956750856164383663e+02 2.043161167960479929e+02 2.007817157859078634e+02 2.109931489576328261e+02
5.925233289930555713e+01 7.038850836354646390e+01 8.142696716877497920e+01 1.336243381866313769e+02 1.959815641534391375e+02 1.949364475388601079e+02 1.915850971115537789e+02 1.996922096908939182e+02
5.431264824478178355e+01 6.523645284726794102e+01 8.133932976973683537e+01 1.323725224850099949e+02 1.889159251175285590e+02 1.930344806163021758e+02 1.896435553346587142e+02 1.885638170892327707e+02
6.001397800183318054e+01 6.355566783301158296e+01 7.596973154496173208e+01 1.241791837863464139e+02 1.856668715427166489e+02 1.845998204247345313e+02 1.845779282115869080e+02 1.783565795668550038e+02
5.678635946111451460e+01 5.654870207667731563e+01 7.454558903155940186e+01 1.232333530715158929e+02 1.736668647021546121e+02 1.741805083436341022e+02 1.750303970223324939e+02 1.684269185591229530e+02
5.099752568751888759e+01 6.141149174150096002e+01 7.503278965643275455e+01 1.166880441542288480e+02 1.685128470171293600e+02 1.753360164141414259e+02 1.738664467799642068e+02 1.699245517928286802e+02
5.341761533852606192e+01 5.677862083568604845e+01 7.169370931494110266e+01 1.186016173245614027e+02 1.650187733208955194e+02 1.661622424155695228e+02 1.657439736203759821e+02 1.668011531638084080e+02
5.133829195205479579e+01 5.606357405162577834e+01 6.486479452304550364e+01 1.099366687836222241e+02 1.570850626055149064e+02 1.591377958579881806e+02 1.578275564847417911e+02 1.602291998551773986e+02
4.826342263631089935e+01 5.204850627821669917e+01 7.136303848870056754e+01 1.108238318410744370e+02 1.532880292923433672e+02 1.526898914905768265e+02 1.550056411174784898e+02 1.537293000426803076e+02
4.505962936046511658e+01 5.118824363586053749e+01 6.461207700276243315e+01 9.735897211322870248e+01 1.529642906718489996e+02 1.497803098885793815e+02 1.537349819644839215e+02 1.435488503751041947e+02
4.397819902848017648e+01 5.039684903047091780e+01 6.257895776098901308e+01 1.010160318559556885e+02 1.410696527777777760e+02 1.425996462264151035e+02 1.456551836818932202e+02 1.436897594549499502e+02
4.132589863989637280e+01 4.897596153846153300e+01 6.151021667580911156e+01 9.259930121055495533e+01 1.359686694172253851e+02 1.368154523026315701e+02 1.405068333333333328e+02 1.377838468250771768e+02
3.984493155149935006e+01 4.499747415413533957e+01 5.534664727048755140e+01 9.464773293472845239e+01 1.364564811038607957e+02 1.388426345231752634e+02 1.367469627079002237e+02 1.365185696646737483e+02
3.925865238336714214e+01 4.102932615096359825e+01 5.200143526564051655e+01 9.073495808545160912e+01 1.293298830095862684e+02 1.314557989690721627e+02 1.361214668301497284e+02 1.281345217363260929e+02
3.849915810137895988e+01 4.330125548512920375e+01 5.428971146166134787e+01 8.628686831875606345e+01 1.265968390428870123e+02 1.290522699004974925e+02 1.294717593765838899e+02 1.250236842105263122e+02
3.626029581462075413e+01 4.216168380230880075e+01 5.155619677615572272e+01 8.338333012326656046e+01 1.223128404784462333e+02 1.248447136563876825e+02 1.247629949726911605e+02 1.191210519847609532e+02
3.382221902957255821e+01 3.759314094080847468e+01 4.747168485449735442e+01 8.215773026315790162e+01 1.175526728592519703e+02 1.182669097735105908e+02 1.186677823758519992e+02 1.156041767627816910e+02
3.198362857054912567e+01 3.764767673220973876e+01 4.881585506134969421e+01 7.924672367183826793e+01 1.146028948931116389e+02 1.164336177373642016e+02 1.163036507701421840e+02 1.149953432521087251e+02
3.200888280193780844e+01 3.626781662541254292e+01 4.587406059182715268e+01 7.756360606418121506e+01 1.106936214352501224e+02 1.130029459334565587e+02 1.130026876178133790e+02 1.138431187241583018e+02
3.151304894849302940e+01 3.654762543503480288e+01 4.320004244360036694e+01 7.496486899815327831e+01 1.077399910031489014e+02 1.073066243036211773e+02 1.092088604925775996e+02 1.037711276705720280e+02
3.022322413412750919e+01 3.383813092622571617e+01 4.257545860572587770e+01 7.252691394167035810e+01 1.056741092020295127e+02 1.039090808170515174e+02 1.063595589900362341e+02 1.019232909715960318e+02
2.743624228647881225e+01 3.030020156743346860e+01 4.215092839421453164e+01 7.146992765814266590e+01 1.019419739111686170e+02 1.026441227191811265e+02 1.017294329506065793e+02 9.956079066841701319e+01
2.695165683315038407e+01 3.160560831757040745e+01 3.985004902796725901e+01 6.891538461538461036e+01 9.956026488227453797e+01 9.894609610417563772e+01 9.726113004210992585e+01 9.353264175537692893e+01
2.646501925545571154e+01 2.952698745314452466e+01 3.866856602075391436e+01 6.757055169253989391e+01 9.512260796152271780e+01 9.537513185654007941e+01 9.596744296577946898e+01 9.495993147046323202e+01
2.628876552375809794e+01 2.906453073261589282e+01 3.678411533878988848e+01 6.523691349731294054e+01 9.534187982625482505e+01 9.376916373988932207e+01 9.487564149560117244e+01 9.068332112587631855e+01
2.621868166909620967e+01 2.629644448946515212e+01 3.425100233455135879e+01 6.329055074506645440e+01 8.677578157243087276e+01 8.884962349397591197e+01 8.938391405932547684e+01 8.698853904282115934e+01
2.473924821954813424e+01 2.719013264479546521e+01 3.344045096852300247e+01 6.171511686991870249e+01 8.685363955823294191e+01 8.926364229431027297e+01 8.748851976344519699e+01 8.480641604137092315e+01
2.189404779198140716e+01 2.747855671893608331e+01 3.397041758960934743e+01 5.831778538584566007e+01 8.267431602861562112e+01 8.593894155590304251e+01 8.437503699684293679e+01 8.400117760809202139e+01
2.228308491149600457e+01 2.464530937500000007e+01 3.077400004813246071e+01 5.589417236142748635e+01 8.211615330940989566e+01 8.264946277820413911e+01 8.231356341840681523e+01 7.837294156222675667e+01
2.172464920430722302e+01 2.377179340413094266e+01 3.094043651158514407e+01 5.465894880812818002e+01 8.111831025449102128e+01 7.944174579091621524e+01 7.809797040971169224e+01 7.591597156398104573e+01
1.912517990279350499e+01 2.320068950688073528e+01 3.071245446041748650e+01 5.255828102256186440e+01 7.767998169456066648e+01 7.900263693560324896e+01 7.695784966024915263e+01 7.379148481973435025e+01
1.850771630130596890e+01 2.296885405417566517e+01 2.913515653481589496e+01 5.105124952125622428e+01 7.527487679211469640e+01 7.565295081210778960e+01 7.367554976851852189e+01 7.018096296635805231e+01
1.759323517777364287e+01 2.087717625858640602e+01 2.836100704414931784e+01 4.948557433644189985e+01 7.160612003559386096e+01 7.520040834845734423e+01 7.277553714493809878e+01 6.943734632547126751e+01
1.730373127511874287e+01 2.079533579605963922e+01 2.679254962446351840e+01 4.898181626023496449e+01 7.137386333392477411e+01 7.072540178571428271e+01 7.107896673207277161e+01 6.879288652043162244e+01
1.732197213635582855e+01 1.956011787280701597e+01 2.698051110528156826e+01 4.839151117780097877e+01 6.762283897934173638e+01 6.843603395061728634e+01 6.752476786965661404e+01 6.647261779184248098e+01
1.567872379134323246e+01 1.944294772369800484e+01 2.460581073421695208e+01 4.454477694346289240e+01 6.472655452534876019e+01 6.493398649796195343e+01 6.610151404203996606e+01 6.361656681427454885e+01
1.657196805930487571e+01 1.795476966594827317e+01 2.477932950477326912e+01 4.401559924167491289e+01 6.366657180385288939e+01 6.588473079561042312e+01 6.403559348739496215e+01 6.172630872197118634e+01
1.487382786851608607e+01 1.664716094771241828e+01 2.399843649453024241e+01 4.225770028214774499e+01 6.208890488160881915e+01 6.201649711731283077e+01 6.390379026901361925e+01 6.064290832433329825e+01
1.422176453584406808e+01 1.622217544244260168e+01 2.358432295207341767e+01 4.143698367821623663e+01 6.008434145420999783e+01 6.068512606417812805e+01 6.140645198044414599e+01 5.712567796264578845e+01
1.482240041097005090e+01 1.658494739123581496e+01 2.278107796308290389e+01 3.844015301085883607e+01 5.763446760718789363e+01 5.938488140302835205e+01 5.679042228644829748e+01 5.614775070764254394e+01
1.304540502993766360e+01 1.431922487257088328e+01 2.119640088263358990e+01 3.882877291466538594e+01 5.728084016393442823e+01 5.669286313518696119e+01 5.728645833333333570e+01 5.510181903732179620e+01
1.382315536437246983e+01 1.517554067846034194e+01 2.011040251358695841e+01 3.706002909217016139e+01 5.552118366244985737e+01 5.612858444233206257e+01 5.483317929759704157e+01 5.142944427148194109e+01
1.200822233606557354e+01 1.492213525451432155e+01 2.011950725255972472e+01 3.723113059818352610e+01 5.410797835195531036e+01 5.450674846625766889e+01 5.382733373710534153e+01 5.080065365815811873e+01
1.312598474925149716e+01 1.449095846036585300e+01 1.913074343061505189e+01 3.446145580884580539e+01 5.187539343525179447e+01 5.097735369921164761e+01 4.997256829780846488e+01 4.897924882451084727e+01
1.141089994101164962e+01 1.353083604517611072e+01 1.814813272409172384e+01 3.279177789027982470e+01 4.922985918744228684e+01 4.980087339504329691e+01 4.969170474977524776e+01 4.789105954694976219e+01
1.140229236699795301e+01 1.249405694507748343e+01 1.733682472397476104e+01 3.154079887147570105e+01 4.784810296646603689e+01 5.010922610184633896e+01 4.874994523948597447e+01 4.714597054688078259e+01
1.048439544562372738e+01 1.265652807945627778e+01 1.696915846604567335e+01 3.097974766421291193e+01 4.710319383259911774e+01 4.768058920306624060e+01 4.548992843650101747e+01 4.552849218356026029e+01
1.043881826868124030e+01 1.238491620234090362e+01 1.673003286422659741e+01 2.999549672489083108e+01 4.400728699551569179e+01 4.653426003931480182e+01 4.590952397944619179e+01 4.506859549761344397e+01
9.922701387875692447e+00 1.165064320303790346e+01 1.642354006634078090e+01 2.987459930283071685e+01 4.371701837496411258e+01 4.521153915488894626e+01 4.475994076333711291e+01 4.247152439884352759e+01
9.442794201250709563e+00 1.082363443559556870e+01 1.453829682308970028e+01 2.797552126627875069e+01 4.397076862286971277e+01 4.434845121365880516e+01 4.297662098003881681e+01 4.149825005197865124e+01
9.123858883282432330e+00 1.130712836908690733e+01 1.415361748094719729e+01 2.820191057744937169e+01 4.047274210164835040e+01 4.252271519204389705e+01 4.182590510148107654e+01 4.092042940295459630e+01
8.939554834126354876e+00 1.049190855819024293e+01 1.419089193416757411e+01 2.641343792925824019e+01 3.862311595659163999e+01 4.190747483221475989e+01 4.033267197986576491e+01 4.108943709732112382e+01
8.167519720476565936e+00 9.670882869494731082e+00 1.268110228029294184e+01 2.648140620963575387e+01 3.863686793975255540e+01 3.989075314153439678e+01 3.852546602326810898e+01 3.929938584535602786e+01
8.008651647031722831e+00 8.658027474832213244e+00 1.315804556697107941e+01 2.527590093893542189e+01 3.683554349210392331e+01 3.892781654530743651e+01 3.843200870808421854e+01 3.725163578222367988e+01
8.043668841604524999e+00 9.587312358383686117e+00 1.250632073901464558e+01 2.426733373998998999e+01 3.679156637430757115e+01 3.794086556544633737e+01 3.700918207866632059e+01 3.590127160850845200e+01
7.710343048749033201e+00 9.383493379038316817e+00 1.112623564039096280e+01 2.249790465470329082e+01 3.549678332068791065e+01 3.692270496535796553e+01 3.659041378648233689e+01 3.551368685428154492e+01
7.342460558252428271e+00 9.087631472491908724e+00 1.156388183593750085e+01 2.205618968077208564e+01 3.442827679933876084e+01 3.350648451271719352e+01 3.454630995730789067e+01 3.392477848300132592e+01
6.771173330007601798e+00 8.103399384643644510e+00 1.089998354457506657e+01 2.118032047509910853e+01 3.318349261113824866e+01 3.425436844352280730e+01 3.388079984021632640e+01 3.316967528470298276e+01
7.264470965596604657e+00 7.969416011802836763e+00 1.095073090875553312e+01 2.149163343558282335e+01 3.146803698478900557e+01 3.270032230941703943e+01 3.284888196480938660e+01 3.205325459598119409e+01
6.502633586250293085e+00 7.574275595743390710e+00 1.050246243045476469e+01 2.020886333494092213e+01 3.013422856208373091e+01 3.128795790488431905e+01 3.131341356607876136e+01 3.005936807344395589e+01
5.913567846119929250e+00 7.713627421307506005e+00 1.022158964982269502e+01 1.936814086516069011e+01 2.965767610622136630e+01 3.043121962013922044e+01 3.055889876739797018e+01 3.042882264931816749e+01
5.446578786704492359e+00 6.630155091762315323e+00 9.172335814734685400e+00 1.859763373559077593e+01 2.968657467067583156e+01 2.961372572887157872e+01 2.929528675446739427e+01 2.979069643591702743e+01
4.933198254589009402e+00 6.770229900101878862e+00 9.510263553320637442e+00 1.832830022371998169e+01 2.762904799422714319e+01 2.848929556048203793e+01 2.811810050734779765e+01 2.940905728595346602e+01
5.658951417704011000e+00 6.525101273148147918e+00 8.693316346808993345e+00 1.739784977064220328e+01 2.591220462807606495e+01 2.821403786840301819e+01 2.767172853795153031e+01 2.753820109583638498e+01
5.625082780277999461e+00 6.111995002815315381e+00 8.597916256746120922e+00 1.712835857870894785e+01 2.518580907534246549e+01 2.686635063440377280e+01 2.717139204545454589e+01 2.590781701001754556e+01
4.845537340129617121e+00 6.118414479647330317e+00 7.823579608015855058e+00 1.623972635654657282e+01 2.503528459206174261e+01 2.647445058790593819e+01 2.723731714694236672e+01 2.574544382208487292e+01
5.270370215471091413e+00 5.346934790422473327e+00 7.596199784150901912e+00 1.605476875414914772e+01 2.422445739773232631e+01 2.556193454327447157e+01 2.519730828093977237e+01 2.468367769736478579e+01
4.428928387344047479e+00 5.510033303610030408e+00 7.321105268863833615e+00 1.483303087757313143e+01 2.353296284817471928e+01 2.478352667978861135e+01 2.454095081353029428e+01 2.433844222621473818e+01
4.379128106821787547e+00 5.221243206521739566e+00 6.449612305734190087e+00 1.352083770182428246e+01 2.232062146892655363e+01 2.317314107717041693e+01 2.416570793807290585e+01 2.299753078158458308e+01
4.438740924460054416e+00 4.683110637421689759e+00 7.207622238342496601e+00 1.408718688805483055e+01 2.164683294513457668e+01 2.288330140063424878e+01 2.250641471545569061e+01 2.252706465858159746e+01
3.506515075773521062e+00 5.542297971770091536e+00 7.222683074034334183e+00 1.356863005050504967e+01 2.070631424862229863e+01 2.235629577446498928e+01 2.216840458811261527e+01 2.170904401785248083e+01
3.569444265960727947e+00 4.683239857178969068e+00 6.372608401872542849e+00 1.302647670274551217e+01 2.003043794236602793e+01 2.099928124363932369e+01 2.148097988610359721e+01 2.081137850825622237e+01
4.199990335051546175e+00 4.461459115365365768e+00 6.681761939534651695e+00 1.185945174513792466e+01 1.920173264172104410e+01 2.051415124564281456e+01 2.104233815167069110e+01 2.050288444573272173e+01
3.736179426174840668e+00 4.071727774030775571e+00 5.908383580993628037e+00 1.152005124547556747e+01 1.819434162316803949e+01 1.980653138635462085e+01 2.035635529144171230e+01 1.921788667984585075e+01
3.377916793082524460e+00 4.141043304637738842e+00 5.584322979154168642e+00 1.104543210908100548e+01 1.780640931858758336e+01 1.903986473880597075e+01 2.012490730670358019e+01 2.033959792396198196e+01
3.316941726937446155e+00 4.236920318333661228e+00 5.603161933483101542e+00 1.087417775280070842e+01 1.678369121880998094e+01 1.830532416454953903e+01 1.942088429549902173e+01 1.815180125725338556e+01
2.927146819350538109e+00 4.171927001761941867e+00 5.154207718810444483e+00 1.073124318203377037e+01 1.618595894607842922e+01 1.807138649562071464e+01 1.872879894288191238e+01 1.820739747272376263e+01
2.850925268120422462e+00 3.599400859024936672e+00 4.958319820237212738e+00 9.314054597840886629e+00 1.571865324169637823e+01 1.713840791854097390e+01 1.899656490339523529e+01 1.771600314097358009e+01
3.104607071795233875e+00 3.552650300082781598e+00 5.065209319455177273e+00 9.595905321553791723e+00 1.530523262760466530e+01 1.671553977796204293e+01 1.708373210719041424e+01 1.705587223659454210e+01
2.603516358292659927e+00 3.227365824455925569e+00 4.734515680397462845e+00 8.470696870879638851e+00 1.447698668875685613e+01 1.606730903749300410e+01 1.619804869524697111e+01 1.662842287394101959e+01
2.731928115650710698e+00 3.214549019272826769e+00 4.628608926694992576e+00 8.807178899082568790e+00 1.399929848717233583e+01 1.580678752547239618e+01 1.631267601569713577e+01 1.655751508235078262e+01
2.548189169726147618e+00 3.030988189846725689e+00 4.493551228767618255e+00 8.590705257722701660e+00 1.438559517045454506e+01 1.503222585841744774e+01 1.566731899891872537e+01 1.516937762806890611e+01
2.295445850337118454e+00 3.067272700365325733e+00 4.069375786446162380e+00 8.182535703735684507e+00 1.268969861880922601e+01 1.479312693816125446e+01 1.477072916666666735e+01 1.492271247003482770e+01
2.342200404847357920e+00 2.990280236153432192e+00 3.792062937745360518e+00 7.487550609539063373e+00 1.246796121822962355e+01 1.389228982588357653e+01 1.483556936448184338e+01 1.381091465440850818e+01
2.374208783519916821e+00 2.698222419028339925e+00 3.683680906315881742e+00 7.360913379073755536e+00 1.158973349857091684e+01 1.345502820377225461e+01 1.413606588340925008e+01 1.427123046960003450e+01
2.272468890790157570e+00 2.530116431093444529e+00 3.901750021040228944e+00 6.754808114999121038e+00 1.140031132719208529e+01 1.299465474938661202e+01 1.380045433638541752e+01 1.301119285310365825e+01
2.409967427234480652e+00 2.465361885737746395e+00 3.626198710786891155e+00 7.034663843359242108e+00 1.049209164938655725e+01 1.221702853467184013e+01 1.380141922577854707e+01 1.278745333419155550e+01
1.899654906746709893e+00 2.324189589208692563e+00 3.205513776139068405e+00 6.434193676825069375e+00 1.069563020833333233e+01 1.178589195926367772e+01 1.276951340720690276e+01 1.272951448984760958e+01
1.887739390871509215e+00 2.127264572767708639e+00 3.145919260902006354e+00 6.189268017553980705e+00 1.013064878295067928e+01 1.173942784773181991e+01 1.228096462382707799e+01 1.260111424446383310e+01
1.436058399888166859e+00 1.820882937017334946e+00 3.409239857907742977e+00 5.654527987238978426e+00 9.349104620455289449e+00 1.111082022168714722e+01 1.203010936730169256e+01 1.120237041459096616e+01
1.744967097995500982e+00 2.278236308850740244e+00 3.152645789587450675e+00 5.650811849598492032e+00 9.472999423108619865e+00 1.047682717880523739e+01 1.132390956680928085e+01 1.148557533964594413e+01
1.533942496592093585e+00 1.899931654923133317e+00 2.910579512075718078e+00 5.110596467951360466e+00 8.332452290460102162e+00 1.068726257235890031e+01 1.068740999716047391e+01 1.094921573211889587e+01
1.373933956006969215e+00 1.678301677995766905e+00 2.617544371905446532e+00 5.210432684840012207e+00 8.279410639990210541e+00 1.026440123431971685e+01 1.078734221425174411e+01 1.094109404971227661e+01
1.436889820826141584e+00 1.647887487449799293e+00 2.544542033756169275e+00 4.445879780689348415e+00 7.802593962125887295e+00 9.831862167036625522e+00 1.075825615463268825e+01 1.007909705511065468e+01
1.589893347343051877e+00 1.741416403125961354e+00 2.161134371010213773e+00 4.367374333587204838e+00 7.889586386864205103e+00 9.507187940003129611e+00 9.851662895706002843e+00 9.893722142745922099e+00
1.295056209653755674e+00 1.614603622441185493e+00 2.031170856136469638e+00 4.224115442167433621e+00 7.410687884024577343e+00 8.960190549946458916e+00 9.636660766601563566e+00 9.475249630537081913e+00
1.196131818104882338e+00 1.207189331978063329e+00 2.157187742992337842e+00 4.023432775173874099e+00 6.948591239959839072e+00 8.480654819068837114e+00 9.135104198429639055e+00 9.410626830613564309e+00
1.142494956010186025e+00 1.328275647785477576e+00 1.958050699588284038e+00 3.714647997936984414e+00 6.270119607404089912e+00 8.290600556416263700e+00 9.196446138135213388e+00 8.679420491249155489e+00
1.224204867140165520e+00 1.355408117595230832e+00 2.180143248661850830e+00 3.708132059345723874e+00 6.052771583005745804e+00 7.747938465196956948e+00 8.948781835701328902e+00 8.908184048647633801e+00
1.079786482868645869e+00 1.381035928672316171e+00 1.736341712718806107e+00 3.891251310005193531e+00 5.976140110390557147e+00 8.003671143557735235e+00 8.473007399383078564e+00 8.501947260629425074e+00
1.108547017138119761e+00 9.124368277077150591e-01 1.843067974452554880e+00 3.284733520400701767e+00 5.635877225519287492e+00 7.157066844334111444e+00 7.963554807481351361e+00 8.047331572813039458e+00
9.497412232367759000e-01 1.119044971142499012e+00 1.891115757739856074e+00 2.997314275723005128e+00 5.343927355278093039e+00 7.006872328474353928e+00 8.080326510633712545e+00 7.919777929498006408e+00
9.411448014229106818e-01 1.056979790004432651e+00 1.540899089407030020e+00 2.836315560062624641e+00 5.196503820461200185e+00 6.704118330495246525e+00 7.663134630760284338e+00 7.206764847606009994e+00
9.298187884367848932e-01 1.041217724105149456e+00 1.613892882141338303e+00 2.916617164139256868e+00 4.926050190462753164e+00 6.294513235606168600e+00 7.386581989723599584e+00 7.216915344711590130e+00
8.727728920515573918e-01 1.098495057175279177e+00 1.520971679687499911e+00 2.808292045534335202e+00 4.754378664523876807e+00 6.140328280583215559e+00 6.786107399071599211e+00 6.966109325466714353e+00
8.391988670205311474e-01 1.010091775554442517e+00 1.214895410695787437e+00 2.629179035830001343e+00 4.239011295077471431e+00 5.878517232510287904e+00 6.862662341870592542e+00 7.060181919834852771e+00
9.013049949449466469e-01 1.075988752656725111e+00 1.363174392097264320e+00 2.352509486066934219e+00 4.281051809667778763e+00 5.295410088329392195e+00 6.414261324343015325e+00 6.531634788323187557e+00
6.938119824362227739e-01 9.932627604878965233e-01 1.073473079151895160e+00 2.205560436057493856e+00 3.656713274932614777e+00 5.222389317662092800e+00 6.156867892905634854e+00 6.083806963101514143e+00
7.702090375167953695e-01 7.474810635025828098e-01 1.214865653712336124e+00 2.328421532846715269e+00 3.745443594345400307e+00 5.080683214911099199e+00 5.985637011154414822e+00 6.020195944348765593e+00
7.602129153742079870e-01 8.514585737070720084e-01 1.013999469753608107e+00 1.975671929950628902e+00 3.336431270424836892e+00 5.233056129129733947e+00 5.624944092896898340e+00 6.065657753988523915e+00
6.248086412989547478e-01 8.381491082139151949e-01 9.882630413427234695e-01 1.866471261986742292e+00 3.294762511360576074e+00 4.773622567681894857e+00 5.645760420803547674e+00 5.524074871444111245e+00
7.131289054751041023e-01 7.901925493580426174e-01 9.077348322448011153e-01 1.767002653005693036e+00 3.246376263237762849e+00 4.469814211023464878e+00 5.398657534302783390e+00 5.345905630601164304e+00
6.952680933947471553e-01 9.053312330315832490e-01 1.064206183947673745e+00 1.713920005178892536e+00 3.162018678857844822e+00 4.332612220652452883e+00 5.231385105661109591e+00 5.395780764751552994e+00
5.736181901737967825e-01 7.109017630241423191e-01 7.918696827735764998e-01 1.544836117727185876e+00 3.089649915053211959e+00 4.301258769541260740e+00 5.154290127159309343e+00 5.210179532038464956e+00
3.742585965658401514e-01 7.234464717324478045e-01 8.295253373262559959e-01 1.324432226513141186e+00 2.759104215107019975e+00 3.958120640456562978e+00 4.729404850627933143e+00 5.008753019995549671e+00
4.749445119855076891e-01 5.829156303381627380e-01 6.973483803593947261e-01 1.210270295677644103e+00 2.744174638869884220e+00 3.622472883515663433e+00 4.379063048795784674e+00 4.639780325769242708e+00
3.407629890949508411e-01 7.652261491220500034e-01 7.837753380995166053e-01 1.220216105148234753e+00 2.411631727158948468e+00 3.683242862847657229e+00 4.323407763840830142e+00 4.684674975791084606e+00
5.117761843498598306e-01 6.093553491360453878e-01 5.590531985117618285e-01 1.088160536530212497e+00 2.110235510675348092e+00 3.346256694779611074e+00 4.043850729598682747e+00 4.296324368737168165e+00
5.298120085755012587e-01 6.761135923093042344e-01 6.996298956378986800e-01 1.075872891403529819e+00 2.128908443700861408e+00 3.123046401055569188e+00 3.684764226983833435e+00 4.476266688969313456e+00
6.614313419780830650e-01 4.847555892718764525e-01 5.925281550733001446e-01 8.227398772294253204e-01 1.960375979439142213e+00 3.096402207115477090e+00 4.137634636762408391e+00 4.011287118870416002e+00
4.862443348092125306e-01 5.852277774487741890e-01 5.786801500089158168e-01 9.842068323897585902e-01 2.024471340966691013e+00 2.927847855016239453e+00 3.623350465926768127e+00 3.968044237158764087e+00
4.282223319085899926e-01 5.386118364536632841e-01 6.623802329009433887e-01 9.570211563307493563e-01 1.864612024087310971e+00 2.759551170538978582e+00 3.624113452289626114e+00 3.842978451963068753e+00
3.929133645468507741e-01 5.965879772370659140e-01 4.415598381130629857e-01 8.261380120945189809e-01 1.777835901455104617e+00 2.737063545443911838e+00 3.457463082882512140e+00 3.541951307606558963e+00
3.972702667345206495e-01 4.670856514650836844e-01 3.755763609017898630e-01 6.562663384454513471e-01 1.629646070075757569e+00 2.697135279701379229e+00 3.361043845091403082e+00 3.613515323481616637e+00
4.780198975581825827e-01 4.733866527737332630e-01 5.748748146735375153e-01 8.012825260565391572e-01 1.552937659902314138e+00 2.375848778612914547e+00 3.308271367797291251e+00 3.446357747104358715e+00
3.003521829986051106e-01 3.749250977242399863e-01 4.235006305449716124e-01 7.672478701379270571e-01 1.447816001092164573e+00 2.245973328714928829e+00 3.025007173118340553e+00 3.000045775499175171e+00
2.687343384085266185e-01 3.993003828298226088e-01 5.338930337038105822e-01 6.831081206876246092e-01 1.331358215198781947e+00 2.157412996165043229e+00 3.017947270053855213e+00 3.092179228148231651e+00
3.476324527023250677e-01 3.177888872554767707e-01 4.327282248220355454e-01 6.232535297918314621e-01 1.202073793063441753e+00 2.155786054223554071e+00 2.613991477272727515e+00 3.088265233386186193e+00
3.122284662401935695e-01 4.266707556438414928e-01 3.372105362791515404e-01 5.525185230470894826e-01 1.124501020882237912e+00 2.159121434106903603e+00 2.793556569039973514e+00 2.829615159227717669e+00
2.754475480635274476e-01 3.142437055313386796e-01 3.820604113154442705e-01 5.459506589396199150e-01 1.007168146872596370e+00 1.796376857695439755e+00 2.632303697327992964e+00 2.783367718696045490e+00
2.268938262449866072e-01 2.582330455744750175e-01 4.424041335467319147e-01 5.163039434523809534e-01 1.099775374694127228e+00 1.820198189527619581e+00 2.462631835937500124e+00 2.591322074273149312e+00
2.695029615347528940e-01 4.243073286142367562e-01 4.310599003539655194e-01 5.407158536855825037e-01 9.540708884214743613e-01 1.733761602888424846e+00 2.292445440795159772e+00 2.397092283180469074e+00
2.372178773513148875e-01 3.289168344197341276e-01 3.089402763549623510e-01 3.380674129734453359e-01 7.963947725481080875e-01 1.616980054482235918e+00 2.180192822146494347e+00 2.447453628281512028e+00
2.535616127506339912e-01 2.895631341506082479e-01 3.673102157853810334e-01 3.818557369667766044e-01 8.868139143389687229e-01 1.488136783749328895e+00 2.225282328039545732e+00 2.530125102828786776e+00
2.924274336892643267e-01 2.851055090206185971e-01 3.163446174253119469e-01 3.335293833676621911e-01 7.460927691008933937e-01 1.462289849806201580e+00 2.163641516397764253e+00 2.272289187744339412e+00
2.810109038666501191e-01 1.777170223590283371e-01 3.095485236868608658e-01 4.469712855641824190e-01 7.213748425833589328e-01 1.445207857407841301e+00 2.043640466090701491e+00 2.207109724448638843e+00
2.260671201648494222e-01 1.846634809627816232e-01 3.666909499945641415e-01 4.023600527127714210e-01 6.986819407457808273e-01 1.426214783952213461e+00 2.025616890639481138e+00 2.019765903896037162e+00
1.973178489427249993e-01 1.950032197682993185e-01 3.258253849314544648e-01 3.706563509725037675e-01 6.556468495287824938e-01 1.172622125574727114e+00 2.043728541010865207e+00 2.092225159217450781e+00
2.141627869342229706e-01 1.945609043232498225e-01 2.046223695498586848e-01 3.320323198101370887e-01 6.062328320529316583e-01 1.262003122144380152e+00 1.770414226498326693e+00 1.933067538941600327e+00
2.061795169070552436e-01 2.317173745737063084e-01 2.028419555454637202e-01 2.393980686980626826e-01 5.522966089468327455e-01 1.091418582851746200e+00 1.705578546243135207e+00 1.912186233520126066e+00
1.819617660516422708e-01 2.284253751255650444e-01 2.346633066460697969e-01 3.554636557271161346e-01 6.373856515502315245e-01 1.030375304919894264e+00 1.530651274181547672e+00 1.802911250964866374e+00
1.389114175574145404e-01 1.845098069197541601e-01 1.573070854950835706e-01 3.027966912084700812e-01 4.782203620249247944e-01 1.020322880782480235e+00 1.509619197823115933e+00 1.726108016170380788e+00
1.726401349730949109e-01 2.050466025712177343e-01 2.296133128458093531e-01 1.751712645893807596e-01 6.006266436238927309e-01 8.986763714028777050e-01 1.541053358218103408e+00 1.700228453060577127e+00
1.499974819152287697e-01 2.006513394942158468e-01 1.716820996395857502e-01 3.262316543863426621e-01 4.033190987989961895e-01 8.555064942673781259e-01 1.389346649282053647e+00 1.652112110250355537e+00
1.732410891749078807e-01 1.888850706493870324e-01 1.967277971526848745e-01 2.770453792677529115e-01 4.007928060529388770e-01 8.964799497746336332e-01 1.310268691236740723e+00 1.669260977807851765e+00
1.564642470588412937e-01 1.664174966676540135e-01 2.001037280934522267e-01 2.511223298347939337e-01 3.817861317057045789e-01 8.533168367255901110e-01 1.357768480705492387e+00 1.523397966422322058e+00
1.175159994948673792e-01 2.155206665567903634e-01 9.186598579021151845e-02 2.241026157462157054e-01 3.547790216468590940e-01 8.424268857404451083e-01 1.229846043889256002e+00 1.367898997187684929e+00
1.482810813861894783e-01 1.512709134813199352e-01 1.503159565220895111e-01 2.152269679208466124e-01 3.259810014204545525e-01 7.582892621641547093e-01 1.178999387056014037e+00 1.314628707305391941e+00
1.163563414877318153e-01 1.500126942094550109e-01 7.547140991810374899e-02 2.346460756439306961e-01 3.408690854883198451e-01 6.130658742353416457e-01 1.110867501100862187e+00 1.292730843547788666e+00
1.377387734944627851e-01 8.731951072692165083e-02 1.339998631119038996e-01 2.759577509182602473e-01 2.627112534857621862e-01 5.989697002962112160e-01 1.168963738207547065e+00 1.235570030905570382e+00
8.287010088167601207e-02 1.379488744378433440e-01 1.394683566019104815e-01 2.247354465425174530e-01 3.010442173337282701e-01 6.278696062765380947e-01 9.900034377849976641e-01 1.244807734055437543e+00
1.381599347387708621e-01 1.280693257304415245e-01 9.414911799817123061e-02 1.588008130154254238e-01 3.028000824158103566e-01 5.357190222836364368e-01 1.038255361143331612e+00 1.064036123194121997e+00
7.647205828383175918e-02 1.292597568861856838e-01 1.603146661741934875e-01 1.591464615172555330e-01 2.660310825943417723e-01 5.703709359109688792e-01 1.000445776380306295e+00 1.061228842932846472e+00
7.784095608095821517e-02 9.627106230137712217e-02 1.339401842677437615e-01 1.760217291636712589e-01 2.622339355770078595e-01 4.555419279962751866e-01 9.477730536868195221e-01 9.891658372041584046e-01
7.032087669437585287e-02 6.024201725056300971e-02 1.776925493413812895e-01 1.834505811149691468e-01 1.792596890149845967e-01 5.271520704162976356e-01 9.072515627758651613e-01 9.778383873695614126e-01
1.057540743881485584e-01 1.186392586691337597e-01 1.077210857398014920e-01 1.556904895613107909e-01 2.378737909306917753e-01 5.059181621623088931e-01 8.851750880243306474e-01 1.099341889467781552e+00
9.041869923732170911e-02 9.896775930923937259e-02 1.265190559244508683e-01 1.298449946384803988e-01 2.787630937472657111e-01 4.416242462331867458e-01 8.444326390691235806e-01 9.434251631376584513e-01
7.302566126704153338e-02 8.460045522654080496e-02 1.261751117128314392e-01 1.483642258986928031e-01 1.902020609952333741e-01 3.754017170933996450e-01 7.955598224389358597e-01 9.856067064840016156e-01
3.248590086331882426e-02 1.275831831643837178e-01 1.204615922551529744e-01 1.888853289318324913e-01 1.508909711554010380e-01 4.409561201951260334e-01 6.657953421044209286e-01 9.631692860948321000e-01
9.239599457041433594e-02 8.723373106684551015e-02 1.024846070717316954e-01 9.037108832974873052e-02 1.948904541650927635e-01 3.566371670355162338e-01 7.092780885858050999e-01 9.352603648270896297e-01
9.988867821765214094e-02 6.605608428178860736e-02 7.920705762378094095e-02 8.124289504221625380e-02 1.436868128411917245e-01 3.256353431575580992e-01 6.771828376379296355e-01 7.488954594888526106e-01
4.755306520509741675e-02 4.272991128613830986e-02 1.152408603641695700e-01 8.513656292410347326e-02 1.668257582758602975e-01 3.545046422101448824e-01 5.922939079664657491e-01 8.737427464588503057e-01
3.678190471630169572e-02 8.848585405769310297e-02 9.957395542545492695e-02 1.419018841959703570e-01 1.392040712344720377e-01 3.950250416848187229e-01 6.240431096120367949e-01 6.335710655179027651e-01
7.796934488552857700e-02 1.195410051701597670e-01 9.760345848784507394e-02 9.873237509739993256e-02 1.344770689100112104e-01 3.240380343724613699e-01 4.771027379505148880e-01 7.860497318993623361e-01
8.409881468563236429e-02 5.274992414659715467e-02 4.760784103863264366e-02 1.047573244146109001e-01 1.275566018877020147e-01 3.132217359877715324e-01 4.968457553475935651e-01 7.141494953290419279e-01
7.335551825460980002e-02 6.701937860238808831e-02 6.776988692744304044e-02 9.242362406716418677e-02 1.565415103233273597e-01 2.616513304131799500e-01 5.535116326402804710e-01 6.584968990689961110e-01
8.437391671535243720e-02 6.857126900562145189e-02 6.099894162663843655e-02 1.139506201386976947e-01 8.805970921226853598e-02 2.532449031080973301e-01 4.848615220301241147e-01 5.930130026223776607e-01
5.708828441782019120e-02 7.531453569150875493e-02 6.345831682234245874e-02 7.490384391253730734e-02 1.512859801549838734e-01 1.873633843561463286e-01 4.290312686827421063e-01 5.565215059871465586e-01
-1.654996769070347495e-03 4.116495539633075601e-02 5.095002957824578543e-02 9.963911129024437263e-02 1.429937048011744316e-01 2.593304928800888032e-01 4.241204351523290006e-01 5.010544492581515685e-01
2.903576888361206546e-02 7.984425569412342827e-02 4.434955109884365643e-02 5.394801234983227778e-02 9.497955058835251541e-02 2.331940096016547892e-01 4.125218976590519504e-01 5.790877728343206687e-01
