nan nan nan nan nan nan nan 0.000000000000000000e+00
5.609428710937500000e+03 nan nan nan 5.994843750000000000e+03 1.316622802734375000e+03 nan -1.395909118652343750e+02
4.707521875000000364e+03 nan nan 5.166580078125000000e+03 nan 8.365312500000000000e+03 6.106832031250000000e+03 9.684098307291666060e+03
6.007980957031250000e+03 nan 5.470780598958333030e+03 nan 8.724379882812500000e+03 9.949921875000000000e+03 1.349324218750000000e+04 8.577996093750000000e+03
9.239122395833332121e+03 5.380552083333333030e+03 nan 7.494236328125000000e+03 nan 8.907242838541666060e+03 4.100652994791666060e+03 5.794262019230769511e+03
7.533941761363636942e+03 6.728478906250000364e+03 6.825506696428570649e+03 nan 9.703268465909091901e+03 1.073498307291666606e+04 1.741009821428571377e+04 3.327039204545454413e+04
5.661153320312500000e+03 7.360432291666666060e+03 8.027771875000000364e+03 7.887824218750000000e+03 7.577421875000000000e+03 1.537608984375000000e+04 1.518082226562500000e+04 1.861810069444444161e+04
3.740211914062500000e+03 6.755174479166666060e+03 5.560738281250000000e+03 5.439747767857142208e+03 6.558674715909090992e+03 1.808726562500000000e+04 1.953305823863636397e+04 2.038042083333333358e+04
5.764769736842104976e+03 6.167000000000000000e+03 5.068638997395833030e+03 6.881037259615384755e+03 1.631067187500000000e+04 1.748615234375000000e+04 1.700167788461538657e+04 1.453555102040816200e+04
5.188968070652173992e+03 5.835715144230769511e+03 5.393157169117646845e+03 7.393256835937500000e+03 1.254873750000000109e+04 1.401006250000000000e+04 1.285222829861110949e+04 1.535273801369862849e+04
5.187901960784313815e+03 4.251467013888888687e+03 5.681198863636363967e+03 1.062169972826086996e+04 1.624255514705882342e+04 1.254463068181818198e+04 1.357357065217391209e+04 1.462983928571428623e+04
4.387147959183673265e+03 5.041788194444444343e+03 4.671319642857142753e+03 9.184059375000000728e+03 8.441678030303030027e+03 9.873744047619047706e+03 1.191821205357142753e+04 1.056252423469387759e+04
4.892180327868853055e+03 4.058570884146341541e+03 4.712894531250000000e+03 1.017071959459459504e+04 9.017513310185184309e+03 1.099594763513513499e+04 9.903215277777777374e+03 1.265391382575757598e+04
3.936390858208955251e+03 3.740043064024390333e+03 5.317426470588235134e+03 7.562149245689654890e+03 8.205830555555556202e+03 9.282984848484848044e+03 9.394035472972973366e+03 1.110119224137931087e+04
3.814904617537313243e+03 3.888395089285714221e+03 5.179979861111110949e+03 8.108881793478260988e+03 7.781727604166666424e+03 7.883467261904761472e+03 7.721924831081081720e+03 8.314568672839504870e+03
2.894913292253521377e+03 3.112277488425925640e+03 5.271305518617021335e+03 6.926868489583333030e+03 6.679384191176470267e+03 6.844511250000000473e+03 7.248550000000000182e+03 7.691389322916666060e+03
2.754222252155172555e+03 2.835128832547169623e+03 6.251783564814814781e+03 5.743532525510203413e+03 6.534307692307692378e+03 6.290797207446807988e+03 6.907622549019607504e+03 6.217850253807106128e+03
2.538190086206896467e+03 2.657930245535714221e+03 5.222443287037036498e+03 4.916994517543859729e+03 6.153560058593750000e+03 5.962713068181818016e+03 5.479318750000000364e+03 6.736926204819276791e+03
2.615686429794520336e+03 2.501373883928571104e+03 4.315915674603174011e+03 4.861513554216867306e+03 5.379968750000000000e+03 5.676259424603174011e+03 5.799508680555555657e+03 5.624077569169960043e+03
2.473604707792208046e+03 2.783731770833333485e+03 4.015749348958333030e+03 5.078616228070175566e+03 4.932389534883720444e+03 4.975548214285714494e+03 5.479931818181818926e+03 5.537725819672131365e+03
2.233308372641509777e+03 2.458070811170212892e+03 4.405295192307692560e+03 4.185949936224489647e+03 4.979614726027397410e+03 4.620146306818181984e+03 4.927121234939759233e+03 4.943994808306709274e+03
2.170669270833333030e+03 2.259033503605769511e+03 4.371089185393258049e+03 4.099860197368420813e+03 4.289660891089109100e+03 4.503817950581395053e+03 4.927647794117647209e+03 5.182970822281166875e+03
2.098736680327868726e+03 2.158225556930693074e+03 3.907628537735849022e+03 3.909016055045871781e+03 4.371800967261904589e+03 4.224894642857143481e+03 4.384312174479166060e+03 4.890143034825870927e+03
1.780980000000000018e+03 1.814753442796610216e+03 3.053964527027027088e+03 3.928869318181818016e+03 3.847168592436974450e+03 4.002896226415094134e+03 4.025472039473684163e+03 4.415023314606742133e+03
1.702883962264151023e+03 1.852983826754385973e+03 3.083739485981308007e+03 3.554807522123893705e+03 3.303578683035714221e+03 3.448120273109243499e+03 3.902245339912280542e+03 3.674698681192660842e+03
1.650354093309859081e+03 1.624437124999999924e+03 2.882005725190839712e+03 3.108367886178862136e+03 3.103464416058393908e+03 3.134572916666666515e+03 3.387622802734375000e+03 3.380757393715342005e+03
1.380079318576388914e+03 1.578383064516129025e+03 2.730673041044776255e+03 2.692243584437086156e+03 2.949918154761904589e+03 3.190545877659574217e+03 3.056084329044117567e+03 3.302999770642201838e+03
1.403290335463258771e+03 1.479809204101562500e+03 2.126113439306358487e+03 2.575046757518796767e+03 2.789953402366863884e+03 2.864189285714285688e+03 2.808928489263803840e+03 3.070801923076923231e+03
1.382658026755852916e+03 1.315421696428571522e+03 2.334877455357142935e+03 2.426658320783132694e+03 2.567685267857142662e+03 2.563649844720496731e+03 2.762623733108108354e+03 2.741339429260450288e+03
1.176872740963855449e+03 1.376631648936170222e+03 2.230576704545454504e+03 2.490436002994012142e+03 2.433977001404494331e+03 2.525246201657458641e+03 2.592044042397660633e+03 2.869712553495007342e+03
1.260482278963414728e+03 1.244123036649214782e+03 2.075075337837838106e+03 2.222435122282608518e+03 2.309265714285714239e+03 2.493392149390243958e+03 2.410647395833333576e+03 2.693886675824176109e+03
1.147807759831460544e+03 1.290455277423469397e+03 1.887649443069306926e+03 2.250182904411764866e+03 2.147153963414634291e+03 2.324023170731707523e+03 2.327559589460784082e+03 2.483485350318471319e+03
1.098984307359307422e+03 1.184946859903381664e+03 1.906252868357487841e+03 2.033469696969697225e+03 2.129646874999999909e+03 2.207376893939393995e+03 2.267526299504950657e+03 2.370015375153751393e+03
1.011682832792207819e+03 1.148962572674418652e+03 1.890919557416267935e+03 1.858038662790697572e+03 2.013606197033898297e+03 2.080798141891892101e+03 2.360236508810573014e+03 2.258318298969072202e+03
9.601121178500986844e+02 9.764558995327101911e+02 1.757702643171806358e+03 1.849892928286852566e+03 1.791290116279069707e+03 1.996186987704918238e+03 1.997235389610389575e+03 1.943575240128068344e+03
8.793579021516393368e+02 9.497045454545453822e+02 1.501231011284722172e+03 1.765335473744292131e+03 1.715676895306859251e+03 1.704759248878923700e+03 1.895457475490195975e+03 1.790153961885657054e+03
8.752899904214558546e+02 9.184440104166666288e+02 1.542858677455357110e+03 1.580956420068027228e+03 1.700802128820960661e+03 1.669127860915493102e+03 1.605456468871595462e+03 1.838621707317073060e+03
7.635207930367504332e+02 8.630373437500001046e+02 1.403602052583025852e+03 1.453842975206611527e+03 1.585968646179401958e+03 1.683110267857142844e+03 1.774067509541984691e+03 1.727196348061316485e+03
7.453320312500000000e+02 8.306438541666667561e+02 1.307380024115755532e+03 1.318535219869706907e+03 1.414039450354609926e+03 1.389013507326007357e+03 1.524191751700680243e+03 1.632674411269974598e+03
6.869068530701754298e+02 7.571533717105262440e+02 1.230631877022653725e+03 1.292705211726384505e+03 1.391590798045602696e+03 1.450080753968253930e+03 1.439411057692307622e+03 1.490049919159256206e+03
6.949485619469026005e+02 7.528921777950309888e+02 1.300379913522012657e+03 1.331259969325153406e+03 1.325237919329073520e+03 1.412154194078947285e+03 1.447927500000000009e+03 1.495692896389325142e+03
6.364967016238159658e+02 7.264170106132075944e+02 1.243864898036253862e+03 1.238368809904153295e+03 1.287417492917847085e+03 1.308375792253521240e+03 1.392732421875000000e+03 1.431980173716012132e+03
6.296062062937062365e+02 6.523023710029069662e+02 1.161714414739884432e+03 1.154533499357326491e+03 1.234255193148688022e+03 1.294149572649572747e+03 1.285179120111731891e+03 1.332658222300140324e+03
5.959603538663171776e+02 6.327161155523256184e+02 1.064842917675544868e+03 1.129209612573099321e+03 1.226124291561712880e+03 1.224308938746438798e+03 1.248932667525773240e+03 1.265611064189189165e+03
5.785785060975609895e+02 6.367125152068126681e+02 1.095497023809523853e+03 1.064915298053527977e+03 1.173154513888888914e+03 1.140357469512195166e+03 1.201631035052909965e+03 1.257288516976297160e+03
5.316347024579561094e+02 5.703100905373831893e+02 1.027100060827250672e+03 9.891348727154047538e+02 1.033318877551020478e+03 1.107408834586466128e+03 1.174287153652392817e+03 1.132381105006104917e+03
5.013259316770186729e+02 5.371975829519450372e+02 8.764171580188678945e+02 9.664145438388626417e+02 9.586731187810945585e+02 1.036762906032482533e+03 1.099569070904645514e+03 1.121181663711583951e+03
4.935372536945812953e+02 5.228179861111110540e+02 8.393727973568283005e+02 9.267546172376873983e+02 9.511241554054054177e+02 9.768143635321101783e+02 1.023218199339207104e+03 1.074550595238095184e+03
4.469950906344411123e+02 4.601032196969696884e+02 8.427651098901098976e+02 9.138655831473213311e+02 9.242974864130435435e+02 9.136229838709676869e+02 9.659418364537445996e+02 1.005882623626373629e+03
4.401894297808764804e+02 4.971047754329004533e+02 8.262700268817204687e+02 8.097800632911391858e+02 8.987555803571427759e+02 9.130477941176470722e+02 9.910776711618257195e+02 9.347100979354156607e+02
4.174929199218750000e+02 4.581602213541666515e+02 7.304743700592885034e+02 7.943247940891473036e+02 8.398996331236897959e+02 8.692500000000001137e+02 8.869172280439121323e+02 9.317677243430837279e+02
3.918166126042632413e+02 4.492090727880658960e+02 7.337301381692573159e+02 7.688362221659918987e+02 7.944472982374768435e+02 8.055788776493255909e+02 8.601430736940297948e+02 8.989682323710363789e+02
3.921816832858499993e+02 4.193602430555555429e+02 6.921973286290321994e+02 7.467516163793103487e+02 7.838469114785992815e+02 7.788866758241757680e+02 8.009669256120527052e+02 8.621497214484679716e+02
3.744173441734417338e+02 3.930606060606060623e+02 6.734311810661764639e+02 7.409777621722846561e+02 7.572013020833334167e+02 7.606182461406517632e+02 8.004475446428571104e+02 7.962110353309481070e+02
3.587917907882676332e+02 3.859899210750853058e+02 6.516450707154742759e+02 6.934573327615780727e+02 7.344704301075269086e+02 7.575976633393829616e+02 7.336384541166380586e+02 7.710877982646420605e+02
3.620881676882661964e+02 3.664143161525974506e+02 6.133209814216478435e+02 6.815570000000000164e+02 6.689272040562914299e+02 7.225938003220611563e+02 7.276632965686275156e+02 7.403065392354124015e+02
3.181602503765060419e+02 3.574595056270096620e+02 5.979116646039603893e+02 6.289831967213115149e+02 6.738930710862618980e+02 6.717073365231259459e+02 6.949322580645160770e+02 7.089438546345447776e+02
3.056578113348247143e+02 3.286077080015923570e+02 5.982909099690880339e+02 5.960659335191082846e+02 6.214372184684684726e+02 6.432593305687203156e+02 6.896607710651828711e+02 7.006309977151561270e+02
2.912841993876080551e+02 3.254324048913043157e+02 5.390662334070796078e+02 5.755512165021156079e+02 6.190013586956521294e+02 6.123467539454807138e+02 6.463046761280932060e+02 6.423361971299093511e+02
2.829442838078292084e+02 3.074813461538461752e+02 5.023249577702703164e+02 5.823360830745341445e+02 5.575368055555555884e+02 6.040902570789866104e+02 6.120274715504979213e+02 6.204671480144404541e+02
2.651692690007037072e+02 2.964630495406823911e+02 5.084058763079223127e+02 5.381882971938774745e+02 5.687720851216022311e+02 5.901374588815789366e+02 5.797533057122708442e+02 6.008403879310344564e+02
2.509144736842105488e+02 2.859327048114434433e+02 5.044920392953929422e+02 5.138094019396551175e+02 5.300837450592885034e+02 5.628651834705075316e+02 5.851727891156461965e+02 5.905661839003031446e+02
2.500663682197496485e+02 2.728238207547169623e+02 4.682776797175866363e+02 4.930535601265822834e+02 5.131380559299191191e+02 5.430239442567567494e+02 5.245959037711313613e+02 5.781073817292007107e+02
2.253298202614379022e+02 2.655187656054931153e+02 4.565815085158150737e+02 5.060127198492462526e+02 4.965842088998763302e+02 5.205426587301586778e+02 5.302793090062111787e+02 5.419286099969144743e+02
2.214431950934579163e+02 2.659794687894072922e+02 4.445105478589420613e+02 4.754962250933997439e+02 4.982218903186274588e+02 4.889602781329923573e+02 5.120824360174781305e+02 5.218761667703795410e+02
2.244060043514879510e+02 2.526451768727704916e+02 4.323139481707316918e+02 4.463742638398115332e+02 4.691816927990708450e+02 4.740932494279176126e+02 4.888687134502924323e+02 4.985792410714286120e+02
2.113927911931818073e+02 2.415275668286755604e+02 4.034633057491288923e+02 4.307064694224235950e+02 4.514002885783717716e+02 4.509224794841734933e+02 4.564773890784982768e+02 4.833556987987108187e+02
1.992932338800905256e+02 2.227307692307692264e+02 3.657113724226804266e+02 4.056232597748815465e+02 4.307066285866099520e+02 4.465099985665137865e+02 4.474128399001110097e+02 4.692930482028420442e+02
1.873525688134687073e+02 2.222775235355648249e+02 3.951232980880648711e+02 4.150792226239669276e+02 4.135804073033708050e+02 4.247862903225806690e+02 4.410258573008849226e+02 4.388081214498241707e+02
1.777880774456521635e+02 2.226753489847715741e+02 3.679386598621421172e+02 3.957402448869752334e+02 3.983566120426829684e+02 4.218724809368192155e+02 4.313175317796610102e+02 4.284743079132933303e+02
1.705092918882978665e+02 2.005535804020100841e+02 3.413673354935194197e+02 3.736327326175869530e+02 3.843996657754011039e+02 4.069362968591692038e+02 4.023651144640999178e+02 4.031725992317541341e+02
1.741465414232607429e+02 1.963037674650698534e+02 3.450638681592039347e+02 3.612944915254237230e+02 3.763696905339805880e+02 3.883376623376623229e+02 3.739084515655576979e+02 3.988260937892883931e+02
1.596250288284132921e+02 1.860001673563778013e+02 3.445250554733727881e+02 3.349887657461240451e+02 3.684235567514676859e+02 3.817693264563106368e+02 3.697298067393458609e+02 3.705207471404234525e+02
1.648016419491525539e+02 1.815061938268684969e+02 3.120695833333333553e+02 3.367130949575871455e+02 3.514513504155124792e+02 3.505520161290322676e+02 3.565168536077705994e+02 3.603956642708091636e+02
1.570212796262534027e+02 1.741763350095785370e+02 3.056418047882136193e+02 3.248364806149732544e+02 3.302899551463644912e+02 3.556345860694183898e+02 3.373918812104787435e+02 3.579153442240373693e+02
1.482113424900310008e+02 1.669995964022140242e+02 2.920349233837111456e+02 3.180560253074739876e+02 3.253759566326530717e+02 3.383053077609277466e+02 3.370406084363957575e+02 3.322382943143812781e+02
1.426873627580149275e+02 1.680118415463041686e+02 2.851839772727272475e+02 3.059702877397831458e+02 3.180372965641952874e+02 3.191201881014873152e+02 3.249769693292145121e+02 3.134729283859800830e+02
1.384992530943235352e+02 1.574429381127451109e+02 2.690156787865748811e+02 2.989974512411347405e+02 3.006273599585061902e+02 3.051977051607444764e+02 3.082969957081544976e+02 3.090211591293322044e+02
1.257221025420077467e+02 1.470891468903436987e+02 2.571025575184880836e+02 2.869598647011308685e+02 2.979553873835732247e+02 2.944894975288303272e+02 2.949375258478081037e+02 2.970442247658688757e+02
1.236511485042735075e+02 1.474855025773195791e+02 2.425750197941409283e+02 2.734486461726384618e+02 2.851002976190476375e+02 2.856366713823766759e+02 2.967974370503596901e+02 2.848928177072876906e+02
1.185019265317700530e+02 1.429141434262948280e+02 2.535781003159557656e+02 2.595279463586530824e+02 2.716260324335213454e+02 2.699908741120757441e+02 2.825064051240992740e+02 2.704164357807243277e+02
1.171391062223858626e+02 1.337266660171473234e+02 2.370014149102263730e+02 2.611906541149068062e+02 2.617071645185747002e+02 2.755935344827586277e+02 2.673378640317700388e+02 2.608688524590164093e+02
1.132571966945150734e+02 1.274424000768639473e+02 2.262947994402985046e+02 2.514611546685673602e+02 2.549892175572519193e+02 2.590328067765567539e+02 2.565235831469052528e+02 2.564904992548435416e+02
1.064587380865102659e+02 1.280179681522570831e+02 2.211067869415807650e+02 2.403959302325581291e+02 2.539898030942334799e+02 2.481776440485216142e+02 2.596013086642599319e+02 2.486373097377590398e+02
1.008351761956130872e+02 1.226610618141289279e+02 2.220686542145593876e+02 2.262517029972752027e+02 2.422556986656782669e+02 2.427873359806629594e+02 2.407730025307302810e+02 2.401376442481067670e+02
1.017690880169671317e+02 1.174037575402144853e+02 2.081929480474198044e+02 2.243683894230769340e+02 2.358385663507108916e+02 2.271194274475524537e+02 2.326589137214137111e+02 2.156904823428079112e+02
9.362944867086393685e+01 1.131736017520215682e+02 2.003840411413404183e+02 2.167806579837618699e+02 2.150798801369863043e+02 2.215542960479887142e+02 2.177741361788617951e+02 2.206366425689307391e+02
9.120872395833333712e+01 1.071958326466710503e+02 1.900465004993342291e+02 2.128911110191925786e+02 2.149450231481481239e+02 2.116756193329015616e+02 2.068273572377158018e+02 2.141890977443609074e+02
8.279552103099304361e+01 1.058733953258722806e+02 1.890845600328947285e+02 2.069947534976682277e+02 2.061263431833445452e+02 2.129021703114645447e+02 2.084628064943671291e+02 2.000116274283832638e+02
8.689048655667582466e+01 1.005761542792792795e+02 1.770119977678571388e+02 1.929876343236409753e+02 2.032990934234787801e+02 2.009176881636477106e+02 1.935295182619647392e+02 1.928782564344005266e+02
8.188796501837109076e+01 9.401259984025558936e+01 1.736232595915841728e+02 1.898439028117359442e+02 1.911078501267427043e+02 1.859928924598269191e+02 1.905840958436724577e+02 1.799343578700078297e+02
7.633701647023269743e+01 9.209154506093649672e+01 1.708937134502924096e+02 1.815466029228855689e+02 1.859629725339633808e+02 1.890116595643939661e+02 1.845579345557543149e+02 1.768965867300030652e+02
7.505339087777112184e+01 8.828446146245059367e+01 1.633981129882207028e+02 1.814599415204678508e+02 1.784186100746268551e+02 1.785305881511161772e+02 1.792119655852031599e+02 1.742246821407451307e+02
7.191331335616439446e+01 8.771249286936679823e+01 1.513367306009334641e+02 1.692119695158397974e+02 1.718394766460326366e+02 1.680088387573964610e+02 1.655509279636150382e+02 1.641401882693700145e+02
7.127945094982598562e+01 8.521203971501128649e+01 1.514371468926553632e+02 1.664848908785674553e+02 1.669991299303944174e+02 1.614859723015419775e+02 1.605722063037249256e+02 1.609848484848484702e+02
6.468475654069767700e+01 8.077945143884890911e+01 1.479332527624309535e+02 1.580704176008968602e+02 1.616719530816213251e+02 1.599375696378830014e+02 1.611717536071032271e+02 1.479468949708252126e+02
6.595225994809689496e+01 8.041037049861496655e+01 1.449646462912087941e+02 1.508589162049861727e+02 1.559163368055555452e+02 1.508773584905660528e+02 1.499223995597137957e+02 1.459438786151279146e+02
6.066713487694300255e+01 7.522612963959117849e+01 1.375037626851344044e+02 1.454142070184983595e+02 1.464254448169159275e+02 1.436419407894736935e+02 1.460908000000000015e+02 1.368708719291180103e+02
6.047928617992177180e+01 7.223250369226637702e+01 1.295527911047717851e+02 1.416172147483806611e+02 1.434258598423055844e+02 1.443045584709643094e+02 1.419440618503118685e+02 1.342622416818299769e+02
5.921355223123732259e+01 6.812944994646680641e+01 1.264987586891757729e+02 1.384275114926987555e+02 1.367640010090817384e+02 1.374034471649484601e+02 1.364901103510583482e+02 1.283013496517027647e+02
5.563889332226762008e+01 6.903324597757190872e+01 1.243886614749733894e+02 1.328403486394557831e+02 1.329394449529288522e+02 1.329428793532338204e+02 1.308193265331981650e+02 1.253858512999365900e+02
5.478149950099800236e+01 6.696496212121212466e+01 1.185930352798053633e+02 1.273765889830508513e+02 1.302205708195168086e+02 1.283181901615271840e+02 1.240436786246276029e+02 1.169583538159026546e+02
5.004400938121271736e+01 6.040369721487007126e+01 1.171832236050986040e+02 1.250271082535885228e+02 1.230941344734251999e+02 1.221329394387001628e+02 1.187505172833495664e+02 1.132688166343590979e+02
4.896788044816548080e+01 6.025818191128276879e+01 1.131418121755545059e+02 1.194835008227550475e+02 1.220606368764845655e+02 1.198100053141237709e+02 1.152280361374407676e+02 1.105618922797563357e+02
4.790498253717890975e+01 6.036204915134370452e+01 1.082180454438703663e+02 1.148865178150070818e+02 1.132063172043010866e+02 1.157326132162661736e+02 1.105816004948162146e+02 1.088287507383343211e+02
4.546043494152046804e+01 5.722066777842227481e+01 1.045648164134438360e+02 1.111142803554939888e+02 1.130417158681961354e+02 1.076063718662952624e+02 1.073793929937022114e+02 1.004793246037215795e+02
4.351893751378777608e+01 5.384371386447733698e+01 9.903601217312893823e+01 1.100502375165709310e+02 1.081183118081180794e+02 1.055206830039964530e+02 1.026292600769927503e+02 9.455524402614967983e+01
4.050558377020532674e+01 5.017178337843932923e+01 9.871351087415541770e+01 1.063477175863615969e+02 1.043105460327727485e+02 1.020416040832220688e+02 9.738988707755632390e+01 9.505040476971883834e+01
4.143293770581778546e+01 4.986359815048339783e+01 9.403406377899044344e+01 1.015419604700854705e+02 1.007800144380275356e+02 9.848985686612140000e+01 9.437047733820921280e+01 8.821373289159244280e+01
3.840423753744116198e+01 4.842538265306122724e+01 8.893561388182972394e+01 9.869931813281587552e+01 9.761034716537044176e+01 9.504667062236286768e+01 9.156176066751162068e+01 8.907469188270293614e+01
3.804904832613390653e+01 4.653888141556291203e+01 8.564319571073352222e+01 9.508145152955766832e+01 9.690659185971685474e+01 9.203390405491698800e+01 8.853471931294511421e+01 8.411866302186878386e+01
3.671038759891711578e+01 4.418276438411669460e+01 8.248369620381647849e+01 9.226080472211035044e+01 8.886736483697896460e+01 8.726841114457832305e+01 8.281302697074359287e+01 7.937611460957178622e+01
3.606992571218074772e+01 4.342855153908465127e+01 8.074243341404357466e+01 8.779142530487804663e+01 8.727029994979919536e+01 8.622402015963979238e+01 8.309626465830973530e+01 7.605874188805516667e+01
3.301801278326554012e+01 4.361653619988090469e+01 7.883704188481675601e+01 8.510595761695321926e+01 8.238371278035576495e+01 8.023223709929632719e+01 7.933858277426992345e+01 7.525438813962713880e+01
3.282717929196802942e+01 4.020240625000000279e+01 7.419585699845976023e+01 7.990655846621109504e+01 8.085314493620414567e+01 7.874299693016116919e+01 7.678884498259861857e+01 7.010683231322256859e+01
3.120699923765961259e+01 3.766604454890880760e+01 7.438824016182419996e+01 7.748593811059008374e+01 7.985116485778443973e+01 7.659305256460454814e+01 7.253304011760242531e+01 6.658074052132701581e+01
2.974280388825971855e+01 3.783753153669724867e+01 7.069842334580543763e+01 7.479101278202328729e+01 7.683204165081779990e+01 7.477978118060696033e+01 6.872848244620611524e+01 6.601620018975332016e+01
2.820952658582089612e+01 3.613448861591072614e+01 6.700986602260299208e+01 7.372405807162006397e+01 7.298784722222222854e+01 6.986524086378737763e+01 6.570963541666665719e+01 6.138739801998350032e+01
2.738558148734177067e+01 3.512391540130151668e+01 6.591455603912419292e+01 6.990452945659971817e+01 6.777364532596477886e+01 6.841577813067149805e+01 6.443777312454479045e+01 6.035404334760040257e+01
2.673326749177931916e+01 3.377936690184593260e+01 6.252841112303290316e+01 6.877456390174440060e+01 6.848139748935415128e+01 6.627568080357143288e+01 6.380763913663931675e+01 5.905741973288519375e+01
2.535444573244032185e+01 3.241931469298245361e+01 5.852703086743616723e+01 6.694317588726514145e+01 6.478102569152660806e+01 6.241883818342152068e+01 5.984926857042746917e+01 5.659095354254571220e+01
2.472271557543030696e+01 3.270135551380636230e+01 5.932595047087547613e+01 6.294082376325088291e+01 6.164067816434160818e+01 5.961271866508152328e+01 5.751543116815988554e+01 5.503004254580186227e+01
2.315078770879027914e+01 2.971458512931034335e+01 5.786824497101942910e+01 6.069266712001319064e+01 5.970852670753065183e+01 5.858528377914951335e+01 5.634776785714285552e+01 5.200567503623497601e+01
2.233003067547603138e+01 2.840673374613002977e+01 5.309663569819819884e+01 5.842395904582762967e+01 5.788339279922153224e+01 5.548537767379679053e+01 5.583463757887745516e+01 5.072334261028495206e+01
2.078251724066732464e+01 2.867407226562499645e+01 5.396922799116246949e+01 5.632829042348411974e+01 5.583998134015430992e+01 5.409109978716437439e+01 5.215905701027510588e+01 4.722536905635755744e+01
2.104534022013346117e+01 2.698721725252206838e+01 4.993595166774611727e+01 5.455923000987166915e+01 5.392564825031525544e+01 5.201118516430412342e+01 4.905894749518304110e+01 4.594488980994743343e+01
2.011550606955380616e+01 2.561201815864925280e+01 4.858804468829517020e+01 5.294218299711815234e+01 5.241988217213114609e+01 5.000259168264621223e+01 4.819360948191593508e+01 4.405063671311869200e+01
1.877847419028340070e+01 2.505064638413685785e+01 4.697565508540373003e+01 5.130372418310727767e+01 5.080539378278309215e+01 4.898458788814955511e+01 4.561259530961183373e+01 4.143897882938978938e+01
1.764425763785395063e+01 2.497937422166874200e+01 4.569128141483089678e+01 4.972473966489195618e+01 4.970178654562383258e+01 4.734707630368098563e+01 4.495509338855892167e+01 4.174518484754441516e+01
1.814397572043413120e+01 2.371066596798780424e+01 4.359920058139534405e+01 4.686920630112087593e+01 4.735287395083932438e+01 4.478612037598544759e+01 4.174586272891023953e+01 3.899689064158956597e+01
1.668926734626161235e+01 2.313396822358345872e+01 4.267107932549136962e+01 4.502157584683357783e+01 4.549439731455832714e+01 4.279283928038220353e+01 3.991781540305664322e+01 3.685209984300239228e+01
1.540315331774334950e+01 2.090690994378608281e+01 4.122185528391167253e+01 4.384301889622075521e+01 4.335543852106621188e+01 4.179539532459797613e+01 3.889903986565420269e+01 3.536657524235921102e+01
1.500302140883977842e+01 2.092626296244394624e+01 3.962572303185096700e+01 4.196675927236693582e+01 4.287043869309838584e+01 3.985042124674573216e+01 3.693860342197035607e+01 3.457297069735609796e+01
1.409543997356765388e+01 1.951641785814409857e+01 3.904092644121004696e+01 4.067133369723435266e+01 3.935118150924888170e+01 3.929948574838528685e+01 3.614110226948330507e+01 3.367896452233382831e+01
1.429426475415815467e+01 1.890525275222965362e+01 3.797163931564245587e+01 3.918421559697309675e+01 3.809238623313235905e+01 3.739114327949235417e+01 3.493239881881384434e+01 3.241881963542768830e+01
1.376674868533257445e+01 1.785438019390581843e+01 3.441963853128460471e+01 3.823760910224439158e+01 3.882447429906542169e+01 3.653715972984092275e+01 3.323245165650124733e+01 3.041724348534201994e+01
1.236358157117248702e+01 1.786145274683718398e+01 3.401200581790963895e+01 3.673011596880131435e+01 3.566377918956043658e+01 3.483532235939643584e+01 3.247383262479429789e+01 2.954267011028661116e+01
1.201283600151995756e+01 1.799845836740256289e+01 3.291474258705114408e+01 3.483148179945055034e+01 3.493468021503215226e+01 3.389973783557046971e+01 3.118532718120805214e+01 2.958531917599186301e+01
1.142199978724797127e+01 1.646096494190759074e+01 3.101008655126497970e+01 3.381265338413846422e+01 3.384707630110273868e+01 3.245746941137566211e+01 3.028485052551560130e+01 2.809186764510338463e+01
1.136989518889035011e+01 1.520153942953020021e+01 2.900326809043632537e+01 3.351089654823020680e+01 3.202588114493122617e+01 3.139203242988133624e+01 2.863523930985182986e+01 2.702543046900623480e+01
1.051901798341475924e+01 1.588689675383937505e+01 2.859626331557922541e+01 3.261674174174174112e+01 3.156948817924030948e+01 2.977664634528585808e+01 2.774762714899713600e+01 2.569282380631064910e+01
1.029526796653340348e+01 1.448671307600801228e+01 2.825515279893374299e+01 3.074771637729982032e+01 3.079814349393019768e+01 2.905037528868360397e+01 2.728319012416794820e+01 2.426388096596310717e+01
9.551688450114973250e+00 1.433365326269604090e+01 2.698037109375000142e+01 2.933852620019796831e+01 2.960822657044760930e+01 2.698053465751699420e+01 2.535670674284279613e+01 2.359352023502796669e+01
9.909070933105283530e+00 1.253385799350967389e+01 2.516593956649522568e+01 2.865447302403369534e+01 2.830600993832437595e+01 2.698094428519150867e+01 2.587735834562438697e+01 2.271699946137272974e+01
9.546417309301769905e+00 1.261123830418297409e+01 2.553364793408755418e+01 2.719468558282208903e+01 2.735934433267909682e+01 2.606304886023916367e+01 2.398331729594330497e+01 2.183979340988212314e+01
8.530379302271130726e+00 1.301875151588649082e+01 2.418599948597000449e+01 2.608219043887147492e+01 2.555055453139867083e+01 2.447027269806029537e+01 2.223745922928243601e+01 2.133806460791948467e+01
8.336987433862434571e+00 1.252935362439467326e+01 2.347219821217494129e+01 2.516002707265952409e+01 2.495386160176030899e+01 2.439956268002880435e+01 2.226316458775654539e+01 2.049744127017209649e+01
7.871548900327562492e+00 1.169031713295074226e+01 2.205100276132999326e+01 2.452805295389049078e+01 2.573577641752577350e+01 2.339226274787535687e+01 2.096695143884892332e+01 1.987545175412822474e+01
7.025122301431539817e+00 1.100767630744849335e+01 2.146092076291359163e+01 2.349290786418214694e+01 2.403522067919415761e+01 2.272053881025465927e+01 1.923822384534639696e+01 1.974322715201200751e+01
7.131731482682111434e+00 1.069199541220437233e+01 2.080593132523279465e+01 2.289216420584862632e+01 2.211942463646532531e+01 2.134564734692711951e+01 1.959360353795153031e+01 1.760065883993464197e+01
6.919216239888344333e+00 9.867977547860361298e+00 1.935977203732853624e+01 2.192427449037372611e+01 2.093110373858447559e+01 2.081812121041994246e+01 1.842814985795454419e+01 1.694914468843737509e+01
6.800013262789630808e+00 9.703932686497473981e+00 1.847051860823606972e+01 2.113652995935852275e+01 2.094550372105843650e+01 1.998154045352743680e+01 1.863587494500659858e+01 1.672289401799017838e+01
5.943773420770877891e+00 9.255325840522008463e+00 1.820084277386713723e+01 2.052652861529099582e+01 2.003497040351267344e+01 1.831563726291693683e+01 1.706886823020074928e+01 1.532670501629744209e+01
6.142747046151406209e+00 8.881044301232165594e+00 1.801542511383347644e+01 1.891360712351029250e+01 1.962784210803966900e+01 1.896649522756687034e+01 1.692421992078784143e+01 1.501370434677678922e+01
6.028080380750925116e+00 8.099483695652173409e+00 1.663177920685959066e+01 1.801393603218704342e+01 1.848090164602346874e+01 1.650924269828509949e+01 1.589505502558089844e+01 1.415182514721627349e+01
6.004330539683372159e+00 7.863710777165694665e+00 1.630562130930563924e+01 1.839935541775457040e+01 1.823261193064182351e+01 1.696110101744185883e+01 1.480103226060478860e+01 1.432356479040337405e+01
5.029122158492948635e+00 8.017921859104781390e+00 1.562908060622317485e+01 1.678713383838383777e+01 1.696733421206019443e+01 1.639039125805111041e+01 1.449057123305526495e+01 1.385469410659288947e+01
5.084031963220931871e+00 7.708736729019211253e+00 1.432140686426649978e+01 1.719969970960929118e+01 1.669241658240647297e+01 1.497038787400773430e+01 1.414791254940711340e+01 1.259262691068963669e+01
4.677638128221650149e+00 7.040179241741742366e+00 1.463111955761933203e+01 1.585681372792220678e+01 1.584288654669657426e+01 1.477945586426081626e+01 1.369349461553945169e+01 1.281762851615667742e+01
4.790651292838087549e+00 6.845770258792965635e+00 1.402263789326961430e+01 1.478093580333802493e+01 1.542282548685003007e+01 1.424835444763982473e+01 1.333232728454309068e+01 1.209473374705970627e+01
4.087619462985436769e+00 6.773025415505573577e+00 1.302440839957008478e+01 1.451047237076648777e+01 1.464413217863519101e+01 1.331222947761193964e+01 1.300384368202491636e+01 1.207642649449724992e+01
4.257769841459910332e+00 6.204512797209668307e+00 1.276593786628247607e+01 1.371216895145440340e+01 1.403194277831094183e+01 1.336711574164549532e+01 1.222181996086105649e+01 1.086810399540618910e+01
3.838821897914484360e+00 6.160371521999803868e+00 1.169540845623791014e+01 1.343929935021817457e+01 1.317300245098039113e+01 1.258587651132901719e+01 1.191116836832980219e+01 1.075913935019793399e+01
3.875428041472462670e+00 5.370073239333722270e+00 1.190273538848220802e+01 1.290658736140828466e+01 1.292591832426346521e+01 1.234594186998826615e+01 1.187405915869442907e+01 1.048837287416997022e+01
3.702279510454930644e+00 5.479869087449411147e+00 1.084626310133307570e+01 1.266396590699391034e+01 1.250095359993309074e+01 1.181886718030219363e+01 1.058935333246147970e+01 9.915595602069613435e+00
3.490066450980852331e+00 5.398741113066934716e+00 1.100011808406419078e+01 1.205401499811640598e+01 1.206875428473491851e+01 1.106243150764782612e+01 1.037547908900279658e+01 9.410192959816674474e+00
3.198289664360508322e+00 4.802169830394569239e+00 1.035255548131396175e+01 1.124765983371559663e+01 1.172936346788436524e+01 1.084330423304927749e+01 9.902905701754384893e+00 9.540402635683809862e+00
3.194398985175948891e+00 4.691934121621621934e+00 9.791916307146729892e+00 1.105878176634339027e+01 1.157270028409090834e+01 1.053974334782804512e+01 9.705027792169760303e+00 8.372901077225662902e+00
3.161820356857700798e+00 4.605670299251308109e+00 9.490479086149559151e+00 1.026986002544991727e+01 1.071696205077775765e+01 1.041394279004013157e+01 9.228022240990991776e+00 7.731006038264959912e+00
2.860493870535328220e+00 4.879598718408316493e+00 8.879491769271949053e+00 1.020394531945185967e+01 1.025433556091148191e+01 9.914958528239777635e+00 8.762778869574844975e+00 7.582107748116969859e+00
2.803259988175822226e+00 4.205196392030452479e+00 8.419259624253337293e+00 9.665757665094337980e+00 9.773653816095032809e+00 9.430962729155648816e+00 8.734722648037841708e+00 7.516184662923793169e+00
2.939022293579968803e+00 3.784834256750754911e+00 8.204937089715535592e+00 9.267715843151046684e+00 8.892074350690890583e+00 8.910269891342446513e+00 8.474764140852300898e+00 7.210264963678280736e+00
2.622218301923241679e+00 3.798297488209533945e+00 7.502878001226779503e+00 9.099938746198038331e+00 8.553051964532572882e+00 8.817823888560821999e+00 8.038182580017300793e+00 7.113703656024717326e+00
2.286325588040505785e+00 3.414960004354678169e+00 7.478850996684800911e+00 8.400351616305096414e+00 8.853171874999999247e+00 8.234442911624340056e+00 7.588426239215023017e+00 6.971692425809447258e+00
2.432213396661182525e+00 3.197337722397738613e+00 7.015934598325319627e+00 8.191382427476511907e+00 8.184858630952380310e+00 8.015583957013008742e+00 7.171725766588472162e+00 6.629666921143379632e+00
1.922952449780553907e+00 3.170899400262898737e+00 6.916481543451399538e+00 7.576356376367251677e+00 8.153808113945299141e+00 7.660387174111590980e+00 6.951000908400394529e+00 6.591670226234096930e+00
2.187936538422913468e+00 3.318985788445723450e+00 6.540421195652173836e+00 7.564396150852179979e+00 7.868499670347783415e+00 7.236970642389525921e+00 6.332536484902090201e+00 6.129087973445862758e+00
1.722540825966241584e+00 3.120577110785749397e+00 6.156933976215730908e+00 7.113435181368508609e+00 7.233457508848133877e+00 7.467702303424987420e+00 6.531916781599870880e+00 5.526836269466921969e+00
1.844015118892056826e+00 2.536699638503337795e+00 5.644665388915508508e+00 6.666457945013979369e+00 7.081388175069342594e+00 6.801702215342554148e+00 6.120197690432783943e+00 5.639146419437340185e+00
1.505287504413149291e+00 2.373567865210843397e+00 5.628383328192473556e+00 6.045328157830935467e+00 6.365987060320888347e+00 6.453070497066751621e+00 5.981236235645744692e+00 5.282255340447354897e+00
1.578703482590720242e+00 2.622185962011688964e+00 5.060588019669645554e+00 6.104668459634424060e+00 6.625080464664870661e+00 6.354641299671464516e+00 5.675073582706472664e+00 4.912374946475145165e+00
1.626896579127542930e+00 2.485543712286129026e+00 5.163782312529110463e+00 6.125499816671951869e+00 6.097887264784946026e+00 6.077063135803886240e+00 5.095909423828125284e+00 4.810387741609302381e+00
1.335760987310430137e+00 1.932335594742813800e+00 4.587342706910939150e+00 5.438914494821590395e+00 5.782949104108742411e+00 5.745547547249538312e+00 5.441534890036590966e+00 4.987205913119555412e+00
1.235161964128436818e+00 1.884938634566134308e+00 3.913974669593171640e+00 5.437543370217554184e+00 5.454418919801462096e+00 5.397452671553808479e+00 5.187761743928946956e+00 4.518224667618118140e+00
1.336180666515812021e+00 2.083683702712582519e+00 4.169626815391525909e+00 5.208032307721365939e+00 5.555571633088902672e+00 5.318376277603700686e+00 4.796182431794135503e+00 4.182851239669421517e+00
1.285072801407756371e+00 1.893445502992120000e+00 3.950175150078545805e+00 4.990416094746994879e+00 5.137106984115418662e+00 5.198006065165700740e+00 4.982544662529377000e+00 4.087405764632834781e+00
1.212437311992606404e+00 1.629806020493323349e+00 3.499685789233577093e+00 4.718254435233255606e+00 4.941662416543026737e+00 5.085083007812500000e+00 4.346026503309199818e+00 3.911822941521970520e+00
1.279032756836991913e+00 1.752389905867384634e+00 3.379316521819526464e+00 4.300148847369568372e+00 4.732435176645856778e+00 4.682175215548736169e+00 4.188705161481535377e+00 3.872489972241187406e+00
1.133331738562680213e+00 1.430246287677304995e+00 2.967561567715256032e+00 4.113678491051095953e+00 4.534829108711566192e+00 4.652214594863062658e+00 3.978907442488006652e+00 3.481749817613575271e+00
1.035188234097897508e+00 1.548838890899735032e+00 3.058746588814856615e+00 4.198701754503061601e+00 4.366051667430868477e+00 4.127342423786957148e+00 3.779794914953932938e+00 3.593911555893913423e+00
1.151736763784461104e+00 1.328718848201815517e+00 2.755123406948323694e+00 3.863571160563825657e+00 4.309185095984035208e+00 4.088569078947369206e+00 3.963950571019130731e+00 3.208804541651990139e+00
1.117303351749176610e+00 1.270611041781815720e+00 2.548595854195442101e+00 3.662687799445056847e+00 4.005072822398189736e+00 3.953100351508916699e+00 3.553584698603621916e+00 3.455485818424221645e+00
9.413739921752871664e-01 1.323336414846558062e+00 2.129147489810720995e+00 3.451469530061540780e+00 3.867371301171115050e+00 3.700313901881346457e+00 3.504380348807053736e+00 3.485544767311151038e+00
7.383713801839855151e-01 1.265856319235503236e+00 2.225658773563198523e+00 3.283660079509547636e+00 3.590093286725067667e+00 3.649961851795803014e+00 3.111179353360488786e+00 2.907972708723006505e+00
8.523907903300301792e-01 1.040454194492590911e+00 1.986223356640994364e+00 3.137034464167219650e+00 3.520924592576211598e+00 3.278680998703529248e+00 3.180547914426824274e+00 2.784710526204707381e+00
8.377379404327810475e-01 1.266992214011809281e+00 1.904005721988363042e+00 2.830971336906532798e+00 3.347039930555555820e+00 3.413865508746306787e+00 3.240083736416644378e+00 2.768721858519354040e+00
7.480884803354062029e-01 1.059379964498768034e+00 1.917501766962843357e+00 2.767100968190887134e+00 3.263252427797226130e+00 3.115781188988676398e+00 2.894905120631453777e+00 2.614215160118007919e+00
7.202341192843680906e-01 9.467924842538758545e-01 1.875130021007716197e+00 2.457221722203616565e+00 2.888747548188686398e+00 2.906875321075831575e+00 3.108030944311318322e+00 2.470468933979852011e+00
7.782969607506859955e-01 8.735767615023775079e-01 1.839387374742235126e+00 2.408219685412384514e+00 3.022120258537058568e+00 2.937602848863344551e+00 2.752005127552669350e+00 2.513233129528985810e+00
5.919269219952393302e-01 7.650532083862769950e-01 1.559835429111591232e+00 2.334004787471323006e+00 2.763400155468649810e+00 2.989533112025883899e+00 2.741035868522073038e+00 2.636862186200767955e+00
6.701052687282500475e-01 7.792786453355950993e-01 1.472843667312228932e+00 2.176083819023249877e+00 2.878085584150847254e+00 2.762746958227647376e+00 2.615831734428517130e+00 2.282908762358139665e+00
5.546996308363203454e-01 8.530494007418069069e-01 1.401113379768285094e+00 1.930375855961051546e+00 2.448553049975121354e+00 2.642949616950521996e+00 2.282575929816858640e+00 2.096901322406260704e+00
6.360043327749967945e-01 8.264333622975772453e-01 1.282394789278411107e+00 1.888162270113175056e+00 2.344171180772840923e+00 2.535785106332999472e+00 2.197236661208600950e+00 2.152156204120200922e+00
5.346555891181130615e-01 8.672193563695161922e-01 1.116145067585813777e+00 1.683183601035061372e+00 2.136563067837673913e+00 2.568836474236641187e+00 2.313171371828494749e+00 2.040441711610946118e+00
6.112567582842867164e-01 7.904030369678780588e-01 1.162015566369605901e+00 1.762264189878737008e+00 2.194750181345937801e+00 2.059635005914826511e+00 1.936778093375910226e+00 2.067093980946443477e+00
6.074028499113102164e-01 6.729131506691106157e-01 9.763681594952932086e-01 1.461762477743790978e+00 2.131530668227878067e+00 2.163838831157163689e+00 1.975247115731282310e+00 1.805568463590120576e+00
5.399761753192459102e-01 7.293842717339807935e-01 9.660455882407572581e-01 1.521842650200167180e+00 1.963915037412503173e+00 2.076149319965716167e+00 1.996657227847911997e+00 1.716830432643378757e+00
5.107086918780192608e-01 7.123034892638037130e-01 1.004657097582547287e+00 1.307276755564364734e+00 1.849629796970994944e+00 1.979067770373865054e+00 1.793926756314174531e+00 1.617689075359133977e+00
5.161821065625538107e-01 7.324602546853002938e-01 9.171964343609997350e-01 1.334965421891557869e+00 1.755022717526321996e+00 1.927662866270908992e+00 1.908065191145772221e+00 1.433588364281733085e+00
4.506134057788583336e-01 5.734687079629197104e-01 7.507080533611240059e-01 1.019808322804112821e+00 1.684621346126357944e+00 1.763745379704301230e+00 1.600152399340506681e+00 1.530175302334523035e+00
4.321871977068396653e-01 6.043852604470005829e-01 9.037406707018654783e-01 1.163868191390633910e+00 1.541341789379578886e+00 1.734141007573169357e+00 1.676679346734389231e+00 1.521236659108633482e+00
3.827726068325125186e-01 5.752205821028660848e-01 8.221452521832239846e-01 1.030537303244748237e+00 1.623785627466178161e+00 1.583004091617596032e+00 1.535864041954772219e+00 1.316748566293588940e+00
3.633897018368038023e-01 5.111507305813469682e-01 6.885613069247978890e-01 1.013384816282420609e+00 1.401980638860163220e+00 1.515849595160116525e+00 1.543262161635487573e+00 1.154623899139727516e+00
4.216624617496646521e-01 4.159528452123109621e-01 8.176508692744900442e-01 9.356283011806575400e-01 1.267471596725540550e+00 1.605527935606060552e+00 1.345816254682433266e+00 1.215707169357979289e+00
2.793913730475364177e-01 4.629490747744526291e-01 6.836181936748815247e-01 9.261221083882481553e-01 1.275245876299463621e+00 1.566771042783735357e+00 1.417083453002159210e+00 1.302797277663735542e+00
3.731121242860128140e-01 3.798764704929327718e-01 7.119142226097113779e-01 8.913064682079328005e-01 1.295238203562795398e+00 1.397152381921824116e+00 1.326313542466805773e+00 1.269502773952424057e+00
2.387654578877005107e-01 3.836668195279349658e-01 6.234467311348397267e-01 8.451994660612824894e-01 1.172561620615823808e+00 1.230686025523345162e+00 1.180008279551630457e+00 1.000882371155360051e+00
3.445148016472043273e-01 3.642494249768971071e-01 6.116805753804112067e-01 7.726798350666012061e-01 1.131978248530982833e+00 1.191960461505514601e+00 1.179698789130023906e+00 9.685642239344482984e-01
3.213598541093444227e-01 3.596810757722527230e-01 4.941677690032887371e-01 7.472108258229862576e-01 9.813541413998491114e-01 1.227238749534623974e+00 1.137651907420176078e+00 9.689752506848950953e-01
2.704456905974269576e-01 3.353233768603993692e-01 5.280060811139191124e-01 6.459879627689770754e-01 1.028068352606846592e+00 1.149225983796296147e+00 1.163215659674747604e+00 9.972317080856596405e-01
1.981834390003541779e-01 3.913489147068299201e-01 4.355933817276406717e-01 5.829904636811277241e-01 9.951536356457495458e-01 9.757852874677002131e-01 1.014575939345407685e+00 8.399332248838978776e-01
2.076746206337945211e-01 2.892449033387684554e-01 4.967979018986933282e-01 6.297793461787734026e-01 9.271477582911424875e-01 1.017906594944288257e+00 1.044973561060087208e+00 8.206329625811205064e-01
2.573046976408359110e-01 2.560306859639017163e-01 4.802998275702189956e-01 5.919678034424928903e-01 8.205855590426086588e-01 1.016761561982829853e+00 9.768867135207496277e-01 8.136567162981225287e-01
2.251522517147618030e-01 2.867042212344287910e-01 5.116071186837477525e-01 5.970059672769892911e-01 7.959152524834437470e-01 9.728405890006062151e-01 9.817079967061839163e-01 7.908779781767217854e-01
2.195758208901807396e-01 3.887719456369301274e-01 4.033546124343964090e-01 5.445765004808672538e-01 7.126066442911747068e-01 8.922527033201339552e-01 9.116045057549944097e-01 8.299093113393627430e-01
2.402493477669518929e-01 2.580068195189016422e-01 3.406573057006256899e-01 4.890980993598568194e-01 7.445447950537380510e-01 9.391157794831381800e-01 8.543210574762855058e-01 7.693912629306032258e-01
1.951212065937870943e-01 2.447879716536916217e-01 3.301185720330545581e-01 4.984210637610728134e-01 6.679519889866871729e-01 8.043041080742163729e-01 7.647186279296874778e-01 7.312127767765991271e-01
1.772402743207121545e-01 3.234618824096813783e-01 3.834756055668969710e-01 3.813799071949915409e-01 5.919179380339287810e-01 8.276350847379428943e-01 9.057266372388715903e-01 7.974338610481167544e-01
1.995587701329031849e-01 2.058261323137659526e-01 3.490803390327262834e-01 3.953058383980406210e-01 6.918692521222933323e-01 7.445999492635620998e-01 8.776074228326958826e-01 5.301306543371392399e-01
1.492935304911666150e-01 2.111282655621287696e-01 3.420380181521292529e-01 4.575927450049737666e-01 5.707566212057839650e-01 7.077400347622825327e-01 7.990815666698897202e-01 6.215440874165683027e-01
1.657193139331248899e-01 2.872838277076177893e-01 2.978208641374450738e-01 4.527269075539525622e-01 5.487934378345172837e-01 7.062901189048640394e-01 6.311636914627531958e-01 7.056253405770197551e-01
2.314182631302267035e-01 1.554769651584715640e-01 2.658775251129233963e-01 3.876182653733420413e-01 5.427038108442340247e-01 7.362646967637752615e-01 7.167400013316761465e-01 5.614363804977535732e-01
9.707873364488014967e-02 1.888606850542710602e-01 2.484418532172771032e-01 3.950998643714522252e-01 5.277751986653461680e-01 6.245613768018123402e-01 6.576439894938397313e-01 5.899513858052102266e-01
1.448153011532823942e-01 1.694416644195840815e-01 3.008313418686702767e-01 3.127097833140938254e-01 5.174205320575679945e-01 5.921514982856674880e-01 5.239822485335713376e-01 5.113899894723623607e-01
1.794336314066516669e-01 1.360832696937653019e-01 2.949095017097308480e-01 2.962604244349472116e-01 4.498197857609155803e-01 5.692302559441365650e-01 6.083442091753963332e-01 4.658731529182225106e-01
7.776933523889978384e-02 1.284978886160507705e-01 2.006399783095872413e-01 3.293683180168493485e-01 4.739913075575858947e-01 5.718330463967723487e-01 5.225132629316266986e-01 5.476240984681836066e-01
1.270641497920002305e-01 1.561696824835081820e-01 2.452363805055795265e-01 2.642992591208803699e-01 3.903430936263458384e-01 5.131662575379438707e-01 5.555587024053807443e-01 4.624575642409908260e-01
8.470050016721838992e-02 1.537032516722127706e-01 2.348655301747493984e-01 2.615683577598088561e-01 4.191687045678901824e-01 4.606870271974062847e-01 4.709987057348526407e-01 3.618861670028623578e-01
1.150307633412421954e-01 1.625739959102349141e-01 2.109582566309820828e-01 2.930927792385185082e-01 3.681878417128182646e-01 5.446930527416462553e-01 5.110185566115886813e-01 3.040603021928006688e-01
1.139703863902130632e-01 1.568801254875915874e-01 2.169955956259435048e-01 2.653483274531056590e-01 3.719255456972361817e-01 4.312162782099036029e-01 4.879535392416127770e-01 4.465194111507410080e-01
6.746396506143734206e-02 9.323169439070365383e-02 2.486617723624988952e-01 2.404662224771274281e-01 3.313877689097620149e-01 4.838932925985385824e-01 4.376994849598340176e-01 3.632795227935974314e-01
1.229258760325245281e-01 1.607073439213267396e-01 2.168591457719786231e-01 1.983658062731236960e-01 3.187361284217407054e-01 4.553109832403144375e-01 4.596661888462544865e-01 3.550585899220944919e-01
9.849052349137468743e-02 1.265628960194268016e-01 2.001821019329056150e-01 2.908751764972293263e-01 3.149784898203036310e-01 4.247376214514355652e-01 4.432246213718746830e-01 3.918133749187696635e-01
1.002071058403578158e-01 1.534262133670465378e-01 1.779528890795980811e-01 2.423715788398692617e-01 2.476524765235266767e-01 4.252473528341444431e-01 4.132216337325989031e-01 3.457031040711193715e-01
1.123432196119221876e-01 1.304449422944810588e-01 1.835073903441254151e-01 1.820010757766582776e-01 2.049602131845623121e-01 4.128013350797671843e-01 3.410434083156418383e-01 3.357732585242407808e-01
9.872886611740885887e-02 1.110592271429467898e-01 1.314021116782683185e-01 1.954377286512146705e-01 2.894766352933770270e-01 3.699294991867534410e-01 3.676142909163135908e-01 3.929673354413290576e-01
8.725959289069418201e-02 1.046554381588855331e-01 1.463377217188411572e-01 1.508768346543413463e-01 2.006430854665500474e-01 2.938169036652755750e-01 3.371376798480669179e-01 2.911486682117162550e-01
5.932354974167419748e-02 8.705786609933960363e-02 1.525215116094887913e-01 1.506117732729992664e-01 2.190583817804409028e-01 3.277413302277432661e-01 3.030012620217126806e-01 3.198540446973221485e-01
5.921401909013431636e-02 1.414846205135626978e-01 1.193119273095016586e-01 1.850734667080447537e-01 2.254303749353001873e-01 3.177056591517301576e-01 3.086940130072328703e-01 2.682196236886571494e-01
8.088605576443086420e-02 1.570264829949610808e-01 1.198856512509013234e-01 1.716643606271017752e-01 2.089486952073133230e-01 3.031213507818846242e-01 3.231518618535980103e-01 2.620810286760031915e-01
9.291551109662715691e-02 1.068172004279189236e-01 1.231322857543225430e-01 1.548897361831879094e-01 1.737879529872673745e-01 2.531239473603625889e-01 2.982340138728528656e-01 2.431909866133782627e-01
8.874635871306159329e-02 8.424708894554182315e-02 1.312209732941126972e-01 1.381448052386632375e-01 2.162155655739745053e-01 2.894179458053387499e-01 2.367368721818637056e-01 2.156810257865899028e-01
7.940614570691748031e-02 9.769816964461362774e-02 1.328223387697936020e-01 1.628315219194953756e-01 1.553363036615842685e-01 2.388727064918569065e-01 1.771648568855084260e-01 2.274313186813186893e-01
6.967041171675256161e-02 1.239197484314671915e-01 1.341727397163507141e-01 1.331022164291186249e-01 1.792426650637243268e-01 2.162144803202151466e-01 2.555248566099541652e-01 2.430777691173987287e-01
6.574109775704350955e-02 3.416870060038477291e-02 1.015696677110174140e-01 1.513670927984387127e-01 1.677256870036750169e-01 2.751447191331342079e-01 2.803719974072694243e-01 2.498397594490382456e-01
5.195000748821688302e-02 5.807740519202567869e-02 1.071706303063973409e-01 1.095528442278063813e-01 1.331420775028676340e-01 2.102280194355879706e-01 2.708671709016353679e-01 1.847189070542391010e-01
