nan nan nan nan nan nan nan 0.000000000000000000e+00
1.114162304687500000e+04 nan nan nan 8.766240234375000000e+03 4.236359863281250000e+03 nan 6.617636108398437500e+02
5.268458593750000546e+03 nan nan 6.936348958333333030e+03 nan 7.177219726562500000e+03 7.171206054687500000e+03 8.249717447916666060e+03
5.935771972656250000e+03 nan 5.032982421875000000e+03 nan 7.157456542968750000e+03 9.052179687500000000e+03 1.002262500000000000e+04 8.571581054687500000e+03
7.138325520833333030e+03 4.169219401041666060e+03 nan 5.716678710937500000e+03 nan 7.188071614583333030e+03 3.276165039062500000e+03 4.301113581730769511e+03
5.596426846590909008e+03 5.110554687500000000e+03 4.757533482142856883e+03 nan 6.367515625000000000e+03 7.431803385416666060e+03 1.005412946428571377e+04 1.577674289772727388e+04
4.132496093750000000e+03 5.472273437500000000e+03 5.225796875000000000e+03 5.074170898437500000e+03 5.031043945312500000e+03 8.599798828125000000e+03 7.276952148437500000e+03 9.313548611111111313e+03
2.493158203125000000e+03 4.497886067708333030e+03 3.829424479166666515e+03 3.778913783482142662e+03 4.256535511363636033e+03 8.515556490384615245e+03 9.328935369318181984e+03 1.013597291666666752e+04
3.664139391447368325e+03 4.051719308035714221e+03 3.340561848958333030e+03 4.200298076923077133e+03 7.784179687500000000e+03 8.189504557291666060e+03 8.022450721153846644e+03 7.549353954081631855e+03
3.215309782608695514e+03 3.625170673076923322e+03 3.526340303308823422e+03 4.614327148437500000e+03 6.063107031250000546e+03 6.889523437500000000e+03 6.495476996527777374e+03 7.806898116438355828e+03
3.193753063725489937e+03 2.509583767361110858e+03 3.407711647727272975e+03 5.224574048913043043e+03 7.675386029411764866e+03 6.233378551136363967e+03 6.763665760869565020e+03 7.666355519480520343e+03
2.513515943877550853e+03 3.114046006944444343e+03 2.853540178571428442e+03 2.770898046875000091e+03 4.122268465909090992e+03 4.918487351190476147e+03 6.355843750000000000e+03 5.640388392857142208e+03
2.934621157786885306e+03 2.380552210365853625e+03 2.955639559659090992e+03 4.084361486486486683e+03 4.413960648148147811e+03 5.498640202702703391e+03 5.120013888888888687e+03 7.022301136363636942e+03
2.281573927238805936e+03 2.188176448170731874e+03 2.188125459558823422e+03 2.578293103448275815e+03 4.052242708333333667e+03 4.874893939393939945e+03 4.956266891891892556e+03 5.982637931034482790e+03
2.246838152985074430e+03 2.287167410714285779e+03 2.292613541666666606e+03 3.144759510869565020e+03 3.790224479166666697e+03 4.149202752976189913e+03 4.204868243243243342e+03 4.458086805555555657e+03
1.641881932218309885e+03 1.900606915509259125e+03 2.027462267287233999e+03 2.352413085937500000e+03 3.237843137254902103e+03 3.395117812500000127e+03 3.791302500000000236e+03 4.171037760416666060e+03
1.658331627155172328e+03 1.699362028301886767e+03 2.073356915509259125e+03 2.386038265306122412e+03 3.328548677884615699e+03 3.281277260638297776e+03 3.576900735294117567e+03 3.474485088832487236e+03
1.467803879310344882e+03 1.634078683035714221e+03 1.727514178240740648e+03 1.939535635964912217e+03 2.970810058593750000e+03 3.079937736742424477e+03 2.985283593749999909e+03 3.761249497991967473e+03
1.556537671232876619e+03 1.420076729910714221e+03 1.318709573412698319e+03 1.934886106927710898e+03 2.760038281250000182e+03 2.941511160714285325e+03 3.074212890625000000e+03 3.195736907114624501e+03
1.400373579545454731e+03 1.595902343750000000e+03 1.423745442708333258e+03 2.035236430921052488e+03 2.465591569767441797e+03 2.727113169642856974e+03 2.926016436688311842e+03 3.125130532786885396e+03
1.320258549528301955e+03 1.397934507978723332e+03 1.408730769230769283e+03 1.627552295918367236e+03 2.598628424657534197e+03 2.447081321022727479e+03 2.715395331325301413e+03 2.774044129392971172e+03
1.238407366071428442e+03 1.345902343750000000e+03 1.460075491573033560e+03 1.684624177631578959e+03 2.160136912128712993e+03 2.442550872093023372e+03 2.730136029411764866e+03 3.004968169761273202e+03
1.133144125683060111e+03 1.183916073638613852e+03 1.341569575471698045e+03 1.571979501146789062e+03 2.239699218750000000e+03 2.179765625000000000e+03 2.419068522135416515e+03 2.857368159203980213e+03
1.081879821428571404e+03 1.083639830508474461e+03 1.145636824324324380e+03 1.597691051136363512e+03 2.034515493697478860e+03 2.173278596698113233e+03 2.405263706140350678e+03 2.613541853932584672e+03
1.031250471698113188e+03 1.069349643640350905e+03 1.120111127336448590e+03 1.476303373893805201e+03 1.757674246651785552e+03 1.894256565126050418e+03 2.220064144736842081e+03 2.170361525229357994e+03
9.668204225352112644e+02 9.217760000000000673e+02 1.024340648854961728e+03 1.323684070121951436e+03 1.657925182481751790e+03 1.681799660852713259e+03 2.001424072265625000e+03 2.047102356746765281e+03
8.692439236111110858e+02 9.417069052419354875e+02 9.169427472014924660e+02 1.134980546357615822e+03 1.607063244047619037e+03 1.783084219858156075e+03 1.757343979779411711e+03 1.992968577981651379e+03
8.229945087859424575e+02 8.706559448242187500e+02 8.329557442196531838e+02 1.069099389097744279e+03 1.521814256656804673e+03 1.636837388392857065e+03 1.675747699386503200e+03 1.914304487179487069e+03
7.854092809364548202e+02 8.019945535714285825e+02 8.810281808035714448e+02 1.051911709337349521e+03 1.427247209821428442e+03 1.457346176242235970e+03 1.626385135135135215e+03 1.753357516077170430e+03
7.082756965361446646e+02 8.102563164893616658e+02 8.295057765151515241e+02 1.008611339820359376e+03 1.281271067415730386e+03 1.401272272099447491e+03 1.579575657894736651e+03 1.714476818830242564e+03
7.725185785060975832e+02 7.289864201570680962e+02 7.731542229729730025e+02 9.668198029891303804e+02 1.204250624999999900e+03 1.420572027439024396e+03 1.429292013888888960e+03 1.701005151098901251e+03
6.937922665028089568e+02 7.534097576530612059e+02 7.802682549504950202e+02 9.752313112745098351e+02 1.180170274390244003e+03 1.351708384146341359e+03 1.360033088235294144e+03 1.637072292993630526e+03
6.796056547619048160e+02 7.121425120772946684e+02 7.128777928743960501e+02 9.128298611111111995e+02 1.206157968750000009e+03 1.241531092171717319e+03 1.365856126237623812e+03 1.523209717097171051e+03
6.384526515151515014e+02 6.950094476744185386e+02 7.193685705741626180e+02 7.997029069767442024e+02 1.104596927966101703e+03 1.207033502252252219e+03 1.460147164096916413e+03 1.448997136311569420e+03
6.023517011834319419e+02 6.047839880257008645e+02 6.399072136563877393e+02 8.633520916334661024e+02 1.059046366279069844e+03 1.159321721311475358e+03 1.215035173160173144e+03 1.330889007470650995e+03
5.657329661885246423e+02 5.788153409090908781e+02 6.330128580729166288e+02 7.625395262557077558e+02 1.002004963898917026e+03 1.025177130044843125e+03 1.188042892156862763e+03 1.204727933801404106e+03
5.602252155172413950e+02 5.490509982638889142e+02 5.870823800223214448e+02 7.222086522108843383e+02 9.810638646288209657e+02 9.764905369718310340e+02 1.028124027237354085e+03 1.201677682926829220e+03
4.927827611218568791e+02 5.444276562500000409e+02 5.632017412361623201e+02 6.773565340909091219e+02 9.370056063122923433e+02 1.051794642857142890e+03 1.115220539122137325e+03 1.217134918845807078e+03
4.748543772977940876e+02 5.251566666666667516e+02 5.397993870578777660e+02 6.217359527687297032e+02 8.450191710992908156e+02 8.705481341575091392e+02 9.910206207482992795e+02 1.167590622371740892e+03
4.578256578947368780e+02 4.680298108552631220e+02 5.200663430420712530e+02 6.058158591205211678e+02 8.399468648208469403e+02 8.963803571428571786e+02 9.631411258012819872e+02 1.031060024252223002e+03
4.515151179941003079e+02 4.815723020186335361e+02 5.062751080974842921e+02 6.586201111963190442e+02 8.121477635782747484e+02 8.719470600328946830e+02 9.637727884615384255e+02 1.071713795133437998e+03
4.247585419485791931e+02 4.606592963836478134e+02 4.963099981117824768e+02 6.142337260383386592e+02 7.757730169971671330e+02 8.156678697183099302e+02 8.964650297619047024e+02 1.035061178247734233e+03
4.172758741258741111e+02 4.236909520348837077e+02 4.824011921965317811e+02 5.649233611825192156e+02 7.494916636297375589e+02 8.008874643874644335e+02 8.938493365921788154e+02 9.570954593267881592e+02
3.972988204456094650e+02 3.983473837209302246e+02 4.610229267554479406e+02 5.418052357456140271e+02 7.323850755667506292e+02 7.800154024216524249e+02 8.387564432989690886e+02 9.145863175675675620e+02
3.868100930680359397e+02 4.204668491484184756e+02 4.508830532212884918e+02 5.409068582725060423e+02 6.897486111111111313e+02 7.263637195121950754e+02 8.012588458994708844e+02 9.142403106982702639e+02
3.806698738680465794e+02 3.890205899532709850e+02 4.314286420316302042e+02 5.067156902741514273e+02 6.427069160997732524e+02 7.158609805764410794e+02 7.823454817380352324e+02 8.554337606837607382e+02
3.479297748447204981e+02 3.658969179061784871e+02 3.712774174528301501e+02 4.944828939573459934e+02 6.011175373134328765e+02 7.055965052204176118e+02 7.646084963325183708e+02 8.311083037825059137e+02
3.398528325123152740e+02 3.602895138888889051e+02 3.780276018722467484e+02 4.720453693790150282e+02 6.162600647522522195e+02 6.539155676605505505e+02 7.333232378854626177e+02 8.127135243632336596e+02
3.289061555891238413e+02 3.288431750541125780e+02 3.657037774725274630e+02 4.727030552455356656e+02 5.928494565217391710e+02 6.217418010752687678e+02 6.779142345814979080e+02 7.892644230769230944e+02
3.187011329681274674e+02 3.350560064935065157e+02 3.650205645161290136e+02 4.171263844936708551e+02 5.907475198412697637e+02 6.064528397565923115e+02 6.875698910788381681e+02 7.498726839597670732e+02
3.058711547851562500e+02 3.254298177083333030e+02 3.316754570158102524e+02 4.197271075581395507e+02 5.449446737421384341e+02 5.832386479591837087e+02 6.552306636726546003e+02 7.423055899851264030e+02
2.944934545875810841e+02 3.183217271090535405e+02 3.387037726683937535e+02 4.027966852226720675e+02 5.149550672541744234e+02 5.522300096339113225e+02 6.429430970149253426e+02 7.177503549455749408e+02
2.880884971509971706e+02 2.999928927951388573e+02 3.095354082661290249e+02 4.037831357758620356e+02 5.149267996108949319e+02 5.482302541208790672e+02 6.077693032015065455e+02 7.005189182915505626e+02
2.726119579945799387e+02 2.762495528198653005e+02 3.052705078125000000e+02 3.786175678838951626e+02 4.965894791666667061e+02 5.356055960548884514e+02 6.103939174107142662e+02 6.549493515205724634e+02
2.615793709899174928e+02 2.840348229522184056e+02 3.071801944675540881e+02 3.804374731989708494e+02 5.038767921146953199e+02 5.407191470054445972e+02 5.621654159519725908e+02 6.531594360086767210e+02
2.618637806479860046e+02 2.746390016233766573e+02 2.898695224151858270e+02 3.615122499999999945e+02 4.697444122516556035e+02 5.149419283413848234e+02 5.575046466503267766e+02 6.208827464788731731e+02
2.518910250376506212e+02 2.644578979099678691e+02 2.727518564356435604e+02 3.554494364754098115e+02 4.583824380990415079e+02 5.006486244019138780e+02 5.565071572580644670e+02 6.103946508779093847e+02
2.491860551826994481e+02 2.510831508757961785e+02 2.786337422720247332e+02 3.398611664012739197e+02 4.332373780030030161e+02 4.665020734597156320e+02 5.331857114467409247e+02 5.906250952018278895e+02
2.369960149495676944e+02 2.467997864906832035e+02 2.654765394542772583e+02 3.167295045839210275e+02 4.359299301242235742e+02 4.560755021520803894e+02 5.190674126637554764e+02 5.734006325528700927e+02
2.263362766903914860e+02 2.295478124999999920e+02 2.513162162162162190e+02 3.330637616459626997e+02 4.069385416666667084e+02 4.450583084947838870e+02 4.842385312944523434e+02 5.373715252707580703e+02
2.204666608022519370e+02 2.255364378280839901e+02 2.510380465246636845e+02 3.115855787627550626e+02 4.167007331902718192e+02 4.470853207236842195e+02 4.839146685472496188e+02 5.423361206896551039e+02
2.182775546821599733e+02 2.266280884265279667e+02 2.417850609756097526e+02 3.031542744252873263e+02 3.804481225296443085e+02 4.335687585733881519e+02 4.844337585034013500e+02 5.356688699898955974e+02
2.095427242698191890e+02 2.143426100628930726e+02 2.347573812580230879e+02 2.936576740506329202e+02 3.863488881401617618e+02 4.262204814189189506e+02 4.513324528608582682e+02 5.097864192495921998e+02
1.912291462418300512e+02 2.087258504993757811e+02 2.256712287104622874e+02 2.925981077261306496e+02 3.652200633498145521e+02 4.087788461538461320e+02 4.448162267080745664e+02 5.165460891700092816e+02
1.934434141355140184e+02 2.067400496532156353e+02 2.141181714420654885e+02 2.825276307596512879e+02 3.709501378676470722e+02 3.967633471867007984e+02 4.332032615480649156e+02 4.960293248288736550e+02
1.936187886019090456e+02 1.967475104042806038e+02 2.191145960365853682e+02 2.716625625736160146e+02 3.560549506387920928e+02 3.936234267734553782e+02 4.323900584795321720e+02 4.823510416666667311e+02
1.913552911931818130e+02 1.942710358444714416e+02 2.069162129790940696e+02 2.600267199886749836e+02 3.521865886998784845e+02 3.623651084407971439e+02 4.141213026166097393e+02 4.832855625549370302e+02
1.788313419117647243e+02 1.850636655011655023e+02 1.995797036082474278e+02 2.476927577014218116e+02 3.374414187035068835e+02 3.677391055045872008e+02 4.009293493340732653e+02 4.580016369462246075e+02
1.745690473009085792e+02 1.867618004707112789e+02 1.977959154113557361e+02 2.515052298553719083e+02 3.258058988764045125e+02 3.520423387096774377e+02 3.943801852876106295e+02 4.416424803895050104e+02
1.715382133152174049e+02 1.801225729695431426e+02 1.932679944326617374e+02 2.421546353606027822e+02 3.156122967479674912e+02 3.535257352941176805e+02 3.838337526483051079e+02 4.302646578741185976e+02
1.619761303191489503e+02 1.736090923366834318e+02 1.841830134596211224e+02 2.349538918711656663e+02 3.076778074866310249e+02 3.253864931610942222e+02 3.682614789281998355e+02 4.147507042253520808e+02
1.588155868295273478e+02 1.663989988772455035e+02 1.833872512437810940e+02 2.255997787886340689e+02 3.006144417475728119e+02 3.306557504995005274e+02 3.592720768101760882e+02 4.134099823987930904e+02
1.589437845940959448e+02 1.653130172833495806e+02 1.769296104536489338e+02 2.187215661337209269e+02 2.922942147749510582e+02 3.176587075242718470e+02 3.482267715559960379e+02 3.959728644439036316e+02
1.527807342774308665e+02 1.547264516319772838e+02 1.722248214285714312e+02 2.135696866163996219e+02 2.872028508771929864e+02 3.047525345622119630e+02 3.486838575393154542e+02 3.986610537908647984e+02
1.486574179580674411e+02 1.532910231082375390e+02 1.661851404235727614e+02 2.162585227272727195e+02 2.676784112370160642e+02 3.055427122420262549e+02 3.402530487804878021e+02 3.955328763127188267e+02
1.453726462117855647e+02 1.497497837869003661e+02 1.632131874475230973e+02 2.091491248817407893e+02 2.678027210884353622e+02 2.959538358608385238e+02 3.262187500000000000e+02 3.680166666666666515e+02
1.412029534475186665e+02 1.487632752761257393e+02 1.589771590909090833e+02 2.060677648040033318e+02 2.701941116636527909e+02 2.923768044619422426e+02 3.219963040600176782e+02 3.639739560796191995e+02
1.364980527102005965e+02 1.428937653186274588e+02 1.519612467728055094e+02 1.982345412234042499e+02 2.600791753112033007e+02 2.843684697546531197e+02 3.140377950643776899e+02 3.572266483516483504e+02
1.296647188711762055e+02 1.352013988338788977e+02 1.536669833607230942e+02 1.930617679725363587e+02 2.589594358594411574e+02 2.739383237232290185e+02 3.103471102150537604e+02 3.483189386056191665e+02
1.258822649572649510e+02 1.362870613600317142e+02 1.437272119952494052e+02 1.880562907166123807e+02 2.457311011904761813e+02 2.667742269603880345e+02 2.988300359712230261e+02 3.433355500903433040e+02
1.298401805975794332e+02 1.310316484063745008e+02 1.433238423183254326e+02 1.807006044440094001e+02 2.404358883964544589e+02 2.619148332675611641e+02 2.965977031625300242e+02 3.374512665743122852e+02
1.255063282400589060e+02 1.245872223304754556e+02 1.395450087822013927e+02 1.790193614130434696e+02 2.337039660727824071e+02 2.505730842911877403e+02 2.880475132375188991e+02 3.301539744567289176e+02
1.184692948601525728e+02 1.244560554381245225e+02 1.336902052238806107e+02 1.745453826621525479e+02 2.299825381679389409e+02 2.483068910256410220e+02 2.846517990305741819e+02 3.207272261549925361e+02
1.181228464076246354e+02 1.254241105585309839e+02 1.324289411512027641e+02 1.691611191860465055e+02 2.265229430379746987e+02 2.425543498862774925e+02 2.716810920577617026e+02 3.220571703649367237e+02
1.141529350952894646e+02 1.186995027434842171e+02 1.293592911877394727e+02 1.674825655653950776e+02 2.198166697553743347e+02 2.401439485497237456e+02 2.696570182574114369e+02 3.064317300757302860e+02
1.121195210321668441e+02 1.158241663873994725e+02 1.278237229776847954e+02 1.627059517450142607e+02 2.112677090385917325e+02 2.374541520979020959e+02 2.579117940055439817e+02 2.987684323858742346e+02
1.074814620496677122e+02 1.121347498315363964e+02 1.228035003317850027e+02 1.583404093369418320e+02 2.103015410958903999e+02 2.296294989414255667e+02 2.566591929200541813e+02 2.975443636516475863e+02
1.032727213541666771e+02 1.099349662162162105e+02 1.216177076398135881e+02 1.556112777134348164e+02 2.085619626322751117e+02 2.171655197538860307e+02 2.487987217795484582e+02 2.854903926482874112e+02
1.015229482922201214e+02 1.079958134463462756e+02 1.178618935032894655e+02 1.536308086275816152e+02 2.030007975151108326e+02 2.249533217362491655e+02 2.460895874751491021e+02 2.764860265064207852e+02
1.009303868774824338e+02 1.057893943050193002e+02 1.138110152264030575e+02 1.482655262326169634e+02 1.971027197295636029e+02 2.168661383510305996e+02 2.374471819899244167e+02 2.722450172630257725e+02
9.786577617881199842e+01 1.036983426517571871e+02 1.145783087097772324e+02 1.453352116442542865e+02 1.943252930925221733e+02 2.097970874536464692e+02 2.401580722704714503e+02 2.711501957713390993e+02
9.645166591115140875e+01 9.926213718729954394e+01 1.131233369883040893e+02 1.415342234141791096e+02 1.897716147371529871e+02 2.047764165088383947e+02 2.267131410256410220e+02 2.614001494023904115e+02
9.348653759736369295e+01 9.371666784302652786e+01 1.080522028053316745e+02 1.431766995614035238e+02 1.819284825870646785e+02 1.983595449341728454e+02 2.231257769860521591e+02 2.618991536073329485e+02
9.170401838892198043e+01 9.652837100684540417e+01 1.045136741540256651e+02 1.343871040047818042e+02 1.787358961733258411e+02 1.969170488165680410e+02 2.191557181631455364e+02 2.538513396089789751e+02
9.053532845127610074e+01 9.418892847065461638e+01 1.006784074858757094e+02 1.317160394515948667e+02 1.736669446055684318e+02 1.922170366933181072e+02 2.176021131805157438e+02 2.420934876938397906e+02
8.581444404069767984e+01 9.003308314886551500e+01 1.010135100138121658e+02 1.272286470011210753e+02 1.770115040255413703e+02 1.917238509749303716e+02 2.080780382907880153e+02 2.394521394831897680e+02
8.667014905509715561e+01 8.997103531855955794e+01 1.003610920329670364e+02 1.264688279085872722e+02 1.673016666666666765e+02 1.816397579078801243e+02 2.072505159603742300e+02 2.398832383203559573e+02
8.414919041450777115e+01 8.794819123184507248e+01 9.840530718595721282e+01 1.233946885201305861e+02 1.632923865394533323e+02 1.826539473684210577e+02 2.020635666666666737e+02 2.306773056786145730e+02
8.248445241199478062e+01 8.488299711331900710e+01 9.480360153008298596e+01 1.254209485550572936e+02 1.621124422240347940e+02 1.767766715503462933e+02 2.015059933731808712e+02 2.286023199896022788e+02
8.062835953346855433e+01 8.189681477516060681e+01 9.111385923535253539e+01 1.188697775824770275e+02 1.579916750756811439e+02 1.754970682989690829e+02 1.924151071244192224e+02 2.215442950206398223e+02
7.957833248212462252e+01 7.966108757922964401e+01 9.120062899361023767e+01 1.155956936345966852e+02 1.531876961297070920e+02 1.711179104477611759e+02 1.905226178408514954e+02 2.241529486366518711e+02
7.553493013972055792e+01 7.710285143097642901e+01 8.900142944038930182e+01 1.132934964047252180e+02 1.496071470866887694e+02 1.669320851688693210e+02 1.845555176266136925e+02 2.132161730367457153e+02
7.280796471172961049e+01 7.753932567372473272e+01 8.473034662097163050e+01 1.128588815789473756e+02 1.469057578740157339e+02 1.608016371245691971e+02 1.832766857351509202e+02 2.129692573297795093e+02
7.206463925141591176e+01 7.584054599719101475e+01 8.441562942425672134e+01 1.075548454395862592e+02 1.450221051068883469e+02 1.595509270193670375e+02 1.788646030805687133e+02 2.069396380037488257e+02
7.095012533799008736e+01 7.425162069778406249e+01 8.032042625645843259e+01 1.096824563473336553e+02 1.408627279102384477e+02 1.545528535120147922e+02 1.731606680018850000e+02 2.035926314235085783e+02
6.996036465362124090e+01 7.370867894431555101e+01 8.005091793278084822e+01 1.049506001846721972e+02 1.408375365497076075e+02 1.533217560352831867e+02 1.755859761583445788e+02 2.007853922582127382e+02
6.908906904919479075e+01 7.070082678075856109e+01 7.677571291704238376e+01 1.050511489173663335e+02 1.349244407287822867e+02 1.508581538632327010e+02 1.682598363903985614e+02 1.975022683724075705e+02
6.510984600262123934e+01 6.912913001804240309e+01 7.563377586570946676e+01 1.010807817406908953e+02 1.319217065545493881e+02 1.471891410769915467e+02 1.667337250866551130e+02 1.954586888743025952e+02
6.486816684961580393e+01 6.820130569567045598e+01 7.371506934970440739e+01 9.886704727564102768e+01 1.348846207241226125e+02 1.453280241067585052e+02 1.628689605496453794e+02 1.920724255920052030e+02
6.266990265297389584e+01 6.658535506039150675e+01 7.204462489411265835e+01 9.553682891332471172e+01 1.287648894801473602e+02 1.428761075949367125e+02 1.584625052809463455e+02 1.890154324266893298e+02
6.247247570194384281e+01 6.578666959850993123e+01 7.100039499585577119e+01 9.805000129185613389e+01 1.260550729300729245e+02 1.375538527032779825e+02 1.570921135316296500e+02 1.830125693209166116e+02
6.113901108912953219e+01 6.228803687196109706e+01 6.836410119772635596e+01 9.232319774466371598e+01 1.224463732975650032e+02 1.359080823293172671e+02 1.533253758634701285e+02 1.799084382871536434e+02
5.987242141453830868e+01 6.254378037667071766e+01 6.953534856739305781e+01 9.451023882113821628e+01 1.216742720883534190e+02 1.358603919361440830e+02 1.518893423978972805e+02 1.715265032447779561e+02
5.751973174510943210e+01 6.108220027788804884e+01 6.793444799637535425e+01 8.820180052978808760e+01 1.161823762567672134e+02 1.333319976544175063e+02 1.490621300315706321e+02 1.719865876636255564e+02
5.641805648077655633e+01 5.882325000000000159e+01 6.500406719291490276e+01 8.825621084851937326e+01 1.170298046251993611e+02 1.266623417114351469e+02 1.462974429621036450e+02 1.679492980666472306e+02
5.623661735277300977e+01 5.861888639906469223e+01 6.487309787605737199e+01 8.665631105900743592e+01 1.146204154191616880e+02 1.255280320086139341e+02 1.424113713960546193e+02 1.643348341232227483e+02
5.329507597206492875e+01 5.612887614678898984e+01 6.246722380858605561e+01 8.378180722343522291e+01 1.112063284518828539e+02 1.256144059955588403e+02 1.384702246130615322e+02 1.628230550284629885e+02
5.290046641791045090e+01 5.521127497300215481e+01 6.108784861465548488e+01 7.947426752202221678e+01 1.095919914874552035e+02 1.226339631782945645e+02 1.384448263888888846e+02 1.602442822440187058e+02
5.058270895383469679e+01 5.350772776572667766e+01 6.096841910445083101e+01 8.016473502510760341e+01 1.072027210565754984e+02 1.209415154264972756e+02 1.347344319009468450e+02 1.616557235224478575e+02
5.082432864450127852e+01 5.242673943911962908e+01 5.938385193133046869e+01 7.695554467782129393e+01 1.044447081263307382e+02 1.168758705357142844e+02 1.333430030324652193e+02 1.542007009552449972e+02
4.964301584234930687e+01 5.173604166666666515e+01 5.792754240993354387e+01 7.825019028357689876e+01 1.037089679621848717e+02 1.136413690476190510e+02 1.303544367554309531e+02 1.494477408579465703e+02
4.828975067499155926e+01 5.077487111149947197e+01 5.595137556679456026e+01 7.354128202296818984e+01 1.022473843143926473e+02 1.119236795176630466e+02 1.292778687112336229e+02 1.479091451766953185e+02
4.790533258815589335e+01 4.982766163793102976e+01 5.554539933515172123e+01 7.531739408176723316e+01 9.978686514886165071e+01 1.110135459533607616e+02 1.243960084033613498e+02 1.466187441384602153e+02
4.543284225213394478e+01 4.996486928104575043e+01 5.332804456241956359e+01 7.209459430574555938e+01 9.836843172234836175e+01 1.083759608957219172e+02 1.241521504483560392e+02 1.447203414472044471e+02
4.516248554674594828e+01 4.723485829878826081e+01 5.317760027192385763e+01 7.216291205486044191e+01 9.536049144582355552e+01 1.046330836607727548e+02 1.208447132913490094e+02 1.395804481689911256e+02
4.440152486165364110e+01 4.752963430012610502e+01 5.231359800032383589e+01 6.779135817703192401e+01 9.471954799810845316e+01 1.046296713917525807e+02 1.185029202793834173e+02 1.389800748079256039e+02
4.347684444717847896e+01 4.475289702134437420e+01 5.039856671437659230e+01 6.786162143772013167e+01 9.078773565573770554e+01 1.038607582294662848e+02 1.155262198598892098e+02 1.364601553740189104e+02
4.268134615384615671e+01 4.454481920684292362e+01 4.985612383540372861e+01 6.661647464549938036e+01 8.993696004319654946e+01 9.999556400506969567e+01 1.161734153573629129e+02 1.349557129514321332e+02
4.108876676602086775e+01 4.379499241127023623e+01 4.909588795376977544e+01 6.547905574694644315e+01 8.934378879577901955e+01 9.826243289877301379e+01 1.130028036105032783e+02 1.323260823182558852e+02
4.120384543413173617e+01 4.285277248475609468e+01 4.809262163402692636e+01 6.313221845652832798e+01 8.597326513788968327e+01 9.755454063068526693e+01 1.100448532722906094e+02 1.284478139693614480e+02
3.933695251437841023e+01 4.077873755742725592e+01 4.584194926295414518e+01 6.056720821060382320e+01 8.504424438288704380e+01 9.472986339205733941e+01 1.084209619418639505e+02 1.283668697667464187e+02
3.848499159602454966e+01 4.131829231236705624e+01 4.530291081158588895e+01 6.105071798140371442e+01 8.274205538836342555e+01 9.225788229600954082e+01 1.064970611857476541e+02 1.247176607711092942e+02
3.807776606571678002e+01 4.023206715947309675e+01 4.490240009014423350e+01 6.018892447621744424e+01 8.093388399412629042e+01 8.991631110789701609e+01 1.035443185120604568e+02 1.219975325985159458e+02
3.729798899842835169e+01 3.921132078777684171e+01 4.445720515839040843e+01 5.915846979621543511e+01 7.901128958800448743e+01 8.968016357764672364e+01 1.017325149871538770e+02 1.212840706703711504e+02
3.608266842354829151e+01 3.844463750696766624e+01 4.303445356145250855e+01 5.700107728419282438e+01 7.789947602641402113e+01 8.733714306316699094e+01 1.013463837258796758e+02 1.170738047387349354e+02
3.484491809977259891e+01 3.738891533933518474e+01 4.214534883720929770e+01 5.563782384316985485e+01 7.706681212204507858e+01 8.590158735600658702e+01 9.971387233157749108e+01 1.144433865825767498e+02
3.446796159208604848e+01 3.586481538778877365e+01 4.001269052803484527e+01 5.519739070197044839e+01 7.548097527472528157e+01 8.500300068587105784e+01 9.805830019199122205e+01 1.158343488324596677e+02
3.408194141554321988e+01 3.613289128509130421e+01 4.054602914173014483e+01 5.318173506181318544e+01 7.388914288585209533e+01 8.470472315436241217e+01 9.599980704697985345e+01 1.125211003730077977e+02
3.344544137863315569e+01 3.530617991758983720e+01 3.888487017310252725e+01 5.355464511754068724e+01 7.320526828940289477e+01 8.135540674603174693e+01 9.440443217874140203e+01 1.103034622033109429e+02
3.267493541858627992e+01 3.398115352348992957e+01 3.847248382800608368e+01 5.125414583896243670e+01 7.169090677534386202e+01 8.034017664509168810e+01 9.257150864309851102e+01 1.109440472285995440e+02
3.229935796477243315e+01 3.348465036505538706e+01 3.751630326231691015e+01 5.121413601101100710e+01 7.046518069111053251e+01 7.778844345536609239e+01 9.045128939828080661e+01 1.066019777006619051e+02
3.119468580732525353e+01 3.304326321061857641e+01 3.637693577050013261e+01 4.844852131381186666e+01 6.858566483308042905e+01 7.755224371311264520e+01 9.068503584229391379e+01 1.065479891614375276e+02
3.039659515521206146e+01 3.233084002364948617e+01 3.550699218750000341e+01 4.814900782603315577e+01 6.605761619404883334e+01 7.619463768572147444e+01 8.812711891009543308e+01 1.032964007415320822e+02
3.008822295071582431e+01 3.100011097844722130e+01 3.498637261204996207e+01 4.768889370664023630e+01 6.605619504152417676e+01 7.437453494754818450e+01 8.499692723697148722e+01 1.017239843028624193e+02
2.946348562290770090e+01 3.073366789995107595e+01 3.485555521396950240e+01 4.709405674846625800e+01 6.465897939156035079e+01 7.478141349028400953e+01 8.386052052785923649e+01 1.015430510596714129e+02
2.887651091664715608e+01 2.988398920688818805e+01 3.341774764150943611e+01 4.537650711357608202e+01 6.227483497859181938e+01 7.282910726805329205e+01 8.270504650881855468e+01 9.726613700353441061e+01
2.814723324514991276e+01 2.946776256053268739e+01 3.237691341607564510e+01 4.421564610503027382e+01 6.195634645526887141e+01 7.150520583293327093e+01 8.165296945034205578e+01 9.583205800035729283e+01
2.736491357627515342e+01 2.895192192730750946e+01 3.205931877704395561e+01 4.419092969500480450e+01 6.067714776632302431e+01 6.913408876298395001e+01 7.913583488048271875e+01 9.392029294235176451e+01
2.659124985569152599e+01 2.798331022187004535e+01 3.147346613901451917e+01 4.250675407793384863e+01 5.951567654335532609e+01 6.799853626648476279e+01 7.914890949381852181e+01 9.426903036776167255e+01
2.661541536998616664e+01 2.770595576751450295e+01 3.047170962979786424e+01 4.157608228211009305e+01 5.799386185682326555e+01 6.633084875485492660e+01 7.640201331732967560e+01 9.275823285818918862e+01
2.613251431297710070e+01 2.682339878941441569e+01 2.989351669664942790e+01 4.207085220838052209e+01 5.681823630136985770e+01 6.456544745115652972e+01 7.576055397727272123e+01 8.962665544173411547e+01
2.544911748680890184e+01 2.626750817128103677e+01 2.932247852895837781e+01 4.031723006370825857e+01 5.595073042998897961e+01 6.450219064949608594e+01 7.476856714694237382e+01 8.871637188896859527e+01
2.465835117773019292e+01 2.571539240488829847e+01 2.896270760008799172e+01 3.921009211108652437e+01 5.473139450867051892e+01 6.336266895574448910e+01 7.332634292962717382e+01 8.684898624385392907e+01
2.403880643370691317e+01 2.521716250540423587e+01 2.825490568083261067e+01 3.842895449620801429e+01 5.337594956741928343e+01 6.268582830025884789e+01 7.173261212802397324e+01 8.631190335728842911e+01
2.370132205182443030e+01 2.453402683423913189e+01 2.729341170953911799e+01 3.671858945795764129e+01 5.250591454802260216e+01 5.975458199356912559e+01 7.158854721807716714e+01 8.496063972162740185e+01
2.305713330886978341e+01 2.387904379995679349e+01 2.686103581246182159e+01 3.663350943755439459e+01 5.087349249482401348e+01 6.037341437632134955e+01 7.056248687526249341e+01 8.409455576061165516e+01
2.235519660334666270e+01 2.356237283825025486e+01 2.629410541845493299e+01 3.581420454545454390e+01 5.056256623569309028e+01 5.774744831705796599e+01 6.780460114702815133e+01 8.300725583337683133e+01
2.164685283232240209e+01 2.296429158240647084e+01 2.531858770432443606e+01 3.482022175290390464e+01 4.944191734074823330e+01 5.763138611846122217e+01 6.737757437070938238e+01 8.111752338837482057e+01
2.179956024484536314e+01 2.225945320320320420e+01 2.526519123227481600e+01 3.416455397896407931e+01 4.885379282218597297e+01 5.628544699610416302e+01 6.598109148550724967e+01 7.977098351565257417e+01
2.105407346603734808e+01 2.236542328637090193e+01 2.481920020659099890e+01 3.325372637241102325e+01 4.691188390885364612e+01 5.586494694565648444e+01 6.445214082183562709e+01 7.757651644061857610e+01
2.047034283980582714e+01 2.113266010648885285e+01 2.445767409018196403e+01 3.302421890473360833e+01 4.667865068934735007e+01 5.421052238805970092e+01 6.384615384615384670e+01 7.709378439219609902e+01
2.009015770188715422e+01 2.127152927883670941e+01 2.379182640652470937e+01 3.159421678459119676e+01 4.490715571017274499e+01 5.268862370529606665e+01 6.308758561643836060e+01 7.412472799806576518e+01
1.960736775069041116e+01 2.083416179277603675e+01 2.310061804883945769e+01 3.151745992221589887e+01 4.449354166666666544e+01 5.236914508758568587e+01 6.160592853014833992e+01 7.368052404171092462e+01
1.934734079235232684e+01 2.009976043493083964e+01 2.221021792763157876e+01 3.047067691110678567e+01 4.347642029461437829e+01 5.149690739292000785e+01 6.082640452072781301e+01 7.231889839010175081e+01
1.866641206320052859e+01 1.984304003403237715e+01 2.193037879153786562e+01 3.038299271083225861e+01 4.252067601796979801e+01 5.121003777409249835e+01 5.955761365797983586e+01 7.185498588899341144e+01
1.818579582785808313e+01 1.920299355340161185e+01 2.154379898301922225e+01 2.899132075249576346e+01 4.136566499085923709e+01 4.974162936019398984e+01 5.772880941286113909e+01 7.006243345215499119e+01
1.794772870699326717e+01 1.879178626754146109e+01 2.147913097359283441e+01 2.861097190366972498e+01 4.048384922848112666e+01 4.778321542701000624e+01 5.702168744228993091e+01 6.845979377896040319e+01
1.753501951140666648e+01 1.865844084436785622e+01 2.082715231975063475e+01 2.742380567528735469e+01 3.968113068181818193e+01 4.704335458723863894e+01 5.630017795999279429e+01 6.821285662612470446e+01
1.723011388839602631e+01 1.786751589843045096e+01 2.075341542333273281e+01 2.744072100527176516e+01 3.889737171464330601e+01 4.705904836282378767e+01 5.595198761261261211e+01 6.665034035912977117e+01
1.665331904566289012e+01 1.774489575864850366e+01 1.983812483270877891e+01 2.662211358782701254e+01 3.765345365907099051e+01 4.567980119542619377e+01 5.482298494242692755e+01 6.570613092600797245e+01
1.660767595244294270e+01 1.733095240714662921e+01 1.967427969079409777e+01 2.584352487135505783e+01 3.756318662915326456e+01 4.484021351136964739e+01 5.327327873160476202e+01 6.447359859859859910e+01
1.615359123202217972e+01 1.665879818795523093e+01 1.873313888655108528e+01 2.533318313697907698e+01 3.623883700102354766e+01 4.415287088152821582e+01 5.250881396542871471e+01 6.442627995998086021e+01
1.587431581093843747e+01 1.669441637190500316e+01 1.865821339379600730e+01 2.517272516052720377e+01 3.518170576291688434e+01 4.347831428209886440e+01 5.220357374567473840e+01 6.304866117404737480e+01
1.553441051743291723e+01 1.661150308974784195e+01 1.834013462682760931e+01 2.427420153236914757e+01 3.461208333333333087e+01 4.277157192773137950e+01 5.113100575198782138e+01 6.091118768204651701e+01
1.510789198936977940e+01 1.581864321790821393e+01 1.791813391228652108e+01 2.331370529091808308e+01 3.382676977040816269e+01 4.203055161774516080e+01 4.999530307473190760e+01 6.050488699156591821e+01
1.485803906777515238e+01 1.553154267992113091e+01 1.754089271004942319e+01 2.330390547315213468e+01 3.288503367589256499e+01 4.020625934075058439e+01 4.860685252093939823e+01 5.930659454897278238e+01
1.432362968988511476e+01 1.502850791529605168e+01 1.723764050148221472e+01 2.240081633071124401e+01 3.262308904730509340e+01 3.986152311783961011e+01 4.829071190554549986e+01 5.897076986414162292e+01
1.430326607729933386e+01 1.468412182772084051e+01 1.671247246246736395e+01 2.215040704863973886e+01 3.162636743886743673e+01 3.942159109181540089e+01 4.728600620639299024e+01 5.718854958728093862e+01
1.388063153361843760e+01 1.411696363155324008e+01 1.611499261300111741e+01 2.148096749767008262e+01 3.089536425191711544e+01 3.875642791090382389e+01 4.625062420735574165e+01 5.696321531329923715e+01
1.340668641142319295e+01 1.428633785140562296e+01 1.578445741440468808e+01 2.102275941490221456e+01 3.000002651573588253e+01 3.789681356032979664e+01 4.560186605316973640e+01 5.595093001696319135e+01
1.313761364527000630e+01 1.387713996654875537e+01 1.529411581351739535e+01 2.047288651942116999e+01 2.979946967596260521e+01 3.690174730131414549e+01 4.496413179752389766e+01 5.525606290630231143e+01
1.285039612676056286e+01 1.348968000496486397e+01 1.491987851265331422e+01 1.962792829395909422e+01 2.881531778033794211e+01 3.606741672403243371e+01 4.410014648437500284e+01 5.422837183525842875e+01
1.255558698932219208e+01 1.318090015128592896e+01 1.491794089478076124e+01 1.938822951315391663e+01 2.817174949799196781e+01 3.559156999078057737e+01 4.333222004116481685e+01 5.323160352238578952e+01
1.242482480661714028e+01 1.288178503502560979e+01 1.425103986501729558e+01 1.873017394973743421e+01 2.752285322436184245e+01 3.458427250226723260e+01 4.241397466646679959e+01 5.234829677758582278e+01
1.219371351780700330e+01 1.274578443686262652e+01 1.427386912337176383e+01 1.834430955349047920e+01 2.686429354399758296e+01 3.375117269098776518e+01 4.238468296553809012e+01 5.133341472577010478e+01
1.168220265483494025e+01 1.220371506095747804e+01 1.373063940005984485e+01 1.753919350051936377e+01 2.594754171524337139e+01 3.342393232649725121e+01 4.103872741627496623e+01 5.054457500834043060e+01
1.153551754131632379e+01 1.213005841988130484e+01 1.350528740875912526e+01 1.778912648069610825e+01 2.540367210682492427e+01 3.288789838273948618e+01 4.011092218809419307e+01 4.949049686134870285e+01
1.142870749370277217e+01 1.180537782121256996e+01 1.300725336362355478e+01 1.699877720353146415e+01 2.444886182250283824e+01 3.209000529738418805e+01 3.962171288978301931e+01 4.872870476840706289e+01
1.097581727305475496e+01 1.159471187943262471e+01 1.278183383178260257e+01 1.667102658874181742e+01 2.425217331625183093e+01 3.129075315737193108e+01 3.898108827591219239e+01 4.796841337320315546e+01
1.065936851937929042e+01 1.112269309935808081e+01 1.263071484264247246e+01 1.597560137227680599e+01 2.346726421416478203e+01 3.078336752015843913e+01 3.815938164422394863e+01 4.754975921532523842e+01
1.051131511815252395e+01 1.091809750349161945e+01 1.225498974336592006e+01 1.581782974652436558e+01 2.317703623905057952e+01 3.021610508534850936e+01 3.719982592488395312e+01 4.728687918281084990e+01
1.019328314413846392e+01 1.061149626053613382e+01 1.171189356008287419e+01 1.545470839652557515e+01 2.235762889071712678e+01 2.934308556241426658e+01 3.676905329738697503e+01 4.622599346292791722e+01
1.010475642289132203e+01 1.034930752350013883e+01 1.178357712765957466e+01 1.491177201458996038e+01 2.160145607450653316e+01 2.877557292391152899e+01 3.632038381742738409e+01 4.559710500830104962e+01
9.785922682649925264e+00 1.029135111802516356e+01 1.142413118693755081e+01 1.437507191063332712e+01 2.113070459905660670e+01 2.845236834140435889e+01 3.525728954514595870e+01 4.440131780309471310e+01
9.763509825327510327e+00 9.894021462071776796e+00 1.107733435515470788e+01 1.398822059555408082e+01 2.070204477408818988e+01 2.760548558728448398e+01 3.514311962437844272e+01 4.381590433255664863e+01
9.490865479804645233e+00 9.821761105266729075e+00 1.084013172864387009e+01 1.388860662112809408e+01 2.007271854575163417e+01 2.685635744023636917e+01 3.434749577590775971e+01 4.344054529171780388e+01
9.143455196480550384e+00 9.728466233303073807e+00 1.053722717252288632e+01 1.321883849272750844e+01 1.950849729029217627e+01 2.633346755824547714e+01 3.356560266084193955e+01 4.245795563173682297e+01
8.990163988626594715e+00 9.262730135658914676e+00 1.025778286849332943e+01 1.293101347957133207e+01 1.897601059021051029e+01 2.577155558133368629e+01 3.306509732799369772e+01 4.209931232419702951e+01
8.710703727296484900e+00 9.147414374759028632e+00 1.003375515530351869e+01 1.254034317189105963e+01 1.867956522442116096e+01 2.530662607564859812e+01 3.259792030179656308e+01 4.167854716614907318e+01
8.561383200730402265e+00 8.850117137865311179e+00 9.752224199288257012e+00 1.239519440638541958e+01 1.792705795614822506e+01 2.470018179779600231e+01 3.165275911708253531e+01 4.023404027420736639e+01
8.367879808289833576e+00 8.772643109709481024e+00 9.566341494516704458e+00 1.210478068928481044e+01 1.745417409861128633e+01 2.422110019023462257e+01 3.119614597868831751e+01 4.002815351114219311e+01
8.210768030406031315e+00 8.696879349614070165e+00 9.427040313682219619e+00 1.155811233375554181e+01 1.694490530538624284e+01 2.340351698470909625e+01 3.104132236264425160e+01 3.940296461011408979e+01
7.927778824928490842e+00 8.274284851242782679e+00 9.175006196554715387e+00 1.133440363974658638e+01 1.656856226533166421e+01 2.311067088449010498e+01 3.028363275457241599e+01 3.864183691000530985e+01
7.780954793393465962e+00 8.175861806336707005e+00 8.988502535405665128e+00 1.105317026451572637e+01 1.607023773470623951e+01 2.278639420709184904e+01 2.969116133508172695e+01 3.812110823399626014e+01
7.827569872325425671e+00 8.040132731110047004e+00 8.643945434646653325e+00 1.077485479949573843e+01 1.559365542711843311e+01 2.189852470577529786e+01 2.917952455880538309e+01 3.770259800492685542e+01
7.556737042270458282e+00 7.820332059191701823e+00 8.536961116440819453e+00 1.044634922084246398e+01 1.530306921615411753e+01 2.174468061212266434e+01 2.876720796779233424e+01 3.686028374647379735e+01
7.169008912283368673e+00 7.606866450017766290e+00 8.384124799393722682e+00 1.005280159536328810e+01 1.485905065773594025e+01 2.105717701190905800e+01 2.782037139523752600e+01 3.634676574473179755e+01
7.248706408514492772e+00 7.434921027017461270e+00 8.257337116745283367e+00 9.570584111463471544e+00 1.455725351488657893e+01 2.051571161103903762e+01 2.753080557358668656e+01 3.601081089053420214e+01
6.939037649997129797e+00 7.378436986743312609e+00 8.010033195295921615e+00 9.524350936064994499e+00 1.415262795013604524e+01 2.038234369516902689e+01 2.731774814771257454e+01 3.574694549561441903e+01
6.949829705662331492e+00 7.111330638086326594e+00 7.753680328824626322e+00 9.243658867782038158e+00 1.350335459548313288e+01 1.981756588943431652e+01 2.663250065081568607e+01 3.471986448448971174e+01
6.848932994053716250e+00 6.983801688992428147e+00 7.544168873790879637e+00 8.988686821816104455e+00 1.307297178450982678e+01 1.930744291652431599e+01 2.599809888659320478e+01 3.414148204846769374e+01
6.470129775392849503e+00 6.735280626305407914e+00 7.359997288352430722e+00 8.782919984995382734e+00 1.273082634582863548e+01 1.859074984124234931e+01 2.566639509181591450e+01 3.372293645827407715e+01
6.492396027312228313e+00 6.771914408952327769e+00 7.381018150981524251e+00 8.564541883728661986e+00 1.246236391186947046e+01 1.822758859590191349e+01 2.525333404195011511e+01 3.296556797702185548e+01
6.312579033227141423e+00 6.480625241419269322e+00 7.121526907110219184e+00 8.411813460343465110e+00 1.197439397248307458e+01 1.800871177433677417e+01 2.464497721681762243e+01 3.296834752009791458e+01
6.225248952336606578e+00 6.264717309384971067e+00 6.842949281205204848e+00 8.207495023338823970e+00 1.166655139168343425e+01 1.742201114276139506e+01 2.398575047060126408e+01 3.258708979444644882e+01
6.040672018668152177e+00 6.271285694308011749e+00 6.770994439282981503e+00 7.920064081316981586e+00 1.141764469563784168e+01 1.708181324647122779e+01 2.377192952375727231e+01 3.160959124667708053e+01
5.914161931818181728e+00 6.038565240452617111e+00 6.599283570240951136e+00 7.791835768398268414e+00 1.105114532354540557e+01 1.667469208954405957e+01 2.323784646739130366e+01 3.126558215924206507e+01
5.759962111640155591e+00 6.000445918949771418e+00 6.437291062032114652e+00 7.591333490282782037e+00 1.063466379540598261e+01 1.624435833601027923e+01 2.274842163191443589e+01 3.073793835985972223e+01
5.707036417270755280e+00 5.839140364331073307e+00 6.206741990239762252e+00 7.392384116757095391e+00 1.047891736739974178e+01 1.580018083182640076e+01 2.237019995756868695e+01 3.068572957948772739e+01
5.529161383209172165e+00 5.729316513483690088e+00 6.126584370139968705e+00 7.230075083801903446e+00 1.017482837603696311e+01 1.576810420021470627e+01 2.190021232120319894e+01 3.023771361851183315e+01
5.455350935302759829e+00 5.624658102448454322e+00 6.024486225395288663e+00 7.028841078784758167e+00 9.806631951786846102e+00 1.528674418604651031e+01 2.138657828482547885e+01 2.952313187101513847e+01
5.327554091253857926e+00 5.365678121148315327e+00 5.826786601978101388e+00 6.850269554572116171e+00 9.508395021478982301e+00 1.464106268874310146e+01 2.116032326691573218e+01 2.901839271401608045e+01
5.172991708852544335e+00 5.300833653353814512e+00 5.671060015476312444e+00 6.814877995698484625e+00 9.349591266017293734e+00 1.440032840297889827e+01 2.075081737205231036e+01 2.910354868120296956e+01
5.115949868244290322e+00 5.258207318462629232e+00 5.614671988074610098e+00 6.633891915864166045e+00 9.005910118441160961e+00 1.412810573716653195e+01 2.038954768734768308e+01 2.844421668827702021e+01
4.991283050341084326e+00 5.106987781119910252e+00 5.493684869549858796e+00 6.478204932232753066e+00 8.808745521747907148e+00 1.378762437810945229e+01 1.992788193388094342e+01 2.829502067583337777e+01
4.819743341658836222e+00 5.016518093098761177e+00 5.215649914219397054e+00 6.265124399279135226e+00 8.429479621723590554e+00 1.327275655458821113e+01 1.967534323514727745e+01 2.764898181272359068e+01
4.754611137218045513e+00 4.931864483927674847e+00 5.219954077060931397e+00 6.138598825049212948e+00 8.366894944131267664e+00 1.287995904247354773e+01 1.925407521081349316e+01 2.716082455616145097e+01
4.655216201137868381e+00 4.750397364615538187e+00 5.131211571680517558e+00 5.998489256938227321e+00 8.053949555868362253e+00 1.279316867618110187e+01 1.891330595958610061e+01 2.708865361861565901e+01
4.612041787061071041e+00 4.673876310958049451e+00 4.984372673928145758e+00 5.724896438074503990e+00 7.856864388533464805e+00 1.238986775106941529e+01 1.858209828871236624e+01 2.657785625411695563e+01
4.503980467235362717e+00 4.557261478492048212e+00 4.872915458236659170e+00 5.684927425029114190e+00 7.559301804493308019e+00 1.215622596384963039e+01 1.810942485737768237e+01 2.632423013903279596e+01
4.387931452394803422e+00 4.543867612335431794e+00 4.862771414580546292e+00 5.591748462771557016e+00 7.587871618333982049e+00 1.194096636376783671e+01 1.766765308582449379e+01 2.604937244005844477e+01
4.283261377918499591e+00 4.509590491706161330e+00 4.666557576186432854e+00 5.448210267645665184e+00 7.162958656025689486e+00 1.144045087671298155e+01 1.742936049952651345e+01 2.552351028611964878e+01
4.175409476752287574e+00 4.345427207925221857e+00 4.577750863619155730e+00 5.305263644157994563e+00 7.103907281644972649e+00 1.120657602826556420e+01 1.719974981117824697e+01 2.543598283007696992e+01
4.152097231198928817e+00 4.174589867629078910e+00 4.450859418956301994e+00 5.145523377437652535e+00 6.905302549607752027e+00 1.080998554811833046e+01 1.687684752619864526e+01 2.527570437342304643e+01
4.091138421547924509e+00 4.107758671404368123e+00 4.389893188872417085e+00 5.075012548760899023e+00 6.750044844499859309e+00 1.057644419436749672e+01 1.664795876981551714e+01 2.481171869564209231e+01
4.004068719333241155e+00 4.024248306123392460e+00 4.297328706421604139e+00 4.955592277868469786e+00 6.655151134714790473e+00 1.035318847384529661e+01 1.620624198571166730e+01 2.468531885153868899e+01
3.973357087717292124e+00 3.938912779178674217e+00 4.118914790390682867e+00 4.813438955310764378e+00 6.376402612266494963e+00 1.011110985635558812e+01 1.595055859553123589e+01 2.418984655286670815e+01
3.863135642458733976e+00 3.874532394586385209e+00 4.016756694211144563e+00 4.701978214302122261e+00 6.320932984833527613e+00 9.951470190922188763e+00 1.560920157842067013e+01 2.412809619328810484e+01
3.800579794255541710e+00 3.861944211409396033e+00 3.997104341190624854e+00 4.547195008422732165e+00 6.118877129201775844e+00 9.526131049668572714e+00 1.535578430055525700e+01 2.362861312151292026e+01
3.701278618906942430e+00 3.803676109529484428e+00 3.905716493872657846e+00 4.509379907870288307e+00 5.942667008287049413e+00 9.330876150306748329e+00 1.480723726431796017e+01 2.343130667993806782e+01
3.657117676144062468e+00 3.719408228826282414e+00 3.816667262743199451e+00 4.367590525793651146e+00 5.828847372190392839e+00 9.084118965899026676e+00 1.480595234154307960e+01 2.309802379952246199e+01
3.645987943125107655e+00 3.618519051535087350e+00 3.782360520287958217e+00 4.346093681179527657e+00 5.679658680344587651e+00 8.801493821664349682e+00 1.448527840760442942e+01 2.288931806798632351e+01
3.560984816036321554e+00 3.539039209776414285e+00 3.661940653545019853e+00 4.217623747868712414e+00 5.574773123742234660e+00 8.686364971331263618e+00 1.423918456397612253e+01 2.288275750027076683e+01
3.447013966540512619e+00 3.546429074861207287e+00 3.625699047769360472e+00 4.076550585511982128e+00 5.415541504608100354e+00 8.376190172286433366e+00 1.387147440003416321e+01 2.231094490045219914e+01
3.425013101749382560e+00 3.456023058608827192e+00 3.547635251922911070e+00 4.023203977749790106e+00 5.269213561880120800e+00 8.240827950967254623e+00 1.362904193692924970e+01 2.227997735748534680e+01
3.394197535151074696e+00 3.374938556308567428e+00 3.484872878201310531e+00 3.916975092861412211e+00 5.087060223075631882e+00 7.982245893771331424e+00 1.328481991525423744e+01 2.201925255712500729e+01
3.291149150183458882e+00 3.286054373744979884e+00 3.400245894807035096e+00 3.813950527178022298e+00 5.103003672751032838e+00 7.742490929871655325e+00 1.304525353773584939e+01 2.168216683398167888e+01
3.306129539913404969e+00 3.253050342621729207e+00 3.329644959243628133e+00 3.714208558665076598e+00 4.891459953263297855e+00 7.583997800207038509e+00 1.298139247955728237e+01 2.160117866004962650e+01
3.239648612925614124e+00 3.178046112615779073e+00 3.245895368072787335e+00 3.654923902612034148e+00 4.787666925465837942e+00 7.391096304248610416e+00 1.267948737876150211e+01 2.157000912238509116e+01
3.198935105412527680e+00 3.153721537099563488e+00 3.179500798310671783e+00 3.561881638574475151e+00 4.644440406976744207e+00 7.179168359057675808e+00 1.241142683474991770e+01 2.114611997375381947e+01
3.162736860967533481e+00 3.081356499138779625e+00 3.198469186798093222e+00 3.519509940332932185e+00 4.570185926277342325e+00 7.012349695819042772e+00 1.222955153135634454e+01 2.085564816501690188e+01
3.106817965684312011e+00 3.017039837124918300e+00 3.048543303961261053e+00 3.391588420601908904e+00 4.463045101553166027e+00 6.805758669938848371e+00 1.190939253507013973e+01 2.087922782627981277e+01
3.030783306086014761e+00 2.995445167414227061e+00 3.046898533542294008e+00 3.288487870712712535e+00 4.343837809290854501e+00 6.720348293827552943e+00 1.170663030424339546e+01 2.071190934065933931e+01
3.051890455217321829e+00 2.970381323378772365e+00 2.963952698683375520e+00 3.238503951294250616e+00 4.222687288568955921e+00 6.534032160435025105e+00 1.158941062176165815e+01 2.050292528358861333e+01
2.943457467301537012e+00 2.938212305419007464e+00 2.936385497189037075e+00 3.151811906031807275e+00 4.157457559903837918e+00 6.315208955517132239e+00 1.123924801011605901e+01 2.047963337633904146e+01
2.918505611830640056e+00 2.878690770433533164e+00 2.900901662063331443e+00 3.112759563440985922e+00 4.042402208569873423e+00 6.158830735075502716e+00 1.105094144706065862e+01 2.015030712828979276e+01
