nan nan nan nan nan nan nan 0.000000000000000000e+00
4.823436355590820312e+01 nan nan nan 1.000670776367187500e+02 1.797983932495117188e+01 nan 1.948006057739257812e+01
7.808422851562500000e+01 nan nan 1.778069254557291572e+02 nan 3.213204345703125000e+02 2.264167785644531250e+02 6.636033528645832575e+02
1.401884613037109375e+02 nan 1.681394144694010322e+02 nan 2.889561767578125000e+02 3.075333557128906250e+02 5.768592122395832575e+02 3.363373413085937500e+02
2.453295491536458144e+02 2.104376220703125000e+02 nan 2.698737792968750000e+02 nan 3.953298746744791288e+02 2.769825642903645644e+02 3.142965932992788680e+02
2.387925248579545610e+02 2.270272460937500227e+02 2.322306082589285552e+02 nan 3.884525479403409349e+02 4.628188883463541288e+02 1.228903738839285552e+03 3.153641690340909008e+03
1.782372131347656250e+02 2.266976725260416572e+02 2.929422363281250341e+02 3.438086547851562500e+02 3.566060180664062500e+02 1.039826293945312500e+03 1.297650878906250000e+03 1.670959635416666515e+03
1.315680847167968750e+02 2.373479817708333144e+02 1.845749918619791572e+02 2.329659772600446388e+02 2.860956143465909349e+02 1.372753305288461661e+03 1.609914595170454504e+03 1.758562152777777783e+03
2.213432103207236707e+02 2.497046247209821388e+02 2.335970662434895644e+02 2.839407301682692264e+02 1.222665457589285552e+03 1.347676106770833258e+03 1.344355318509615472e+03 1.264820870535714221e+03
2.028137737771739069e+02 2.242857196514423208e+02 2.200357019761029278e+02 3.128289794921875000e+02 8.932802734375000000e+02 1.058369531250000136e+03 1.022441514756944343e+03 1.288383989726027266e+03
1.984675628063725412e+02 1.677510308159722001e+02 2.393336514559659065e+02 6.939077785326086314e+02 1.166650275735294144e+03 9.697389026988636260e+02 1.084101562500000000e+03 1.210708908279220850e+03
1.803590162627550910e+02 2.070460883246527715e+02 2.074425502232142833e+02 6.331947753906250682e+02 6.178566524621212466e+02 7.329361049107142208e+02 9.627917131696427759e+02 8.797389190051019341e+02
2.028014536372950829e+02 1.772811070884146432e+02 2.216963778409090935e+02 7.046074746621621898e+02 6.557673611111110858e+02 8.331840160472972912e+02 7.779322193287036953e+02 1.059660392992424249e+03
1.738446828358208904e+02 1.665434093940548905e+02 3.297467543658088402e+02 5.169797952586206975e+02 5.912838975694444343e+02 6.932878787878787534e+02 7.383294974662162531e+02 9.163032327586206520e+02
1.732771542677238870e+02 1.682905970982142776e+02 3.072811414930555429e+02 5.641933593750000000e+02 5.522761718750000455e+02 5.864398716517856656e+02 6.109114759290540633e+02 6.833817515432098162e+02
1.372579913072183047e+02 1.382247178819444287e+02 3.270334940159574444e+02 4.792951660156250000e+02 4.762193627450980102e+02 5.052729687500000182e+02 5.662189843749999909e+02 6.332209472656250000e+02
1.355621127424568897e+02 1.443806566922169736e+02 4.331945167824073906e+02 3.994657206632653015e+02 4.643982872596154152e+02 4.763859707446808329e+02 5.360021446078430927e+02 5.070381503807106469e+02
1.279014547413793110e+02 1.365603376116071388e+02 3.529572482638888573e+02 3.441157483552631220e+02 4.322581176757812500e+02 4.488429509943181870e+02 4.307719401041666742e+02 5.460621234939758324e+02
1.267562339469178028e+02 1.287667672293526664e+02 2.894728732638888573e+02 3.341099397590361377e+02 3.929395833333333030e+02 4.221779513888888573e+02 4.412052680121527715e+02 4.594464241600790047e+02
1.217243557224026063e+02 1.335166992187500057e+02 2.563666992187500000e+02 3.526297971491227941e+02 3.544262127543604493e+02 3.749390624999999773e+02 4.195886262175325214e+02 4.528343750000000227e+02
1.126884090015723388e+02 1.226375083111702082e+02 2.987296875000000114e+02 2.907383211096938567e+02 3.559640946061643376e+02 3.468643465909091219e+02 3.863754706325301527e+02 3.966658845846645249e+02
1.097766462053571388e+02 1.179556227463942406e+02 2.948995128160112245e+02 2.847181589226973415e+02 3.046587252475247283e+02 3.345724018895348877e+02 3.761056525735294258e+02 4.249903846153845848e+02
1.126825691598360635e+02 1.102155302444306955e+02 2.612820791568395862e+02 2.704206565366972654e+02 3.166376953125000000e+02 3.133530877976190823e+02 3.359662882486978788e+02 3.923837842039800989e+02
9.616652901785714391e+01 9.932004766949152952e+01 2.036475225225225074e+02 2.693902698863636260e+02 2.760181853991596768e+02 2.983605726709905639e+02 3.219557291666666288e+02 3.560009480337079140e+02
9.115707547169810709e+01 1.004413462856359587e+02 2.136840683411214741e+02 2.491263136061946852e+02 2.376886858258928328e+02 2.603994222689075286e+02 3.036844503837718889e+02 2.945765123279816748e+02
9.103134628080985635e+01 8.969578124999999602e+01 2.015014014790076260e+02 2.191352261178861909e+02 2.214209055656934311e+02 2.328892169331395223e+02 2.646807861328125000e+02 2.742054644177449063e+02
7.977912055121527146e+01 9.169183152721774377e+01 1.828759328358208904e+02 1.910772713162251648e+02 2.120283358134920491e+02 2.370016899379432687e+02 2.381719468060661598e+02 2.661434633027523091e+02
8.242957517971245807e+01 8.091114044189453125e+01 1.431753748193641513e+02 1.828986430921052602e+02 2.019958857248520587e+02 2.185987444196428555e+02 2.216101658358895747e+02 2.514080128205128233e+02
7.546243990384614619e+01 7.634650669642857679e+01 1.654031529017857167e+02 1.697378459149096557e+02 1.876419642857142662e+02 1.914776300465838403e+02 2.126992187500000000e+02 2.230075864147910067e+02
7.152117846385542066e+01 7.716465467087765262e+01 1.514334398674242550e+02 1.716520396706586951e+02 1.718468223314606576e+02 1.891038501381215440e+02 2.025690789473684106e+02 2.268537357346647809e+02
7.205537228467987632e+01 7.409195026178011290e+01 1.445384607263513601e+02 1.517373683763586882e+02 1.618931473214285575e+02 1.844103706173780495e+02 1.853133680555555713e+02 2.183872767857143060e+02
6.917106302668538831e+01 7.695272142059948806e+01 1.285145227413366342e+02 1.612934283088235361e+02 1.534134622713414728e+02 1.748369283536585499e+02 1.779574525122548891e+02 2.022083399681528419e+02
6.392600108225108357e+01 6.979793176328502113e+01 1.312424422554347814e+02 1.412004419191919453e+02 1.526556738281250034e+02 1.625716343118687064e+02 1.760288714418316829e+02 1.878061193111931289e+02
6.259193215638528329e+01 6.664939589389534547e+01 1.278481702302631504e+02 1.313566133720930225e+02 1.426610003972457719e+02 1.557949570664414409e+02 1.847320174834802060e+02 1.773487256586483340e+02
5.893362071622288312e+01 6.051545159170560595e+01 1.216420532764317244e+02 1.312547310756972081e+02 1.314153161337209212e+02 1.502786885245901658e+02 1.531572307900432861e+02 1.588756836979722493e+02
5.541564741290984131e+01 6.093414417613636402e+01 1.024957817925347143e+02 1.219746272117579906e+02 1.248869020758122730e+02 1.294311063621076130e+02 1.482836397058823650e+02 1.452095505265797328e+02
5.599220246647509214e+01 5.835718451605902146e+01 1.047387520926339164e+02 1.102672858205782234e+02 1.235807348526200826e+02 1.236988748899647845e+02 1.265936588035019525e+02 1.445395579268292749e+02
5.258028212645067612e+01 5.504847005208333854e+01 9.746209063653135729e+01 1.028633296745867796e+02 1.166248961794020005e+02 1.288424386160714334e+02 1.372435591603053240e+02 1.416298607980162103e+02
4.907519531250000000e+01 5.367612630208333968e+01 9.076698151125401637e+01 9.543237225162866366e+01 1.041308455230496435e+02 1.056030935210622772e+02 1.184833652210884338e+02 1.344364092724978832e+02
4.569327713815789593e+01 5.022245708264802033e+01 8.594349843244336284e+01 9.304907624185668169e+01 1.011587566164495229e+02 1.106202628968253947e+02 1.127597155448717956e+02 1.195361004446240827e+02
4.505664350571533561e+01 4.987684091129658270e+01 9.113168853183962881e+01 9.500515840682516000e+01 9.943854208266772332e+01 1.041773745888157805e+02 1.131791586538461587e+02 1.214708962912088026e+02
4.363966561654262932e+01 4.937269985750786105e+01 8.755898319486405512e+01 8.989940470247603344e+01 9.434481232294618280e+01 9.891879401408451145e+01 1.086079799107142776e+02 1.162557590634441027e+02
4.087088068181817846e+01 4.406100676780523173e+01 8.094171107297687229e+01 8.291089934125963623e+01 9.249084365889213188e+01 9.687954059829060327e+01 1.020854137569832432e+02 1.072575166549789571e+02
4.014039973787680537e+01 4.434635038154069520e+01 7.518651634382567295e+01 7.796518069261695416e+01 8.794058957808563548e+01 9.339282852564103621e+01 9.893331185567009811e+01 1.028681904560810807e+02
3.983439806643131931e+01 4.434878725669099708e+01 7.751769301470588402e+01 7.746631690997567432e+01 8.533638237847222285e+01 8.769928544207317600e+01 9.288325686177248031e+01 1.009185017616912177e+02
3.769438773447607360e+01 4.077266172605139616e+01 7.344697574513382676e+01 7.190390421018277323e+01 7.646215100623582828e+01 8.332451245300751452e+01 9.107094222292191432e+01 9.231540941697191727e+01
3.561499175077639734e+01 3.969570580663615544e+01 6.114275316922169878e+01 7.036750222156398138e+01 7.123806261660448058e+01 8.121666545823666183e+01 8.677339929706602106e+01 8.922212987588652311e+01
3.556456377001231317e+01 3.811456163194444713e+01 5.948170773678414491e+01 6.664115196734475433e+01 7.233389639639639768e+01 7.563417431192661411e+01 8.212708218612335997e+01 8.791541216777407897e+01
3.240225720669688059e+01 3.566542376893939092e+01 6.003737980769231086e+01 6.598173304966518060e+01 6.897955587635870245e+01 7.119114583333333712e+01 7.675597122797357486e+01 8.427683722527471843e+01
3.226912272783864211e+01 3.647015354437229462e+01 5.952250504032257794e+01 5.883237737341771378e+01 6.749945746527777146e+01 7.070640529918864559e+01 7.681701406898339712e+01 7.783004400476443152e+01
3.178831481933593750e+01 3.518870035807291430e+01 5.304763926630434412e+01 5.758261794452518956e+01 6.190582416142557776e+01 6.618345025510204493e+01 7.090038672654689833e+01 7.529804474467029252e+01
2.997312326227988777e+01 3.306410951967593093e+01 5.356861574373920121e+01 5.707105579453441635e+01 5.879004087430426750e+01 6.257542298892099808e+01 6.951735949160448058e+01 7.345006359441552490e+01
2.978385416666666785e+01 3.270692952473957860e+01 5.167265467489919217e+01 5.513680967133620925e+01 5.778732216682879397e+01 6.047826522435897090e+01 6.584623646421844967e+01 7.078566039925719622e+01
2.915459504855465056e+01 3.097436605639730445e+01 5.007462086397058698e+01 5.320749209971910432e+01 5.602847656250000341e+01 5.917833404802744468e+01 6.521488560267856371e+01 6.471701699463326918e+01
2.720224779445462815e+01 3.037961950725255988e+01 4.742205698835274319e+01 5.088228317967409708e+01 5.581084089381720759e+01 5.923612607758620641e+01 5.976728666380788724e+01 6.433076870932754332e+01
2.677324252955341422e+01 2.969882558847402620e+01 4.531400822899838943e+01 5.045693750000000222e+01 5.261368222268212236e+01 5.610704760466988716e+01 5.867026654411765207e+01 6.038175301810865392e+01
2.557755141660391729e+01 2.808708362640675205e+01 4.423562551567656698e+01 4.701376152663934249e+01 5.054228858825878490e+01 5.384021132376395258e+01 5.695278477822580498e+01 5.911116782360146971e+01
2.567576377237136143e+01 2.743762440286624482e+01 4.417530428902627193e+01 4.486701022591560672e+01 4.769694303678678438e+01 4.985623395537124480e+01 5.482191474562798561e+01 5.730252165841584144e+01
2.360785246307636598e+01 2.678792216614906607e+01 4.097751601677728672e+01 4.203159159026797909e+01 4.666636136451862882e+01 4.815484890602582624e+01 5.204385007278020936e+01 5.284264067220544092e+01
2.284370829626334753e+01 2.553575721153845990e+01 3.794094172297297263e+01 4.404185267857142350e+01 4.415962727864583570e+01 4.639025242175856789e+01 4.899345439189189477e+01 5.052593637184115494e+01
2.240488652357494814e+01 2.515968975557742837e+01 3.908373913957399282e+01 4.179922672193877276e+01 4.394226964860514784e+01 4.682873663651315610e+01 4.755307872002821057e+01 5.065664870689654720e+01
2.214066505041011723e+01 2.487830685143043041e+01 3.835012279810297997e+01 3.877858129040948398e+01 4.028444344944005451e+01 4.457264874828531731e+01 4.825694090136054371e+01 4.884302900808352632e+01
2.143696214360222285e+01 2.412014789701257911e+01 3.574843047978176713e+01 3.757463904272152178e+01 4.003976004464286120e+01 4.352892736486487024e+01 4.361222976267880114e+01 4.624351039967373822e+01
2.002129544526143690e+01 2.389807662297128488e+01 3.455768134124087965e+01 3.801283271827889365e+01 3.810103136588380579e+01 4.178022931929181993e+01 4.317061820652173765e+01 4.564358512033322768e+01
2.021055873977803685e+01 2.254648092686002414e+01 3.409715443954659975e+01 3.640286425902863954e+01 3.942005591299019329e+01 3.953537104379795863e+01 4.134250156054931580e+01 4.355632097853142426e+01
1.997331643037619386e+01 2.162019034259809658e+01 3.300233422256097526e+01 3.428447990282685254e+01 3.679104511469221706e+01 3.958696546052631504e+01 4.080651955409356901e+01 4.169544270833333854e+01
1.974274680397727266e+01 2.111254081865127219e+01 3.112554896196283494e+01 3.304958902533975618e+01 3.583508078295868415e+01 3.612859026963657527e+01 3.786602317974971044e+01 4.153717404043363359e+01
1.824924437924208220e+01 2.075982253423659785e+01 2.946940238402061851e+01 3.132135848637441100e+01 3.401489439426142525e+01 3.636407862672018609e+01 3.676493132630410798e+01 3.984050222903316296e+01
1.741492684393372414e+01 1.984541097345710980e+01 3.028407671277520308e+01 3.149413860730888359e+01 3.319123507724719246e+01 3.348446848985432212e+01 3.632031250000000000e+01 3.764791976602650436e+01
1.732454993206521721e+01 1.974886976522842730e+01 2.905368919008483886e+01 3.059211854144241016e+01 3.158737852515244171e+01 3.466160300925925952e+01 3.520003806938559165e+01 3.646220047662575325e+01
1.705842544880319167e+01 1.844352229899497786e+01 2.737625794491525255e+01 2.885036825792433746e+01 3.151225768716577491e+01 3.214535643047112501e+01 3.311076515348595706e+01 3.430588588348270918e+01
1.662021624402548881e+01 1.821545580713572576e+01 2.671624300373134275e+01 2.841851009471584888e+01 2.990963668082524052e+01 3.208510825112387721e+01 3.208135090508805831e+01 3.383155094920794426e+01
1.629177417262453886e+01 1.827894504625121641e+01 2.638342501849112409e+01 2.683583908672480689e+01 2.904740819165851207e+01 3.088088212985436698e+01 3.136995555624380572e+01 3.200311055001216687e+01
1.556932287020517514e+01 1.720465128311258241e+01 2.555636532738095212e+01 2.676344177073515596e+01 2.858527744113573377e+01 2.932366071428571530e+01 3.086874855457909561e+01 3.180671443890563310e+01
1.509522953224703734e+01 1.690484689295976750e+01 2.453010258402394328e+01 2.561883425245098067e+01 2.623564388574126482e+01 2.936593061092870371e+01 2.968769760614272712e+01 3.109487675029171783e+01
1.519610863424900238e+01 1.628810035170664250e+01 2.378698474233836890e+01 2.517505506445127850e+01 2.632927760948129148e+01 2.804144945918822529e+01 2.803992863847173211e+01 2.911600299609810705e+01
1.433675151652393609e+01 1.630266965802888635e+01 2.339060014204545368e+01 2.435411019599666460e+01 2.617519849118444597e+01 2.674617747976815352e+01 2.825845032546337166e+01 2.875929995131977535e+01
1.376788905783184092e+01 1.593302568423202636e+01 2.205248056959982961e+01 2.409148866910460995e+01 2.489721862033194810e+01 2.631859070960236835e+01 2.659824302575107069e+01 2.790585376162298914e+01
1.329050146757862905e+01 1.519325708367430572e+01 2.174285512530813236e+01 2.329195905694669122e+01 2.435372896380186347e+01 2.471808394254530583e+01 2.612777379290736235e+01 2.612322450572320776e+01
1.295578091613247906e+01 1.486419353439730351e+01 2.048536779988123513e+01 2.239849157675081415e+01 2.339622705853174622e+01 2.438930502223120200e+01 2.500587186500799319e+01 2.625212840042160423e+01
1.281875975085098318e+01 1.449939305278884483e+01 2.124510638823064568e+01 2.111195061667971729e+01 2.296552364524576717e+01 2.381665135408445266e+01 2.438938338170536113e+01 2.519985188254502262e+01
1.258714561855670055e+01 1.394474011106781042e+01 1.975380409592115427e+01 2.106317328222049667e+01 2.205159270754359468e+01 2.309403136973180182e+01 2.388374178564674821e+01 2.464708230080060858e+01
1.205294933935706503e+01 1.370427795926210557e+01 1.899588094682835759e+01 2.073235087758375172e+01 2.146542372375954244e+01 2.217974616529303944e+01 2.309652166060775258e+01 2.380897942669523104e+01
1.194453855274010223e+01 1.326415455241009944e+01 1.886743449312714915e+01 1.974002240794573737e+01 2.147108083904711862e+01 2.136918652862016543e+01 2.256762184115523340e+01 2.340856094122501219e+01
1.148971185612189849e+01 1.274525248628257756e+01 1.861627155172413950e+01 1.934969718579700171e+01 2.045948966827279492e+01 2.122297997237568978e+01 2.177949600054229862e+01 2.212685099621348783e+01
1.129692954113644454e+01 1.263832104557640790e+01 1.788374684013249549e+01 1.876928363158831914e+01 1.961845432041299730e+01 2.039898519449300807e+01 2.069585526030838452e+01 2.115062715331610477e+01
1.066310745671563431e+01 1.221446207462938105e+01 1.718929371267418560e+01 1.807821221667794376e+01 1.881347923801369859e+01 1.982824078158080638e+01 2.033721841124661367e+01 2.130238105245460645e+01
1.018728569878472179e+01 1.173517839485827174e+01 1.644754910119840474e+01 1.769228263567174153e+01 1.891457919973544932e+01 1.879670675801489566e+01 1.951320369563412882e+01 2.026421261487050884e+01
1.006430611559139798e+01 1.149473209142527885e+01 1.634605006167763008e+01 1.749272880579613698e+01 1.807730912105439813e+01 1.876873395046388282e+01 1.927625911199469755e+01 1.943090683651629647e+01
9.940247980637030523e+00 1.127072273166023209e+01 1.573425542091836604e+01 1.663491871444374226e+01 1.753645273125383852e+01 1.819130133510305924e+01 1.811819358076196451e+01 1.885158579527621114e+01
9.663704885563380031e+00 1.095507937300319590e+01 1.548081924891707928e+01 1.629829567160757975e+01 1.701348250356463865e+01 1.748216958629480544e+01 1.822814971696650233e+01 1.834381607282693949e+01
9.322492869824721140e+00 1.059398176916292478e+01 1.542735517178362592e+01 1.576996122901119435e+01 1.670974232132309467e+01 1.682638272372159349e+01 1.727569343507751753e+01 1.777073077880784524e+01
9.228153436751048488e+00 1.008998050183511985e+01 1.478922233415995002e+01 1.572310626827485436e+01 1.582531677549751237e+01 1.634054249248712054e+01 1.696951277289266358e+01 1.760421094212004789e+01
8.941039820949971073e+00 9.976477823730746763e+00 1.393363705148774656e+01 1.483487279587567187e+01 1.545455604600450350e+01 1.596467270710059161e+01 1.642330316534624401e+01 1.648512287291817557e+01
8.851914832874129502e+00 9.788901576608351363e+00 1.364153204449152668e+01 1.442156350552602184e+01 1.500715541618329318e+01 1.543225411372073097e+01 1.590289331124641770e+01 1.607654338277137285e+01
8.305555050872092337e+00 9.393403906682346260e+00 1.349315327175414403e+01 1.417134621111266846e+01 1.489326676152137807e+01 1.540749042479108688e+01 1.551043328593229731e+01 1.564149980897471437e+01
8.383398905376630239e+00 9.286792330332410472e+00 1.335415521978021935e+01 1.332058518005540293e+01 1.418047960069444358e+01 1.444765906804938993e+01 1.497114169131810613e+01 1.555085837562569573e+01
8.062258136334197189e+00 9.017601238905324834e+00 1.285211961738892050e+01 1.327152475516866126e+01 1.373135616780557022e+01 1.409058490953947285e+01 1.456520000000000081e+01 1.505862364075714765e+01
7.886888852672750971e+00 8.900107411385606682e+00 1.223731279175311215e+01 1.311520226083706930e+01 1.339334386895051487e+01 1.382433633291156028e+01 1.453248237720894132e+01 1.452483672342084553e+01
7.658431913983265282e+00 8.588212660599571890e+00 1.188123952643991998e+01 1.273398838899405128e+01 1.310664436963925361e+01 1.353639859858247441e+01 1.358034936435209161e+01 1.390014875193498334e+01
7.411223087174413138e+00 8.244711040346171416e+00 1.177377862087327109e+01 1.234518115281827022e+01 1.252722525496861827e+01 1.309668454601989929e+01 1.338724737075519577e+01 1.405577045022194049e+01
7.193118645521456855e+00 7.898076749639249883e+00 1.136897049878345634e+01 1.198251918014894812e+01 1.235014969949076225e+01 1.270418616923641864e+01 1.274204688275819208e+01 1.330644452040063719e+01
7.011580419824800181e+00 7.909026482795957769e+00 1.111373970358345353e+01 1.185413053229665081e+01 1.200673020730807039e+01 1.219155819177744959e+01 1.266871614836903603e+01 1.303309285649382154e+01
6.789602122322088817e+00 7.579906220739700551e+00 1.101687946112553185e+01 1.113232582569346363e+01 1.180281880938242267e+01 1.178821740670760576e+01 1.222558130924170605e+01 1.267766573190018775e+01
6.670945527264533936e+00 7.545793920909948049e+00 1.058797594234382444e+01 1.113771605120339814e+01 1.124164694366526440e+01 1.157541192525415852e+01 1.169986672360980151e+01 1.217675077525103333e+01
6.368041497975708509e+00 7.402541328306264212e+00 1.030257790918508398e+01 1.073479159452908505e+01 1.105396002024291491e+01 1.133497635213556265e+01 1.165181131916329349e+01 1.190166354382035330e+01
6.278850495670637244e+00 7.083497448832099863e+00 9.803422107472947289e+00 1.072705617543084422e+01 1.053068424238929879e+01 1.110913389487122593e+01 1.141936813575633991e+01 1.154494477006312003e+01
6.027088196947357090e+00 6.755089841988047183e+00 9.813474912901183345e+00 1.018815279413414032e+01 1.042384244286330386e+01 1.073758413996439742e+01 1.114343959867850842e+01 1.143686840198008881e+01
5.877021302140504666e+00 6.736777204182429202e+00 9.298543016712141451e+00 9.840589943910256210e+00 1.044017068802754267e+01 1.023693432522600055e+01 1.061902721215647105e+01 1.102079486204649150e+01
5.799479166666666963e+00 6.522729787067888196e+00 9.175521495129181915e+00 9.664559414079345601e+00 9.941105646234138504e+00 1.017503626054852361e+01 1.038117210604140261e+01 1.087114853378665558e+01
5.700179282532396918e+00 6.353995013710679096e+00 8.955323378574387760e+00 9.626412967651921448e+00 9.720042028635779374e+00 9.892749407992763366e+00 1.010370300062840343e+01 1.037616897300408070e+01
5.506665110240525074e+00 6.186728404831847605e+00 8.651474637129517475e+00 9.201413360853806012e+00 9.521109549112670933e+00 9.586264589608434861e+00 9.776383456928078530e+00 1.021882950251889177e+01
5.390057864685657840e+00 6.041315436411502482e+00 8.631337015738498764e+00 9.065127191310976329e+00 9.221348675953816354e+00 9.429946530904626201e+00 9.616193957238172274e+00 9.707536662188196885e+00
5.194752626864226563e+00 5.963088728786224202e+00 8.312536970147000659e+00 8.673438437125149392e+00 8.734206575067672063e+00 9.217957449667709469e+00 9.283618568715469976e+00 9.550428742314558406e+00
5.131936679196802409e+00 5.640936718749999912e+00 7.951285437524066246e+00 8.602839372152619291e+00 8.854545921800239583e+00 8.728804171863007610e+00 9.009082862045630691e+00 9.269776031040512621e+00
4.957125053602058351e+00 5.548594830840802850e+00 7.741586980507539906e+00 8.278526768268855918e+00 8.541949791822604610e+00 8.594201191758026326e+00 8.715172728566010107e+00 8.988309389810426708e+00
4.797478116742166954e+00 5.376378297018348462e+00 7.647215931469082406e+00 8.008437954876274745e+00 8.209451668885508369e+00 8.548830293532567737e+00 8.489014869998111834e+00 8.828711308111953926e+00
4.646188491138059540e+00 5.245978446724262056e+00 7.285208940940576028e+00 7.739519999521256466e+00 8.029775705645160855e+00 8.215851674972313390e+00 8.300686487268517766e+00 8.636055951507929151e+00
4.485515898408413804e+00 5.103980604324837245e+00 7.253529085157932599e+00 7.500792318642396594e+00 7.835704793461970574e+00 8.084357985480943753e+00 8.036833405407866948e+00 8.379815135233585011e+00
4.457183246940080501e+00 4.886244855453496960e+00 7.034812567060085620e+00 7.428830878426486706e+00 7.584258145182753985e+00 7.894293387276785978e+00 8.021547783624686900e+00 7.967380428533521908e+00
4.336208515799415686e+00 4.847003152412280080e+00 6.822835371852046471e+00 7.260051050365344594e+00 7.490937390581232869e+00 7.444305279982363466e+00 7.607920079274701486e+00 7.832487940620604938e+00
4.254894677586061214e+00 4.683426836661132242e+00 6.639624934600627526e+00 6.973304301015900819e+00 7.331035747703300132e+00 7.285331394361413082e+00 7.550977773949000493e+00 7.672640851567248177e+00
4.031123789965412207e+00 4.606761853448275268e+00 6.480063874445959549e+00 7.033339000164853694e+00 7.153912406961471682e+00 7.177751789694786666e+00 7.243705357142856904e+00 7.569986784892147824e+00
3.920818286277084397e+00 4.554341487143102718e+00 6.332360541344915994e+00 6.702308748717510589e+00 6.891305394502108328e+00 6.869653711981951183e+00 7.133349593158419211e+00 7.337857361676497270e+00
3.833299458519160652e+00 4.387896479392537685e+00 6.175605322697144572e+00 6.543017625120308267e+00 6.667587428715195941e+00 6.831417301080550786e+00 6.900431409512760794e+00 7.082105481812250858e+00
3.728181203206379912e+00 4.235099725133984805e+00 5.937648002347797771e+00 6.387292026571240733e+00 6.517912471429696986e+00 6.647346417928479134e+00 6.747788465398201652e+00 6.964298802062272919e+00
3.706522463500656173e+00 4.122103600868110895e+00 5.861165985806298551e+00 6.205341418507844153e+00 6.311973616803278730e+00 6.499623606783317520e+00 6.489761526555881233e+00 6.741982270142559130e+00
3.573349569838056627e+00 4.048408947317262196e+00 5.705574291537267584e+00 6.031655195168002415e+00 6.131935070194383997e+00 6.256088353532952340e+00 6.402027254698090530e+00 6.719075926214197025e+00
3.498772238263785361e+00 3.931125588613013644e+00 5.500258760277691117e+00 5.924689384004071968e+00 6.023639359287709105e+00 6.029751006518405454e+00 6.257471817364801403e+00 6.445060347001319023e+00
3.438215171220059929e+00 3.813127620045731803e+00 5.417501386551407450e+00 5.639175391926689151e+00 5.817529179781174342e+00 5.998084184543662545e+00 6.032843693710597144e+00 6.369140328757773695e+00
3.353373050619377516e+00 3.725646355761868200e+00 5.204569777397260566e+00 5.498770595544918649e+00 5.716175289512157143e+00 5.772549291766199353e+00 5.919043349190890702e+00 6.187227824087918826e+00
3.245383808188395225e+00 3.667930767623822419e+00 5.038449732936621572e+00 5.417503608653269076e+00 5.526236475351103294e+00 5.603444665723645635e+00 5.757959668881424520e+00 5.999587781210685478e+00
3.229098893210235577e+00 3.611120112808295701e+00 4.994049072265625000e+00 5.308495872558041562e+00 5.402669557635829456e+00 5.499782483909458897e+00 5.585715566877361482e+00 5.907323859952453127e+00
3.096156593799114454e+00 3.461479030873282792e+00 4.957544614190924293e+00 5.098362445414847954e+00 5.283145100546524198e+00 5.365871156276327270e+00 5.388140522409363697e+00 5.687092594571488746e+00
3.088228019222351683e+00 3.408450259545707794e+00 4.756038866096368167e+00 5.014119648612668456e+00 5.205670847688774749e+00 5.152278401716180234e+00 5.308036743579738648e+00 5.549161840667090395e+00
2.980428499413729337e+00 3.305820961738227481e+00 4.635990383617109245e+00 4.907002242657246605e+00 5.029043473405717890e+00 5.113251251371366379e+00 5.116335749064319316e+00 5.374550601219765689e+00
2.922935201168503472e+00 3.187947456855060313e+00 4.514845663786064556e+00 4.806488287664203440e+00 4.893061040521978100e+00 4.870526834705075636e+00 5.063618520296214953e+00 5.369711178432841514e+00
2.851573858379592874e+00 3.209695037816843843e+00 4.424811594634113554e+00 4.658045909168955667e+00 4.721183556069131981e+00 4.803926174496643497e+00 4.899225041946308146e+00 5.157167154120040564e+00
2.814248811452605636e+00 3.164174642410834792e+00 4.278879202729693354e+00 4.541306752131232471e+00 4.688473935919849289e+00 4.656240699404762040e+00 4.821434178344791377e+00 5.094189423907984349e+00
2.761583262718836362e+00 3.053054739932885564e+00 4.161977581177067620e+00 4.448205510335044188e+00 4.560704577655374514e+00 4.563458653586838665e+00 4.671812045100077526e+00 4.986306985897015487e+00
2.662283142356646870e+00 2.984307633906092772e+00 4.086174683754992820e+00 4.339428784253002824e+00 4.429618463136375972e+00 4.407830914618856788e+00 4.509286882977337818e+00 4.868687142535826240e+00
2.657972145424942312e+00 2.934888496274730585e+00 3.953558366653973533e+00 4.126140546044959834e+00 4.319217880627213013e+00 4.323501050487554842e+00 4.478363615271377718e+00 4.823556442923242038e+00
2.573297328101047832e+00 2.875860600261388900e+00 3.889932373046875114e+00 4.104041001608512929e+00 4.135351264464649290e+00 4.222242114706622473e+00 4.338340893395279174e+00 4.628690477125620539e+00
2.542232090539085387e+00 2.775912510715160320e+00 3.719227877020573114e+00 4.064385859297571457e+00 4.180107321690278432e+00 4.131995799280312021e+00 4.180350064528023601e+00 4.521730243921206593e+00
2.473102264915112425e+00 2.807968826443248300e+00 3.743231312254057919e+00 3.846184336656441882e+00 3.944869980142909238e+00 4.063597233900099859e+00 4.076720296462609916e+00 4.321445271941611210e+00
2.412862546827441168e+00 2.721220421264855638e+00 3.606734218145258630e+00 3.789581983210754679e+00 3.802360382225261848e+00 3.947905103412012284e+00 3.952341201830152251e+00 4.290906929551308480e+00
2.355777162330981778e+00 2.656019455584140321e+00 3.443353834219858189e+00 3.643022285820330719e+00 3.819764287436701267e+00 3.880497910915746473e+00 3.902393971897853309e+00 4.256898800839636010e+00
2.278820475184253791e+00 2.632989971903395787e+00 3.391755686347073695e+00 3.637526219905739655e+00 3.701160241265750273e+00 3.684775953139754812e+00 3.743508544978533248e+00 4.138702290356702562e+00
2.256904484025052060e+00 2.566877175543355261e+00 3.353653241043799138e+00 3.474297423680335228e+00 3.611237924128180676e+00 3.634030205491132204e+00 3.673816507391532760e+00 4.050038609202702311e+00
2.245231097279852595e+00 2.518318063922356131e+00 3.280970982142857206e+00 3.409709181479358087e+00 3.419323703159955485e+00 3.535130815198766374e+00 3.546153406492912552e+00 4.026292854527015130e+00
2.173730880426113732e+00 2.473517120636261168e+00 3.180725770182145418e+00 3.342563747522650175e+00 3.388474778824200673e+00 3.418978427464630876e+00 3.572790749289772805e+00 3.871406577197351151e+00
2.123395919362239148e+00 2.386962085942649914e+00 3.107320369274388927e+00 3.276545251400483139e+00 3.312763790311466394e+00 3.375222214445688707e+00 3.409515662807963032e+00 3.772629994205617621e+00
2.058776515658458095e+00 2.420648950729927140e+00 3.046840199488561662e+00 3.155392941607656709e+00 3.223259599752667626e+00 3.265548782564856811e+00 3.314685362894330467e+00 3.668637955085354285e+00
2.008390094694967321e+00 2.346965520968439023e+00 2.961929519798894184e+00 3.082721297738353350e+00 3.107366236284025973e+00 3.198403122303710155e+00 3.259725483702633486e+00 3.683661207497586521e+00
1.990546709743521880e+00 2.282942425271739406e+00 2.881231159565916133e+00 2.994149225466554931e+00 3.085022476640591371e+00 3.076132100750267551e+00 3.175287868391600821e+00 3.512659763115631328e+00
1.952342767089536579e+00 2.251280775748001783e+00 2.774250009544898976e+00 2.922908507397737221e+00 2.999880911943581641e+00 3.065245523916490189e+00 3.130497419348488020e+00 3.458715067229106488e+00
1.905325030256787899e+00 2.215460881866734510e+00 2.754499312634119956e+00 2.861265388257575815e+00 2.918408389412886716e+00 2.940245250493455309e+00 2.997288638881647316e+00 3.380081774938664463e+00
1.864803872275624608e+00 2.159323258973711024e+00 2.694267842825367243e+00 2.747626550950369673e+00 2.832977004866026327e+00 2.860302466033991298e+00 2.947676606056271797e+00 3.364631393461479103e+00
1.829875563788659898e+00 2.110541400775775678e+00 2.617801874251048488e+00 2.732936222464775078e+00 2.802551966506933390e+00 2.809250331594730365e+00 2.870185790622483690e+00 3.269392620166859942e+00
1.799792863738969739e+00 2.070735794177158251e+00 2.558129581404320785e+00 2.627138108284737594e+00 2.661807250363882993e+00 2.719855944441689655e+00 2.809944651694661122e+00 3.208180193058405294e+00
1.745651547330097308e+00 2.045245711211186368e+00 2.512261024357628436e+00 2.606565037631213944e+00 2.645979336627157341e+00 2.668845226990049557e+00 2.752526857882638289e+00 3.151388389507253862e+00
1.718129205982373842e+00 2.017289128512477880e+00 2.443077413801523434e+00 2.520979203518082024e+00 2.540925841230806448e+00 2.568317579575434717e+00 2.679753814518101684e+00 3.063117671058994240e+00
1.673765630951814076e+00 1.944470530295614674e+00 2.376274631286266814e+00 2.465925916868241252e+00 2.483006280637254815e+00 2.533137673743335760e+00 2.626719848656328349e+00 3.035679182859418734e+00
1.639219002663369062e+00 1.918510777384083266e+00 2.278602277728873027e+00 2.398190177616222218e+00 2.453963571964721258e+00 2.501376317108351177e+00 2.564683206129243942e+00 2.959803114400707091e+00
1.585856924625600461e+00 1.866174289459161084e+00 2.276170592035355433e+00 2.350082969067170957e+00 2.374324191120244620e+00 2.416139427284871743e+00 2.489991766929807948e+00 2.933730817850423556e+00
1.587511146048432575e+00 1.849209677327176449e+00 2.212109229217204653e+00 2.264423841001130366e+00 2.301870822383455195e+00 2.335169511285207999e+00 2.429930867020037244e+00 2.859135934100272891e+00
1.534070125514210847e+00 1.785870295698924748e+00 2.184594226859466470e+00 2.219515481651376021e+00 2.257541807550194957e+00 2.264374536865505938e+00 2.351711824792243721e+00 2.811891580550075709e+00
1.494408690368984827e+00 1.737389536663341172e+00 2.115082967225334176e+00 2.180317319672683052e+00 2.188326882102272553e+00 2.190884172787491035e+00 2.278129012547305710e+00 2.766186113905593214e+00
1.481653585765613901e+00 1.712584425175897485e+00 2.095883586306848567e+00 2.143715524734139066e+00 2.165238984556588697e+00 2.168709811656329922e+00 2.265242117117117093e+00 2.676444158770184156e+00
1.445444251059413654e+00 1.674468080637210976e+00 2.005527057960831527e+00 2.062021364455418837e+00 2.075065047107800265e+00 2.106395909130283961e+00 2.200532827723649554e+00 2.618875304607886534e+00
1.432938809880239583e+00 1.636533613965410972e+00 1.950915553078882647e+00 2.012908045668953427e+00 2.039189847378527709e+00 2.036711382315353536e+00 2.146607899548878429e+00 2.593392135341863636e+00
1.384829843587549902e+00 1.629831980591579299e+00 1.880568756838074451e+00 1.981752001549586861e+00 1.979955979721085058e+00 1.978067734347616735e+00 2.121236482222317310e+00 2.562687759635042806e+00
1.353539772849231548e+00 1.574735569837460103e+00 1.868028856685944650e+00 1.920533092894558758e+00 1.936522931246760004e+00 1.951460543381980717e+00 2.063754325259515632e+00 2.502134323774888536e+00
1.341441700670825465e+00 1.546553907286828178e+00 1.834139442897823935e+00 1.870687017099259775e+00 1.889340169270833369e+00 1.915486646710414131e+00 1.999561529880730992e+00 2.483511268415720341e+00
1.302799957025647437e+00 1.505406980067342859e+00 1.785657242269109712e+00 1.825318771118345174e+00 1.829608444940476142e+00 1.855985044717311405e+00 1.967436680525301629e+00 2.413047189850014540e+00
1.266404898242319499e+00 1.465421247278590355e+00 1.731068362592668830e+00 1.797302266324162900e+00 1.786575832173272094e+00 1.810483630334606575e+00 1.910098673068237884e+00 2.365743784480629053e+00
1.243712246173776848e+00 1.447760652240953849e+00 1.678096565176218746e+00 1.739371760795640709e+00 1.748378780698862656e+00 1.766392025112520692e+00 1.858784595092150882e+00 2.323386520944833222e+00
1.226572210027263132e+00 1.399153359870668689e+00 1.654478227500815857e+00 1.675068270816158389e+00 1.688107680783462072e+00 1.720923907581604739e+00 1.806234027665098330e+00 2.277730197617208407e+00
1.182143639373960609e+00 1.363871925624796644e+00 1.581894303525794632e+00 1.632389595953712247e+00 1.658608313193424832e+00 1.653324238852927008e+00 1.781089458574429241e+00 2.261055324388587362e+00
1.166972803354974220e+00 1.345631588855421779e+00 1.544618092371607077e+00 1.600511278689186856e+00 1.607134269660212889e+00 1.647033739793087204e+00 1.721567084021550897e+00 2.211165257998342959e+00
1.140717000009797033e+00 1.318120716462242381e+00 1.499945140440472446e+00 1.573901013899466683e+00 1.584980898926477533e+00 1.573832372252425005e+00 1.698815330669174006e+00 2.147509026236910756e+00
1.113270399305555491e+00 1.279879590112282362e+00 1.472029466988821644e+00 1.523258507412398988e+00 1.523955333141321145e+00 1.558003510067691666e+00 1.640842590332031392e+00 2.127066683195270702e+00
1.101759867784741553e+00 1.257533271085476523e+00 1.436461355920952698e+00 1.475574420736316839e+00 1.482816180587735566e+00 1.495544546135525454e+00 1.615512648412486651e+00 2.087454888451443669e+00
1.069671455565022633e+00 1.205236422868333879e+00 1.398307810620017966e+00 1.447844969054763675e+00 1.432272424055829108e+00 1.463211520839631019e+00 1.572320374569030177e+00 2.057200463128145529e+00
1.060096692242685101e+00 1.192826864314636914e+00 1.373904273188351732e+00 1.419846471035433710e+00 1.408900627456909582e+00 1.426976380651298282e+00 1.556567264727554356e+00 2.015678413786626599e+00
1.038578926106485500e+00 1.163939667428635083e+00 1.326883696140035873e+00 1.360585740419572698e+00 1.372168509545322213e+00 1.387468478321444376e+00 1.507364096008372512e+00 2.005481955693738882e+00
1.004523715547078755e+00 1.114457906389094921e+00 1.285410298813868701e+00 1.352853253418397239e+00 1.342587108215875347e+00 1.340998426776065955e+00 1.467231236059309607e+00 1.941556385595242462e+00
9.879750331729040269e-01 1.102056471502065316e+00 1.253241174890814325e+00 1.307411259264641634e+00 1.299505400468217831e+00 1.329960960333552489e+00 1.434197734049432515e+00 1.900140001212763829e+00
9.509446201819165001e-01 1.072587475066489437e+00 1.207894305678629321e+00 1.266924303479931790e+00 1.267929144170937050e+00 1.284896276784447400e+00 1.407732802051533616e+00 1.889348295024678492e+00
9.276519705556349749e-01 1.045341336258024167e+00 1.176218723419336643e+00 1.233553758632350839e+00 1.240226797271797299e+00 1.256713539087919163e+00 1.369781238926293332e+00 1.831524866329096168e+00
9.113035798200859183e-01 1.019234462290502741e+00 1.147752951510125685e+00 1.209004671482235782e+00 1.195817199862249325e+00 1.223512930076458227e+00 1.329922347552398465e+00 1.815289274392391849e+00
8.873434461714315713e-01 9.826205070298466016e-01 1.096597947600138179e+00 1.172286467668550936e+00 1.172186327000205752e+00 1.189344216177983693e+00 1.299255582054472447e+00 1.772340282556339242e+00
8.842925102375450708e-01 9.535623876831629264e-01 1.061583207766302772e+00 1.141163858301064815e+00 1.137174112650298996e+00 1.154572089303101956e+00 1.267867176694329245e+00 1.755427163677711455e+00
8.449102141628822560e-01 9.528711097767368354e-01 1.046542910161576190e+00 1.097667251253606091e+00 1.112065811362870749e+00 1.126735848382432126e+00 1.242634345298710086e+00 1.731885786855976939e+00
8.311587404475981877e-01 9.205256550774877367e-01 1.009525607814822257e+00 1.076392460185799482e+00 1.090536434233805307e+00 1.108036172801050601e+00 1.223514039611611315e+00 1.690624419596123307e+00
8.220387572597676051e-01 9.080704996733743872e-01 9.802292122082629788e-01 1.041288793030569426e+00 1.067635442197712559e+00 1.075631067120769613e+00 1.190986299653790104e+00 1.645995980380775547e+00
8.012939517729558148e-01 8.784571021714109307e-01 9.557337681324044043e-01 1.011998180871090280e+00 1.026477834779352172e+00 1.044722317128725875e+00 1.171093646577971992e+00 1.614038370018459512e+00
7.784905958639157797e-01 8.618971556040051496e-01 9.307942112297278303e-01 9.922640290103816874e-01 9.971246710738731478e-01 1.014384197268991095e+00 1.125728446896336665e+00 1.602899548022829856e+00
7.567767286929961701e-01 8.283171497477830325e-01 9.100108795028355457e-01 9.488777560540853084e-01 9.651788078232116375e-01 9.932075851287567314e-01 1.102950539008982878e+00 1.570723192045160532e+00
7.493348624788052081e-01 8.158184511991740662e-01 8.741137335369535410e-01 9.252835093120699295e-01 9.393220234565329285e-01 9.695074491046258292e-01 1.080720669385796695e+00 1.539542645553651168e+00
7.386602960710290100e-01 7.947139448346712820e-01 8.610138741113555483e-01 8.994402843260360658e-01 9.109551425738947605e-01 9.407474883084971928e-01 1.063425027551376356e+00 1.516574584949295978e+00
7.252779591032693096e-01 7.746287011261546729e-01 8.299200647265132513e-01 8.784957102992401179e-01 8.990570383443213798e-01 9.130274214476628014e-01 1.027770046726041109e+00 1.492444094352076034e+00
7.009757973782799745e-01 7.481896938943635167e-01 8.080380570121762362e-01 8.488401022765715842e-01 8.675564915128284316e-01 8.967331035846279885e-01 1.023878232359120011e+00 1.452957343501077636e+00
6.892299345212701267e-01 7.353183635248717875e-01 7.858655822431588334e-01 8.286836428027476442e-01 8.499670535849485065e-01 8.784541599975376203e-01 9.791434577221578284e-01 1.443245119012962485e+00
6.820738544923671265e-01 7.211336965632857421e-01 7.621882206652594860e-01 7.999333676949513805e-01 8.281746020139149067e-01 8.409012385115870458e-01 9.672422516159139283e-01 1.409321207536267107e+00
6.563478852556972054e-01 6.983636174818191877e-01 7.386358526202182473e-01 7.809905820093742124e-01 7.992620952449334126e-01 8.273427439581336751e-01 9.414704465734287098e-01 1.389695621511313872e+00
6.546029378230464602e-01 6.769946951246594846e-01 7.228276011947218915e-01 7.489171219601458152e-01 7.810423360940140780e-01 8.125183847024238792e-01 9.156784965074189486e-01 1.376047185554358121e+00
6.368947789288949002e-01 6.629223321731949614e-01 7.046732200766508969e-01 7.249692487190216861e-01 7.635351516348652945e-01 7.897958144754688714e-01 8.958429764029859355e-01 1.337885036577092013e+00
6.185997785927542791e-01 6.499789312712634937e-01 6.837601755003241966e-01 6.995340372218297187e-01 7.421066300425883666e-01 7.674599528270851234e-01 8.792095666602963711e-01 1.317250776460148431e+00
6.106632218178156268e-01 6.286258695278688080e-01 6.632516206200442799e-01 6.863231780817938832e-01 7.138055451329330392e-01 7.446043666359865032e-01 8.533838800185120643e-01 1.303209719864484528e+00
5.935018306518151654e-01 6.115745122306348591e-01 6.459599955737563848e-01 6.672606724728726846e-01 6.948267740071519816e-01 7.267679106522605403e-01 8.361490773322716175e-01 1.273897841988966162e+00
5.848711987232407816e-01 5.996701127001624609e-01 6.214163013474802710e-01 6.456302209574099615e-01 6.727870455186020227e-01 7.109563299200438724e-01 8.168404561217694759e-01 1.250770517200921583e+00
5.726362789910275364e-01 5.908485700180154954e-01 6.172285471997690509e-01 6.342317195986200140e-01 6.632112198200332820e-01 6.899046662432818389e-01 7.976570804102891543e-01 1.227168699136911512e+00
5.630132793287503379e-01 5.720931826647168705e-01 5.999218902366821871e-01 6.149830351090272984e-01 6.363072458847455204e-01 6.684571938478188757e-01 7.827522442482948151e-01 1.214237748268380157e+00
5.613104104053786569e-01 5.609325468113929292e-01 5.811627996126915718e-01 5.959611284150192478e-01 6.193806720531522814e-01 6.468633493213806762e-01 7.584891515163050268e-01 1.208085479139504592e+00
5.441184217400389933e-01 5.514311191947718349e-01 5.662684489083505968e-01 5.765256105161031819e-01 6.027735727014889022e-01 6.395154723127035590e-01 7.473181769861736434e-01 1.180172663336896077e+00
5.379791945187165636e-01 5.345161877108040027e-01 5.467739579358373847e-01 5.675226913386093308e-01 5.841710848287112734e-01 6.217697658647522996e-01 7.217003863790760754e-01 1.161391315117952017e+00
5.245521018979092398e-01 5.227843349097629488e-01 5.438678613567321518e-01 5.487244871847363203e-01 5.659208900908119233e-01 6.051354911192311503e-01 7.091311336903090012e-01 1.149343830084974316e+00
5.156113584052066656e-01 5.085020113550747789e-01 5.198296268300445222e-01 5.339531237772590089e-01 5.565592447916667407e-01 5.863214352196574053e-01 6.879810816007213559e-01 1.126337685686358059e+00
5.039499004398477755e-01 4.976712416904403025e-01 5.099120840623380113e-01 5.244100498080666028e-01 5.359523796827417863e-01 5.728968523550724834e-01 6.748553746680426846e-01 1.116483143542352119e+00
5.004674259169377137e-01 4.902864247744845860e-01 5.009450503186512194e-01 5.062228453269824735e-01 5.253301190130048592e-01 5.563131863695089940e-01 6.618773603092376057e-01 1.093185273069556374e+00
4.966723723485640951e-01 4.755495270452444467e-01 4.828597696196157418e-01 4.939358404472609099e-01 5.040755527961031657e-01 5.438490087733000022e-01 6.419293636006900838e-01 1.086326640348268979e+00
4.862047110267393446e-01 4.693118859607015025e-01 4.720912766678604378e-01 4.750979562999282924e-01 4.904159226384258718e-01 5.254798166308957130e-01 6.323823438787199436e-01 1.063386748947017013e+00
4.797902928658158150e-01 4.621910387286054522e-01 4.615930540337376264e-01 4.671362218068930705e-01 4.756559833481915356e-01 5.152108293439268127e-01 6.167680878255736854e-01 1.044076578509139930e+00
4.726382096331473992e-01 4.473700831778606446e-01 4.496717456853047690e-01 4.587040349854784593e-01 4.640840042827227840e-01 5.092811611584932008e-01 6.049222869764729893e-01 1.025669883524024550e+00
4.710962808806073432e-01 4.428277860100170993e-01 4.376213188452417469e-01 4.465545177650681041e-01 4.516135193792196190e-01 4.887640586691934241e-01 5.869710083312530413e-01 1.020524596289995811e+00
4.680167086095172180e-01 4.325780955706930997e-01 4.276079780217044712e-01 4.322598675104576960e-01 4.420732498552949474e-01 4.763924935116789494e-01 5.734675331721230673e-01 1.007838080631707323e+00
4.624713866085879421e-01 4.241994856076094500e-01 4.129142746484827931e-01 4.224006321185218016e-01 4.279029341811474985e-01 4.654869259811761917e-01 5.612375899154383729e-01 9.983436375345100533e-01
4.561214050026935474e-01 4.153836764723529140e-01 4.106958986701071956e-01 4.080078125000000111e-01 4.144979642132135544e-01 4.542475816643982145e-01 5.515000007661567949e-01 9.788469353058136813e-01
4.487380419372818952e-01 4.037025920913968613e-01 3.968506803460943866e-01 3.999716717263926413e-01 4.036523997669694275e-01 4.444047597586770482e-01 5.346264209352639130e-01 9.629109087732826699e-01
4.519516858153965755e-01 3.966113598013260577e-01 3.893505280864824059e-01 3.845288910721121889e-01 3.946300133882955086e-01 4.323792610212591758e-01 5.220925370660559617e-01 9.589724454477951410e-01
4.432263940669260993e-01 3.948882738447866969e-01 3.786918005973440859e-01 3.781545143000947240e-01 3.809857110865484398e-01 4.172634651872383360e-01 5.113517992424242431e-01 9.467563068987940866e-01
4.385553533896139888e-01 3.833157267582171790e-01 3.720732469935997266e-01 3.675543114726229632e-01 3.723224898235591995e-01 4.110450970308244800e-01 4.976496854937688674e-01 9.242164372409710227e-01
4.376895327431790106e-01 3.758041739161102068e-01 3.623812447252438007e-01 3.593472120083677224e-01 3.654751357363290043e-01 3.992412762123198067e-01 4.866836832282296355e-01 9.208758965283618814e-01
4.305598342676964507e-01 3.676158261586384701e-01 3.549357710871629545e-01 3.536190178264111972e-01 3.535781132375082625e-01 3.884320626298476409e-01 4.764080533860202138e-01 9.188891200106686918e-01
4.277705141267711952e-01 3.639949508891406893e-01 3.435656156154037189e-01 3.417493905594100045e-01 3.455039069584882605e-01 3.787331642146632982e-01 4.666373047948342290e-01 9.073837174331477184e-01
4.347749170860018553e-01 3.553849805672505413e-01 3.364298140108806234e-01 3.339618106864588598e-01 3.390871544512630287e-01 3.717028994969057698e-01 4.609442686958504232e-01 8.947069201172276331e-01
4.266254017492744355e-01 3.511164864408388153e-01 3.293453724007721628e-01 3.273693148861756552e-01 3.283365826990599645e-01 3.620383402799666750e-01 4.476313917223890271e-01 8.877423038889765694e-01
4.282255233937593553e-01 3.464277474832214709e-01 3.242294111626637942e-01 3.197643470442858571e-01 3.195577588452477857e-01 3.483360884224893095e-01 4.346830903384157341e-01 8.760575907761769532e-01
4.209538201904570176e-01 3.386553101620431439e-01 3.161267489843264111e-01 3.051614378262696992e-01 3.096981618619412679e-01 3.407976529976445845e-01 4.237565058062981449e-01 8.730606993751383049e-01
4.207260803438743202e-01 3.342148672088889882e-01 3.064471437158861056e-01 3.000115396274250501e-01 3.041939679511899697e-01 3.327001823377989664e-01 4.176705570544226864e-01 8.654648706944199077e-01
4.175569333752796597e-01 3.298906935307017174e-01 3.063007028523124231e-01 2.943220185595049609e-01 2.964029721880153678e-01 3.244534532919453595e-01 4.069727345998299661e-01 8.499744295910367509e-01
4.187752391233349192e-01 3.192206209242108850e-01 2.994270394397020585e-01 2.895189784473571892e-01 2.877808738666440824e-01 3.145809420266424961e-01 3.974612754401332104e-01 8.408466912162894102e-01
4.188944096206777545e-01 3.185250297509324979e-01 2.932593759864267624e-01 2.821431610838779913e-01 2.795872964469540145e-01 3.050597258733814265e-01 3.903977275760099341e-01 8.461136240650650731e-01
4.160115099200859534e-01 3.092425519697096781e-01 2.862103737252614244e-01 2.746878033821368303e-01 2.730849226161600196e-01 3.009371679638430663e-01 3.778011683078006389e-01 8.200380427543952910e-01
4.139658829570708187e-01 3.075550084452392530e-01 2.794094626106100598e-01 2.665765042614849367e-01 2.671118948968563833e-01 2.927758539089163614e-01 3.714429538532839081e-01 8.229213267137501786e-01
4.135003103780945377e-01 3.021319490200384816e-01 2.749675048970575686e-01 2.631342651603062466e-01 2.599496412876233231e-01 2.841612146500922531e-01 3.661694796580188815e-01 8.102283392416447239e-01
4.143443562413299808e-01 2.994152269998344162e-01 2.690457164432307202e-01 2.554033031234578255e-01 2.541716158542890458e-01 2.770294505370082816e-01 3.595242228153134878e-01 7.947797120554177530e-01
4.039795539851596118e-01 2.916752206068578546e-01 2.610663351685277300e-01 2.483865489130434867e-01 2.459438082298136541e-01 2.710619758604058127e-01 3.500039910910428542e-01 7.921191145066656114e-01
3.983400615117575483e-01 2.867813141766347163e-01 2.595427498583642301e-01 2.448147350721784632e-01 2.437737466850264934e-01 2.668494316739439265e-01 3.407575813685027599e-01 7.707821246591072262e-01
4.010908286726699856e-01 2.842833751768577555e-01 2.561015628156055879e-01 2.398777906262535009e-01 2.350481203323946944e-01 2.591581243365180254e-01 3.387386882697293600e-01 7.809896940345336658e-01
3.956053749023984989e-01 2.827240408283390183e-01 2.500267455793045990e-01 2.350782906675638328e-01 2.317898123257666199e-01 2.537488983419496358e-01 3.278642832540080154e-01 7.641425829687279458e-01
4.031154091109684368e-01 2.777043127360717678e-01 2.467225964620817225e-01 2.294669898521082552e-01 2.256200307206173705e-01 2.468643115653833819e-01 3.236399666608286707e-01 7.679899787712287651e-01
4.042702684314077866e-01 2.750401982704278603e-01 2.426526994269511128e-01 2.238745709771389480e-01 2.197645156016442280e-01 2.410468785660772606e-01 3.133039222860203310e-01 7.641743089079603424e-01
4.024045656834077667e-01 2.703156965353367136e-01 2.386537803422932869e-01 2.190435369593677073e-01 2.138753274451702380e-01 2.352613432907300905e-01 3.073863528453869565e-01 7.534228939420596349e-01
4.027512699025664888e-01 2.693387030740133081e-01 2.344068353448611197e-01 2.133888859432288010e-01 2.105828230410121404e-01 2.273747866706438969e-01 3.008875214103676199e-01 7.506744986403807163e-01
