nan nan nan nan nan nan nan 0.000000000000000000e+00
5.250314941406250000e+03 nan nan nan 4.442590820312500000e+03 2.057935302734375000e+03 nan 6.875766601562500000e+02
2.592411328125000182e+03 nan nan 3.928763671875000000e+03 nan 4.700902832031250000e+03 3.812944824218750000e+03 5.663490885416666060e+03
3.337989746093750000e+03 nan 2.989919596354166515e+03 nan 4.369890136718750000e+03 5.613916992187500000e+03 6.654625000000000000e+03 5.320142578125000000e+03
4.384899414062500000e+03 2.702358072916666515e+03 nan 3.575142578125000000e+03 nan 4.841264322916666060e+03 2.329088216145833030e+03 2.613148737980769511e+03
3.522199573863636488e+03 3.161892187500000091e+03 2.892398995535714221e+03 nan 3.916528053977272975e+03 4.863609700520833030e+03 8.205539620535713766e+03 1.498796875000000000e+04
2.570040039062500000e+03 3.403724392361110858e+03 3.312252343750000364e+03 3.512491699218750000e+03 3.419887695312500000e+03 7.238713378906250000e+03 7.020010742187500000e+03 8.884751736111111313e+03
1.691421223958333258e+03 2.838528645833333030e+03 2.415405761718750000e+03 2.624083705357142662e+03 2.799783380681818471e+03 8.229000000000000000e+03 8.992029829545454049e+03 9.663079166666666424e+03
2.512792763157894569e+03 2.836065290178571104e+03 2.407292317708333030e+03 2.750498798076923322e+03 7.597107142857142208e+03 7.907809895833333030e+03 7.689067307692308532e+03 7.185883928571428442e+03
2.146957540760869506e+03 2.489765925480769511e+03 2.365794577205882433e+03 3.179993164062500000e+03 5.917856250000000728e+03 6.675442187500000728e+03 6.265335937500000000e+03 7.478530821917807771e+03
2.151965379901960659e+03 1.679977430555555429e+03 2.392031960227272975e+03 4.737991168478260988e+03 7.433463694852941444e+03 6.033632102272727025e+03 6.518183423913043043e+03 7.322010551948052125e+03
1.629872927295918316e+03 2.123120225694444343e+03 1.987200669642857065e+03 1.946825585937500136e+03 4.023072916666666970e+03 4.752096726190476147e+03 6.126013392857142208e+03 5.407109056122448237e+03
2.055439933401639337e+03 1.680371570121951208e+03 2.228092684659090992e+03 3.616682432432432506e+03 4.292272569444444343e+03 5.316056165540540860e+03 4.926873842592592155e+03 6.724617424242424022e+03
1.644544309701492466e+03 1.599660442073170771e+03 1.687573988970588289e+03 2.044339439655172328e+03 3.942118055555555657e+03 4.741131628787878981e+03 4.782723817567567494e+03 5.727093103448275542e+03
1.694480527052238813e+03 1.626307291666666515e+03 1.766825000000000045e+03 2.735773777173913004e+03 3.698126041666666424e+03 4.027677083333333030e+03 4.053710726351351695e+03 4.271978009259259125e+03
1.215969410211267586e+03 1.383157407407407391e+03 1.557659574468085111e+03 1.871560221354166515e+03 3.151183210784313815e+03 3.291695625000000291e+03 3.662837187500000255e+03 3.995579427083333030e+03
1.250213900862068840e+03 1.310960790094339472e+03 1.592511574074073906e+03 2.148214285714285325e+03 3.247837139423077133e+03 3.166035239361702224e+03 3.437536764705882433e+03 3.337627855329948943e+03
1.148435237068965534e+03 1.310192243303571331e+03 1.358689236111111086e+03 1.684066474780701583e+03 2.896008056640625000e+03 2.982026988636363512e+03 2.893699479166666606e+03 3.606436997991967473e+03
1.210976027397260168e+03 1.100306222098214221e+03 1.043511656746031576e+03 1.731468373493976060e+03 2.683090104166666606e+03 2.854062003968253975e+03 2.967295138888888687e+03 3.068379693675889030e+03
1.076105316558441700e+03 1.201495572916666561e+03 1.132538248697916515e+03 1.781386513157894569e+03 2.404009084302325391e+03 2.650625000000000000e+03 2.823240868506493825e+03 3.005104918032786827e+03
1.031706171383647870e+03 1.090321808510638220e+03 1.074558413461538521e+03 1.422348533163265301e+03 2.530068493150684844e+03 2.378436079545454504e+03 2.627995481927710898e+03 2.661020367412140331e+03
9.737397693452380736e+02 1.071665114182692378e+03 1.159263693820224717e+03 1.492361225328947285e+03 2.106644956683168402e+03 2.369954578488372135e+03 2.641334374999999909e+03 2.882074933687002613e+03
8.981277322404371262e+02 9.295283106435643958e+02 1.100761645047169850e+03 1.382453268348623851e+03 2.182839657738094957e+03 2.117274702380952476e+03 2.341425130208333030e+03 2.747690609452736226e+03
8.817844642857143072e+02 8.927629766949152099e+02 9.292735078828828819e+02 1.419719318181818153e+03 1.986302258403361293e+03 2.113459905660377444e+03 2.328578947368420813e+03 2.512271348314607167e+03
8.293956367924528195e+02 8.724609375000000000e+02 9.340289135514018426e+02 1.315893528761061816e+03 1.714852678571428442e+03 1.843819459033613384e+03 2.142573190789473756e+03 2.094200974770642460e+03
7.866030479753521831e+02 7.875446875000000091e+02 8.550578482824427056e+02 1.191782012195121979e+03 1.622889940693430617e+03 1.630419815891472808e+03 1.938572509765625000e+03 1.971150646950092323e+03
7.249039713541666288e+02 7.829666708669354875e+02 7.701159048507462330e+02 1.030272971854304615e+03 1.571646329365079282e+03 1.735732491134751626e+03 1.705758042279411711e+03 1.918850802752293703e+03
6.968292731629392165e+02 7.222899169921875000e+02 7.325390173410404486e+02 9.583597274436090174e+02 1.490973002958579855e+03 1.593418973214285643e+03 1.624987730061349794e+03 1.841632478632478524e+03
6.495735785953177128e+02 6.809691964285714221e+02 7.622587053571428442e+02 9.700073418674699042e+02 1.397877678571428532e+03 1.423536587732919088e+03 1.578388302364865012e+03 1.690899316720257275e+03
6.114125094126505928e+02 6.861156914893616658e+02 7.255499053030303003e+02 8.982844311377245958e+02 1.255498244382022449e+03 1.368875431629834111e+03 1.533495431286549547e+03 1.653474322396576326e+03
6.460450171493902189e+02 6.285053174083769818e+02 6.829269425675676075e+02 8.962697010869565020e+02 1.177093303571428578e+03 1.382070121951219562e+03 1.390377256944444525e+03 1.641141655219780432e+03
5.891911429073034014e+02 6.424109933035713311e+02 6.785365099009901542e+02 8.797994791666666288e+02 1.155503048780487916e+03 1.322658536585365937e+03 1.318280637254901876e+03 1.581627866242038181e+03
5.832406655844156376e+02 6.279429347826086314e+02 6.290354015700482933e+02 8.524004103535354488e+02 1.184082812500000045e+03 1.209704624368687064e+03 1.329148978960396107e+03 1.473811961869618699e+03
5.594841720779220395e+02 5.953302325581395280e+02 6.410989084928229431e+02 7.382312500000000455e+02 1.081515360169491487e+03 1.177801661036035966e+03 1.419884636563876711e+03 1.398160080183276023e+03
5.335714990138067151e+02 5.485324182242990219e+02 5.631244837555066169e+02 8.217824950199203613e+02 1.038238226744186022e+03 1.133333504098360663e+03 1.181437500000000000e+03 1.288932630736392866e+03
5.017210553278688963e+02 5.310134232954545723e+02 5.688528645833332575e+02 7.021088755707762630e+02 9.835945397111913735e+02 9.989963565022421790e+02 1.151685416666666697e+03 1.166671263791374031e+03
4.937432351532567054e+02 4.996796875000000000e+02 5.337383510044642208e+02 6.827779017857142208e+02 9.658575327510916395e+02 9.538666373239436780e+02 1.001190053501945499e+03 1.160791829268292759e+03
4.454145309477756314e+02 4.863125520833333439e+02 5.171062038745387781e+02 6.398321280991735875e+02 9.199228612956810593e+02 1.028190290178571331e+03 1.085604604007633498e+03 1.179583859332732118e+03
4.355049977022058556e+02 4.831420312500000591e+02 5.117636153536977304e+02 5.906021478013029764e+02 8.285468750000000000e+02 8.513379693223442928e+02 9.662323554421768677e+02 1.131279226240538264e+03
4.233652960526316065e+02 4.288148129111841627e+02 4.840702366504854695e+02 5.728099552117264466e+02 8.264605557817590125e+02 8.753750000000000000e+02 9.402135416666666288e+02 9.999026879547291173e+02
4.133001014011799157e+02 4.357390333850931370e+02 4.792642492138364787e+02 6.343915835889570189e+02 7.990381389776357537e+02 8.529354954769736423e+02 9.401448076923077224e+02 1.040338500784929465e+03
3.977708897158322543e+02 4.459619693396226694e+02 4.702755853474320134e+02 5.845619009584664809e+02 7.636007436260623535e+02 7.980560739436619997e+02 8.733290550595237391e+02 1.004336669184290031e+03
3.790652534965034874e+02 4.103516533430232585e+02 4.578975794797687513e+02 5.545240199228791198e+02 7.364043367346938567e+02 7.839311787749288669e+02 8.704895251396648064e+02 9.289907959326787932e+02
3.675031127129751098e+02 3.772106195494185954e+02 4.392823849878934652e+02 5.271552448830409503e+02 7.196845088161209105e+02 7.623985042735042725e+02 8.177276095360824684e+02 8.884660472972973366e+02
3.672136553273427353e+02 3.991125304136253362e+02 4.290484068627450824e+02 5.259956660583941357e+02 6.782640625000000227e+02 7.080989329268293204e+02 7.799345238095237391e+02 8.874212844330556891e+02
3.591660737386804954e+02 3.734780592873831324e+02 4.173097627737226389e+02 4.949821719973890595e+02 6.322735260770974719e+02 7.009634241854636230e+02 7.619195528967254631e+02 8.315582264957264442e+02
3.321983307453416501e+02 3.556323655606407215e+02 3.633452240566037403e+02 4.835126629146919868e+02 5.914536691542288054e+02 6.900405307424593957e+02 7.464924358190709199e+02 8.065667848699763454e+02
3.243341671798029324e+02 3.559531944444444207e+02 3.734556029735683182e+02 4.612750936830835258e+02 6.085983952702703164e+02 6.414245986238532851e+02 7.151923871145374960e+02 7.900451965669988112e+02
3.212750503524672467e+02 3.323472334956709915e+02 3.628321771978021957e+02 4.714912109375000000e+02 5.842639945652174447e+02 6.099282258064515645e+02 6.613122935022026923e+02 7.662508241758241638e+02
3.131862549800796955e+02 3.289446360930735977e+02 3.618062163978494823e+02 4.197807885021096581e+02 5.825579117063491594e+02 5.946168864097362530e+02 6.714260892116182049e+02 7.291010455267337420e+02
2.996843261718750000e+02 3.288438802083333030e+02 3.334226161067193175e+02 4.152962693798449436e+02 5.390068789308176065e+02 5.722725765306122412e+02 6.407569860279440945e+02 7.228930961824490851e+02
2.923108491658943535e+02 3.166787872942387025e+02 3.362431994818652470e+02 3.976398658906882702e+02 5.075466141001855362e+02 5.417366329479768865e+02 6.282137943097014841e+02 6.974236867013723895e+02
2.875711953941120669e+02 3.001639268663194002e+02 3.194092741935483559e+02 4.010709590517241168e+02 5.089689931906614788e+02 5.377384958791209328e+02 5.937534133709981461e+02 6.826912720519962932e+02
2.679713188798554597e+02 2.833891782407407050e+02 3.079990234375000000e+02 3.754804541198502079e+02 4.902286458333333599e+02 5.259403945111491794e+02 5.959347098214285552e+02 6.377779516994633013e+02
2.622081805682859681e+02 2.831887265358361674e+02 3.104643302828619085e+02 3.850855220840480229e+02 4.978866487455197216e+02 5.314697141560798173e+02 5.492434605488850821e+02 6.360949566160520590e+02
2.623984238178633746e+02 2.828254109172078188e+02 2.953431946688206722e+02 3.613838499999999954e+02 4.647567259933774722e+02 5.049815821256038362e+02 5.453320057189542922e+02 6.060443158953721650e+02
2.587215267319277245e+02 2.758511354501607684e+02 2.884830342409240984e+02 3.572194159836065523e+02 4.530388378594249161e+02 4.924144238437001491e+02 5.444860887096774604e+02 5.956152511229073525e+02
2.533657718120805100e+02 2.612875199044586338e+02 2.825130892581143485e+02 3.442161126592357050e+02 4.281550300300300478e+02 4.579121248025276145e+02 5.217644077901430819e+02 5.755625000000000000e+02
2.419910842939481199e+02 2.554679250776397339e+02 2.729348266961652030e+02 3.245132669252467963e+02 4.316998253105589924e+02 4.490188307030129522e+02 5.081835425764192564e+02 5.590789274924471783e+02
2.364850533807829436e+02 2.401772596153846280e+02 2.668320101351351354e+02 3.352298864518633081e+02 4.024608506944444457e+02 4.380044243666170019e+02 4.742787162162162531e+02 5.249033844765342565e+02
2.272855603448275872e+02 2.364617372047244146e+02 2.682668628550075027e+02 3.129649633290816269e+02 4.123562678826895649e+02 4.397152138157894683e+02 4.731820345557122778e+02 5.291316379310344473e+02
2.308481929254955674e+02 2.398804047464239204e+02 2.537726964769647680e+02 3.074262302442528494e+02 3.765503952569169996e+02 4.273843878600822563e+02 4.755202380952380850e+02 5.219782755136409378e+02
2.224625347705145941e+02 2.315751965408804836e+02 2.492240051347881717e+02 3.046243275316455765e+02 3.820889487870620087e+02 4.206570523648649100e+02 4.426818107932379576e+02 4.976529363784665634e+02
2.095240196078431154e+02 2.225459971910112245e+02 2.399838237530413778e+02 2.998579224246230979e+02 3.618018386897404071e+02 4.032666361416361269e+02 4.370075310559006425e+02 5.034740820734340900e+02
2.054814179322429766e+02 2.204703656998738950e+02 2.341192537783375371e+02 2.918351105230386224e+02 3.673792892156862422e+02 3.904864929667519391e+02 4.251890605493133535e+02 4.850150513378966934e+02
2.064908583660864849e+02 2.114120838287752520e+02 2.380667301829268183e+02 2.799877797408715878e+02 3.539661004645760727e+02 3.879051773455377656e+02 4.251255847953216289e+02 4.712994791666666856e+02
2.084994318181818187e+02 2.080920033414337524e+02 2.255647502903600525e+02 2.689882148924122589e+02 3.495152642770352145e+02 3.577552022274325623e+02 4.072324729806597929e+02 4.717399648403164747e+02
1.964319852941176521e+02 2.037899730477855371e+02 2.200041720360824797e+02 2.592401880924170996e+02 3.348923352816152601e+02 3.628662557339449677e+02 3.934403440621531445e+02 4.465037614934522594e+02
1.875119755478353625e+02 2.038719926778242382e+02 2.151221393395133248e+02 2.628336131198346948e+02 3.237064957865168822e+02 3.473977627471384153e+02 3.872367256637168111e+02 4.315409791723018884e+02
1.879318104619565304e+02 1.969602474619289580e+02 2.117701981707317316e+02 2.539937769106566066e+02 3.130574822154471804e+02 3.480887118736383741e+02 3.773023702330508513e+02 4.207978910942804873e+02
1.815898271276595892e+02 1.912142273869346809e+02 2.030943263958125442e+02 2.463918072597137154e+02 3.063594919786096398e+02 3.213943135764944259e+02 3.614525234131113507e+02 4.057842509603072472e+02
1.748750331917153460e+02 1.851467689620758392e+02 2.025619402985074373e+02 2.375998566799601122e+02 2.993604975728155182e+02 3.262847152847152756e+02 3.524913466242661002e+02 4.050425572039225699e+02
1.756597094095940861e+02 1.857747991723466612e+02 1.981317184418145985e+02 2.327150708575581461e+02 2.910040973581213279e+02 3.138031553398058122e+02 3.418836719524281307e+02 3.881763811146263947e+02
1.685618030776092837e+02 1.766124645222327274e+02 1.934793452380952488e+02 2.268428369462770888e+02 2.856162857802400481e+02 3.015969182027649822e+02 3.426204324699352810e+02 3.893483074426153507e+02
1.656753361440291599e+02 1.730755507662835271e+02 1.843663961786372170e+02 2.291128425802138793e+02 2.672844664778092465e+02 3.021853306754221649e+02 3.350937782294489580e+02 3.865913652275379491e+02
1.639323493575542727e+02 1.692616178505535061e+02 1.828634550797648899e+02 2.218816225165562912e+02 2.667114423894557831e+02 2.926011373773416722e+02 3.208182420494699727e+02 3.605168617614269806e+02
1.560860232762406667e+02 1.721466121495327002e+02 1.786282812499999864e+02 2.173167483319432733e+02 2.690067246835442916e+02 2.895337926509186559e+02 3.165216515887025821e+02 3.569256544785806682e+02
1.557550682885189985e+02 1.633488306781045765e+02 1.733000484079173873e+02 2.103857768173758700e+02 2.591947354771784262e+02 2.812630076142131657e+02 3.091007242489270084e+02 3.494000950972104533e+02
1.473591259155536477e+02 1.579580094108019637e+02 1.735505597781429685e+02 2.043909783925686838e+02 2.583170512277730495e+02 2.711193883855024751e+02 3.058449648469809858e+02 3.413449271592091918e+02
1.450126068376068247e+02 1.560757211538461604e+02 1.677701900237529742e+02 2.023290665716612580e+02 2.450400297619047478e+02 2.641009751414712809e+02 2.940810851318944970e+02 3.361222646055009022e+02
1.494283282904689827e+02 1.515054158366533841e+02 1.645980326816745674e+02 1.940263801879404753e+02 2.398281627719580911e+02 2.596130870165745819e+02 2.924539131305043611e+02 3.312365921234909933e+02
1.428340390279823282e+02 1.454539896726422512e+02 1.615391173887587684e+02 1.900909476902173765e+02 2.335712661106899191e+02 2.482222222222222285e+02 2.835560230711043914e+02 3.232910789172702835e+02
1.377667998547039758e+02 1.432889724250576364e+02 1.562647621268656621e+02 1.870837268353528202e+02 2.298387881679389295e+02 2.455335622710622658e+02 2.805214392244593569e+02 3.142968051415797390e+02
1.368480800953079211e+02 1.466115149196633354e+02 1.547747207903780122e+02 1.816817587209302189e+02 2.265131636779184419e+02 2.404460765731614913e+02 2.678286552346570488e+02 3.154714606638547707e+02
1.336094480402732643e+02 1.385128279320987588e+02 1.504825909961685966e+02 1.810646074591280694e+02 2.196571534469977678e+02 2.384918637776243031e+02 2.656584417932031670e+02 3.003991840966462519e+02
1.326341684340756615e+02 1.356370224530831194e+02 1.488123583507670844e+02 1.746524216524216513e+02 2.107629908598510440e+02 2.356277972027972112e+02 2.542438496188496231e+02 2.933209086993970800e+02
1.286525664568030720e+02 1.322226667789757357e+02 1.448151646483078991e+02 1.725715916779431893e+02 2.104673587328767042e+02 2.279661476711362127e+02 2.537104505420054181e+02 2.916782531943510435e+02
1.233131944444444485e+02 1.300959541858931914e+02 1.434732440079893649e+02 1.684802386664460698e+02 2.081917162698412653e+02 2.161489637305699603e+02 2.450006225099601522e+02 2.803005847953216403e+02
1.223813053447185411e+02 1.288464861751151886e+02 1.414038856907894797e+02 1.666642030313124678e+02 2.038164875755540777e+02 2.232904862491716358e+02 2.426874171636845574e+02 2.712808898584128769e+02
1.202291284754048206e+02 1.264581322393822376e+02 1.352534677933673493e+02 1.624550410872313648e+02 1.975985901966809877e+02 2.153765029668956856e+02 2.345830447103274423e+02 2.673667019774011351e+02
1.180616388548683346e+02 1.233224141373801928e+02 1.352751392326732685e+02 1.583346003973105098e+02 1.949113197084917601e+02 2.088142382571075188e+02 2.374732281327543433e+02 2.665903484729835782e+02
1.162116859323058264e+02 1.192249839640795273e+02 1.338658442982456052e+02 1.535810595460199011e+02 1.900757715593620674e+02 2.038947285353535506e+02 2.235150193798449436e+02 2.567043173460006074e+02
1.118646457459556700e+02 1.149862277667984074e+02 1.289598283477991174e+02 1.557898391812865384e+02 1.827327425373134417e+02 1.976641206353748998e+02 2.205039417828987212e+02 2.571814200177410044e+02
1.100881104824300252e+02 1.164543372076440306e+02 1.259650944428237977e+02 1.478792027794381170e+02 1.797829558244231976e+02 1.957813239644970338e+02 2.163017899061032949e+02 2.497879435191889854e+02
1.090192231003480288e+02 1.145726580135440145e+02 1.233398481638418076e+02 1.433709778959149617e+02 1.739222737819025326e+02 1.913280625356939026e+02 2.148759670487105780e+02 2.380137110542039807e+02
1.055202761627906938e+02 1.112236441615937963e+02 1.208774084944751479e+02 1.403147684276905807e+02 1.774025541365907941e+02 1.907256267409470922e+02 2.055006589900110896e+02 2.354396881078077115e+02
1.064484878227309110e+02 1.099539819944598378e+02 1.206588255494505546e+02 1.396098857340720372e+02 1.687696180555555543e+02 1.809130653440621472e+02 2.051103123280132081e+02 2.359143145161290249e+02
1.036170822538860108e+02 1.072555473372781023e+02 1.182777015907844316e+02 1.363759606229597523e+02 1.639876708354822199e+02 1.818881578947368496e+02 1.994104333333333443e+02 2.268051416297489595e+02
1.009524445893089961e+02 1.047993085392051569e+02 1.148285140041493833e+02 1.380779770802192274e+02 1.628894949700924144e+02 1.759980520777836830e+02 1.994633575883576100e+02 2.247642968546919349e+02
1.000923713235294059e+02 1.007850976980728177e+02 1.113602284011916623e+02 1.311810945105462451e+02 1.592840722754793035e+02 1.747548485824742386e+02 1.905611932111512772e+02 2.179735874613002977e+02
9.824229922114402314e+01 9.916086665041443382e+01 1.104950079872204611e+02 1.276762178085519821e+02 1.544747646443514384e+02 1.709691075870646557e+02 1.880615813482007184e+02 2.204685637285986104e+02
9.407273733782434988e+01 9.770468073593073655e+01 1.092810066909975717e+02 1.254567443502824915e+02 1.509978535054476652e+02 1.666757219774841019e+02 1.824401067527308840e+02 2.094404725328745087e+02
9.090241364314114492e+01 9.777668581568816819e+01 1.034237764550264558e+02 1.242719946172248910e+02 1.479832062007874072e+02 1.606111367552929607e+02 1.811139088364167549e+02 2.099123758177853176e+02
8.981084554296971589e+01 9.407647179307116403e+01 1.050632078810759822e+02 1.211919516925246825e+02 1.460189726840854973e+02 1.591982168162494133e+02 1.767414691943127991e+02 2.034459495079662759e+02
8.856416178458765387e+01 9.325698373408769726e+01 9.977410169093471382e+01 1.206429919773478048e+02 1.420254353669939178e+02 1.543306377079482559e+02 1.714367047596606994e+02 2.002088747784997054e+02
8.850584092442645101e+01 9.254924593967517410e+01 9.990332930478821538e+01 1.173205216989842938e+02 1.421709682860998782e+02 1.530918929897864302e+02 1.738036296671165246e+02 1.976305134390075864e+02
8.623896977718949586e+01 8.932192414431082739e+01 9.697558329576193614e+01 1.165100668360583285e+02 1.357071609778597860e+02 1.502462255772646529e+02 1.662751075634058111e+02 1.943931469792605924e+02
8.377899737876802533e+01 8.781025879566982439e+01 9.373192699535474048e+01 1.130509196949304567e+02 1.335676476929711214e+02 1.470166332888295528e+02 1.649493609185441869e+02 1.924197981621266820e+02
8.185174945115258538e+01 8.583048943883984805e+01 9.245810595725329506e+01 1.115771634615384613e+02 1.361960795202132317e+02 1.450958216745587492e+02 1.612491273271276668e+02 1.890005838583532523e+02
8.156176454856654345e+01 8.365876197417742333e+01 8.944360837568827094e+01 1.071833697175506757e+02 1.303813574498567220e+02 1.430065137130801816e+02 1.572068678707224194e+02 1.861401402464938428e+02
7.902302915766738067e+01 8.390676738410596158e+01 8.872395617488602682e+01 1.094792657089706438e+02 1.276231231231231220e+02 1.377919593444018744e+02 1.558295454545454675e+02 1.804152584493041900e+02
7.829625676801333611e+01 8.068976651134521205e+01 8.629614545269996029e+01 1.036259879681836509e+02 1.239528735039207703e+02 1.361964231927710784e+02 1.515468432547744726e+02 1.772966498740554186e+02
7.655785854616895847e+01 7.953624949372215269e+01 8.687464058716706461e+01 1.053047129065040650e+02 1.230687248995983936e+02 1.360747799836266836e+02 1.503370147594015407e+02 1.694447247008720296e+02
7.358778810768933454e+01 7.792792278682016160e+01 8.435344719089810894e+01 9.932815623750499867e+01 1.175295581979891750e+02 1.335705873729476139e+02 1.477415153906866578e+02 1.695815648552161861e+02
7.231710363532546637e+01 7.559995000000000687e+01 8.179368622448978954e+01 9.911917473424449554e+01 1.186849332137161070e+02 1.268290963161934002e+02 1.451557787122969785e+02 1.656185757310793747e+02
7.204043977510957575e+01 7.508225350740451631e+01 8.114129735196763704e+01 9.827174921844471100e+01 1.162792150074850355e+02 1.256774300117462815e+02 1.410563827769347540e+02 1.619048578199052031e+02
6.995768450358625046e+01 7.264775229357798025e+01 7.891457020480504525e+01 9.497512963973800026e+01 1.127626830543933067e+02 1.255447122501850430e+02 1.375917209324273358e+02 1.605728889943073909e+02
6.932195662313432649e+01 7.164974802015838407e+01 7.766024881516587186e+01 9.123402192646494768e+01 1.113642025089605738e+02 1.228700742894056788e+02 1.373854513888888960e+02 1.580500733339444537e+02
6.786635564035741197e+01 7.002223427331887251e+01 7.711171370244078105e+01 9.089761926111908963e+01 1.089555779318096711e+02 1.210370349364791167e+02 1.338394255280408061e+02 1.592191512612694737e+02
6.695681859700401617e+01 6.843419417820376793e+01 7.514011087267525113e+01 8.797361160555358595e+01 1.062746185237757288e+02 1.171660602678571479e+02 1.321323135925793792e+02 1.519444984963735976e+02
6.454272389661686304e+01 6.890156798245612890e+01 7.328273653375306651e+01 8.888447068545580976e+01 1.052078956582633111e+02 1.140578373015873126e+02 1.296146636299929753e+02 1.475147459563994516e+02
6.327870823489705998e+01 6.613790523418384737e+01 7.162569759330310148e+01 8.433956492932861693e+01 1.039610837019394296e+02 1.127275602921195627e+02 1.281612788594073038e+02 1.459215724581054019e+02
6.256277416905685129e+01 6.474687499999998863e+01 7.060620525059665908e+01 8.547323194856578255e+01 1.018763353765324098e+02 1.117539866255144005e+02 1.236271218487395060e+02 1.447200102310512477e+02
6.010175742777412466e+01 6.541928427072583929e+01 6.881782396235520594e+01 8.222242112688098814e+01 1.002201386636393039e+02 1.095135883188502675e+02 1.234994395549651358e+02 1.431910048184763582e+02
6.040525375784604734e+01 6.225679607780611491e+01 6.828199885282120363e+01 8.234430141161372774e+01 9.749911942301241652e+01 1.052759291093647676e+02 1.203653670865097638e+02 1.377437505097463486e+02
5.890725708007812500e+01 6.265542244640604963e+01 6.710439604922279955e+01 7.783353899308983159e+01 9.657849936948296943e+01 1.053999476481958766e+02 1.177876726075786706e+02 1.373769005256773141e+02
5.738977403215223205e+01 6.021141287034087242e+01 6.495972487277353480e+01 7.740330811719499593e+01 9.282732581967212582e+01 1.044749520613614635e+02 1.148743279569892479e+02 1.349167767900048034e+02
5.672121457489878793e+01 5.878088063763607352e+01 6.386317934782609029e+01 7.644605425400739307e+01 9.227422091946930038e+01 1.006711125633713522e+02 1.156353107670979767e+02 1.330174540784557848e+02
5.529579918032786878e+01 5.807358635585305251e+01 6.354257485262177596e+01 7.510325321014720146e+01 9.147184396337678436e+01 9.912976418711656379e+01 1.123079868708971532e+02 1.308503665916673242e+02
5.510585703592814610e+01 5.752253239329268553e+01 6.280512737148102076e+01 7.327614737958194269e+01 8.841690085431653756e+01 9.844881367495452196e+01 1.096728084659261526e+02 1.270357955407250188e+02
5.376026765963722198e+01 5.531305513016845055e+01 6.027406566408576793e+01 7.010775036818850481e+01 8.725141389658355706e+01 9.571189160943565355e+01 1.080795062930776282e+02 1.270282969497607581e+02
5.242456061824027813e+01 5.539026416742630943e+01 5.853465550616575541e+01 7.069245838332332710e+01 8.484781635139007960e+01 9.310698332340679428e+01 1.063743976343457831e+02 1.233938522163842180e+02
5.147644209799359771e+01 5.358503976317264517e+01 5.843350923978366041e+01 6.972191304501698994e+01 8.288779368575623607e+01 9.084643477003180578e+01 1.036528625399593153e+02 1.208148638426626320e+02
5.105449885697957058e+01 5.251011879730866383e+01 5.777372288812784973e+01 6.832293486171761288e+01 8.140835201793721865e+01 9.078094285313113687e+01 1.016546977590636658e+02 1.199045736268433302e+02
5.031420976801867084e+01 5.209477337653288487e+01 5.646586068435753702e+01 6.599587041059416492e+01 8.009661211599195951e+01 8.830773182867031323e+01 1.012888585414301872e+02 1.159524980607855582e+02
4.883261085844229399e+01 5.105805055401662429e+01 5.531382371262458264e+01 6.510778609032973918e+01 7.948020890599231336e+01 8.708217910038398202e+01 9.944696943443304349e+01 1.131763808995772393e+02
4.857381157880759304e+01 4.978715449669966375e+01 5.401961418072945520e+01 6.392871681718664689e+01 7.771689560439560296e+01 8.630522976680384772e+01 9.810213247394405300e+01 1.146980989175573598e+02
4.785917261432724956e+01 4.988473954074679995e+01 5.341889111806311519e+01 6.167061298076922782e+01 7.629885952572347207e+01 8.603001677852347484e+01 9.615036073825503138e+01 1.113851305527297484e+02
4.604734550929563142e+01 4.883393846257767734e+01 5.166598701731025045e+01 6.200273669594420056e+01 7.555715438407744955e+01 8.272182539682540892e+01 9.435463213907985391e+01 1.092389718103849390e+02
4.531842750427799871e+01 4.690629614093959532e+01 5.085346112379502159e+01 5.993057619562279825e+01 7.401511557564951715e+01 8.181555083603019796e+01 9.256272744996100243e+01 1.101170793702853530e+02
4.476873473257906966e+01 4.650468907351460501e+01 5.022838298934753709e+01 5.964960272772772498e+01 7.310885979952519165e+01 7.904475927783350642e+01 9.061560627767647702e+01 1.058641314825525370e+02
4.385488538173846251e+01 4.602271162033558483e+01 4.908992605991368663e+01 5.728916979787509689e+01 7.104409300708144315e+01 7.896037015653067215e+01 9.074057539682539186e+01 1.055351936363060048e+02
4.296405531425651958e+01 4.530762229275578790e+01 4.859598437500000045e+01 5.642755506062855630e+01 6.881657712360122048e+01 7.773256106774111629e+01 8.821487317930689187e+01 1.025056636083705257e+02
4.267856011655897674e+01 4.369299534655890227e+01 4.747885286554004125e+01 5.622918344276511249e+01 6.842469925500732586e+01 7.590965021956574788e+01 8.500139810717797673e+01 1.009835564789165971e+02
4.148943388330942383e+01 4.379347327544031288e+01 4.697861842105263008e+01 5.533029907975460304e+01 6.750627913395484825e+01 7.628799202790233380e+01 8.423622311827956821e+01 1.008998198253221830e+02
4.137561826855537817e+01 4.266926388552025173e+01 4.607365747460087135e+01 5.392624186158668920e+01 6.484742209800189983e+01 7.433530030380930498e+01 8.317054240154627109e+01 9.674523003654225306e+01
4.067037771898883136e+01 4.177555992736077428e+01 4.486650413711583951e+01 5.250176117838844903e+01 6.451969797443935306e+01 7.291492138742198392e+01 8.200147440434064094e+01 9.530599059131780848e+01
3.915690073701451013e+01 4.132733291487326710e+01 4.397236534957868770e+01 5.312678614313160352e+01 6.329634879725085739e+01 7.086607353635506001e+01 7.964030227430959030e+01 9.322285067873303888e+01
3.849953460517201620e+01 4.045999122707719664e+01 4.332797250654606103e+01 5.134670225419121437e+01 6.221575312205466446e+01 6.957249033651659431e+01 7.953730755773268868e+01 9.382747098897291949e+01
3.818355232826186807e+01 4.002681559571619374e+01 4.245374602543720499e+01 5.018185564793578379e+01 6.088706655480984153e+01 6.793748572081334203e+01 7.680564843392775742e+01 9.229210096343456371e+01
3.764530876153582994e+01 3.869487964527026946e+01 4.184618141443669970e+01 5.074760758776896807e+01 5.968670804794520279e+01 6.615215163934426812e+01 7.643506392045453879e+01 8.917399824551473841e+01
3.663572493691213339e+01 3.816483327840035145e+01 4.085914790244439843e+01 4.947621237917398673e+01 5.884157938257993692e+01 6.634368701007839775e+01 7.553406841179058517e+01 8.854483748137519683e+01
3.601884702890792056e+01 3.759275464499004471e+01 4.084834882314122240e+01 4.834971440030980716e+01 5.738929802134281744e+01 6.518369849574885677e+01 7.400579086697551645e+01 8.674542152367271797e+01
3.537529736730810015e+01 3.686272900453955970e+01 3.970315210320902111e+01 4.742080173347778782e+01 5.604539459801645762e+01 6.443639452113892219e+01 7.252303441447227783e+01 8.618727206907648508e+01
3.469286422527763136e+01 3.608096467391304429e+01 3.906930600214361959e+01 4.602253813692598072e+01 5.526566913841808315e+01 6.172386120042872193e+01 7.237142933276486190e+01 8.477701418629550290e+01
3.421740668903333926e+01 3.519927697666882693e+01 3.860227677662390278e+01 4.594275932876414004e+01 5.340441899585920993e+01 6.219032108879492426e+01 7.126248162536749930e+01 8.393904561033482992e+01
3.362643390865081017e+01 3.481883265513733505e+01 3.774806196351931220e+01 4.502160669191918885e+01 5.335535449342941661e+01 5.951366091834614735e+01 6.870984098018769259e+01 8.276180377929738086e+01
3.251709160069908933e+01 3.407268705763397776e+01 3.705186995654872817e+01 4.396437763991551861e+01 5.209504234074822904e+01 5.948547221656829009e+01 6.826642136467651767e+01 8.080381882316854103e+01
3.231336984536082468e+01 3.317320445445445642e+01 3.669267400639105148e+01 4.340063132565985171e+01 5.188203507340946175e+01 5.815406499897478199e+01 6.690367728462157970e+01 7.969795079901194867e+01
3.180558370100553844e+01 3.297320893285371568e+01 3.633586593986459690e+01 4.266455735974260932e+01 4.969611084621561758e+01 5.771334539865132740e+01 6.528984203159367894e+01 7.748334667934537379e+01
3.122546723300970939e+01 3.220289485469745472e+01 3.581887684963007246e+01 4.157019954446425203e+01 4.948679577464788792e+01 5.627880597014925002e+01 6.471936177575638283e+01 7.708224112056028332e+01
3.021671137082096337e+01 3.164770829239536454e+01 3.516386867552255779e+01 4.099831711871069473e+01 4.792501199616123131e+01 5.469139632597224931e+01 6.400325342465752954e+01 7.414129593810444874e+01
2.973189458146843123e+01 3.136935933829287393e+01 3.424165860735009659e+01 4.036353988806678217e+01 4.742520220588234992e+01 5.417645658796649144e+01 6.262382007320362476e+01 7.376604591097807884e+01
2.934113121849139105e+01 3.053843999610364079e+01 3.354447739065974332e+01 3.974914291966543090e+01 4.641996035841621193e+01 5.356072755720712308e+01 6.187487689926842904e+01 7.249638728323698444e+01
2.878494984458886563e+01 3.001951687821927806e+01 3.318238927260432547e+01 3.906602059881897304e+01 4.531935815331676309e+01 5.317674359683066143e+01 6.060922341639718525e+01 7.200122295390404759e+01
2.789754434954008033e+01 2.946173760972933664e+01 3.268245008397089180e+01 3.830116017611602786e+01 4.413215265082266825e+01 5.176790127774668804e+01 5.887632805219012511e+01 7.036649923614646696e+01
2.773956385564697058e+01 2.886877790687078615e+01 3.262590232090643383e+01 3.751277522935779984e+01 4.355940346718720946e+01 4.966337069284920602e+01 5.824403855032317523e+01 6.878229228792953620e+01
2.724390124226470533e+01 2.856043102666424716e+01 3.187422637332851494e+01 3.648241065014367734e+01 4.271084090909090492e+01 4.914257953316510452e+01 5.734421179491800302e+01 6.845463896550164407e+01
2.666243789921930585e+01 2.791897438210355276e+01 3.176295950925759470e+01 3.624198157153244892e+01 4.177954027355622912e+01 4.900469719080627584e+01 5.717844031531531357e+01 6.688817902211769706e+01
2.630674349217331098e+01 2.754659493188743369e+01 3.071125814150606814e+01 3.576993515305214544e+01 4.048153483786152407e+01 4.772526853776853528e+01 5.612229849424269901e+01 6.610623061586176163e+01
2.559954276230148551e+01 2.696820267118464898e+01 3.054089895906535546e+01 3.473272137650085511e+01 4.044848048410145935e+01 4.686529393618896222e+01 5.457822354590048519e+01 6.492833050441745968e+01
2.503697366141050296e+01 2.619740406821815526e+01 2.957344354906581430e+01 3.415683796377703629e+01 3.928536548959399965e+01 4.627011041009463810e+01 5.381033929488276613e+01 6.475202270651180925e+01
2.476811088692366880e+01 2.601353271854472027e+01 2.961572522344900449e+01 3.377388370226427838e+01 3.824357935890790117e+01 4.555949468533827940e+01 5.337162629757785481e+01 6.344248841400618488e+01
2.440019868398564284e+01 2.580970056403450386e+01 2.891697126827609665e+01 3.272129229080578483e+01 3.770857552083333530e+01 4.489408449803988077e+01 5.224042040263915254e+01 6.142123981594833282e+01
2.387418796929047460e+01 2.485194442135018278e+01 2.852760218040126006e+01 3.177569742047140267e+01 3.691857727465986017e+01 4.413967645096730763e+01 5.133922587131367266e+01 6.104471519381777256e+01
2.352468771100607725e+01 2.462896658314164000e+01 2.763241350906095306e+01 3.181565400232018348e+01 3.608876003111693365e+01 4.233443519594819549e+01 4.992319141074068511e+01 5.983396805138127661e+01
2.276330139792721141e+01 2.383679584703947185e+01 2.758139307476943358e+01 3.088534496886266822e+01 3.568218950881819751e+01 4.194185761047463501e+01 4.954309795129175598e+01 5.946318443804034359e+01
2.258357890305508420e+01 2.362162945339190046e+01 2.673004038838120167e+01 3.051105729596043048e+01 3.473174569658944222e+01 4.171122517687731346e+01 4.881905119260100889e+01 5.765373276948725589e+01
2.198426239407618610e+01 2.294307127157278003e+01 2.630229545999041818e+01 2.971541045355700561e+01 3.405749816446402178e+01 4.086796397555484361e+01 4.749884075776791548e+01 5.746471387468031367e+01
2.158150105915581562e+01 2.290792921686746908e+01 2.595395396360271434e+01 2.932078854856958117e+01 3.339834590018512728e+01 4.005590514507689903e+01 4.709735822715116882e+01 5.658253777269320040e+01
2.108901069833058983e+01 2.248071747154721578e+01 2.538738579237152848e+01 2.850954160319878028e+01 3.291791366265250929e+01 3.925642404568210253e+01 4.633597790314997411e+01 5.589529078593950828e+01
2.076532668231611822e+01 2.165315173388328773e+01 2.473274724421673554e+01 2.764562192801649232e+01 3.214942876344085931e+01 3.808584786599357841e+01 4.553799804687500341e+01 5.488387683273052176e+01
2.038439144227793420e+01 2.104423695158850194e+01 2.433106224396904693e+01 2.727290595706078236e+01 3.142547594223045948e+01 3.776873415411800750e+01 4.483114804085988681e+01 5.390228802921374296e+01
2.002327056368231695e+01 2.105788876544139754e+01 2.368952568055346575e+01 2.671875937734433748e+01 3.076108840871771477e+01 3.673978329050785874e+01 4.382710613101484398e+01 5.305751427176443968e+01
1.955568383330870219e+01 2.072542835182963117e+01 2.374111487498128525e+01 2.609515714717437262e+01 3.013504970517085013e+01 3.582666554759773447e+01 4.370031457829504262e+01 5.200609504132231820e+01
1.919876798495471704e+01 2.014989871394588050e+01 2.278401079069419310e+01 2.568021497996735647e+01 2.938337265010201449e+01 3.557624182642294386e+01 4.254206907314923569e+01 5.125542591837490392e+01
1.883507674325891657e+01 1.991057585311572709e+01 2.254640054744525912e+01 2.537353529906405214e+01 2.871055267062314442e+01 3.493104510441004606e+01 4.172732009653356755e+01 5.023204911713960286e+01
1.851465455199712196e+01 1.959023500885086477e+01 2.179542652859960583e+01 2.468296077968318514e+01 2.787709057534052093e+01 3.425354833406400701e+01 4.117551911194137659e+01 4.948997897876316188e+01
1.808721631844380440e+01 1.915884086879432502e+01 2.130722936050804961e+01 2.418339248861372326e+01 2.762324304538799424e+01 3.349212209096069159e+01 4.051677205989242481e+01 4.870137713009331293e+01
1.772060032894736992e+01 1.863625540747976572e+01 2.109961103629146706e+01 2.366345845792396574e+01 2.702548761992099102e+01 3.288600756825576354e+01 3.969226612331679149e+01 4.834133440742183296e+01
1.735725810060866436e+01 1.832588163407821114e+01 2.060840171089385464e+01 2.317742197373964430e+01 2.670931936987849653e+01 3.234765958392603125e+01 3.875159129272752523e+01 4.808452800281789763e+01
1.689010602795879734e+01 1.781323407489291100e+01 1.987445614640884273e+01 2.282969547083964912e+01 2.584968034416563754e+01 3.146945730452674894e+01 3.818438061661827732e+01 4.706084637880612576e+01
1.668448820770747076e+01 1.758849594795410454e+01 2.001718361425808368e+01 2.209341723136495617e+01 2.497862585140394742e+01 3.088792338990123554e+01 3.788490663900415001e+01 4.646452165190923722e+01
1.621858095699211688e+01 1.731446380949124730e+01 1.932820808903736065e+01 2.173993680450611166e+01 2.479903554582210390e+01 3.061638249932741473e+01 3.680549473862865284e+01 4.526185172589696037e+01
1.613395616392341125e+01 1.688640013254486050e+01 1.889451172138900148e+01 2.122089830789648346e+01 2.429768729586282205e+01 2.971326314991918238e+01 3.672478497513775153e+01 4.462670533211765189e+01
1.582144271383315548e+01 1.647530371928871773e+01 1.840247935899103027e+01 2.079012241309346365e+01 2.376650735294117922e+01 2.901595865229653626e+01 3.602220547309832455e+01 4.431561992105874026e+01
1.538011254630854729e+01 1.634798704772403255e+01 1.812506310581583335e+01 2.020981223452182007e+01 2.300522586508684242e+01 2.848949385005857238e+01 3.508901327111464497e+01 4.340477387348782656e+01
1.509966607154665041e+01 1.595134649547803463e+01 1.777798849071409748e+01 1.991374330207635523e+01 2.266428548366266327e+01 2.787989278138671523e+01 3.475059086134453423e+01 4.303077778504611217e+01
1.471670321279236759e+01 1.554707179347127521e+01 1.741210811638097766e+01 1.943050648766701016e+01 2.222613908291294749e+01 2.746246869380940225e+01 3.424957186247900154e+01 4.252298864518633792e+01
1.459183228446589098e+01 1.518614298761118064e+01 1.689511708820538871e+01 1.917948237955646462e+01 2.153480814848057534e+01 2.684735792542285893e+01 3.328795585412667890e+01 4.120449712780474982e+01
1.413425925925925775e+01 1.504031680045871688e+01 1.664760564109920793e+01 1.880697971948445613e+01 2.126787249968148785e+01 2.636173509828788752e+01 3.279885513129519126e+01 4.102954827224465362e+01
1.394571565416228864e+01 1.468816628179172490e+01 1.625834055800756772e+01 1.817827343255224903e+01 2.057530865157357880e+01 2.542530923669815834e+01 3.273827929001505055e+01 4.034680359556212181e+01
1.347711921713717054e+01 1.426729224202862234e+01 1.582903608718552491e+01 1.797666148972813360e+01 2.031686091989987375e+01 2.535693396078677253e+01 3.189259067597626895e+01 3.969189860369225187e+01
1.326069790650901936e+01 1.399541854143232023e+01 1.553106622059529407e+01 1.769090552343652689e+01 1.978172130526953509e+01 2.488840302573257901e+01 3.138014988411807593e+01 3.912252168050746093e+01
1.313426138802035581e+01 1.395711965632858309e+01 1.511048506879299502e+01 1.720263912234361925e+01 1.945715165980282180e+01 2.408980867811211013e+01 3.078477878563495196e+01 3.868043474955141647e+01
1.295272476850460031e+01 1.349179631616595110e+01 1.490170996222568611e+01 1.684760203615777741e+01 1.910278771945328202e+01 2.381736269166267306e+01 3.044947459740415852e+01 3.789071034151611173e+01
1.254345925813317031e+01 1.312973765249319058e+01 1.464091383588920614e+01 1.650873864722753126e+01 1.860166621409606691e+01 2.315366180981595079e+01 2.950275218379801601e+01 3.735199652777777857e+01
1.248443916062801939e+01 1.298886930745634771e+01 1.426791531544811420e+01 1.602280251644350528e+01 1.826099694293478137e+01 2.263970176317962313e+01 2.919286262244777674e+01 3.707501253650334405e+01
1.213163862892576361e+01 1.270000788215626386e+01 1.393725591694176025e+01 1.569346263099022742e+01 1.802513715544776929e+01 2.247570073985261629e+01 2.883964115606256584e+01 3.675367420575552302e+01
1.188015018989526972e+01 1.223958759796467533e+01 1.359194900740438428e+01 1.529860869060067330e+01 1.734589050886220463e+01 2.208025070126227263e+01 2.833434209765127676e+01 3.573036185833260703e+01
1.165301901957437103e+01 1.203540513977868365e+01 1.318379527003684970e+01 1.491030125642489956e+01 1.697327995987905425e+01 2.146917705842159307e+01 2.760668833218549167e+01 3.525099289448600359e+01
1.147191876850375714e+01 1.183055360147366031e+01 1.293471708477027526e+01 1.471688704697599270e+01 1.669316868658399144e+01 2.074553313705114732e+01 2.734228349580594042e+01 3.473236176688094190e+01
1.120575076886180277e+01 1.174422637195121943e+01 1.273572549797921383e+01 1.439797508867213338e+01 1.642916594852349732e+01 2.043367903930131035e+01 2.680936791383220097e+01 3.408619973530074532e+01
1.096431715291750564e+01 1.132332937865577627e+01 1.245955749192020434e+01 1.409744132018980878e+01 1.605821071740554729e+01 2.018990904928405072e+01 2.623523985239852507e+01 3.401721536064980711e+01
1.081165252144711530e+01 1.101105216470458892e+01 1.213060804664240777e+01 1.375182077155409033e+01 1.575520484015202349e+01 1.957614569369973267e+01 2.560801683091573722e+01 3.365630808066797641e+01
1.056845482724992991e+01 1.089730339991268337e+01 1.191381913323860431e+01 1.344019997790299392e+01 1.549679636853093179e+01 1.926733849077090355e+01 2.534619499615933336e+01 3.266986968675491454e+01
1.028445521390374218e+01 1.067248531171798476e+01 1.161514323484518130e+01 1.307609662472943768e+01 1.516064607123436758e+01 1.878914983833844943e+01 2.481855978260869833e+01 3.237889553981051449e+01
1.012673398680640524e+01 1.047766243340943682e+01 1.139121833297168251e+01 1.289926319057757453e+01 1.474268162393162385e+01 1.840968987578969873e+01 2.429683786192740058e+01 3.187052535743188386e+01
9.970821042118631183e+00 1.034781307178990417e+01 1.108052941995544138e+01 1.251225675605175347e+01 1.452414833980163955e+01 1.798899385703648335e+01 2.404681698843746673e+01 3.179555882118254218e+01
9.773864717070850361e+00 1.010557934788459455e+01 1.089563569206842963e+01 1.226231854184688608e+01 1.420415868161293638e+01 1.792504864465914949e+01 2.347096523979806548e+01 3.139265006368750477e+01
9.536943147234756779e+00 9.927956668814433172e+00 1.064575014117457208e+01 1.200427877188465509e+01 1.381421812222457213e+01 1.745643733850129209e+01 2.296599836549615148e+01 3.069467110959515210e+01
9.324487040330595278e+00 9.692101158073130662e+00 1.044886407654168003e+01 1.176237545171257892e+01 1.347989062340186273e+01 1.691882094137248771e+01 2.271788410647571510e+01 3.013444359696977415e+01
9.227086578400831129e+00 9.463308851766512930e+00 1.021368822265425180e+01 1.155743835774272910e+01 1.321263445410980353e+01 1.663628238777409862e+01 2.236891476161054371e+01 3.022547962092610874e+01
9.062563778805413861e+00 9.344825267115657752e+00 1.013224633064927005e+01 1.123814464014191472e+01 1.293330441288843602e+01 1.628412995149555442e+01 2.191658839358245103e+01 2.957646251239417268e+01
8.855472445600756970e+00 9.072521639252714820e+00 9.890286731681468879e+00 1.097314627280138666e+01 1.266989211196891851e+01 1.601163189156259392e+01 2.145218379221174132e+01 2.945406920696128594e+01
8.664062886393985252e+00 8.937822473069566342e+00 9.524113179937431894e+00 1.078983686674008879e+01 1.237977421937053180e+01 1.554894050835584984e+01 2.127290002496255639e+01 2.874670715232782214e+01
8.595405557479224967e+00 8.865923216976394627e+00 9.385922254579847746e+00 1.048244648129921330e+01 1.221314582494463608e+01 1.507353950389299158e+01 2.081880270337301653e+01 2.834039553297975544e+01
8.373277257344646785e+00 8.635997650094743960e+00 9.201233783098182073e+00 1.036565732865811107e+01 1.184660469857295517e+01 1.491116049458661408e+01 2.046841291243654837e+01 2.823887670084796042e+01
8.294696422449678863e+00 8.389068049822405726e+00 8.953658445811829125e+00 1.005291182873730094e+01 1.162906772883858331e+01 1.455156888003111071e+01 2.006943525056389177e+01 2.771086450023176795e+01
8.114244559422257197e+00 8.284178751916076777e+00 8.752213692720417271e+00 9.861573782026397339e+00 1.133704887667303929e+01 1.431668379242380595e+01 1.964131695996905691e+01 2.749298812076817455e+01
8.004209993697886105e+00 8.108362848215989516e+00 8.733777828205617766e+00 9.610769421714996597e+00 1.124415202899960953e+01 1.410156250000000000e+01 1.923642719382835153e+01 2.725641632134901471e+01
7.864054871416832349e+00 8.061887588862559184e+00 8.477825148598924443e+00 9.444551604689721103e+00 1.086011360148281035e+01 1.366601636848115753e+01 1.895843098958333428e+01 2.661336899976353720e+01
7.677234776348180745e+00 7.934339829770202357e+00 8.404995977664205142e+00 9.226948320719015939e+00 1.069183585644218049e+01 1.341242722321344694e+01 1.872336728191087474e+01 2.659995559502664264e+01
7.590389265269378072e+00 7.737482954011097647e+00 8.130993441719805759e+00 9.073176448528032623e+00 1.040484108214120873e+01 1.307357002434001281e+01 1.838467958824075055e+01 2.641503714606111686e+01
7.458213310227689519e+00 7.559451183640813809e+00 8.008481336282775587e+00 8.852141177145480100e+00 1.022087239460807417e+01 1.281025940674053487e+01 1.813222513210345710e+01 2.601770183454322094e+01
7.339645096757921650e+00 7.425751260290445188e+00 7.886152146179552069e+00 8.647348705690298232e+00 1.005742864106284529e+01 1.261450507790762288e+01 1.775790838523538895e+01 2.585347494328727436e+01
7.276210830283623032e+00 7.294353386167146347e+00 7.669758027097253184e+00 8.501507785912592041e+00 9.738439771786142174e+00 1.235978577558948466e+01 1.748587266301869647e+01 2.538148979685107776e+01
7.173435941184473030e+00 7.155955478381275547e+00 7.474113553237605068e+00 8.286575105669392372e+00 9.578999988782195274e+00 1.218352057817002887e+01 1.717370871997816550e+01 2.528170569541797263e+01
7.088041672356501621e+00 7.079888143176733983e+00 7.379888295383655539e+00 8.096425741422111244e+00 9.337440257769321406e+00 1.179386222532461659e+01 1.689568640291957635e+01 2.482521174572587341e+01
6.893876449129403561e+00 6.925140553275070943e+00 7.185415232883403114e+00 7.951544804016988266e+00 9.118003669664110689e+00 1.160133106923751001e+01 1.633536420067274619e+01 2.457533454987834531e+01
6.865112384719612493e+00 6.824265322794311750e+00 7.055261796813099728e+00 7.803670634920635507e+00 9.006311976641692141e+00 1.136409087134632401e+01 1.625506764212570587e+01 2.424142476565263493e+01
6.765826664945793212e+00 6.767257401315789345e+00 6.992623800174520454e+00 7.646730752290345379e+00 8.731994835517749465e+00 1.103152959954829804e+01 1.602499972747885337e+01 2.406912959212560921e+01
6.650381339144215254e+00 6.615312637001315998e+00 6.862561847542409943e+00 7.513696184995737326e+00 8.610593118383061295e+00 1.098671915416451128e+01 1.576876784323903458e+01 2.403931549875446905e+01
6.546274245226216593e+00 6.551801185157875906e+00 6.760408117634680636e+00 7.333700980392156232e+00 8.456709224655449830e+00 1.062597562896497827e+01 1.537653994790332312e+01 2.343850324682282960e+01
6.509728547714309421e+00 6.430703557643900226e+00 6.606297532624665791e+00 7.163344878253568027e+00 8.223742723156533430e+00 1.041461731115484390e+01 1.505673380558163466e+01 2.345509856153436345e+01
6.403374610026069114e+00 6.345880919511378337e+00 6.483272223049434402e+00 7.046432040389377427e+00 8.024649411357341222e+00 1.017603722269624633e+01 1.472538135593220510e+01 2.314132483428982923e+01
6.268000611530513133e+00 6.209877269494644914e+00 6.318333489622404819e+00 6.903712561959170380e+00 7.964555581316921540e+00 9.982017684128848600e+00 1.453702645931603854e+01 2.283392155017358860e+01
6.274878883097229298e+00 6.139808556227227321e+00 6.260671393992056188e+00 6.727621473515380757e+00 7.703985803209529415e+00 9.754530279503104140e+00 1.443003789130255399e+01 2.277553763440860379e+01
6.192935004490895068e+00 6.028465359328482265e+00 6.106472291149710685e+00 6.616723300717683998e+00 7.528588250517597835e+00 9.590310840386690572e+00 1.412205970736964211e+01 2.273503358696328291e+01
6.115602827893775739e+00 5.934198843984188620e+00 6.012873403378656612e+00 6.503512164739173151e+00 7.375253722970215975e+00 9.347647364947196280e+00 1.383895114825106276e+01 2.230808249092661200e+01
6.094946923962202945e+00 5.883791625656168200e+00 5.944422492324473062e+00 6.379904357200159914e+00 7.275810199355206898e+00 9.179849542707822607e+00 1.366362826122184515e+01 2.204000931155239584e+01
5.951925002002082188e+00 5.755821153375733523e+00 5.775394191077241501e+00 6.239162155411468014e+00 7.143355485862206145e+00 8.977401708842936756e+00 1.334701402805611181e+01 2.202951539407625248e+01
5.860828051031051977e+00 5.720472586166194695e+00 5.794288854514369369e+00 6.071510924716803537e+00 6.987090139079809248e+00 8.866859389914095502e+00 1.314174964971977566e+01 2.190487012987012960e+01
5.877768955736657475e+00 5.689699516389567613e+00 5.684239421399110981e+00 6.004510724941537703e+00 6.791396846235543627e+00 8.626561011550370139e+00 1.302367352530888844e+01 2.163172715894868503e+01
5.790018571936617953e+00 5.608370396379525502e+00 5.555279827438119433e+00 5.886680566330488418e+00 6.691776030582485824e+00 8.441772806310908095e+00 1.266431246079046247e+01 2.163097925951990064e+01
5.720182662983206434e+00 5.484623863724652715e+00 5.525300513498794253e+00 5.767667866058194370e+00 6.514615250019441639e+00 8.237310265237461238e+00 1.246884745828785412e+01 2.129493299019132024e+01
