# k, xm.power, xs.power, xd.power,  pm1.power, pm2.power, ps1.power, ps2.power, pd1.power, pd2.power
0.000000000000000000e+00 0.000000000000000000e+00 0.000000000000000000e+00 0.000000000000000000e+00 0.000000000000000000e+00 0.000000000000000000e+00 0.000000000000000000e+00 0.000000000000000000e+00 0.000000000000000000e+00 0.000000000000000000e+00
8.691056022563805813e-03 -2.071419238256147222e-05 3.166444230769230853e+04 1.048421649639423094e+03 2.532467024546774809e-12 1.583469711538461706e+04 3.166444230769230853e+04 3.166444230769230853e+04 1.048421649639423094e+03 1.048421649639423094e+03
1.503254434404273886e-02 -2.853176556527614594e-05 2.411289583333333212e+04 7.984774305555555429e+02 2.284857102901543159e-12 1.285835850694444343e+04 2.411289583333333212e+04 2.411289583333333212e+04 7.984774305555555429e+02 7.984774305555555429e+02
2.104537904654678673e-02 -4.470176032842381865e-07 2.311805427631578641e+04 7.578259662828946830e+02 2.310457746176739852e-12 1.256595065789473665e+04 2.311805427631578641e+04 2.311805427631578641e+04 7.578259662828946830e+02 7.578259662828946830e+02
2.718418752217394846e-02 5.099050298683409831e-06 1.736164636752137085e+04 5.727171474358974592e+02 2.668644507654341243e-12 9.278049145299146403e+03 1.736164636752137085e+04 1.736164636752137085e+04 5.727171474358974592e+02 5.727171474358974592e+02
3.359305548768203725e-02 2.553014122596153811e+03 1.979568389423076951e+04 6.508013070913461888e+02 2.604541766826923322e+03 1.118067187500000000e+04 1.979568389423076951e+04 1.979568389423076951e+04 6.508013070913461888e+02 6.508013070913461888e+02
3.967812110980351720e-02 1.727952213541666652e+03 1.595317291666666642e+04 5.183363281250000227e+02 1.777203906250000045e+03 8.781976041666666788e+03 1.595317291666666642e+04 1.595317291666666642e+04 5.183363281250000227e+02 5.183363281250000227e+02
4.573133090443888549e-02 1.735652873961218802e+03 1.407315650969529088e+04 4.535795966066481810e+02 1.766473511080332401e+03 7.708228531855956135e+03 1.407315650969529088e+04 1.407315650969529088e+04 4.535795966066481810e+02 4.535795966066481810e+02
5.186912300623527233e-02 1.371729691075514893e+03 1.295331121281464584e+04 4.131513515446224005e+02 1.373442219679633808e+03 7.065749427917619869e+03 1.295331121281464584e+04 1.295331121281464584e+04 4.131513515446224005e+02 4.131513515446224005e+02
5.807971256735403043e-02 1.411709444922547391e+03 1.189996213425129099e+04 3.796451968588640398e+02 1.450605206540447625e+03 6.539686746987951665e+03 1.189996213425129099e+04 1.189996213425129099e+04 3.796451968588640398e+02 3.796451968588640398e+02
6.422094742881356844e-02 1.432101251840942496e+03 1.138430633284241594e+04 3.599115887334315289e+02 1.470967783505154557e+03 6.220630338733431017e+03 1.138430633284241594e+04 1.138430633284241594e+04 3.599115887334315289e+02 3.599115887334315289e+02
7.029194303550849454e-02 1.046796032475490165e+03 8.990157475490195793e+03 2.851762216605392268e+02 1.077720664828431381e+03 4.986557598039215918e+03 8.990157475490195793e+03 8.990157475490195793e+03 2.851762216605392268e+02 2.851762216605392268e+02
7.656976085866129544e-02 1.079541748526522497e+03 9.091929273084479064e+03 2.860155943025540068e+02 1.110345776031434070e+03 5.072637524557956567e+03 9.091929273084479064e+03 9.091929273084479064e+03 2.860155943025540068e+02 2.860155943025540068e+02
8.283279975513359317e-02 1.095957359307359411e+03 7.641762770562770129e+03 2.366509199134199264e+02 1.126541341991342051e+03 4.286702164502164123e+03 7.641762770562770129e+03 7.641762770562770129e+03 2.366509199134199264e+02 2.366509199134199264e+02
8.886264192081894109e-02 8.380820806962025245e+02 7.028919303797468274e+03 2.147545243275316409e+02 8.742985561708860587e+02 3.897228243670886059e+03 7.028919303797468274e+03 7.028919303797468274e+03 2.147545243275316409e+02 2.147545243275316409e+02
9.493524398572131262e-02 7.408691329856584389e+02 6.163104954367666323e+03 1.881629726205997315e+02 7.790796936114732034e+02 3.370844850065188893e+03 6.163104954367666323e+03 6.163104954367666323e+03 1.881629726205997315e+02 1.881629726205997315e+02
1.010510809291368245e-01 6.380650332728373542e+02 5.545301875378100704e+03 1.699409407138536210e+02 6.620635208711433961e+02 3.093091954022988830e+03 5.545301875378100704e+03 5.545301875378100704e+03 1.699409407138536210e+02 1.699409407138536210e+02
1.071918355362574127e-01 6.048274021352312957e+02 5.060449415353329641e+03 1.524272686832740362e+02 6.327836807320793469e+02 2.820064819522114703e+03 5.060449415353329641e+03 5.060449415353329641e+03 1.524272686832740362e+02 1.524272686832740362e+02
1.133640700251744293e-01 5.655240271917487007e+02 4.749401312705110286e+03 1.411196085325832144e+02 5.931395335208626420e+02 2.618035396155649323e+03 4.749401312705110286e+03 4.749401312705110286e+03 1.411196085325832144e+02 1.411196085325832144e+02
1.195184611122857843e-01 5.970265435961619005e+02 4.620261576971213799e+03 1.351047663746349485e+02 6.310610659157280224e+02 2.552389027951606295e+03 4.620261576971213799e+03 4.620261576971213799e+03 1.351047663746349485e+02 1.351047663746349485e+02
1.256657517103361710e-01 5.061676470588235475e+02 4.224255028462997871e+03 1.225301589184060731e+02 5.422077324478178753e+02 2.341343453510436575e+03 4.224255028462997871e+03 4.224255028462997871e+03 1.225301589184060731e+02 1.225301589184060731e+02
1.317871926578333408e-01 5.387618178658324268e+02 4.090077511296489320e+03 1.160969434306569354e+02 5.708227754605492237e+02 2.289988355926312124e+03 4.090077511296489320e+03 4.090077511296489320e+03 1.160969434306569354e+02 1.160969434306569354e+02
1.378887696062481294e-01 4.769566913619167963e+02 3.827851197982345639e+03 1.071737566992433841e+02 5.099594104665825967e+02 2.121531525851197785e+03 3.827851197982345639e+03 3.827851197982345639e+03 1.071737566992433841e+02 1.071737566992433841e+02
1.440612672229828750e-01 4.631616053607071990e+02 3.486080125463359309e+03 9.876313444539492536e+01 4.947449743370402189e+02 1.993155403478756853e+03 3.486080125463359309e+03 3.486080125463359309e+03 9.876313444539492536e+01 9.876313444539492536e+01
1.501845201433902877e-01 3.808718427485061966e+02 3.177390548614882846e+03 8.846747691472025110e+01 4.143616241173274943e+02 1.795175991309070923e+03 3.177390548614882846e+03 3.177390548614882846e+03 8.846747691472025110e+01 8.846747691472025110e+01
1.563418093457785985e-01 3.776542192335158461e+02 2.889947155439181188e+03 7.923294304927398457e+01 4.180394251368721825e+02 1.632295167817186439e+03 2.889947155439181188e+03 2.889947155439181188e+03 7.923294304927398457e+01 7.923294304927398457e+01
1.625438955957596576e-01 3.615038338292515618e+02 2.698965438315403844e+03 7.376052157244220098e+01 3.965511558709087012e+02 1.530889791714351077e+03 2.698965438315403844e+03 2.698965438315403844e+03 7.376052157244220098e+01 7.376052157244220098e+01
1.686940235306336466e-01 3.264416752843847007e+02 2.513955739400206767e+03 6.792737202688728360e+01 3.618772492244053751e+02 1.434343123061013330e+03 2.513955739400206767e+03 2.513955739400206767e+03 6.792737202688728360e+01 6.792737202688728360e+01
1.747987378343396903e-01 2.928366396761133501e+02 2.364508299595141580e+03 6.352269736842104919e+01 3.286991396761133615e+02 1.347981376518218667e+03 2.364508299595141580e+03 2.364508299595141580e+03 6.352269736842104919e+01 6.352269736842104919e+01
1.809057159377772395e-01 2.892927223719676704e+02 2.314580233602875069e+03 6.038938117699910180e+01 3.232992138364779748e+02 1.290745013477088833e+03 2.314580233602875069e+03 2.314580233602875069e+03 6.038938117699910180e+01 6.038938117699910180e+01
1.870079494254630881e-01 2.919552631578947057e+02 2.212809122807017502e+03 5.656437499999999829e+01 3.270062938596490767e+02 1.228731403508771791e+03 2.212809122807017502e+03 2.212809122807017502e+03 5.656437499999999829e+01 5.656437499999999829e+01
1.931644028143169878e-01 2.674537612010690282e+02 2.111757899701305178e+03 5.468242021694702260e+01 3.028704999213960036e+02 1.202826599591259310e+03 2.111757899701305178e+03 2.111757899701305178e+03 5.468242021694702260e+01 5.468242021694702260e+01
1.993257601852206906e-01 2.600552012148823451e+02 2.017917539863325828e+03 5.002823652239939634e+01 2.957938306757782811e+02 1.124539711465451774e+03 2.017917539863325828e+03 2.017917539863325828e+03 5.002823652239939634e+01 5.002823652239939634e+01
2.054762598507901550e-01 2.463844106865924459e+02 1.937086705202312260e+03 4.748431552234598030e+01 2.810465071196954909e+02 1.091059565769068286e+03 1.937086705202312260e+03 1.937086705202312260e+03 4.748431552234598030e+01 4.748431552234598030e+01
2.116257382464896697e-01 2.177478941034897844e+02 1.769727904800107126e+03 4.314243214333467336e+01 2.534965737398048020e+02 9.976886615857736160e+02 1.769727904800107126e+03 1.769727904800107126e+03 4.314243214333467336e+01 4.314243214333467336e+01
2.177578654451892970e-01 2.073790975825844782e+02 1.653966333375522254e+03 3.999661039741805268e+01 2.446318029363371807e+02 9.338894443741298801e+02 1.653966333375522254e+03 1.653966333375522254e+03 3.999661039741805268e+01 3.999661039741805268e+01
2.238991135097555263e-01 1.957536426609339344e+02 1.570648751940761940e+03 3.646834318643257689e+01 2.328106114893108725e+02 8.727582109160396158e+02 1.570648751940761940e+03 1.570648751940761940e+03 3.646834318643257689e+01 3.646834318643257689e+01
2.300081978121491233e-01 2.006969887076537020e+02 1.510435496749172898e+03 3.545726160602258403e+01 2.380901961902589221e+02 8.669253450439147173e+02 1.510435496749172898e+03 1.510435496749172898e+03 3.545726160602258403e+01 3.545726160602258403e+01
2.361454707693454169e-01 1.855943151417870354e+02 1.381014767255216611e+03 3.187082664526484521e+01 2.198059791332263160e+02 7.883084002140182065e+02 1.381014767255216611e+03 1.381014767255216611e+03 3.187082664526484521e+01 3.187082664526484521e+01
2.422857100963227428e-01 1.669720335954253017e+02 1.342310732155621281e+03 3.033825500357398042e+01 2.039189089145307889e+02 7.580698458082302977e+02 1.342310732155621281e+03 1.342310732155621281e+03 3.033825500357398042e+01 3.033825500357398042e+01
2.484099584913142256e-01 1.732002899045020285e+02 1.324678815045800093e+03 2.918786542584291510e+01 2.081510183200155950e+02 7.501029526408107131e+02 1.324678815045800093e+03 1.324678815045800093e+03 2.918786542584291510e+01 2.918786542584291510e+01
2.545441957051269855e-01 1.638846757805283687e+02 1.258945593940513618e+03 2.731946817845926390e+01 2.011657583595049061e+02 7.059226399408830730e+02 1.258945593940513618e+03 1.258945593940513618e+03 2.731946817845926390e+01 2.731946817845926390e+01
2.606917133414053955e-01 1.566945628295254949e+02 1.200754569420035295e+03 2.544735281195079324e+01 1.936927504393673303e+02 6.722036906854129938e+02 1.200754569420035295e+03 1.200754569420035295e+03 2.544735281195079324e+01 2.544735281195079324e+01
2.668580198415695381e-01 1.470711221329315208e+02 1.162394776494223834e+03 2.381059821279088951e+01 1.849791562029130887e+02 6.413711284111835766e+02 1.162394776494223834e+03 1.162394776494223834e+03 2.381059821279088951e+01 2.381059821279088951e+01
2.730019564931540632e-01 1.420735495292508119e+02 1.115917115957189935e+03 2.254917970950349826e+01 1.787451718033314307e+02 6.209985917759715903e+02 1.115917115957189935e+03 1.115917115957189935e+03 2.254917970950349826e+01 2.254917970950349826e+01
2.791389873202678173e-01 1.293723310291858581e+02 1.051874654377880233e+03 2.114323876728110463e+01 1.649982526881720446e+02 5.884111751152073566e+02 1.051874654377880233e+03 1.051874654377880233e+03 2.114323876728110463e+01 2.114323876728110463e+01
2.852424996643880273e-01 1.282878488285330434e+02 9.919859722429488329e+02 1.947703467766005048e+01 1.642985748395761902e+02 5.568283092075810146e+02 9.919859722429488329e+02 9.919859722429488329e+02 1.947703467766005048e+01 1.947703467766005048e+01
2.913531997893986092e-01 1.279847456140350772e+02 9.603939649122805804e+02 1.853645833333333215e+01 1.648954385964912035e+02 5.378161052631578514e+02 9.603939649122805804e+02 9.603939649122805804e+02 1.853645833333333215e+01 1.853645833333333215e+01
2.975143171497069416e-01 1.191262599783520528e+02 9.075946421323230879e+02 1.711825087099174780e+01 1.547978115275334972e+02 5.057263563793803200e+02 9.075946421323230879e+02 9.075946421323230879e+02 1.711825087099174780e+01 1.711825087099174780e+01
3.036544665973567314e-01 1.159222206006356686e+02 8.858802620483882038e+02 1.626949653791269412e+01 1.531365213725108845e+02 4.930902899396770067e+02 8.858802620483882038e+02 8.858802620483882038e+02 1.626949653791269412e+01 1.626949653791269412e+01
3.097883787544665757e-01 1.098285434305424815e+02 8.447121354656632093e+02 1.502294900439009062e+01 1.466473345876450196e+02 4.688205079962370405e+02 8.447121354656632093e+02 8.447121354656632093e+02 1.502294900439009062e+01 1.502294900439009062e+01
3.159486680635095190e-01 1.069304033643309850e+02 8.220055084996743062e+02 1.446917757507551983e+01 1.435174435823017234e+02 4.540611265770301657e+02 8.220055084996743062e+02 8.220055084996743062e+02 1.446917757507551983e+01 1.446917757507551983e+01
3.221066234444813769e-01 1.017828676299907187e+02 7.893172585886721890e+02 1.357771877901578428e+01 1.380486449628597825e+02 4.353207985143918108e+02 7.893172585886721890e+02 7.893172585886721890e+02 1.357771877901578428e+01 1.357771877901578428e+01
3.282572612915165555e-01 9.613275814467145608e+01 7.650258972943125855e+02 1.281066054665930487e+01 1.324006764218663648e+02 4.175186361126449697e+02 7.650258972943125855e+02 7.650258972943125855e+02 1.281066054665930487e+01 1.281066054665930487e+01
3.343544383171894174e-01 9.403524679574584866e+01 7.397900190891737111e+02 1.218020350422688836e+01 1.313749795473138988e+02 4.060094900463594172e+02 7.397900190891737111e+02 7.397900190891737111e+02 1.218020350422688836e+01 1.218020350422688836e+01
3.404813620364756654e-01 8.618253694329395387e+01 7.142978473180958190e+02 1.133242173518433304e+01 1.220994528813212696e+02 3.889834586081709631e+02 7.142978473180958190e+02 7.142978473180958190e+02 1.133242173518433304e+01 1.133242173518433304e+01
3.466259536752008263e-01 8.722034312496866448e+01 6.820677728206927668e+02 1.058220650157902654e+01 1.249092811669757879e+02 3.727010125820843314e+02 6.820677728206927668e+02 6.820677728206927668e+02 1.058220650157902654e+01 1.058220650157902654e+01
3.527314914776840671e-01 8.579053169833268555e+01 6.601310100814268935e+02 9.946559803945326905e+00 1.251317007561070085e+02 3.576862882900348950e+02 6.601310100814268935e+02 6.601310100814268935e+02 9.946559803945326905e+00 9.946559803945326905e+00
3.588700951741782830e-01 8.082895891043396830e+01 6.365515697137579991e+02 9.389186576638964610e+00 1.202136426592797704e+02 3.432488457987072934e+02 6.365515697137579991e+02 6.365515697137579991e+02 9.389186576638964610e+00 9.389186576638964610e+00
3.650083489029407047e-01 7.536138647474199104e+01 6.082938167662501883e+02 8.791085291055585671e+00 1.131211750860039729e+02 3.251705368459170700e+02 6.082938167662501883e+02 6.082938167662501883e+02 8.791085291055585671e+00 8.791085291055585671e+00
3.711704037116136945e-01 7.390392712898513139e+01 5.928886310904872516e+02 8.417385011171264253e+00 1.106615321818338060e+02 3.202913551602646294e+02 5.928886310904872516e+02 5.928886310904872516e+02 8.417385011171264253e+00 8.417385011171264253e+00
3.773137312255384068e-01 7.265195029450400455e+01 5.761494554854019725e+02 7.810775880333912902e+00 1.104280372049663157e+02 3.091491588626636826e+02 5.761494554854019725e+02 5.761494554854019725e+02 7.810775880333912902e+00 7.810775880333912902e+00
3.834202365329835160e-01 6.850429285685012815e+01 5.588323839186919031e+02 7.338017652965042714e+00 1.068530183189213574e+02 2.945505921888447460e+02 5.588323839186919031e+02 5.588323839186919031e+02 7.338017652965042714e+00 7.338017652965042714e+00
3.895813105051545988e-01 6.838932377766539616e+01 5.433903302345481734e+02 6.918791814150686115e+00 1.074508635108327752e+02 2.860828114668015019e+02 5.433903302345481734e+02 5.433903302345481734e+02 6.918791814150686115e+00 6.918791814150686115e+00
3.957247046642990429e-01 6.544471582538574239e+01 5.264351787237341114e+02 6.544084258936186060e+00 1.056086299139334699e+02 2.756756803907885569e+02 5.264351787237341114e+02 5.264351787237341114e+02 6.544084258936186060e+00 6.544084258936186060e+00
4.018641006880244171e-01 6.310998920284019675e+01 5.110806309933386729e+02 6.179628596003220231e+00 1.022475935143840076e+02 2.676556621037991022e+02 5.110806309933386729e+02 5.110806309933386729e+02 6.179628596003220231e+00 6.179628596003220231e+00
4.079986652309439688e-01 6.147232048430035434e+01 4.921443419277196654e+02 5.768953311330732525e+00 1.004570128733452492e+02 2.571237737500455864e+02 4.921443419277196654e+02 4.921443419277196654e+02 5.768953311330732525e+00 5.768953311330732525e+00
4.141066506702003602e-01 5.900572918483378970e+01 4.748348739056123122e+02 5.349692830234747731e+00 9.812877149534340049e+01 2.449246049740137323e+02 4.748348739056123122e+02 4.748348739056123122e+02 5.349692830234747731e+00 5.349692830234747731e+00
4.202576909860619159e-01 5.517923970682608825e+01 4.667286452528118730e+02 5.090351310500895288e+00 9.337466646401189507e+01 2.374122335934069667e+02 4.667286452528118730e+02 4.667286452528118730e+02 5.090351310500895288e+00 5.090351310500895288e+00
4.264066946730206698e-01 5.373877428185085847e+01 4.541481481481481524e+02 4.799238770159295342e+00 9.278440684673988414e+01 2.298806107977968907e+02 4.541481481481481524e+02 4.541481481481481524e+02 4.799238770159295342e+00 4.799238770159295342e+00
4.325254831734640648e-01 5.195221616668273867e+01 4.349275264460949870e+02 4.439917024372206811e+00 9.091237420018649118e+01 2.170657052827883149e+02 4.349275264460949870e+02 4.349275264460949870e+02 4.439917024372206811e+00 4.439917024372206811e+00
4.386395650806790836e-01 5.028850210970464474e+01 4.260468510704797609e+02 4.230851988591967761e+00 8.928724019378027776e+01 2.127344741365838559e+02 4.260468510704797609e+02 4.260468510704797609e+02 4.230851988591967761e+00 4.230851988591967761e+00
4.447681454847935978e-01 4.770836997058912488e+01 4.100718595555016464e+02 3.963130997771444175e+00 8.672600133410145418e+01 2.018921500257724233e+02 4.100718595555016464e+02 4.100718595555016464e+02 3.963130997771444175e+00 3.963130997771444175e+00
4.509437495939586094e-01 4.822265704337733894e+01 3.972542289278978842e+02 3.719957746989699832e+00 8.811747424923835581e+01 1.972744958653706533e+02 3.972542289278978842e+02 3.972542289278978842e+02 3.719957746989699832e+00 3.719957746989699832e+00
4.571038061189046653e-01 4.718705755728279172e+01 3.920681036724551518e+02 3.537245098818226463e+00 8.814973706261376662e+01 1.906611141610563891e+02 3.920681036724551518e+02 3.920681036724551518e+02 3.537245098818226463e+00 3.537245098818226463e+00
4.632394462505528554e-01 4.230415753405654300e+01 3.800659767499930695e+02 3.297174988902144666e+00 8.149268928779513033e+01 1.830419221485447849e+02 3.800659767499930695e+02 3.800659767499930695e+02 3.297174988902144666e+00 3.297174988902144666e+00
4.693790757792539181e-01 4.294902070585663978e+01 3.681182255244755197e+02 3.086922385475852071e+00 8.380143684440560037e+01 1.782207304414335738e+02 3.681182255244755197e+02 3.681182255244755197e+02 3.086922385475852071e+00 3.086922385475852071e+00
4.755007986458400504e-01 4.080264118146595109e+01 3.575446101586964573e+02 2.900213256661005268e+00 7.958553155352687725e+01 1.712756753887798027e+02 3.575446101586964573e+02 3.575446101586964573e+02 2.900213256661005268e+00 2.900213256661005268e+00
4.816148015649592273e-01 3.967278201239273017e+01 3.483672707474527783e+02 2.726436109706774857e+00 8.008768245573099875e+01 1.648879209768997498e+02 3.483672707474527783e+02 3.483672707474527783e+02 2.726436109706774857e+00 2.726436109706774857e+00
4.877448110253904678e-01 3.861395325382617472e+01 3.385984720506290842e+02 2.555368072539774715e+00 7.969513501928847177e+01 1.587920627316507307e+02 3.385984720506290842e+02 3.385984720506290842e+02 2.555368072539774715e+00 2.555368072539774715e+00
4.938644425720450370e-01 3.775796639629200513e+01 3.279619831858188945e+02 2.421379026343038809e+00 7.897794063262739428e+01 1.536499963018663379e+02 3.279619831858188945e+02 3.279619831858188945e+02 2.421379026343038809e+00 2.421379026343038809e+00
4.999990772533337013e-01 3.637809589204681515e+01 3.224819679961786392e+02 2.234109110042990398e+00 7.710951755433484323e+01 1.481433245760687782e+02 3.224819679961786392e+02 3.224819679961786392e+02 2.234109110042990398e+00 2.234109110042990398e+00
5.061739783630568867e-01 3.491843716658161867e+01 3.117862179338497981e+02 2.114703351869462455e+00 7.585162592197430342e+01 1.426133970404044931e+02 3.117862179338497981e+02 3.117862179338497981e+02 2.114703351869462455e+00 2.114703351869462455e+00
5.123176238977423802e-01 3.370593578780862742e+01 3.070013525595470014e+02 1.985895375793768958e+00 7.326716489764103812e+01 1.386100845922835276e+02 3.070013525595470014e+02 3.070013525595470014e+02 1.985895375793768958e+00 1.985895375793768958e+00
5.184419198367248294e-01 3.276245475062567181e+01 2.973553360743653684e+02 1.874714747385591629e+00 7.373742514301036977e+01 1.337559326957454289e+02 2.973553360743653684e+02 2.973553360743653684e+02 1.874714747385591629e+00 1.874714747385591629e+00
5.245811071337125320e-01 3.096829461057098953e+01 2.913284325401121464e+02 1.760096890360089095e+00 7.205698525431435542e+01 1.287179806422276442e+02 2.913284325401121464e+02 2.913284325401121464e+02 1.760096890360089095e+00 1.760096890360089095e+00
5.307339722686617023e-01 3.107569642628955719e+01 2.824711419687353668e+02 1.663741873695531615e+00 7.308546662691144036e+01 1.243111236529369137e+02 2.824711419687353668e+02 2.824711419687353668e+02 1.663741873695531615e+00 1.663741873695531615e+00
5.368662932732624071e-01 2.882580851329162641e+01 2.778777669237004488e+02 1.552630168821316659e+00 7.009473011452206492e+01 1.196158418722590682e+02 2.778777669237004488e+02 2.778777669237004488e+02 1.552630168821316659e+00 1.552630168821316659e+00
5.429628466927283181e-01 2.797352632445560161e+01 2.714721113077841324e+02 1.464433716759971915e+00 6.961514633845139599e+01 1.160119478862223588e+02 2.714721113077841324e+02 2.714721113077841324e+02 1.464433716759971915e+00 1.464433716759971915e+00
5.491073400914713298e-01 2.643136005333542826e+01 2.632935213145613602e+02 1.364602686624965866e+00 6.749499490176086169e+01 1.118555433546413695e+02 2.632935213145613602e+02 2.632935213145613602e+02 1.364602686624965866e+00 1.364602686624965866e+00
5.552762609626447077e-01 2.592678491549487418e+01 2.552954664799579803e+02 1.284423652439854457e+00 6.751454285547580980e+01 1.085259836240932003e+02 2.552954664799579803e+02 2.552954664799579803e+02 1.284423652439854457e+00 1.284423652439854457e+00
5.614082796802024600e-01 2.543861258290767680e+01 2.513715598078829032e+02 1.202767862673439048e+00 6.790077285202409030e+01 1.043568079591370008e+02 2.513715598078829032e+02 2.513715598078829032e+02 1.202767862673439048e+00 1.202767862673439048e+00
5.675371533509153688e-01 2.521141003492346400e+01 2.467646195571407191e+02 1.135490681657749912e+00 6.770129291127953763e+01 1.003454822410462128e+02 2.467646195571407191e+02 2.467646195571407191e+02 1.135490681657749912e+00 1.135490681657749912e+00
5.736740022558224350e-01 2.390959172514353170e+01 2.382930830219629854e+02 1.066533266312767569e+00 6.689834138339560354e+01 9.726208876332816544e+01 2.382930830219629854e+02 2.382930830219629854e+02 1.066533266312767569e+00 1.066533266312767569e+00
5.798103603643611770e-01 2.301366244364854552e+01 2.343259564156020076e+02 1.003553426970296369e+00 6.568077012170132889e+01 9.366348603909409576e+01 2.343259564156020076e+02 2.343259564156020076e+02 1.003553426970296369e+00 1.003553426970296369e+00
5.859425366486809006e-01 2.175121564758878279e+01 2.295004364982365530e+02 9.476540402276774078e-01 6.408720798267974317e+01 9.080286866641058907e+01 2.295004364982365530e+02 2.295004364982365530e+02 9.476540402276774078e-01 9.476540402276774078e-01
5.920586774162177601e-01 2.188563646690303344e+01 2.232209562493546002e+02 8.925901593318646965e-01 6.526646242814361187e+01 8.783329317407319081e+01 2.232209562493546002e+02 2.232209562493546002e+02 8.925901593318646965e-01 8.925901593318646965e-01
5.981941542880485629e-01 2.059260668829548280e+01 2.170028450212128917e+02 8.387259145453789255e-01 6.331131769403543785e+01 8.500495799018383991e+01 2.170028450212128917e+02 2.170028450212128917e+02 8.387259145453789255e-01 8.387259145453789255e-01
6.043590774859866066e-01 2.048514407972247398e+01 2.143463640528864858e+02 7.878766010562573419e-01 6.378135636208927650e+01 8.287963902343237521e+01 2.143463640528864858e+02 2.143463640528864858e+02 7.878766010562573419e-01 7.878766010562573419e-01
6.104910230252050818e-01 1.928740322580645383e+01 2.098353870967742125e+02 7.372069052419355506e-01 6.265325403225806866e+01 7.915666129032258880e+01 2.098353870967742125e+02 2.098353870967742125e+02 7.372069052419355506e-01 7.372069052419355506e-01
6.166050503334797872e-01 1.942578069412601849e+01 2.062763696734919563e+02 7.062229474662028439e-01 6.286768519250533416e+01 7.702301367697050694e+01 2.062763696734919563e+02 2.062763696734919563e+02 7.062229474662028439e-01 7.062229474662028439e-01
6.227565424953059869e-01 1.786253626302782749e+01 1.998265974919031578e+02 6.551922683962915217e-01 6.055835085726564415e+01 7.363749251715297817e+01 1.998265974919031578e+02 1.998265974919031578e+02 6.551922683962915217e-01 6.551922683962915217e-01
6.288977757446623240e-01 1.773293933817938495e+01 1.956321664284193673e+02 6.214469033235500151e-01 6.124839943428936806e+01 7.157117004775085434e+01 1.956321664284193673e+02 1.956321664284193673e+02 6.214469033235500151e-01 6.214469033235500151e-01
6.350332706002194127e-01 1.710150117012767979e+01 1.917585537814379393e+02 5.872501328428177958e-01 6.067638934146992113e+01 6.947054684954231618e+01 1.917585537814379393e+02 1.917585537814379393e+02 5.872501328428177958e-01 5.872501328428177958e-01
6.411743038514937654e-01 1.660067574470569340e+01 1.882316943240363685e+02 5.505037185114642906e-01 6.071387028036837563e+01 6.681254287257176827e+01 1.882316943240363685e+02 1.882316943240363685e+02 5.505037185114642906e-01 5.505037185114642906e-01
6.473071136295037720e-01 1.622715270830356005e+01 1.842981849364013271e+02 5.231045448049164159e-01 6.013644419036729971e+01 6.530416607117335559e+01 1.842981849364013271e+02 1.842981849364013271e+02 5.231045448049164159e-01 5.231045448049164159e-01
6.534392957951101755e-01 1.572455717946551701e+01 1.801489679254315490e+02 4.909565873954549464e-01 5.994170820309199854e+01 6.305590521246937641e+01 1.801489679254315490e+02 1.801489679254315490e+02 4.909565873954549464e-01 4.909565873954549464e-01
6.595783755518781488e-01 1.562128160549767841e+01 1.770080630809456750e+02 4.676712078536324757e-01 6.035239359881722976e+01 6.078285808156169168e+01 1.770080630809456750e+02 1.770080630809456750e+02 4.676712078536324757e-01 4.676712078536324757e-01
6.657085753353266799e-01 1.514468066241065181e+01 1.728555546461504946e+02 4.405694286009030347e-01 5.992901184045397400e+01 5.938675178698095891e+01 1.728555546461504946e+02 1.728555546461504946e+02 4.405694286009030347e-01 4.405694286009030347e-01
6.718369711955728407e-01 1.455578201678011752e+01 1.694890243258930980e+02 4.147836494858450629e-01 5.913740699699224024e+01 5.685303545987019191e+01 1.694890243258930980e+02 1.694890243258930980e+02 4.147836494858450629e-01 4.147836494858450629e-01
6.779675665423466890e-01 1.395171996792723235e+01 1.677063370006703735e+02 3.953499877180357003e-01 5.938138333530502422e+01 5.549077907909092033e+01 1.677063370006703735e+02 1.677063370006703735e+02 3.953499877180357003e-01 3.953499877180357003e-01
6.841025602423458363e-01 1.318620362603423857e+01 1.615891384196947058e+02 3.725018289834902685e-01 5.838616692721241463e+01 5.337130311002655958e+01 1.615891384196947058e+02 1.615891384196947058e+02 3.725018289834902685e-01 3.725018289834902685e-01
6.902473351098605825e-01 1.294651707569299148e+01 1.606726864579917731e+02 3.541888267476101526e-01 5.782339142936414333e+01 5.215516936968749206e+01 1.606726864579917731e+02 1.606726864579917731e+02 3.541888267476101526e-01 3.541888267476101526e-01
6.963896182979992799e-01 1.311941048142579014e+01 1.575480686272093180e+02 3.348818341801834131e-01 5.830680109448566384e+01 5.064260975669879628e+01 1.575480686272093180e+02 1.575480686272093180e+02 3.348818341801834131e-01 3.348818341801834131e-01
7.025354447064345864e-01 1.276752044834898570e+01 1.535314753105119792e+02 3.182666710845198366e-01 5.864166010299909715e+01 4.869638594365343920e+01 1.535314753105119792e+02 1.535314753105119792e+02 3.182666710845198366e-01 3.182666710845198366e-01
7.086795257259553837e-01 1.222800188987456416e+01 1.515876734869079883e+02 3.031379342016621292e-01 5.894870510802689978e+01 4.748492273572757227e+01 1.515876734869079883e+02 1.515876734869079883e+02 3.031379342016621292e-01 3.031379342016621292e-01
7.148105300560909647e-01 1.169376586294416320e+01 1.480665303628501590e+02 2.876521162709743673e-01 5.792276508742244800e+01 4.566911073510058827e+01 1.480665303628501590e+02 1.480665303628501590e+02 2.876521162709743673e-01 2.876521162709743673e-01
7.209489185367295994e-01 1.161890259680517090e+01 1.451474244706910781e+02 2.737547062062263836e-01 5.861068623279243184e+01 4.466054362701689939e+01 1.451474244706910781e+02 1.451474244706910781e+02 2.737547062062263836e-01 2.737547062062263836e-01
7.270775917581103753e-01 1.137068093773144106e+01 1.425174727966729336e+02 2.598699518956873455e-01 5.798709052583603807e+01 4.340584515467441662e+01 1.425174727966729336e+02 1.425174727966729336e+02 2.598699518956873455e-01 2.598699518956873455e-01
7.331906622449658739e-01 1.075933183451230590e+01 1.405324682569790014e+02 2.487810238867627644e-01 5.734427509874366535e+01 4.205478599959833019e+01 1.405324682569790014e+02 1.405324682569790014e+02 2.487810238867627644e-01 2.487810238867627644e-01
7.393386679216931157e-01 1.071041088557257481e+01 1.367017720191404351e+02 2.360425412278497614e-01 5.739490790307426948e+01 4.087362073109445504e+01 1.367017720191404351e+02 1.367017720191404351e+02 2.360425412278497614e-01 2.360425412278497614e-01
7.454822748005143218e-01 1.059719811086790031e+01 1.343321723940867685e+02 2.279965382422552977e-01 5.734296050290593882e+01 3.988119332334134981e+01 1.343321723940867685e+02 1.343321723940867685e+02 2.279965382422552977e-01 2.279965382422552977e-01
7.516118807450163919e-01 1.039142144611883367e+01 1.329602790569067849e+02 2.179478418354053593e-01 5.795179249396475996e+01 3.892402505556678705e+01 1.329602790569067849e+02 1.329602790569067849e+02 2.179478418354053593e-01 2.179478418354053593e-01
7.577553313207755492e-01 1.013963595685260799e+01 1.297365475856770445e+02 2.083769091436446785e-01 5.730305956125870637e+01 3.777485439312299320e+01 1.297365475856770445e+02 1.297365475856770445e+02 2.083769091436446785e-01 2.083769091436446785e-01
7.639042897236033580e-01 9.836248934334459904e+00 1.276021754984233354e+02 1.998050867233480965e-01 5.797552821060632766e+01 3.667780950522304551e+01 1.276021754984233354e+02 1.276021754984233354e+02 1.998050867233480965e-01 1.998050867233480965e-01
7.700556058884338029e-01 9.739083609129957964e+00 1.253345572332485034e+02 1.906249528463217768e-01 5.749391906165438115e+01 3.580247512800652032e+01 1.253345572332485034e+02 1.253345572332485034e+02 1.906249528463217768e-01 1.906249528463217768e-01
7.761646078124272430e-01 9.456202665820693909e+00 1.231223236046488267e+02 1.832666752271033539e-01 5.742126412472052976e+01 3.491750256813100606e+01 1.231223236046488267e+02 1.231223236046488267e+02 1.832666752271033539e-01 1.832666752271033539e-01
7.822760392858680856e-01 9.602624992681926486e+00 1.209886716234412489e+02 1.768448670733075712e-01 5.882682512733446600e+01 3.432684464219503440e+01 1.209886716234412489e+02 1.209886716234412489e+02 1.768448670733075712e-01 1.768448670733075712e-01
