# k, xm.power, xs.power, xd.power,  pm1.power, pm2.power, ps1.power, ps2.power, pd1.power, pd2.power
0.000000000000000000e+00 0.000000000000000000e+00 0.000000000000000000e+00 0.000000000000000000e+00 0.000000000000000000e+00 0.000000000000000000e+00 0.000000000000000000e+00 0.000000000000000000e+00 0.000000000000000000e+00 0.000000000000000000e+00
8.691056022563805813e-03 2.869515625000000000e+03 2.119324218750000000e+03 1.366990497295673208e+02 7.022914663461539249e+02 1.558943389423076951e+04 6.994487680288461888e+02 3.166444230769230853e+04 4.483229417067308020e+01 2.045722355769230944e+03
1.503254434404273886e-02 3.810947482638888687e+03 4.875446180555555657e+03 3.134149848090277715e+02 1.745816731770833258e+03 1.302271354166666606e+04 3.165203559027777828e+03 2.411289583333333212e+04 2.021195610894097001e+02 1.558744683159722172e+03
2.104537904654678673e-02 4.059682976973684163e+03 6.003174342105262440e+03 3.835389597039473415e+02 1.814399671052631447e+03 1.269775493421052488e+04 3.167813322368420813e+03 2.311805427631578641e+04 2.021703587582236707e+02 1.476179276315789366e+03
2.718418752217394846e-02 3.279581997863248034e+03 5.267808226495727467e+03 3.379053151709401845e+02 1.638344417735042953e+03 9.271368589743589837e+03 3.172249465811966274e+03 1.736164636752137085e+04 2.013265892094017318e+02 1.116892361111111313e+03
3.359305548768203725e-02 5.808331730769231399e+03 1.062213341346153902e+04 6.815452223557692832e+02 4.411395132211539021e+03 1.126339543269230853e+04 1.210705168269230853e+04 1.979568389423076951e+04 7.764174429086539249e+02 1.269777644230769283e+03
3.967812110980351720e-02 5.035191666666666606e+03 9.651814583333332848e+03 6.152605468750000455e+02 4.219174479166666970e+03 8.708346874999999272e+03 1.178984270833333358e+04 1.595317291666666642e+04 7.534933593749999545e+02 1.009806770833333303e+03
4.573133090443888549e-02 5.311917936288088640e+03 1.073531786703601028e+04 6.791179882271468387e+02 4.807614265927977613e+03 7.735010387811634246e+03 1.372247783933518076e+04 1.407315650969529088e+04 8.792183171745152777e+02 8.827436807479224399e+02
5.186912300623527233e-02 4.528531178489702143e+03 9.041939931350114421e+03 5.702437786041190293e+02 3.947722540045766436e+03 7.068020594965674718e+03 1.097615903890160189e+04 1.295331121281464584e+04 7.019447225400457455e+02 8.035386155606407783e+02
5.807971256735403043e-02 4.207183304647160185e+03 8.284898450946644516e+03 5.217459660068847143e+02 3.713467728055077714e+03 6.519779690189328903e+03 1.009385197934595635e+04 1.189996213425129099e+04 6.456031626506024850e+02 7.391933089500861342e+02
6.422094742881356844e-02 4.065321060382916130e+03 7.918969808541973180e+03 4.960707842415316691e+02 3.602668630338733237e+03 6.238226804123711190e+03 9.584527245949926510e+03 1.138430633284241594e+04 6.130008744477172513e+02 6.997597109720176149e+02
7.029194303550849454e-02 3.211481924019607959e+03 6.146435661764705401e+03 3.874647288602940876e+02 2.896869485294117567e+03 4.965000306372548948e+03 7.649500000000000000e+03 8.990157475490195793e+03 4.886776577818627629e+02 5.551393995098038658e+02
7.656976085866129544e-02 3.454387524557956567e+03 6.595279960707268401e+03 4.162063482318270644e+02 3.175296168958742328e+03 5.067886051080549805e+03 8.173128192534380105e+03 9.091929273084479064e+03 5.269565324165029097e+02 5.561662573673869474e+02
8.283279975513359317e-02 2.864577705627705654e+03 5.432627272727272612e+03 3.365406385281385155e+02 2.634288961038961133e+03 4.267341558441558846e+03 6.753801298701298947e+03 7.641762770562770129e+03 4.312100919913419830e+02 4.597826839826839773e+02
8.886264192081894109e-02 2.552048457278480782e+03 4.833744066455696156e+03 2.969613825158227769e+02 2.323451938291139413e+03 3.851328322784810098e+03 5.867971914556961565e+03 7.028919303797468274e+03 3.723692889636075734e+02 4.169345332278480782e+02
9.493524398572131262e-02 2.209545632333768026e+03 4.165501629726205465e+03 2.575545958279009255e+02 2.047901238591916581e+03 3.372507170795306138e+03 5.136626140808343735e+03 6.163104954367666323e+03 3.272154701760103990e+02 3.653227672750977604e+02
1.010510809291368245e-01 1.973192528735632322e+03 3.655102238354507335e+03 2.254886947973381837e+02 1.806842105263158146e+03 3.066165154264972898e+03 4.420418632788869218e+03 5.545301875378100704e+03 2.804899236237145033e+02 3.301335072595281304e+02
1.071918355362574127e-01 1.891385231316726049e+03 3.515082867310625261e+03 2.143247648703609514e+02 1.784427681748856230e+03 2.804151499745805722e+03 4.349223182511438608e+03 5.060449415353329641e+03 2.749141141331977565e+02 2.959153851042196379e+02
1.133640700251744293e-01 1.696358649789029641e+03 3.151293483356774686e+03 1.891768782231598891e+02 1.616869432723863156e+03 2.594083919362400593e+03 3.950626816690108171e+03 4.749401312705110286e+03 2.468393401312705180e+02 2.732969995311767661e+02
1.195184611122857843e-01 1.670242594910304433e+03 3.061255110554860039e+03 1.841424045682102530e+02 1.591937943262411409e+03 2.522306007509386745e+03 3.837064664163537600e+03 4.620261576971213799e+03 2.407084897788902822e+02 2.614195348352106976e+02
1.256657517103361710e-01 1.537851233396584348e+03 2.829165844402276889e+03 1.688525735294117567e+02 1.466351138519924007e+03 2.318961859582542729e+03 3.542841366223909063e+03 4.224255028462997871e+03 2.215084203036053054e+02 2.373395872865275180e+02
1.317871926578333408e-01 1.505245220716023596e+03 2.711160410149461313e+03 1.605390597844977378e+02 1.444009037191518928e+03 2.256129822732012599e+03 3.377770941953423971e+03 4.090077511296489320e+03 2.123691345151199243e+02 2.243906195689954757e+02
1.378887696062481294e-01 1.406471469104665857e+03 2.552430958385876238e+03 1.496895393284993645e+02 1.362894861286254809e+03 2.089083228247162879e+03 3.221186633039092158e+03 3.827851197982345639e+03 2.005283535624211879e+02 2.069428593947036461e+02
1.440612672229828750e-01 1.329782720273738278e+03 2.338956515540347937e+03 1.376909039064727835e+02 1.306826062161391519e+03 1.965142429426860645e+03 3.038238665526090699e+03 3.486080125463359309e+03 1.897973873681209227e+02 1.912983319076133739e+02
1.501845201433902877e-01 1.161062194459532748e+03 2.053713199348180297e+03 1.196500033948940711e+02 1.151033541553503483e+03 1.758963878326996110e+03 2.692099945681694408e+03 3.177390548614882846e+03 1.664566472026072574e+02 1.709671034763715340e+02
1.563418093457785985e-01 1.086615567721971047e+03 1.891588431325874808e+03 1.097543367650559389e+02 1.093291002142346997e+03 1.605218162342299365e+03 2.512378481313972770e+03 2.889947155439181188e+03 1.547948405141632975e+02 1.532670643894310842e+02
1.625438955957596576e-01 1.005805447470817171e+03 1.748613298237582967e+03 1.002909847791256510e+02 1.026995880064087942e+03 1.504118677042801664e+03 2.357329137102311961e+03 2.698965438315403844e+03 1.446337548638132375e+02 1.425120021744106111e+02
1.686940235306336466e-01 9.592025853154084416e+02 1.634648086866597623e+03 9.481193769389865622e+01 9.934351602895552560e+02 1.415770734229575964e+03 2.264300723888314224e+03 2.513955739400206767e+03 1.389169725956566595e+02 1.311923862461220267e+02
1.747987378343396903e-01 8.831906882591092653e+02 1.496848076923076860e+03 8.422024291497974957e+01 9.164541497975708353e+02 1.324507388663967504e+03 2.085432388663967686e+03 2.364508299595141580e+03 1.257061614372469620e+02 1.226809210526315752e+02
1.809057159377772395e-01 8.478777178796046883e+02 1.463326774483378358e+03 8.144721473495057751e+01 8.839561545372865794e+02 1.267841419586702614e+03 2.028157232704402531e+03 2.314580233602875069e+03 1.215667902066486903e+02 1.163227201257861623e+02
1.870079494254630881e-01 8.074094736842104112e+02 1.378471578947368243e+03 7.583316337719297451e+01 8.521216666666665560e+02 1.205449122807017375e+03 1.932609824561403457e+03 2.212809122807017502e+03 1.158675877192982426e+02 1.086940570175438552e+02
1.931644028143169878e-01 7.807526332337682788e+02 1.292336425090394641e+03 7.237644926112247390e+01 8.232009904103128974e+02 1.180024288633862625e+03 1.843911806319761126e+03 2.111757899701305178e+03 1.102451167269297372e+02 1.053897480742021742e+02
1.993257601852206906e-01 7.308731207289293934e+02 1.231476309794988765e+03 6.636096241457859435e+01 7.886895216400911295e+02 1.093828094153378970e+03 1.784783143507972682e+03 2.017917539863325828e+03 1.053476936218678901e+02 9.601668564920274207e+01
2.054762598507901550e-01 7.216637529959115227e+02 1.198676159593966076e+03 6.465358451994924849e+01 7.720093754405752406e+02 1.066291132102072652e+03 1.738584096997039524e+03 1.937086705202312260e+03 1.020861588890455494e+02 9.108496933596504164e+01
2.116257382464896697e-01 6.510030084235860386e+02 1.067468444979275318e+03 5.734183630832999512e+01 7.159819494584837685e+02 9.749890359673753437e+02 1.595903864152961660e+03 1.769727904800107126e+03 9.340846035566252681e+01 8.287264340152427167e+01
2.177578654451892970e-01 6.100945449943045560e+02 9.801323250221491890e+02 5.258937159853183374e+01 6.801982660422731897e+02 9.143975446146057493e+02 1.504031641564359006e+03 1.653966333375522254e+03 8.755500094924693144e+01 7.682715795468928377e+01
2.238991135097555263e-01 5.630410247223217084e+02 9.121137585094948008e+02 4.722031753851666025e+01 6.317603606831481784e+02 8.502001074883553429e+02 1.410507345037620780e+03 1.570648751940761940e+03 8.086534844141884548e+01 6.987592559417174698e+01
2.300081978121491233e-01 5.793939774153074040e+02 9.136478270788182954e+02 4.788973922094216817e+01 6.547461503364891087e+02 8.480425459108018913e+02 1.438781681304893254e+03 1.510435496749172898e+03 8.277944992585833006e+01 6.802478755560625245e+01
2.361454707693454169e-01 5.144158373461743849e+02 7.977484216158372874e+02 4.111716492776886156e+01 5.948048689138576037e+02 7.704134296415195422e+02 1.313754521134296283e+03 1.381014767255216611e+03 7.469666934189405083e+01 6.116629882289994669e+01
2.422857100963227428e-01 4.902536505667313236e+02 7.746392831614417673e+02 3.903624719187174463e+01 5.755844480751557057e+02 7.395765342591646458e+02 1.303314816705810244e+03 1.342310732155621281e+03 7.277085673440211622e+01 5.806916930460532456e+01
2.484099584913142256e-01 4.850512083414539006e+02 7.584548820892613321e+02 3.784694443091015614e+01 5.680787370882868572e+02 7.296712141882674132e+02 1.277113525628532443e+03 1.324678815045800093e+03 7.100383697135060856e+01 5.577183419411420573e+01
2.545441957051269855e-01 4.643259745058193175e+02 7.237125900609643168e+02 3.588289765379641949e+01 5.533889709957509240e+02 6.895991132458894981e+02 1.238731387400702033e+03 1.258945593940513618e+03 6.882310525586551364e+01 5.221013070386107557e+01
2.606917133414053955e-01 4.412994727592267168e+02 6.841862038664323791e+02 3.328375713971880856e+01 5.294307557117750775e+02 6.527978471001757725e+02 1.180633655536028300e+03 1.200754569420035295e+03 6.494018563268893729e+01 4.860107644991212794e+01
2.668580198415695381e-01 4.183358446341871399e+02 6.461061861711032179e+02 3.086023041185333682e+01 5.091549891176962888e+02 6.230671354428260429e+02 1.153680478821362613e+03 1.162394776494223834e+03 6.243821153524191914e+01 4.534171479993302967e+01
2.730019564931540632e-01 4.035419650760440504e+02 6.217288967570611931e+02 2.925861531343043254e+01 4.934951718033314023e+02 6.016852820471552832e+02 1.124957189989538847e+03 1.115917115957189935e+03 6.047670898044579957e+01 4.286911060593867973e+01
2.791389873202678173e-01 3.795687403993855469e+02 5.836682411674347577e+02 2.729431643625191839e+01 4.746521505376343839e+02 5.714962365591397884e+02 1.091964669738863222e+03 1.051874654377880233e+03 5.798727918586789798e+01 4.020639880952381162e+01
2.852424996643880273e-01 3.665440232801074671e+02 5.485238024175496321e+02 2.529908782271302670e+01 4.629435905088792538e+02 5.414187061632592304e+02 1.052556857185494664e+03 9.919859722429488329e+02 5.562831107297418498e+01 3.709602111625130760e+01
2.913531997893986092e-01 3.492267368421052538e+02 5.258363859649122105e+02 2.405880701754385953e+01 4.469909122807017070e+02 5.196583859649122132e+02 1.040707649122806970e+03 9.603939649122805804e+02 5.412841228070175248e+01 3.521517763157894620e+01
2.975143171497069416e-01 3.321471384115816363e+02 4.909785888242457190e+02 2.227762650520903875e+01 4.336224123934514978e+02 4.911616831281288000e+02 1.013483425788120712e+03 9.075946421323230879e+02 5.210745332160735899e+01 3.253146140576376411e+01
3.036544665973567314e-01 3.199736005707985100e+02 4.731079652331841885e+02 2.102196438995913752e+01 4.193489978595058005e+02 4.772506648504897839e+02 9.800481935525718882e+02 8.858802620483882038e+02 4.979618683920347877e+01 3.089023683271713239e+01
3.097883787544665757e-01 3.029287550956412360e+02 4.520447475697710615e+02 1.913423486986516053e+01 4.062312323612417231e+02 4.521870492317340791e+02 9.617363436814047191e+02 8.447121354656632093e+02 4.779519833803699669e+01 2.845036453433678147e+01
3.159486680635095190e-01 2.896137534798318143e+02 4.237489190309779019e+02 1.829717948528105254e+01 3.918833738079725322e+02 4.372342889296926387e+02 9.397865900610081553e+02 8.220055084996743062e+02 4.655539596043357164e+01 2.733524662382278336e+01
3.221066234444813769e-01 2.775227483751160662e+02 4.024428679201485579e+02 1.699873962685700945e+01 3.777873433147632340e+02 4.192714136490250780e+02 9.030855965645311016e+02 7.893172585886721890e+02 4.419921512302692435e+01 2.560552496808263712e+01
3.282572612915165555e-01 2.692385422418553276e+02 3.891487575924903695e+02 1.634141013252346752e+01 3.721091938155715297e+02 4.024512700165654451e+02 8.954485367200442170e+02 7.650258972943125855e+02 4.321280369961347390e+01 2.418635422418553205e+01
3.343544383171894174e-01 2.635026452140714355e+02 3.801529315516771135e+02 1.548369920916280407e+01 3.672051540769020903e+02 3.925141259885465388e+02 8.915295882192527870e+02 7.397900190891737111e+02 4.248671598036542463e+01 2.291583378783747094e+01
3.404813620364756654e-01 2.483435087181060510e+02 3.595681341719077295e+02 1.430734998977348305e+01 3.521931277803344074e+02 3.757514956281638092e+02 8.709315334662780970e+02 7.142978473180958190e+02 4.074929373114485998e+01 2.132141464692948674e+01
3.466259536752008263e-01 2.413514963156048054e+02 3.377018647551255981e+02 1.361857580580480231e+01 3.460788260063160919e+02 3.588205423830768268e+02 8.458025966213845095e+02 6.820677728206927668e+02 3.933327171788059928e+01 1.988675967467040806e+01
3.527314914776840671e-01 2.282660672741372423e+02 3.269426618844512973e+02 1.240634769411593652e+01 3.341040858860023377e+02 3.438392303218301436e+02 8.352462194649087905e+02 6.601310100814268935e+02 3.796420911690577782e+01 1.864067195376114583e+01
3.588700951741782830e-01 2.220033471837488435e+02 3.096346260387811640e+02 1.185806786703601112e+01 3.273502077562326917e+02 3.301414589104339825e+02 8.085470914127423612e+02 6.365515697137579991e+02 3.665508425669436576e+01 1.759058027469990648e+01
3.650083489029407047e-01 2.075120405576679161e+02 2.969173230128553200e+02 1.093623540195545907e+01 3.114655531414086340e+02 3.121932147383668052e+02 7.964464059388013766e+02 6.082938167662501883e+02 3.512680495201882991e+01 1.644848672596414829e+01
3.711704037116136945e-01 2.062975208387041164e+02 2.835018475552117820e+02 1.069261031623270597e+01 3.107177322333934626e+02 3.093429578069948889e+02 7.846768067371315283e+02 5.928886310904872516e+02 3.460948375870069071e+01 1.574669964337887684e+01
3.773137312255384068e-01 1.967033984490868193e+02 2.754182592482732161e+02 9.774489252722572630e+00 3.010848764778168629e+02 2.956296453239543780e+02 7.842095004025594562e+02 5.761494554854019725e+02 3.375083425145133020e+01 1.454589839611847957e+01
3.834202365329835160e-01 1.856659563132658661e+02 2.584411499528707736e+02 9.084495128273431419e+00 2.902441088479980635e+02 2.816706487439039392e+02 7.622642514651039392e+02 5.588323839186919031e+02 3.228183783451498101e+01 1.367922933486332582e+01
3.895813105051545988e-01 1.834825352989225280e+02 2.498183321015986280e+02 8.768917864366564174e+00 2.904398654167800942e+02 2.744418491578824160e+02 7.611463689758450073e+02 5.433903302345481734e+02 3.222564325722509437e+01 1.286486006845851549e+01
3.957247046642990429e-01 1.765006009149414581e+02 2.419346941149104282e+02 8.315174434946110082e+00 2.801364852291230250e+02 2.649486702333875883e+02 7.406852756454989049e+02 5.264351787237341114e+02 3.090976099092812035e+01 1.217162058036752548e+01
4.018641006880244171e-01 1.705438108484005397e+02 2.321460178610643368e+02 7.868964341922260353e+00 2.761753897957689787e+02 2.563716052997584143e+02 7.396140106873581317e+02 5.110806309933386729e+02 3.053820410292072296e+01 1.146630691384232392e+01
4.079986652309439688e-01 1.641616644177819921e+02 2.192644870719521748e+02 7.331262422048794747e+00 2.676764523540352343e+02 2.464226687575216204e+02 7.260269866160971333e+02 4.921443419277196654e+02 2.954010840231939028e+01 1.069243804930527730e+01
4.141066506702003602e-01 1.563285430255676829e+02 2.120880044647528564e+02 6.789133624298021807e+00 2.615078481984024279e+02 2.344365167951445699e+02 7.175741741951236463e+02 4.748348739056123122e+02 2.888317084655900047e+01 9.907992954061878521e+00
4.202576909860619159e-01 1.493809403181680011e+02 1.995303982166379626e+02 6.329019003107373642e+00 2.523979633194852852e+02 2.267072651737764772e+02 7.099252203870706808e+02 4.667286452528118730e+02 2.791621913736616634e+01 9.401565719255582820e+00
4.264066946730206698e-01 1.452229642821806692e+02 1.946910557039675496e+02 6.065543991787869516e+00 2.478243626529468031e+02 2.205264503149632276e+02 7.025065795982982308e+02 4.541481481481481524e+02 2.721151182348867081e+01 8.862133504831634312e+00
4.325254831734640648e-01 1.364338928008745597e+02 1.859871869071733954e+02 5.575771277450885854e+00 2.391081798012925503e+02 2.071350278126105309e+02 6.988634449053084836e+02 4.349275264460949870e+02 2.657661329217710033e+01 8.174928559371080539e+00
4.386395650806790836e-01 1.351873886544772745e+02 1.808093764650726882e+02 5.394944522581653246e+00 2.371500859509298493e+02 2.031817471479918709e+02 6.902933583372401927e+02 4.260468510704797609e+02 2.615876504141272108e+01 7.774250371151742556e+00
4.447681454847935978e-01 1.271448940298959940e+02 1.694172250689790928e+02 4.977552890300476207e+00 2.295412055425851179e+02 1.924590218610715340e+02 6.711968102847093860e+02 4.100718595555016464e+02 2.505265910675843699e+01 7.287402216427640411e+00
4.509437495939586094e-01 1.242680255331495687e+02 1.637972145655012355e+02 4.717982010735529030e+00 2.258497461192514209e+02 1.883052662120992409e+02 6.724498476715508559e+02 3.972542289278978842e+02 2.470816589293486132e+01 6.838481067749890840e+00
4.571038061189046653e-01 1.214616429252506578e+02 1.571211101158658323e+02 4.503410420699817784e+00 2.242967436216013368e+02 1.820342540957554434e+02 6.514890346441677593e+02 3.920681036724551518e+02 2.401579610794880182e+01 6.483725331561155159e+00
4.632394462505528554e-01 1.128845060067142043e+02 1.466803678939045028e+02 4.066968187304053295e+00 2.131409566351302658e+02 1.744243264989040938e+02 6.441603085203784076e+02 3.800659767499930695e+02 2.308611935743417476e+01 6.038254654163083046e+00
4.693790757792539181e-01 1.110739387565559468e+02 1.413108883304195729e+02 3.846505545236014179e+00 2.109709899475524537e+02 1.697731779938811201e+02 6.389951923076922640e+02 3.681182255244755197e+02 2.273779638330419672e+01 5.629074843613417478e+00
4.755007986458400504e-01 1.059915609574863282e+02 1.365271482405392476e+02 3.619402997452364712e+00 2.052085876545830843e+02 1.629363091131044143e+02 6.283191444190860011e+02 3.575446101586964573e+02 2.184070643808714962e+01 5.296311484926490287e+00
4.816148015649592273e-01 1.033169544476420185e+02 1.309214046822742432e+02 3.444442148894247158e+00 2.029460216224624958e+02 1.569405900806305283e+02 6.192645770138186663e+02 3.483672707474527783e+02 2.158590488968395960e+01 4.973143277980867083e+00
4.877448110253904678e-01 9.851448526260054450e+01 1.262634199843675162e+02 3.251369024356420834e+00 1.979892085423968240e+02 1.509727187917601725e+02 6.073467638234033075e+02 3.385984720506290842e+02 2.107027842212752944e+01 4.650431547994251069e+00
4.938644425720450370e-01 9.546198934937501690e+01 1.169261852518429095e+02 2.994597257833879755e+00 1.946706442148862095e+02 1.466231971598333246e+02 5.940312615566676868e+02 3.279619831858188945e+02 2.021749032321688233e+01 4.411898899188876122e+00
4.999990772533337013e-01 9.180647241461667818e+01 1.117634224982087403e+02 2.796202345056125971e+00 1.893683066634822012e+02 1.405974683544303900e+02 5.814459517554334980e+02 3.224819679961786392e+02 1.952767793169333643e+01 4.061601758418915686e+00
5.061739783630568867e-01 8.813441109616366020e+01 1.063200584496915155e+02 2.639499169353342278e+00 1.846762652502667379e+02 1.352049566266177862e+02 5.755660806234633355e+02 3.117862179338497981e+02 1.904685832908104004e+01 3.839591692953564728e+00
5.123176238977423802e-01 8.528754498979849075e+01 1.046885903578551620e+02 2.433066391474290047e+00 1.814605923752321246e+02 1.315463423580385438e+02 5.638237546136035689e+02 3.070013525595470014e+02 1.853447594048737912e+01 3.597456285390064235e+00
5.184419198367248294e-01 8.212793282981766652e+01 1.000105693600285974e+02 2.306814325337414928e+00 1.765833035395066020e+02 1.264564153557382866e+02 5.513600732928136949e+02 2.973553360743653684e+02 1.787758647658205291e+01 3.397262273194494142e+00
5.245811071337125320e-01 7.916045406318342259e+01 9.296281099105731016e+01 2.152223558993568986e+00 1.730366693372019995e+02 1.220440746595067338e+02 5.407698503778445911e+02 2.913284325401121464e+02 1.725604524392092287e+01 3.187104494619231954e+00
5.307339722686617023e-01 7.617980363760275964e+01 8.844093155002768469e+01 2.017353753141372330e+00 1.688950888103249781e+02 1.179618456361545213e+02 5.219385355880223187e+02 2.824711419687353668e+02 1.679494558504067570e+01 3.010135252055202937e+00
5.368662932732624071e-01 7.280072953255877621e+01 8.371387151081829359e+01 1.886048534179951552e+00 1.649631180761956273e+02 1.130837611456363163e+02 5.175654396940535662e+02 2.778777669237004488e+02 1.628781852098185468e+01 2.803495806746617358e+00
5.429628466927283181e-01 7.025270139546370274e+01 7.876855987321449959e+01 1.772210294632198480e+00 1.616525645247602085e+02 1.097370435928045111e+02 5.061338657226361306e+02 2.714721113077841324e+02 1.573630521137776306e+01 2.637601045054130733e+00
5.491073400914713298e-01 6.646101317698733624e+01 7.281972822463626471e+01 1.610055173732303224e+00 1.552386956351229514e+02 1.055322953841327234e+02 4.859305462959331976e+02 2.632935213145613602e+02 1.487825625514726191e+01 2.463705071767520405e+00
5.552762609626447077e-01 6.570642491782874117e+01 6.851817006048582925e+01 1.543770330095104670e+00 1.556506602874535758e+02 1.023234436081451690e+02 4.816132018593072530e+02 2.552954664799579803e+02 1.467271038761499113e+01 2.314962858830737158e+00
5.614082796802024600e-01 6.204825798581993013e+01 6.691842646946710715e+01 1.414882196052832164e+00 1.503684245635434991e+02 9.807231074178547203e+01 4.718950979644735639e+02 2.513715598078829032e+02 1.416450741404284486e+01 2.161190213558740414e+00
5.675371533509153688e-01 6.057299561599048587e+01 6.396743108188437787e+01 1.345723587968123081e+00 1.465143594887799168e+02 9.472340801010551559e+01 4.584691633229305694e+02 2.467646195571407191e+02 1.362780153997622179e+01 2.041928621684128142e+00
5.736740022558224350e-01 5.763519092317505965e+01 5.830893101248518917e+01 1.253217841520094744e+00 1.426101886448555547e+02 9.138500865761413650e+01 4.451192563565114142e+02 2.382930830219629854e+02 1.305123598833500331e+01 1.917659254533855773e+00
5.798103603643611770e-01 5.574757666470661377e+01 5.713177776589868273e+01 1.179378179513907332e+00 1.400494021845654800e+02 8.842319274424903597e+01 4.363042711284545589e+02 2.343259564156020076e+02 1.264883020616168530e+01 1.804225607392954567e+00
5.859425366486809006e-01 5.333294339490868197e+01 5.407462810350246230e+01 1.090050677445263183e+00 1.355988319307190011e+02 8.563606523029646667e+01 4.275854314348570142e+02 2.295004364982365530e+02 1.215004517756748292e+01 1.701189812349408026e+00
5.920586774162177601e-01 5.075354118618980692e+01 4.909237633816392332e+01 9.989619548380435088e-01 1.325411259509139086e+02 8.216598395924408749e+01 4.199707755326838878e+02 2.232209562493546002e+02 1.190916728339816189e+01 1.604167025231489463e+00
5.981941542880485629e-01 4.907105482073038871e+01 4.687997254804093217e+01 9.322453934780799978e-01 1.293954246734880655e+02 7.949538307961067574e+01 4.137511355128524997e+02 2.170028450212128917e+02 1.144422053073787637e+01 1.506946307503535420e+00
6.043590774859866066e-01 4.730293150281450210e+01 4.618256234454771203e+01 8.840752941320852987e-01 1.256363725618536336e+02 7.739706604267573198e+01 4.026933171881136104e+02 2.143463640528864858e+02 1.107821806682811783e+01 1.416078521812409896e+00
6.104910230252050818e-01 4.534531048387096774e+01 4.214864516129032523e+01 8.258750000000000258e-01 1.220840161290322641e+02 7.425269354838710001e+01 3.912745806451612793e+02 2.098353870967742125e+02 1.055569556451612989e+01 1.324782510080645181e+00
6.166050503334797872e-01 4.408591983556011940e+01 4.030100798482093438e+01 7.743609919756502258e-01 1.204000632461064129e+02 7.194673887263815004e+01 3.828947742904577467e+02 2.062763696734919563e+02 1.035620207130998516e+01 1.267656040003162232e+00
6.227565424953059869e-01 4.155439837910021339e+01 3.726804709205053001e+01 7.265502084644429592e-01 1.157586225421725459e+02 6.887409630232235713e+01 3.770454803604045537e+02 1.998265974919031578e+02 9.939512693978418412e+00 1.179691337357442027e+00
6.288977757446623240e-01 4.023643511055689004e+01 3.501896347212506555e+01 6.600569868875270085e-01 1.138596672648194925e+02 6.704889138964080075e+01 3.711030749110374813e+02 1.956321664284193673e+02 9.628298077800419463e+00 1.114840114510782021e+00
6.350332706002194127e-01 3.866569526320466821e+01 3.350508783363450505e+01 6.169728454468702550e-01 1.096041339574014302e+02 6.467164588085434218e+01 3.590730515152412750e+02 1.917585537814379393e+02 9.271302063275765448e+00 1.053303064919868470e+00
6.411743038514937654e-01 3.673545251543412604e+01 3.180741640760686906e+01 5.672842825503159325e-01 1.073646175401725031e+02 6.221762482303661557e+01 3.527368682224849294e+02 1.882316943240363685e+02 9.057456543631507984e+00 9.895769480566866116e-01
6.473071136295037720e-01 3.616620337287408660e+01 2.869664677719022450e+01 5.398564228419322486e-01 1.057172216664284718e+02 6.078459339717021237e+01 3.439769043875946863e+02 1.842981849364013271e+02 8.696867407460340260e+00 9.386740522724024149e-01
6.534392957951101755e-01 3.448705330742586739e+01 2.772210195432401036e+01 5.130433285636845087e-01 1.034382515276956411e+02 5.873313550730759403e+01 3.409168989890456487e+02 1.801489679254315490e+02 8.506068542141871802e+00 8.835132071752415106e-01
6.595783755518781488e-01 3.349669742227819569e+01 2.754380107872797723e+01 4.724983936296184850e-01 1.007527344659064426e+02 5.654247149173841791e+01 3.367028432969650567e+02 1.770080630809456750e+02 8.194236060726360904e+00 8.399225177620500693e-01
6.657085753353266799e-01 3.224211204779832940e+01 2.540162397009876116e+01 4.381785636032220488e-01 9.933351066732143408e+01 5.508617408741201871e+01 3.286364653243848011e+02 1.728555546461504946e+02 8.009441329732089443e+00 7.919952247708299531e-01
6.718369711955728407e-01 3.045176375916837941e+01 2.413355825550102907e+01 4.016885600941242918e-01 9.578284787082475304e+01 5.274763864703709260e+01 3.219612685346419880e+02 1.694890243258930980e+02 7.749825207113080872e+00 7.488739462957099136e-01
6.779675665423466890e-01 2.959561365458680271e+01 2.193098111124255922e+01 3.870392774343757170e-01 9.368976168881528110e+01 5.163510325065394824e+01 3.168472731574589147e+02 1.677063370006703735e+02 7.520190070586379782e+00 7.114505492790199614e-01
6.841025602423458363e-01 2.832261918379278143e+01 1.999673364598822900e+01 3.455216415811949715e-01 9.195526874340691847e+01 4.951150531894612072e+01 3.107972445698453043e+02 1.615891384196947058e+02 7.324216615192994162e+00 6.708277034004397343e-01
6.902473351098605825e-01 2.736144916387116410e+01 2.015238700279970985e+01 3.354052146915277310e-01 8.912311776426967924e+01 4.834654576638838108e+01 3.043702676116730572e+02 1.606726864579917731e+02 7.066817003808611553e+00 6.385899508474790487e-01
6.963896182979992799e-01 2.664892646732565851e+01 1.869836936426159113e+01 3.102508273350260137e-01 8.776861734907683399e+01 4.690463923879014629e+01 3.002854290433110691e+02 1.575480686272093180e+02 6.912587509552099441e+00 6.037000710244779800e-01
7.025354447064345864e-01 2.574880945168131063e+01 1.709338230839139783e+01 2.898062140260527220e-01 8.655234171463193604e+01 4.497928809451681786e+01 2.977284216903968854e+02 1.535314753105119792e+02 6.741887306876704677e+00 5.740973379279006306e-01
7.086795257259553837e-01 2.449618298993656751e+01 1.744467496542185359e+01 2.678710192281322788e-01 8.420817832784852897e+01 4.381227643439690667e+01 2.893780464539514696e+02 1.515876734869079883e+02 6.509129674011541411e+00 5.477750844332760494e-01
7.148105300560909647e-01 2.370833186454220964e+01 1.652829772983643508e+01 2.534702485341464584e-01 8.257831594284640175e+01 4.234641732468509190e+01 2.870872344425644087e+02 1.480665303628501590e+02 6.330795262267344015e+00 5.201264317041502938e-01
7.209489185367295994e-01 2.297643123296493783e+01 1.444952733085690078e+01 2.468519721142456436e-01 8.104222396007038753e+01 4.117729405540924859e+01 2.823943279702828022e+02 1.451474244706910781e+02 6.227279392315389295e+00 4.959840463382517162e-01
7.270775917581103753e-01 2.213632569931065674e+01 1.348972113029111775e+01 2.280468660983877294e-01 7.983202871304050063e+01 3.990176038284053561e+01 2.792405172904916526e+02 1.425174727966729336e+02 6.013260553751495152e+00 4.710017518372927592e-01
7.331906622449658739e-01 2.124519810099747730e+01 1.355073165152968961e+01 2.053420690564121964e-01 7.755166469551245712e+01 3.871074241849463249e+01 2.726856492535648044e+02 1.405324682569790014e+02 5.883344397830986061e+00 4.505501071815097847e-01
7.393386679216931157e-01 2.079938602049511687e+01 1.270498257478095638e+01 1.920097654969737944e-01 7.665761356435859852e+01 3.757759138680708588e+01 2.681147551729412157e+02 1.367017720191404351e+02 5.742835995367841839e+00 4.282805347603076407e-01
7.454822748005143218e-01 1.998205486246643758e+01 1.204620933567677632e+01 1.866561681187392796e-01 7.476208473059379855e+01 3.659661045276630631e+01 2.651282172933222796e+02 1.343321723940867685e+02 5.619834404416600648e+00 4.139637707432526903e-01
7.516118807450163919e-01 1.933939737958758442e+01 1.141804431517265606e+01 1.805896293509587358e-01 7.382469611085706163e+01 3.564617519754123975e+01 2.625415660792717745e+02 1.329602790569067849e+02 5.499642737501462264e+00 3.958081310950644083e-01
7.577553313207755492e-01 1.894515863622678253e+01 1.029110020140986848e+01 1.677844196586154579e-01 7.250449538522232729e+01 3.470490599142450350e+01 2.571798050269411533e+02 1.297365475856770445e+02 5.335616389468547993e+00 3.790883397052563497e-01
7.639042897236033580e-01 1.819644581283318274e+01 9.561050438078412483e+00 1.558010241944595697e-01 7.123723512433620897e+01 3.370551167353143995e+01 2.526901814969648115e+02 1.276021754984233354e+02 5.231537665499142342e+00 3.640124506327229170e-01
7.700556058884338029e-01 1.764559295436027142e+01 8.569593799354183972e+00 1.523829759660845773e-01 6.971862205635305543e+01 3.281558007826253487e+01 2.497892544940599180e+02 1.253345572332485034e+02 5.105628954621814763e+00 3.473097490544115873e-01
7.761646078124272430e-01 1.729691371079823625e+01 9.159659697464096695e+00 1.449372019583257953e-01 6.883047314037102637e+01 3.204428767095695463e+01 2.476846133703949988e+02 1.231223236046488267e+02 4.999286840091042627e+00 3.349053300677785061e-01
7.822760392858680856e-01 1.700099769724645427e+01 7.920415959252971483e+00 1.377131503022364090e-01 6.833121109224674683e+01 3.146793708408953449e+01 2.416351891965731795e+02 1.209886716234412489e+02 4.871231802392522070e+00 3.228990575542025065e-01
