nan nan nan nan nan nan nan 0.000000000000000000e+00
-5.110249185236170888e-05 nan nan nan 1.551302557345479727e-04 -2.325044042663648725e-04 nan 1.169400493381544948e-04
-1.901911164168268645e-05 nan nan -1.057860208675265312e-05 nan -2.885485082515515387e-05 -5.884540223632939160e-05 1.601515590058018583e-04
-1.146563736256211996e-04 nan 2.922000324664016282e-06 nan -7.503428787458688021e-05 4.547167918644845486e-06 -4.422942583914846182e-05 5.277675518300384283e-05
8.761951661047835693e-05 -1.932054631955300655e-05 nan -2.709111322474200279e-05 nan 5.841090266282359533e-05 1.642294713140775647e-05 1.324355253018438816e-05
-2.002612348984588307e-05 -3.700838715303689411e-06 5.382511465411100778e-05 nan -5.718999521129510558e-05 5.616025494722028122e-05 1.063869866071428442e+04 3.255455113636363603e+04
1.103575232264120132e-05 -3.342933875198165434e-06 -2.506723103579133749e-05 2.046368535957299173e-06 -6.493180262623354793e-05 9.117282226562500000e+03 1.340456835937500000e+04 1.802392013888888687e+04
-3.958428957654783897e-05 4.233654181007295847e-06 -3.810715376554677658e-05 3.360711603558489351e-05 -7.452727665870704665e-06 1.423816346153846280e+04 1.763400284090909190e+04 1.925836944444444453e+04
2.971710637211799622e-05 3.884241700039378138e-05 -3.330763138365000486e-05 6.974171600841846109e-06 1.287864508928571377e+04 1.416632552083333212e+04 1.479386057692307804e+04 1.495556249999999818e+04
-3.043004392605760705e-05 -2.190261371791936177e-06 -2.936215263188761903e-05 -5.572299869527341798e-06 9.407889062500000364e+03 1.154501484375000109e+04 1.139818750000000000e+04 1.542876369863013679e+04
-5.600351370031050724e-06 2.662696513450807845e-05 1.324425366791811991e-06 6.395281929347826008e+03 1.225919393382352973e+04 1.086783948863636397e+04 1.245126358695652198e+04 1.461091558441558482e+04
1.341267488896846602e-05 4.948729232031230843e-06 1.286695312176431922e-06 6.530456250000000182e+03 6.531853219696969973e+03 8.388659226190475238e+03 1.165132477678571377e+04 1.066133801020408100e+04
1.529540836078221625e-05 -8.636675263959460886e-06 -9.743537785570053307e-06 7.442596283783784202e+03 7.258118055555554747e+03 9.397573479729730025e+03 9.279685185185184309e+03 1.349892992424242402e+04
-2.036556391281757044e-06 -2.958944135504525122e-05 2.702523437500000000e+03 5.368467133620689310e+03 6.531852777777778101e+03 7.770064393939393995e+03 8.796353040540541770e+03 1.129242672413793116e+04
1.164150264447749546e-05 -1.279936294027027597e-05 2.184839236111111404e+03 6.024488451086956047e+03 5.991557291666666970e+03 6.764475446428570649e+03 7.592368243243243342e+03 8.504114197530863748e+03
-7.928515707378761686e-07 2.203672785846585320e-06 2.695636635638297776e+03 5.132808593750000000e+03 5.257757352941176578e+03 5.790082500000000437e+03 6.746771875000000364e+03 8.258842447916666060e+03
-1.539089084715293290e-06 -1.108882298587628044e-05 4.629619212962962592e+03 4.343066964285713766e+03 5.091832331730769511e+03 5.754404920212766228e+03 6.345351715686274474e+03 6.718996827411167033e+03
5.451263458435905192e-06 7.210162168900880739e-08 3.717164351851851734e+03 3.771859649122806786e+03 4.641894531250000000e+03 5.222785037878787989e+03 5.472966666666666242e+03 7.027239959839356743e+03
4.463026552040078265e-06 -3.325194224349355942e-06 2.941446428571428442e+03 3.589760542168674874e+03 4.509060937500000364e+03 4.929182539682539755e+03 5.226900173611110404e+03 6.190345355731225027e+03
-1.674209942121978100e-06 1.662669334715853078e-06 2.340691406250000000e+03 3.811306195175438461e+03 3.985391715116279101e+03 4.484410267857142571e+03 5.211570616883117509e+03 5.960017213114753758e+03
3.407170422047189295e-06 1.249030437394778345e-06 3.211637019230769511e+03 3.153271683673468942e+03 4.115111301369863213e+03 4.206735085227272975e+03 4.948620858433735521e+03 5.311175718849840450e+03
6.177536089948954391e-06 -7.133550892691486287e-06 3.102359550561797732e+03 3.120058388157894569e+03 3.460305074257425986e+03 4.012243822674418425e+03 4.644132352941176578e+03 5.662063660477453595e+03
-2.597221854025793173e-06 2.672126410658111447e-07 2.751834905660377444e+03 2.980671158256880972e+03 3.559122395833333030e+03 3.707182738095238619e+03 4.093500651041666515e+03 5.316398631840796043e+03
5.361929402819701734e-06 -2.043900228997345308e-06 1.978288006756756658e+03 2.914344318181817926e+03 3.138300420168066921e+03 3.631114681603773533e+03 4.283695175438596380e+03 4.922479775280899048e+03
2.087645874059987612e-06 -6.820855400802796005e-06 2.353686915887850319e+03 2.828592920353982208e+03 2.727058593750000000e+03 3.231583771008403346e+03 3.833310581140350678e+03 4.077186066513761489e+03
-9.172234494029216721e-06 4.924373934045434125e-07 2.214638835877862675e+03 2.488451727642276637e+03 2.593015054744525514e+03 2.794557655038759549e+03 3.594986816406250000e+03 3.989509704251386211e+03
-1.781614830381133302e-06 -4.273951016066055281e-06 1.985101212686567123e+03 2.200899006622516481e+03 2.569707093253968196e+03 2.894773271276595551e+03 3.092697150735294144e+03 3.878745871559633088e+03
-3.334762269672684830e-06 -9.253401458408916369e-07 1.397766076589595286e+03 2.110109492481202778e+03 2.370637019230769056e+03 2.821660267857142571e+03 3.040965874233128943e+03 3.734192307692307622e+03
1.092794714152912562e-06 -1.110056681292397738e-06 1.906618303571428442e+03 1.941000376506024168e+03 2.258098214285714221e+03 2.411739324534161369e+03 2.874364442567567949e+03 3.468152331189710367e+03
-1.269261614301702075e-06 -9.601005350556619856e-07 1.699208143939393949e+03 1.977391092814371405e+03 2.008092696629213378e+03 2.335043162983425191e+03 2.779861476608186877e+03 3.264935805991440702e+03
-1.780357972786920863e-06 -1.367497110388276020e-06 1.614089864864864921e+03 1.749316236413043498e+03 1.957287142857142953e+03 2.317753048780487916e+03 2.562777083333333394e+03 3.218683035714285779e+03
-8.062256455651661823e-07 -6.584782623780929019e-06 1.258970451732673382e+03 1.954591299019607732e+03 1.836437195121951163e+03 2.256998475609756042e+03 2.402749234068627629e+03 3.062449999999999818e+03
-1.294998244434853240e-06 4.840552455921104161e-06 1.519998792270531339e+03 1.661723011363636488e+03 1.897562187499999936e+03 2.057647885101010161e+03 2.366701423267326845e+03 2.785046125461254633e+03
1.540276382191034071e-06 1.821213477659364010e-06 1.469481010765550081e+03 1.562868459302325618e+03 1.714941472457627015e+03 2.026560951576576599e+03 2.521091960352423030e+03 2.756592497136311522e+03
-1.432350698924628923e-06 4.507513201651902780e-07 1.420412444933920824e+03 1.568763197211155330e+03 1.688294622093023236e+03 1.906205302254098569e+03 2.149097132034632068e+03 2.581899413020277734e+03
-1.447403146961673438e-06 3.115242262455550030e-06 1.036976128472222172e+03 1.430141267123287662e+03 1.606042757220216572e+03 1.812185958520179383e+03 2.108556862745097987e+03 2.418154463390170349e+03
2.387412190365951021e-06 2.769554056511777641e-06 1.185482003348214221e+03 1.311519557823129162e+03 1.544688864628820966e+03 1.631578675176056322e+03 1.943414396887159455e+03 2.253152926829268381e+03
4.277305521712254569e-07 8.570219506509602917e-07 1.166532979704797071e+03 1.299600981404958702e+03 1.509464285714285779e+03 1.746683258928571377e+03 1.881960400763358621e+03 2.365644724977456917e+03
-2.579878235016675531e-06 2.572333905845880542e-06 1.050140876205787663e+03 1.179890166938110724e+03 1.350038231382978665e+03 1.502825206043956086e+03 1.742828443877550853e+03 2.213810344827586050e+03
-1.221828534382215841e-06 -8.012274472428926124e-07 9.092172330097088206e+02 1.194751628664495229e+03 1.330114820846905559e+03 1.510682936507936574e+03 1.712212540064102541e+03 1.991121261115602238e+03
-4.736727562384091889e-06 4.161035198058863437e-07 1.099591194968553509e+03 1.187397622699386602e+03 1.323876397763578325e+03 1.430037314967105203e+03 1.691289423076923185e+03 1.999098508634222981e+03
1.213271662350920461e-06 -5.476800915228683071e-07 1.057285215256797528e+03 1.164227436102236425e+03 1.247952903682719580e+03 1.374987676056338159e+03 1.623704613095238074e+03 1.986425226586102781e+03
-1.982635642577718178e-06 1.188192051580868913e-06 9.433071712427745297e+02 1.050854434447300719e+03 1.222060677842565610e+03 1.323538639601139721e+03 1.589362255586592255e+03 1.836787166900420743e+03
1.276770776301270852e-06 -1.266379238290408982e-06 8.068078087167070862e+02 9.701684027777777146e+02 1.140518261964735530e+03 1.298978632478632562e+03 1.468655283505154557e+03 1.772471283783783974e+03
-5.671220971450725460e-07 -5.612774256961261765e-07 9.484445028011205068e+02 9.935452402676398833e+02 1.083245052083333348e+03 1.242305564024390151e+03 1.397399801587301454e+03 1.704874119154388154e+03
1.162628599238927853e-06 2.215816459844811304e-06 9.112393552311435769e+02 9.579973890339425679e+02 1.037439200680272052e+03 1.189786810776942275e+03 1.394032745591939602e+03 1.621402625152625205e+03
4.570789834750550179e-07 2.350582521690111208e-06 7.230591833726414279e+02 9.370669431279621904e+02 9.936375932835820777e+02 1.209214327146171627e+03 1.358201405867970607e+03 1.549066784869976345e+03
-2.703631154532209569e-08 1.320282592334681187e-06 6.903379680616740188e+02 8.590932146680942196e+02 9.745657376126125655e+02 1.110757310779816635e+03 1.273468887665198281e+03 1.516669296788482825e+03
7.777090403856287483e-07 -3.362074494361877441e-07 7.612320054945055290e+02 8.600082310267856656e+02 9.132491847826087223e+02 1.090985147849462464e+03 1.222717786343612488e+03 1.525454670329670307e+03
-9.141749687552214661e-07 -2.480836210216020812e-06 7.777615591397849357e+02 7.848707146624471989e+02 9.425949280753967514e+02 1.038781440162271792e+03 1.231655601659751028e+03 1.420737294865007925e+03
2.499958213775244076e-07 -9.083698387257754379e-07 6.493247282608695059e+02 7.812466085271317979e+02 8.765446147798742231e+02 9.753821428571429806e+02 1.143444985029939971e+03 1.394857709469509018e+03
-3.225517649534982981e-07 1.783888866557689917e-06 6.207264680483592656e+02 7.679486336032388181e+02 8.158305890538033509e+02 9.707341040462428055e+02 1.127214902052238813e+03 1.304869261713203969e+03
3.698704930522956067e-07 -6.903998534350345179e-07 6.926868069556451246e+02 7.304443426724137680e+02 7.991594114785992815e+02 9.053960622710623056e+02 1.071373469868173288e+03 1.319832753017641608e+03
-1.087885092550176824e-06 6.875289491964158914e-07 6.862939453125000000e+02 7.241799508426965986e+02 8.025152083333333621e+02 8.848837907375642544e+02 1.057466406249999864e+03 1.210341681574239828e+03
1.130857369175315797e-06 -1.179558580976500867e-06 5.731898398502495411e+02 6.987395475986277233e+02 8.224715501792114765e+02 8.734470281306714696e+02 1.018735420240137159e+03 1.220002603036876280e+03
-6.179295720013866567e-07 -5.379328545781651319e-07 5.467640347334411217e+02 7.023783500000000686e+02 7.584829263245032962e+02 8.574238123993558247e+02 1.006244076797385674e+03 1.152906136820925440e+03
-1.767222280053040333e-07 -5.406930210170638557e-08 6.007347875412541498e+02 6.542707479508196684e+02 7.297009784345048047e+02 8.325541766347687371e+02 1.000543145161290340e+03 1.137736729277256018e+03
4.103051072804674962e-07 1.741865550458526222e-06 6.131712229520865094e+02 6.357241242038217024e+02 7.002755724474474164e+02 7.709304897314375467e+02 9.370135135135135442e+02 1.098405654988575861e+03
-8.676183995084906059e-07 2.166037894250327428e-07 5.120518989675516650e+02 5.997895803949223819e+02 6.733686917701862740e+02 7.579931850789096188e+02 9.246777656477438541e+02 1.082895015105740185e+03
6.915358461943385573e-07 4.813632068152610590e-07 4.808492820945946278e+02 6.142362189440993916e+02 6.529565104166666742e+02 7.669820696721311606e+02 8.223445945945945823e+02 1.031702978339350011e+03
7.512173395837217524e-07 3.412181207191521915e-07 5.467916199551569889e+02 5.979233099489795222e+02 6.677943490701001110e+02 7.215770559210526471e+02 8.754176657263751622e+02 1.029783620689654981e+03
-1.078276667089512825e-06 -8.714103148414503317e-07 5.249320799457995008e+02 5.633712284482758150e+02 6.125574769433465008e+02 7.042298096707818331e+02 8.237255102040816155e+02 9.783169417312226415e+02
3.232034815407988891e-07 -8.279311253964526137e-08 4.493771662387676429e+02 5.458750791139240164e+02 6.307112533692722991e+02 6.948688344594595492e+02 8.115867197659298427e+02 9.359348287112561593e+02
1.361485862848805332e-06 -5.966453471764010647e-07 4.286377737226277418e+02 5.430045540201004997e+02 5.906638597033373799e+02 6.738063186813186576e+02 7.746864130434782965e+02 9.504289571120024220e+02
2.590124631326680463e-07 1.514241249684578027e-06 4.965663964105793298e+02 5.284789072229140174e+02 6.020041743259803297e+02 6.811797474424553229e+02 7.617122347066167549e+02 8.873960018668326484e+02
-3.157981636357200535e-07 1.860071000212296136e-06 4.619750381097560989e+02 5.219299911660776843e+02 5.553714430894308407e+02 6.505098684210526017e+02 7.569561403508772628e+02 8.812797619047620401e+02
-4.522466373270038652e-07 -4.336641188190382859e-07 3.954207317073170884e+02 4.911666902604756615e+02 5.471540856622114006e+02 6.108808616647127110e+02 7.404513651877132361e+02 8.438095517140345692e+02
1.574191159454945749e-06 -4.067228081807632897e-07 3.983342139175258012e+02 4.851054132109005081e+02 5.264246811902231684e+02 6.180236525229357767e+02 6.935471698113207140e+02 8.348392309835609240e+02
4.283915535670782965e-07 8.960719908116126981e-07 4.510796639629200513e+02 4.598793904958677672e+02 5.274923455056180046e+02 5.791934183142560641e+02 6.639285813053097627e+02 8.085726940762780259e+02
-5.936086223379748914e-07 1.095800759828635238e-06 4.059027041357370535e+02 4.634992599569429217e+02 5.109985391260163397e+02 5.896180555555556566e+02 6.761599576271186152e+02 7.872411856881692529e+02
1.172883624329845980e-06 1.485622283211680106e-07 3.750496011964107197e+02 4.462546651329244014e+02 4.987433823529411825e+02 5.271999746707193708e+02 6.170253642039542683e+02 7.798073623559538419e+02
7.511168496759406795e-08 -4.380122417334965110e-07 3.705816231343283107e+02 4.337020812562312813e+02 4.745384708737863662e+02 5.449549825174825628e+02 6.442547700587083455e+02 7.511530047774704144e+02
-1.195342644251800572e-06 4.694355468554993491e-07 3.963016518737672982e+02 4.215241036821705620e+02 4.777492355675146314e+02 5.264949029126213418e+02 6.228864593657085607e+02 7.361306278899975268e+02
6.474615186851648481e-07 4.047923468056865166e-07 3.702810714285714084e+02 4.180127238454288090e+02 4.585874884579870354e+02 5.021230414746543715e+02 5.940873034227566905e+02 7.107239740319962493e+02
3.400669038828900117e-07 -4.693935469142607299e-07 3.469156307550644556e+02 4.036381183155079952e+02 4.420313385269121795e+02 5.097088414634146147e+02 5.842486449864497899e+02 6.956644107351226012e+02
-2.995146243301940941e-07 7.859750382767172474e-07 3.352992233417296575e+02 3.949238114947966096e+02 4.289473852040816269e+02 4.882512265834076857e+02 5.653754969081271611e+02 6.755377369007803736e+02
5.991009567513715723e-07 5.360772756475104007e-07 3.668243181818181711e+02 3.916379795663052619e+02 4.279320185352622161e+02 4.784784558180227805e+02 5.531321160635480965e+02 6.498975010817827069e+02
9.597514645123757535e-07 6.048706625709979413e-07 3.262872203098106638e+02 3.907403590425531661e+02 4.152447095435684332e+02 4.664774746192892962e+02 5.345422210300429242e+02 6.346611897717666579e+02
-7.273581658218349714e-07 1.107155438360137754e-06 3.219895234182415606e+02 3.816750302907915966e+02 4.128412097798475884e+02 4.482495881383854908e+02 5.208729321753514796e+02 6.239105619146722574e+02
2.634578233218600615e-08 -1.637544215218851530e-07 3.050956057007125537e+02 3.651430934446254355e+02 3.950441468253968083e+02 4.368321544058205177e+02 5.068829936051158711e+02 6.073108813491267028e+02
2.295539310024473494e-07 8.867108318732079865e-07 3.448087233412322234e+02 3.576972640955364113e+02 3.927164585012087059e+02 4.340841061562746859e+02 4.924469575660527880e+02 5.993046704927764949e+02
-7.770454410918945175e-07 4.370447134980909994e-07 2.950845530835284762e+02 3.431151737189440496e+02 3.789943849507202458e+02 4.167045019157088177e+02 5.011662726928895495e+02 5.794282310331681174e+02
9.622062528367220892e-08 -4.643877877994833339e-07 2.859606343283581964e+02 3.420197790449037711e+02 3.690658874045801667e+02 4.144580128205128062e+02 4.798112416107381932e+02 5.535632451564828216e+02
-3.523351535845624613e-07 3.493651865276792039e-07 2.803720146048109996e+02 3.289046996124030784e+02 3.548603199718706378e+02 4.093822024260803687e+02 4.599319494584837571e+02 5.465260407115349608e+02
-3.177245810268937825e-07 -8.415618901165260579e-07 2.995759818007662716e+02 3.174812244550408877e+02 3.444969421793921356e+02 3.975984979281767551e+02 4.560955350686912197e+02 5.390920934006491052e+02
-2.863697991428252147e-07 -5.388752889417451791e-07 2.724703844142259186e+02 3.190951522435897800e+02 3.443310130331753385e+02 3.946038461538461775e+02 4.479314362439362185e+02 5.180143841515933900e+02
1.601075720017233176e-07 6.665906811138047502e-08 2.681748921698739423e+02 3.013709827469553488e+02 3.415339469178082368e+02 3.734674488355681206e+02 4.368074186991869965e+02 5.226449226630800240e+02
-4.525292954187737243e-08 1.140881856828534957e-07 2.588629327563249376e+02 3.061977994705492847e+02 3.344920221560846585e+02 3.604782626295336740e+02 4.122753569057104528e+02 5.049429824561403848e+02
6.469978481427466895e-07 -5.983856369920903557e-07 2.794148848684210407e+02 2.927196035976015764e+02 3.235991227333781239e+02 3.668711066931742835e+02 4.168096421471173016e+02 4.823667270332564954e+02
-8.964163313536988907e-07 -1.099865403843796635e-07 2.510113201530612059e+02 2.896376422250316409e+02 3.155066840811309135e+02 3.518894440974390818e+02 3.966555022040301992e+02 4.740660703075957940e+02
-1.533022615203117186e-07 -3.465715280254951816e-10 2.441118502475247567e+02 2.765538279339853034e+02 3.028505624207857636e+02 3.419767459826946379e+02 3.971061569478908382e+02 4.654913469068128506e+02
-5.769043773565814220e-07 7.101134507605630249e-07 2.368920321637426980e+02 2.771025730721393074e+02 3.040981061724748997e+02 3.356106376262626441e+02 3.826089743589743648e+02 4.551238890591479844e+02
-1.499698237321239600e-07 7.716282464107387947e-08 2.519844234345939071e+02 2.762950109649123078e+02 2.929799828980099505e+02 3.322526473955351776e+02 3.686823832625834143e+02 4.451901611472501941e+02
6.717484748903983738e-08 -8.939224092371621086e-08 2.289673825845974022e+02 2.642581440526000733e+02 2.884229741136747407e+02 3.217660133136094487e+02 3.724477699530516475e+02 4.299265387400434406e+02
-1.721434342986072192e-07 3.135691367459754156e-07 2.308245586158192282e+02 2.567551063234471371e+02 2.757180611948955971e+02 3.139603083952027305e+02 3.645028653295128720e+02 4.369601294636505600e+02
-1.928097295011718590e-07 -1.678725852212014503e-07 2.239568715469613380e+02 2.528370060257847456e+02 2.814797681843420492e+02 3.110298050139276143e+02 3.528529064927857917e+02 4.078968116143373095e+02
-5.922611680854531961e-08 4.426938019837369441e-07 2.310188530219780318e+02 2.467511945983379746e+02 2.684728124999999750e+02 3.014635474472808028e+02 3.341715052283984733e+02 4.018611651835372527e+02
-3.131021747915701457e-07 -6.118984697582004447e-07 2.176718321448162499e+02 2.384503196409140457e+02 2.708329035585353495e+02 2.936251644736842081e+02 3.415749000000000137e+02 4.004199556987514939e+02
1.906076563956917637e-07 -4.065358710188166683e-07 2.086861222769709627e+02 2.426460201793721865e+02 2.635204594888526231e+02 2.861713505594032654e+02 3.272297297297297405e+02 3.804511632440862741e+02
-3.021740912824385593e-07 -8.350117208099100373e-08 2.086745127855014914e+02 2.368961600865332855e+02 2.589047363773965458e+02 2.855278028350515456e+02 3.205792139907073306e+02 3.751638609391124533e+02
-8.651233258951109590e-08 4.092067525949581323e-07 2.145119808306709501e+02 2.325917152575315754e+02 2.461104537133890915e+02 2.781897077114427930e+02 3.144544475418144884e+02 3.727680088776157277e+02
1.399275570728643037e-07 6.302421466376186755e-07 2.000631690997566920e+02 2.331965844889573702e+02 2.380141816674561710e+02 2.763135095447871095e+02 3.027625372393247289e+02 3.625241182253901684e+02
5.928773704220060430e-07 -1.053871829833573690e-07 1.973826659451659395e+02 2.251289174641148350e+02 2.324330862450787265e+02 2.646091211225997313e+02 2.986970240993184120e+02 3.533523746062515443e+02
-1.366496721603209409e-07 4.428268524936717834e-07 1.906262682869277967e+02 2.138514633286318656e+02 2.347187648456057047e+02 2.574580184222957087e+02 2.953091232227488376e+02 3.366024484536082468e+02
-2.215091617960095124e-07 5.866061586083976761e-08 1.925867778299671329e+02 2.144287104766399352e+02 2.279655504908836008e+02 2.523698590573012837e+02 2.841809319038642911e+02 3.333239515652687714e+02
-2.286197920130868228e-07 -1.697790249317815405e-07 1.867398998618784560e+02 2.084473251385041408e+02 2.189230206927575466e+02 2.498344939647168133e+02 2.834950798470535460e+02 3.300689754192511032e+02
-2.621932689921497453e-07 3.845503656701921478e-07 1.786308893146979244e+02 2.094575231992929787e+02 2.197722267066420727e+02 2.479185723801065819e+02 2.720612828351449366e+02 3.226970807033363258e+02
-2.731562703164345827e-07 -5.126799234971706413e-08 1.808339711782094810e+02 1.990252074921489509e+02 2.151695504527813796e+02 2.394927681352914988e+02 2.703365197140381042e+02 3.203698720052510680e+02
-8.008249602909276939e-10 3.797571049919395162e-07 1.742133640291041274e+02 1.968855769230769113e+02 2.115426754775655240e+02 2.320863108049935590e+02 2.650575410017730178e+02 3.061130512709102618e+02
9.713253350254941250e-08 6.127567253525879404e-08 1.741705447903430581e+02 1.973557702673566325e+02 2.072033616455178162e+02 2.283380801687763721e+02 2.559526035065483711e+02 2.986511899702507549e+02
2.110077524064893177e-08 -8.189134625101227641e-07 1.713543825113965795e+02 1.980417527904092481e+02 2.071993377305877289e+02 2.255984993614304130e+02 2.560323889819857754e+02 2.956624463743852971e+02
-2.463654400094232721e-07 -1.088449532600841212e-07 1.675038190215184670e+02 1.863004430124848909e+02 1.981659745150639935e+02 2.177887550200803446e+02 2.489884193417310030e+02 2.831074811083123564e+02
4.223568917550365695e-07 -2.251025334561870646e-07 1.657790430790960272e+02 1.833311102642276467e+02 1.959163905622490063e+02 2.175746009005321184e+02 2.408336534573392385e+02 2.807686574731292239e+02
-4.130324975461339079e-07 -3.626653846943364140e-08 1.617148736407571619e+02 1.801098685525789733e+02 1.919151198762567674e+02 2.141548573103987394e+02 2.373257202052091657e+02 2.723290360967869788e+02
9.312905570783564293e-08 -3.930971026420593539e-07 1.594547314208702176e+02 1.796106681852695601e+02 1.876347438197767019e+02 2.045249424405218690e+02 2.323641724671307145e+02 2.699936121636063149e+02
7.683049592065066128e-08 -2.873754638754592434e-07 1.520989104450165428e+02 1.731872557639703132e+02 1.864417337200598865e+02 2.022576840250587225e+02 2.268025654400607038e+02 2.631168009478673184e+02
-4.936438567146078992e-07 3.488672205135909635e-07 1.564370569121701351e+02 1.675865174672489104e+02 1.797703737162419202e+02 2.014595669874167072e+02 2.231477916194790510e+02 2.644714895635673884e+02
4.638589348699619407e-07 -3.309704362005102730e-07 1.540761711629602644e+02 1.636424143048640474e+02 1.818764112903225794e+02 1.969023624953857450e+02 2.188476851851851848e+02 2.516107113392611723e+02
-5.118887887453508876e-07 -4.049249812260280736e-08 1.496725816582914490e+02 1.644163602941176521e+02 1.763520396215811274e+02 1.938618647912885535e+02 2.132450154770575637e+02 2.474067480193060646e+02
7.982685174187321745e-08 3.220481414712877901e-08 1.445693513054363279e+02 1.615266331434674214e+02 1.681347697835344377e+02 1.869423214285714323e+02 2.084031394933999195e+02 2.428836900760657898e+02
2.146987223694788484e-07 2.689786018444257513e-07 1.420445960125918248e+02 1.586964378914404961e+02 1.728405330882353041e+02 1.821377425044091751e+02 2.038163323405746326e+02 2.374469497187060654e+02
-2.856404722363028432e-07 2.584060034247512910e-07 1.403185821416114436e+02 1.559937720848056415e+02 1.637814520244981225e+02 1.793341542119565304e+02 2.006676430048242707e+02 2.334719762090822428e+02
4.509830770702029349e-08 -3.507645431392151203e-07 1.391730736447323409e+02 1.546026314704912750e+02 1.610911777583187359e+02 1.726995241769547249e+02 1.997629831932773072e+02 2.304693921050387928e+02
8.647764656259797481e-08 -2.612591491090111103e-07 1.354386864543114370e+02 1.502433310533515680e+02 1.599643103308465584e+02 1.753999415106951858e+02 1.938194121554300864e+02 2.240351416465896648e+02
1.388630572230184934e-07 1.253109595771612752e-07 1.314278339564921794e+02 1.495522738209817248e+02 1.582589106004696475e+02 1.675848682056319774e+02 1.912682300298309315e+02 2.195343569040045963e+02
-2.522776109496286407e-07 1.321184807245632457e-07 1.326504817033678876e+02 1.438684188877920462e+02 1.543596311475409948e+02 1.636491019652061709e+02 1.850625200706486737e+02 2.114046906591185007e+02
-8.110262646359389205e-08 -1.113511347955115978e-07 1.333375874681933908e+02 1.423841858789625121e+02 1.515991803278688508e+02 1.640489573346116856e+02 1.859616324535679439e+02 2.114842423514336076e+02
-1.202584979565519980e-07 4.859292763104288452e-08 1.265867624223602519e+02 1.394168850184956909e+02 1.477289609688367875e+02 1.569136367237008756e+02 1.801169708872458557e+02 2.047287126400996158e+02
-4.050491121632287005e-08 -2.488677059665582072e-07 1.260614528389698989e+02 1.398064516129032313e+02 1.463579977498448272e+02 1.569370782208588935e+02 1.746249804626445723e+02 2.022896074171774501e+02
9.996445137103963511e-08 -3.764272128691805637e-09 1.241720566860465027e+02 1.360940813389881896e+02 1.414287788519184517e+02 1.578488098847786603e+02 1.713666879315520930e+02 1.975912710450477903e+02
-4.288277095311458633e-08 -8.559432080383505586e-09 1.217250037224538488e+02 1.328697717231222271e+02 1.385681171129578217e+02 1.513051657211107965e+02 1.641583008690440693e+02 1.928411894437799106e+02
-6.773255088112570301e-08 1.040978396956055140e-07 1.165087288500143359e+02 1.303184894271145708e+02 1.384917598165663435e+02 1.484381886539607081e+02 1.638378723714953082e+02 1.873129763931029288e+02
-1.766155499615063298e-07 6.097674600423977952e-09 1.181123516376201934e+02 1.285293389014722720e+02 1.334366923641703409e+02 1.464826077523864569e+02 1.620211602731764060e+02 1.872901267920178725e+02
2.079355788720149874e-07 1.670625304919700311e-07 1.170582994434931408e+02 1.256070596797671186e+02 1.312491504344170323e+02 1.410405433866891372e+02 1.570555238367113873e+02 1.803329593217924014e+02
-3.986937046346700561e-07 -2.123131245424516287e-07 1.132204259776536190e+02 1.245540043441704086e+02 1.292498115848406712e+02 1.391014205364868701e+02 1.539523446367763881e+02 1.745637472674705748e+02
1.042418133185762362e-07 2.683583586386449238e-07 1.066708108388704233e+02 1.230444548351344025e+02 1.279283517729521833e+02 1.354323745200219378e+02 1.527441260049903065e+02 1.717076027444729505e+02
4.853284586967422606e-08 2.501917989131542480e-07 1.079648713935764874e+02 1.196281643404488335e+02 1.243087740384615358e+02 1.343803326474622963e+02 1.477365263302249048e+02 1.685035911226087819e+02
-1.678335199247284421e-07 8.333782300162166578e-08 1.077758943144722537e+02 1.177310954670329721e+02 1.237630124598070722e+02 1.296023322147650845e+02 1.432861912751677664e+02 1.650449813496100546e+02
-1.493878507731581474e-07 -1.993081738764177834e-07 1.073123335552596416e+02 1.169587638853009537e+02 1.199412066299085495e+02 1.280942708333333542e+02 1.429069606028556336e+02 1.633845322784389396e+02
5.858117986430741105e-08 -1.464056432397173348e-07 9.989856830289193113e+01 1.135240982166981780e+02 1.179323579979622991e+02 1.262624898867313874e+02 1.404501884585391167e+02 1.586643981633322653e+02
2.010506078482103448e-07 -2.315734636905150134e-07 1.030328062583222248e+02 1.115347222222222143e+02 1.165896696122395184e+02 1.250817765797392127e+02 1.385229714769471343e+02 1.555231990231990267e+02
-1.301356647254912303e-07 -2.411119334330661122e-08 1.012032559025133338e+02 1.099929547810313579e+02 1.144454112923621665e+02 1.220843838208878651e+02 1.340985343061956030e+02 1.516782499841541210e+02
-2.221891745569457898e-08 7.433600102166186347e-08 9.893469531249999704e+01 1.079802802524127685e+02 1.095960707019328595e+02 1.207875771216318128e+02 1.345607263937720006e+02 1.501859485954879858e+02
-2.587939300238670776e-07 -3.695856296703011531e-07 9.264995101640950281e+01 1.088641987735381491e+02 1.100484550561797761e+02 1.167163484996340514e+02 1.326415007374631330e+02 1.468368574946137244e+02
1.313283556020257163e-07 9.807445523064809531e-08 9.793776131333004287e+01 1.038323696319018410e+02 1.072116351815505340e+02 1.176534473094170323e+02 1.277866568914955963e+02 1.452564435350882661e+02
7.178818554495570978e-08 -1.791036455581886734e-07 9.544496855345911968e+01 1.046659558114299529e+02 1.064503449096098961e+02 1.134483816312222473e+02 1.249297082628654181e+02 1.409176900497214433e+02
-1.490872921635654674e-07 1.767890828889377470e-07 9.330941193853426796e+01 1.022891753027480206e+02 1.043059063781046518e+02 1.099082753240518429e+02 1.218613027836753986e+02 1.406925206931459513e+02
-2.294711055644606262e-07 8.226707100018410811e-08 8.760770610339331199e+01 1.000502971902017322e+02 1.012400200458190085e+02 1.092568977219074640e+02 1.189058366210257702e+02 1.367145648469177956e+02
-8.830661927157408115e-08 -7.573222570274786117e-08 9.044474529873839685e+01 9.705706275487086998e+01 1.002005772855796408e+02 1.082984311050477402e+02 1.181378586424072807e+02 1.329694446048149814e+02
3.082118120663633774e-08 -3.665626147327240784e-08 9.098542896888484677e+01 9.633008887614678883e+01 9.793186521252796695e+01 1.065617360635138198e+02 1.162206504343849929e+02 1.312699870415234500e+02
2.094230863853645509e-07 -7.121959677058364490e-09 8.809045423881268277e+01 9.656801387315968555e+01 9.695678510273972961e+01 1.032047636424882171e+02 1.138084517045454476e+02 1.279679947931405337e+02
5.360687878833202117e-08 8.090862308955669658e-08 8.304180659546355514e+01 9.420244535369067762e+01 9.568711411245865861e+01 1.030154815229563354e+02 1.121187857457105252e+02 1.253654461674300507e+02
3.318317788922301672e-08 2.485124389765616452e-07 8.605022959744830757e+01 9.296926172825847345e+01 9.504299132947976148e+01 9.958981224111619213e+01 1.096288812596514362e+02 1.232500552455665428e+02
-1.249982131344555190e-07 1.412547427808187080e-07 8.510319546834344351e+01 9.015146262188515891e+01 9.277432607090102579e+01 9.971362704918033160e+01 1.069462641832584069e+02 1.195208221602488408e+02
-1.452461580461701710e-07 1.892850369862888319e-07 8.178940246516611978e+01 8.836787062277207383e+01 9.206702249022164608e+01 9.726433547695604886e+01 1.052182703581325853e+02 1.162079764453961417e+02
6.438098063984990547e-09 -1.076690329137773499e-07 7.712538815923437596e+01 8.567240535248041056e+01 8.853576604554865526e+01 9.392757003171246311e+01 1.018766930911381792e+02 1.156000790930661708e+02
1.860050399707548936e-08 -1.552417265139482191e-07 8.122241148068668792e+01 8.550001893939393938e+01 8.808460285078423624e+01 9.348620273218367061e+01 1.002462591240875867e+02 1.122747298637573721e+02
3.530610596619977824e-08 2.539368650967328825e-08 7.932400941444237219e+01 8.240241552270326508e+01 8.493653943377148607e+01 9.181079533889680988e+01 9.928346031828583307e+01 1.113143244210418601e+02
8.560016213618602763e-08 1.763946747778354584e-07 7.639900389454763285e+01 8.296866937884500715e+01 8.377451442699836548e+01 8.849648221242567558e+01 9.733922101449275033e+01 1.080648661591974644e+02
6.630679764688356588e-08 1.391885573413672720e-07 7.328766552170449700e+01 8.208213100744018220e+01 8.318691025898414182e+01 8.685964151130504263e+01 9.637489377124575185e+01 1.059574095390620982e+02
1.767972479710011830e-07 3.950759712132109620e-07 7.600656118776244341e+01 7.900563849277084216e+01 8.262989734179726042e+01 8.752541044776118895e+01 9.306729533320151404e+01 1.055592671335667916e+02
-6.993807422605462210e-08 -1.344376214918815756e-08 7.531044271342058494e+01 7.851278129913522719e+01 7.959823656429942673e+01 8.442229333593901686e+01 9.227381360078278760e+01 1.024237669245647879e+02
7.640110250658568606e-09 1.581635701009885499e-07 6.941074709864602710e+01 7.771227589641434008e+01 7.948398284313725526e+01 8.328862814166032535e+01 9.095578284530918722e+01 9.929187988799846210e+01
-2.007029382240009143e-07 2.841178808882382397e-08 6.831887045959969385e+01 7.601686199183038184e+01 7.799074638768999534e+01 8.149658346371992934e+01 8.945271759519789612e+01 1.000323054507237401e+02
5.666356523414840201e-08 -2.155096242389339536e-07 7.340673299845440170e+01 7.582852002214430343e+01 7.573298604473332318e+01 7.970336972544683363e+01 8.614403414494960032e+01 9.743415451552210982e+01
1.712312473616032646e-07 2.543165943917124343e-08 7.016460043851465400e+01 7.326221981540780348e+01 7.510923217550273989e+01 7.904051832680470113e+01 8.612988117427772750e+01 9.483494977084393440e+01
2.200142919276085023e-08 1.140146350604503244e-07 6.692413080226607747e+01 7.200569954128440031e+01 7.324957008737683850e+01 7.808837763986662139e+01 8.391500461680516310e+01 9.440123640868009147e+01
-1.382387378346372786e-07 -7.511511759765941541e-08 6.527395419226598960e+01 7.174012773886494188e+01 7.323462499999999409e+01 7.633832011535687911e+01 8.149142300414489171e+01 9.151697789031062769e+01
-2.009332998978956241e-07 1.438492025300287737e-07 6.629064803163760189e+01 6.931714688238501765e+01 7.145706686930091678e+01 7.495427649580445006e+01 8.108860360360360175e+01 9.144415170292641903e+01
7.065215979963811603e-08 1.594589428542484637e-08 6.626368999821555406e+01 6.949962181882897028e+01 7.051041301489921409e+01 7.348293485793486468e+01 7.935016607617360762e+01 8.827193176783340789e+01
-8.693815006995009391e-08 -5.009819951339246976e-08 6.250122430604356794e+01 6.763121783876499649e+01 6.873064040728831969e+01 7.273715406310594744e+01 7.810809390329362145e+01 8.660408778343560243e+01
-6.472673234043233708e-08 -2.588708836206069733e-07 6.191089463053358344e+01 6.707937510989977170e+01 6.683111566018423844e+01 7.040342402733965343e+01 7.680188901249357514e+01 8.351114663534733040e+01
-4.850974085128152434e-08 -6.908535603129525405e-08 6.331166754293726484e+01 6.541178924467725153e+01 6.654028425781925193e+01 7.020848447781338564e+01 7.487038819204151707e+01 8.431420571575695533e+01
1.108419805748597954e-07 1.246821422342460781e-07 6.112301300578035068e+01 6.464626377410468194e+01 6.427840625000000330e+01 6.858737429691494469e+01 7.369269159194722363e+01 8.257638038752163823e+01
4.969152605346030611e-08 -4.821287127076033333e-08 5.906903913115569793e+01 6.340258261908686421e+01 6.489248511904762040e+01 6.693214747331553838e+01 7.201136268431635301e+01 8.075890668494744773e+01
-5.075861313138195413e-08 -5.326283595399552228e-08 5.897074238056012518e+01 6.190595997679813678e+01 6.403438216508351388e+01 6.674717701760212663e+01 7.086875923797011012e+01 7.871748528140309986e+01
1.665677757359244500e-07 4.997124338651223059e-08 5.999082880434782794e+01 6.216935021304490050e+01 6.166502183945937077e+01 6.525559533551555091e+01 6.956269540891887004e+01 7.818837999176615483e+01
1.252362818701610603e-07 -8.594460087843944120e-09 5.739050771050914079e+01 6.092302143446001850e+01 6.071948399292148935e+01 6.301382858980543489e+01 6.911174549732272965e+01 7.653836965803277792e+01
-6.480578761959365535e-08 -7.234112447074931929e-08 5.605087046797636674e+01 5.949780599565082184e+01 6.037221610376897019e+01 6.270057695400450370e+01 6.725094126506023429e+01 7.500223785166241441e+01
1.807501953151898468e-07 1.257904954853067387e-08 5.450512800740283836e+01 5.889651689025375703e+01 5.862789262573279814e+01 6.126790669097827902e+01 6.564980041686330026e+01 7.346103889699790557e+01
1.893802146690912513e-08 -8.609329329666651961e-08 5.607372127353973923e+01 5.788677646610814520e+01 5.700603113611155237e+01 6.036429325719650052e+01 6.491651974612129550e+01 7.245910214488692702e+01
7.513434395153243740e-08 5.756797685990439575e-08 5.444585953268126133e+01 5.714157384651974070e+01 5.691069508448540404e+01 5.904039505889551975e+01 6.407591796875000512e+01 7.053793800801150837e+01
-1.737947981598225281e-07 -4.287735691488509892e-08 5.217017523896221576e+01 5.526699519957665530e+01 5.568573331788693537e+01 5.767222553011677633e+01 6.345456624485439789e+01 6.986278006010118702e+01
3.826826713260833960e-08 1.500841963861690957e-08 5.193838359151752115e+01 5.587315735183796050e+01 5.631875559785041929e+01 5.726666414752115486e+01 6.143567306250937321e+01 6.821142867873507498e+01
1.160556678121403780e-07 8.285546272514855051e-08 5.324871799670609818e+01 5.416727107887579251e+01 5.505538441185364462e+01 5.657931401074306166e+01 6.092562537787182464e+01 6.688717129977460729e+01
2.703664438628158505e-08 7.749663778325115701e-08 5.102819232495511415e+01 5.359222900281940838e+01 5.388344323812300019e+01 5.615498681081884058e+01 5.922791201527614646e+01 6.598194758497979251e+01
-7.689637890764425315e-08 -1.170122094358419706e-08 4.944731295620438516e+01 5.272376791459490875e+01 5.264129265578635142e+01 5.467621020735980863e+01 5.806374323533713522e+01 6.454848849161190572e+01
-3.946230995806270310e-08 8.195379345307819881e-08 4.837536101718793446e+01 5.214900632175555728e+01 5.149633761350737871e+01 5.390765654683618635e+01 5.686254310964219627e+01 6.277339286355960013e+01
-2.610138872428998639e-08 4.389158166046683580e-08 4.880014491950966971e+01 5.087576501565613540e+01 5.085897236456808201e+01 5.205190151837661716e+01 5.643596452972815314e+01 6.219548222070108778e+01
1.508262890467773875e-07 3.251818170136258527e-08 4.733567833853133067e+01 5.040394062366510752e+01 5.082069166196387755e+01 5.181474130004244216e+01 5.496611445783132410e+01 6.104543482879501681e+01
4.032939356360604134e-08 -1.919865068412442896e-07 4.537773219273742598e+01 4.959191124842016762e+01 4.933150254309126836e+01 5.063709548364153790e+01 5.431775742017161690e+01 6.061172948221204848e+01
1.190366202832379381e-07 1.281259439373948691e-07 4.752133114640884060e+01 4.868468220046877093e+01 4.899394110791169510e+01 4.984732081618655997e+01 5.281148900871007612e+01 5.842679339411663619e+01
2.080974714905337817e-08 2.628046118561358994e-07 4.641483317214699866e+01 4.818736170654128159e+01 4.698893174867945532e+01 4.841411357629711887e+01 5.312256656293222790e+01 5.803480388765910192e+01
1.516059908252873661e-08 -1.378344673524800177e-07 4.358265441778019778e+01 4.730021294133809562e+01 4.715520552560647616e+01 4.864152878665590407e+01 5.149805668703326944e+01 5.682988012242816467e+01
-4.881054340046165562e-08 1.446027218811355607e-07 4.390432880691798090e+01 4.626854678168546542e+01 4.634254218835057770e+01 4.784063510237069039e+01 5.109682838328181731e+01 5.528772414142437697e+01
-4.537903742226471853e-08 -1.056645082865323356e-07 4.237093680925757155e+01 4.590245840660083587e+01 4.618918709150327118e+01 4.702584441310771268e+01 5.008734760137821240e+01 5.472734999502470998e+01
7.945638370300196927e-09 6.035102913336112377e-08 4.373525848142164563e+01 4.504536459003733029e+01 4.446957048606435592e+01 4.609361984250944033e+01 4.894589373179772451e+01 5.387461680456208768e+01
1.336228042586742091e-07 -1.440845816143492362e-07 4.259166966387653019e+01 4.414177411252511263e+01 4.380719682293684514e+01 4.554757308100224833e+01 4.754540605304621437e+01 5.299007326486557190e+01
-4.595260188279472111e-08 -1.875265162591838500e-08 4.240246810155948509e+01 4.418124518242549215e+01 4.350102671064544779e+01 4.415623394554328485e+01 4.710699802895179289e+01 5.305963703416149713e+01
-4.791371162105712871e-08 -9.038097289032295969e-08 4.135303206024402556e+01 4.222278071628855400e+01 4.216839097961277361e+01 4.366600461301896274e+01 4.613454094689699758e+01 5.183104430480180014e+01
4.086332611430352088e-08 -5.741108447540206314e-08 4.220617348890588971e+01 4.149085481425321831e+01 4.187205376481080066e+01 4.269578313253011714e+01 4.575534377774958728e+01 5.087673649744095172e+01
7.654969670202180957e-08 8.775460022707521187e-08 4.036261822194199311e+01 4.177452501583280764e+01 4.096163235477049369e+01 4.191410911859770749e+01 4.495131397390867534e+01 4.920563692365716690e+01
2.210953501569140260e-08 1.274582197103567987e-07 3.970709660428801158e+01 3.915969830237421689e+01 4.062833229036294824e+01 4.165651622400400811e+01 4.375357606277804479e+01 4.870478008933870484e+01
1.446933257731830116e-08 -6.281742975097151680e-08 3.897421462433989348e+01 4.015490177794355020e+01 3.939898167777104732e+01 4.072672217434129749e+01 4.324997712856794152e+01 4.781078203045996844e+01
-9.364381826051454135e-09 4.099397368594395434e-08 4.021640087554721532e+01 3.916602383239284535e+01 3.858763103706477438e+01 3.986648416646445270e+01 4.284926878933728744e+01 4.701595906450533846e+01
-4.748577547370115437e-08 -9.959724246096584448e-09 3.897150062957189220e+01 4.000122884709033144e+01 3.853492105573229765e+01 3.946337071753713843e+01 4.164959139526499143e+01 4.713622381609746981e+01
1.918787845147348127e-08 -1.543777474493095432e-07 3.694272690798858605e+01 3.930301819431166166e+01 3.784282977311127638e+01 3.842361361722603164e+01 4.076638970324279398e+01 4.614565373563218031e+01
-5.482896981909330826e-08 -1.491892681439906432e-09 3.626725014740566166e+01 3.769165492130608897e+01 3.673230741965973323e+01 3.773955876282580846e+01 4.058707069514930055e+01 4.531072829710038263e+01
3.564426340810835210e-09 -6.666769100294558611e-08 3.759243839896250705e+01 3.768295949605557382e+01 3.692399148231397277e+01 3.720156597262838005e+01 3.992038839233212144e+01 4.406623837601571836e+01
3.124735821782341966e-08 -1.128984189035948598e-08 3.569447440531716609e+01 3.719683832926687472e+01 3.535380931961120154e+01 3.687966047218326793e+01 3.933558226310308470e+01 4.334988465221555032e+01
-5.521777972979215660e-08 -8.665582292046600014e-08 3.540847391754951445e+01 3.561006210736722011e+01 3.445455140132573035e+01 3.635794613369775874e+01 3.858099819214876192e+01 4.275233600993616534e+01
-1.492881082699120261e-07 6.675084077650030388e-08 3.577626126376682691e+01 3.609086088988919272e+01 3.487577508455467523e+01 3.509339279528922617e+01 3.765310445477216206e+01 4.238381733887024438e+01
2.824370641820311229e-09 -8.478810537829499096e-09 3.510985854503464054e+01 3.563971403236532609e+01 3.467052668620016220e+01 3.500488467136938908e+01 3.731732568027211272e+01 4.168262840729894236e+01
1.318620106713584394e-08 -3.106175282954242248e-08 3.376478045246851423e+01 3.529874449214778309e+01 3.354468770473902595e+01 3.482197663447663416e+01 3.645221122665772384e+01 4.083939400261481723e+01
-5.336458838295318688e-08 1.977717833131771438e-08 3.372698891829308820e+01 3.429283360790774537e+01 3.348038229376257391e+01 3.339173857797140244e+01 3.586486477134315010e+01 4.038592610058531562e+01
3.543478045192193727e-08 7.370065717171748642e-08 3.283885533938135382e+01 3.403650149154789517e+01 3.307121470168113575e+01 3.319866313789359680e+01 3.525149511686601755e+01 3.981300871495519544e+01
-4.830542655492370748e-08 -2.508515701783749450e-08 3.322332233972961291e+01 3.301075825216449999e+01 3.258741843393148230e+01 3.259050991889522209e+01 3.471595108695652243e+01 3.891759983169096415e+01
-1.558378590905565441e-08 -1.962940404234139332e-08 3.199059482478029892e+01 3.171515039851512441e+01 3.218919604700854364e+01 3.205589463539993744e+01 3.407801696197061148e+01 3.806145468033449930e+01
6.347018292015952209e-08 4.190523063112621857e-08 3.260893738064926595e+01 3.081299561769615991e+01 3.137139526735662187e+01 3.129386169024571629e+01 3.406164142887450907e+01 3.817929622044312055e+01
-1.220777060015993672e-09 -1.202654618870545955e-07 3.161087350959046205e+01 3.184356752811418900e+01 3.081454767405229234e+01 3.147190687063875458e+01 3.320378891459823478e+01 3.771854765948413046e+01
-4.909093870849483847e-08 4.476501868039216186e-08 3.236176320318381983e+01 3.105363671472708731e+01 3.043024754176358471e+01 3.081140503875968761e+01 3.281779895602657149e+01 3.682349854380395016e+01
3.406613935680545911e-08 -2.977791773775193134e-11 2.985471542196054173e+01 3.184863045983031071e+01 2.877332323309808970e+01 2.974432469020097969e+01 3.187718905666251601e+01 3.644872598702070832e+01
1.646102979578085663e-08 -8.242683441278510306e-08 3.084202010641563518e+01 3.138686117369930528e+01 2.912160771955412031e+01 2.959287081092262994e+01 3.159453197405004587e+01 3.571318411793409808e+01
6.475921976651930717e-08 1.318596051815359299e-07 2.870326037101212791e+01 3.049676887987835627e+01 2.914443453897096248e+01 2.894912401475343344e+01 3.081675213241267031e+01 3.550413774693005564e+01
6.245249291632521236e-08 -5.791075988175759976e-08 2.969882922890593235e+01 2.912059576582085185e+01 2.882980119083661563e+01 2.847527350492435616e+01 3.068450207889666359e+01 3.495880371911309936e+01
1.350114992323871690e-07 -4.744378516639357297e-08 2.808012286809971059e+01 2.776789647577092524e+01 2.803413857724384428e+01 2.816695124086860957e+01 2.991713679480778509e+01 3.445141720661446527e+01
1.191753600357335563e-07 -9.824889503879682028e-08 2.827605411190760520e+01 2.879627214566929183e+01 2.710825825447956561e+01 2.807516158414853180e+01 2.972753596230158735e+01 3.390765294688877418e+01
3.300540240932700334e-08 6.733501921301528983e-08 2.850140123695399907e+01 2.843158447727046578e+01 2.672984722357053045e+01 2.733454416830708666e+01 2.944145353377587071e+01 3.362121006704791881e+01
-3.530879732712317152e-08 -8.968337113301447292e-08 2.817443367903929996e+01 2.842502418964683031e+01 2.660735420767716519e+01 2.683911080594983645e+01 2.866310250563891415e+01 3.293238734782502775e+01
2.922693209866362764e-08 6.490667231208201168e-08 2.740716840680588007e+01 2.782151652270962572e+01 2.644168260038241058e+01 2.614268459763484387e+01 2.827506164184877235e+01 3.262207537167779492e+01
5.583194858671413280e-09 -4.514427250544378112e-08 2.778943722530097560e+01 2.658536702076753855e+01 2.553931794959127899e+01 2.632249686656382437e+01 2.741947022661523548e+01 3.187737430836666874e+01
6.485774056223251234e-08 -6.941142734758096162e-08 2.671419178696103458e+01 2.617748401231643740e+01 2.626207144880997291e+01 2.557789898172820742e+01 2.712938861268939306e+01 3.153639749349727950e+01
-4.000075122870051573e-08 1.055413545199674724e-07 2.624604864660230774e+01 2.623790799432355669e+01 2.465601272165628899e+01 2.550309594797633395e+01 2.654693400679758142e+01 3.159124925991710953e+01
2.582293755098517687e-08 1.558867726097671520e-08 2.690493131095274038e+01 2.673152716576035814e+01 2.435874769266266782e+01 2.469052494851151636e+01 2.615754544189928410e+01 3.081817703952901510e+01
-1.178335964821998543e-07 -6.623956751245275645e-08 2.631350180672658112e+01 2.563702386415786805e+01 2.387529994354003904e+01 2.438367093721144840e+01 2.609384560118661511e+01 3.026279367766774087e+01
1.407277545229180620e-07 8.079167878410826888e-08 2.599815977239884290e+01 2.538022679570895690e+01 2.367412374172485556e+01 2.388211544704136458e+01 2.551062179428466692e+01 3.006535711830618141e+01
-4.532623632188140137e-08 -7.197904097411501925e-08 2.533376252783964233e+01 2.483825900053734514e+01 2.361159646176497873e+01 2.344519321980305548e+01 2.505154468764249742e+01 2.984641861474829128e+01
6.416156660287669749e-09 7.191226312320573663e-08 2.508430980764020646e+01 2.482549044381145009e+01 2.256061260432558768e+01 2.318710318353746302e+01 2.461202465429403219e+01 2.982690053866438262e+01
-7.984471680798513875e-08 -4.810398815395581642e-08 2.405098420372516088e+01 2.390840278393474705e+01 2.279951101975174410e+01 2.305556217651865936e+01 2.455594830288375263e+01 2.927125859866902857e+01
9.765557710995611819e-09 -7.018118435424873375e-09 2.474886222360358801e+01 2.437530967970270623e+01 2.302102618354932417e+01 2.266859114811568787e+01 2.422970146941665703e+01 2.860286441052864603e+01
2.774580265512374520e-08 9.387560676680345536e-08 2.369982227748921488e+01 2.332517912257495851e+01 2.225093515866020510e+01 2.214386902125775336e+01 2.355137160134180618e+01 2.828865626105412190e+01
3.945832324251622866e-08 1.592961499434813964e-07 2.430681173647469606e+01 2.264045707804792329e+01 2.217346042010242257e+01 2.169137910441278549e+01 2.328105105956222332e+01 2.833976829772871042e+01
-8.953927384700060741e-09 -1.101749502073406783e-07 2.319242877337973141e+01 2.349236999147484894e+01 2.127143669612389587e+01 2.161131094800827768e+01 2.303191776970325932e+01 2.828313115996967397e+01
-3.070017530695154802e-08 3.018676156939461614e-08 2.238788404882155092e+01 2.173425381263616529e+01 2.049940417054198250e+01 2.115703484835317738e+01 2.248701052609104067e+01 2.762858436381560523e+01
-8.680735861959787031e-08 9.829758907608747907e-10 2.335160638665629662e+01 2.206037206129303030e+01 2.098265685640362221e+01 2.100169060380202524e+01 2.224806104378253835e+01 2.727968300479488306e+01
2.822366315965249908e-08 3.277798937702204492e-08 2.263211520462860804e+01 2.190324534625565533e+01 2.065924436539914666e+01 2.048350442619453915e+01 2.215590307203390097e+01 2.703089197602761473e+01
-1.871369179215826067e-08 9.472692918925080356e-08 2.307073382929065630e+01 2.212177602285138178e+01 2.058943438580221041e+01 1.993205005871990565e+01 2.155071017941374834e+01 2.684515257037687519e+01
3.726699673075649694e-08 -3.955270087441448556e-08 2.141925014481959622e+01 2.204607048856719942e+01 1.996923856398378661e+01 1.929572851966873515e+01 2.124021872676963696e+01 2.645929487179487083e+01
-1.801240629664601578e-08 -5.403908355924967359e-08 2.277293734491315291e+01 2.216367718851706670e+01 1.959457556935817735e+01 1.993278566094100057e+01 2.148739430489927926e+01 2.651162067464184346e+01
-1.364151012479425215e-07 1.197054567718823961e-07 2.245064894932015065e+01 2.185471261893044570e+01 1.842020348837209198e+01 1.935618145816409097e+01 2.082300945979078222e+01 2.642214060161168021e+01
-9.766962971767563523e-09 1.218494118296411672e-07 2.209354548759796444e+01 2.091144705174488294e+01 1.988129871653607594e+01 1.843304829127878364e+01 2.057816044806352451e+01 2.625986569097791445e+01
-4.920126183958348320e-08 -6.669493494932014449e-08 2.091536179249027683e+01 2.080032215969333720e+01 1.834945489844683308e+01 1.902787179151914998e+01 2.007968937875751436e+01 2.585835332782224683e+01
-7.162325873027631284e-08 1.466319707238698927e-08 2.123558220711552380e+01 2.081664470578980541e+01 1.942995598164469939e+01 1.819616260340438885e+01 1.979336469175340341e+01 2.538229020979020945e+01
5.069019452401741084e-08 -7.552391258419527554e-09 2.093841707645938754e+01 1.968901575477784149e+01 1.785061659192825090e+01 1.871185599745971473e+01 1.993504135113591147e+01 2.565172239108409258e+01
-1.931005282396056277e-08 -1.888527256508152094e-08 2.168717791051768629e+01 1.934655256012412394e+01 1.814020010640813396e+01 1.805397280729330234e+01 1.965473308108531825e+01 2.498377023223082460e+01
-1.497671380631698689e-08 3.660838349784770993e-08 1.979648841710106666e+01 1.994615902176456856e+01 1.813174989307100304e+01 1.744322505085673924e+01 1.921113119834710758e+01 2.538506118286879598e+01
