nan nan nan nan nan nan nan 0.000000000000000000e+00
-5.243974737823009491e-05 nan nan nan -3.351478153490461409e-05 -2.850488453987054527e-05 nan 3.608994302339851856e-05
-6.527765071950853379e-06 nan nan 2.719301119213923812e-05 nan -2.975194547616411000e-06 -9.647525439504534006e-05 1.735863819097479004e-04
1.310685183852910995e-05 nan -5.804993755494554386e-05 nan 4.563609081742470153e-07 1.025573146762326360e-05 -3.291030103961626463e-05 5.135337778483517468e-05
1.260340771599051740e-05 -1.298828525856758101e-05 nan -3.909265615220647305e-06 nan -2.891595067922025919e-05 2.798375741501028198e-06 -3.532670402469543467e-05
2.169414603320712578e-05 -7.420989277306944132e-06 -3.040052044005798382e-06 nan -2.557010620049285695e-06 1.445811115748559322e-05 5.717137834821428442e+03 1.691647159090909190e+04
-1.550932393001858145e-05 2.041732821251369034e-05 -3.723800764419138974e-05 -3.586486127460375428e-05 -2.079877594951540232e-05 2.778874295472633094e-05 2.006273071289062500e+03 9.773625868055554747e+03
-7.973481236452546083e-06 -3.839767790244271076e-06 -2.221980442603429046e-05 2.973896126994596915e-05 -7.691963798027824580e-06 2.587322244205727105e-05 3.465512784090909008e+03 1.059367777777777883e+04
1.670841409481669781e-05 1.022239822694765694e-05 1.511781495840599027e-05 -6.328870837863248193e-06 3.265059785917401314e-05 -1.682758617486494057e-05 4.210495793269231399e+03 7.830629464285713766e+03
-6.724682980743438970e-06 3.376037616712542778e-06 -9.042747585815104014e-06 7.212907803477719426e-06 6.277010106714442881e-06 -7.433928840328008106e-06 3.253886935763888687e+03 8.102643835616438082e+03
2.169391532958138389e-06 1.428023743857112102e-05 -9.986486640462481940e-07 1.097060980416996318e-07 -2.040263943319373371e-05 7.267825077922845275e-06 3.995289402173913004e+03 7.960714285714286234e+03
-3.441538048756061561e-06 -1.272426096774223703e-05 5.597673173594687206e-06 -6.901249435031786561e-06 8.187176497427351752e-06 7.098715286701917648e-07 2.559207031250000000e+03 5.879362244897958590e+03
3.953200009208722512e-06 6.077986454772876344e-06 1.049290651942349401e-05 3.725634431592314916e-06 2.385755780980818613e-06 -1.130720979622187635e-06 1.303349971064814781e+03 7.356129734848484986e+03
-2.208718362806448245e-06 -2.042336635030351658e-06 9.382876348407830007e-06 -6.827306010407106308e-06 2.492350176908075704e-07 6.611711190392574027e-07 2.575046663851351695e+03 6.221828879310344746e+03
1.433183162806750186e-06 8.362781954929232597e-06 3.304995415318343469e-06 -9.569343250325840011e-06 -7.140292533828566542e-07 -5.583844973617011189e-06 2.122211993243243342e+03 4.704285493827160280e+03
-3.086261797211014763e-06 7.147775721494797586e-06 1.066956796653648011e-06 -6.203044904395937920e-07 -5.397386392395870126e-06 -9.375486988574267247e-06 1.592899687500000027e+03 4.366795572916666060e+03
-4.256711690686643124e-06 -1.196912599657222810e-06 -7.125940303214722021e-06 -1.715427283577772919e-06 -3.976982183163412619e-06 -2.250870741765074012e-06 1.790347120098039113e+03 3.611109137055837436e+03
-2.505099160018665935e-07 -1.734440437368383214e-06 -4.995035447387231250e-06 -6.379582102230766036e-06 9.155399311566725373e-06 -3.423194191947748763e-07 9.957756510416666060e+02 3.929007781124497797e+03
-1.585964800802709979e-06 3.667904560903220123e-06 4.496880888288456444e-06 1.997380105060446673e-06 -6.094828616672506161e-06 -9.460769231534666673e-06 1.370282226562500000e+03 3.332256422924901017e+03
1.017468117401245718e-06 2.042766573140397753e-06 -1.760381564963608980e-07 2.872304768268868529e-06 1.023925717670990343e-06 -2.614732199747647340e-06 1.539750608766233881e+03 3.273023155737705110e+03
-1.871610227269384156e-06 3.266316699854870733e-07 4.885749569019445762e-07 -5.229821723258616541e-06 -6.012577278067497928e-07 3.742352419067174196e-07 1.431227597891566347e+03 2.879625998402555979e+03
-2.497971720350462806e-06 6.357071889886776233e-06 1.399531918630171398e-06 -4.145698192970533075e-06 5.231461934929732158e-06 2.126260877175386365e-06 1.255887867647058783e+03 3.125114721485410882e+03
5.420006345957517624e-07 -3.620243912544286140e-06 4.056622856296598911e-06 2.116601702697370081e-06 8.624178701124729707e-07 -5.272890640688794363e-06 9.627050781250000000e+02 2.989613495024875647e+03
2.926946617662906511e-06 1.169727341729705512e-06 -7.557054731978086347e-07 5.309334003620526946e-06 2.605409142287338450e-07 -4.402789581602192795e-06 1.059657826206140271e+03 2.720114606741573425e+03
-3.400683086716903864e-06 -5.408867110146960764e-07 6.062168085068533980e-07 3.768847657746709306e-06 5.042358160218489659e-06 -2.969845106136523357e-06 1.059517132675438461e+03 2.257136754587156247e+03
-1.750016399711685192e-07 4.826161311939359330e-07 -3.668428523082086939e-06 3.618999797002814266e-07 -3.029372675657054723e-06 -1.670977812758538494e-06 9.611190185546875000e+02 2.168769870609981353e+03
-3.677208597865602004e-07 -1.802044754449818748e-06 -9.292417593342043697e-07 2.699573979164097606e-07 1.438218561585046442e-06 -4.729903955342816014e-07 9.741833639705881751e+02 2.083558027522935845e+03
-6.350808677980646109e-07 2.191918383687152527e-06 -1.905937181150465156e-06 -6.890281530699335216e-07 -2.404490448589596332e-07 -1.921294772598360399e-06 7.605679639570552126e+02 2.008089316239316304e+03
8.933884083888303455e-07 2.407268122104661931e-06 7.085171611314372813e-09 2.001947477875075676e-06 -1.771953040068702893e-06 -7.684835701347877603e-07 6.770702069256757341e+02 1.826824356913183237e+03
-8.317068252847138178e-07 2.457883656074471359e-06 2.197755648839202971e-06 4.145353115832957817e-07 -5.519185823472112189e-07 -1.378956370477600555e-06 6.866866776315789593e+02 1.782698109843081284e+03
4.267033701336647354e-07 2.286893819063824140e-06 -9.809790581867502882e-07 -1.716220298397314271e-06 -1.270580438098737082e-06 1.000400072548583887e-06 6.955097656250000000e+02 1.763818166208791354e+03
2.384854320716636061e-07 -5.244979473325062598e-07 1.988811983201320964e-06 1.195140237755635147e-08 -5.627500330574991844e-07 1.945019779136267988e-06 6.092629825367647527e+02 1.702352388535031650e+03
1.858619875294757168e-06 -3.419729955786847662e-08 -1.168696649579538166e-07 -3.033481959272364439e-06 1.530323788756504697e-06 -9.077601575744198508e-07 7.095577815594059530e+02 1.577254151291512926e+03
6.644354097029090025e-08 3.632915079008874409e-07 -1.139192157937436577e-08 1.425233799531016205e-06 -9.185457464023413946e-07 1.615552317669934000e-06 6.546897026431718132e+02 1.498981242840779032e+03
6.493720128632626181e-07 -3.620067711432124497e-07 1.645737506104592340e-06 -2.907199944662620423e-06 9.330696166428021996e-07 -3.318517987967514698e-06 5.347790854978354673e+02 1.373721851654215698e+03
1.313958028865764487e-06 -9.003862611610780524e-07 -1.562725123625972868e-06 -1.595634781036815103e-06 -9.832835238467269787e-07 -1.579036543588467183e-06 5.292607843137254804e+02 1.265518806419257771e+03
-4.293180741655186921e-07 -1.269021595362573862e-06 -6.323333374374279640e-08 3.388675791369814491e-07 2.021673435394094721e-06 2.917257288444629902e-07 5.095481213521400718e+02 1.257302682926829220e+03
-3.204700456863734170e-07 3.279160834305609485e-07 -1.995057912330345783e-06 1.641761267188290020e-06 -7.771781492557537474e-07 1.144734207108350676e-06 5.201245229007633952e+02 1.272327547339945795e+03
-1.039191642228294759e-06 3.071312676183879587e-07 1.060769674622744311e-06 1.463911532885501143e-07 1.851792103802481389e-07 7.986612387697447613e-07 4.442526307397959044e+02 1.192930929352397015e+03
-1.598261868613853849e-06 -6.510543627021098094e-08 3.676947329078822509e-07 -1.349579931558367619e-07 -1.036154382319131982e-06 -8.859335341387325098e-07 3.994507962740384528e+02 1.084068209377526273e+03
2.258710292233895848e-07 1.327635037787952761e-06 1.171767256228522675e-06 -1.568139025061591228e-06 4.797921268293223019e-07 2.397765504275938511e-08 4.611084134615384755e+02 1.109814560439560410e+03
1.281870217774572689e-06 -1.967144374436927396e-07 5.760642501534022158e-07 1.843597947474057112e-07 2.955071853669017276e-07 7.901394831567583069e-07 4.385563616071428328e+02 1.081021808912386632e+03
9.145332871565035608e-07 -9.275746104025909821e-07 1.665083637644100572e-06 5.789785849404517997e-07 -1.621683675974998546e-07 -1.341743382129107126e-06 4.475566515363128701e+02 9.830930925666199300e+02
-4.573259197497742939e-07 9.492309060120998008e-07 -1.062181077505175574e-06 -7.758656556157079183e-07 4.045676553776717609e-07 -1.768620042634485869e-06 4.044406411082474051e+02 9.458685810810811745e+02
8.500889643060762138e-07 -7.914972928898758577e-07 7.734732625416430311e-07 -3.789017065326227670e-07 3.844537584680236131e-07 -8.750788011395076662e-08 3.825615492724867295e+02 9.448238308776424219e+02
2.074034214092064472e-07 5.821660286137642117e-08 -6.374719619542505595e-07 1.597907436724664701e-06 8.649950769947432198e-07 -2.595595577801752708e-07 3.324356108312342712e+02 8.818179945054945392e+02
8.262509497472589033e-07 -1.505622000900231494e-06 -3.866009721159056192e-07 -1.229835287678845671e-07 1.043167074711353956e-06 3.192621324289148986e-07 3.493512759779951011e+02 8.583114657210401219e+02
-1.206252159920103609e-07 5.998903523302740413e-07 4.360585248852682207e-07 -8.765630632423551340e-07 -6.215225250737086717e-07 1.107851858250796795e-06 3.524804515418502433e+02 8.426614756367663404e+02
-5.733522743386219339e-08 -3.862237679727730095e-07 8.996092499448702511e-07 1.697988019649138880e-06 1.439258820660736355e-06 -9.363532812404696698e-07 3.338627822136564305e+02 8.234006868131867805e+02
-2.252908963413233565e-09 1.185133016831543898e-07 5.582015165278027490e-07 6.997487989140336072e-07 1.153959948126049158e-06 -7.937043153399385705e-07 3.513615469398339997e+02 7.808341053467443089e+02
-2.872546644994145026e-08 7.973669805020714235e-07 7.581623757015103511e-07 -7.327996503901053632e-07 -5.616794000584750038e-07 1.035821511248620921e-07 2.931187624750498912e+02 7.638120352007931615e+02
9.233493658267755644e-07 -2.114447777508279081e-07 -3.204820315725136229e-07 6.441474795107718469e-07 -5.425036610976718320e-07 -9.296247950954244145e-07 2.995491779384328197e+02 7.412182915286322213e+02
3.419825559568654327e-07 -1.448369302023719465e-07 7.753336713874652928e-08 -4.191576628162975413e-08 -1.847246165318479821e-07 -4.975967778804654209e-08 2.886376530131826712e+02 7.190045264623955745e+02
-3.557100655660773310e-07 7.640767759433397971e-07 4.795843471369794845e-08 5.758265887948680522e-07 -3.529329114826396341e-07 -1.109064359770605286e-07 2.957613281249999773e+02 6.718173076923077360e+02
3.390560768746133193e-07 1.115335466232112701e-06 2.782279460887717372e-07 4.963059733920502373e-07 -1.390474096548119379e-07 -7.438025278412819490e-07 2.560127572898799144e+02 6.793731561822125968e+02
1.976883035616365284e-07 4.522526896008375305e-07 -3.007008938227144157e-07 1.681053428910672838e-07 -7.563025944261805534e-07 -4.394371894858597299e-07 2.350772314133986924e+02 6.284842052313882732e+02
2.473283617642247983e-07 5.747351445066008607e-07 -1.772687178360230573e-07 -6.811745315942851741e-07 7.287232791439603031e-07 3.789300448539706962e-08 2.753382056451612812e+02 6.280879951000408710e+02
4.765934326132449355e-07 3.381294608383089554e-07 -1.679016622661438749e-07 -3.090964087654368141e-09 9.521541875079497839e-07 -1.351819222860662105e-06 2.633472277424483536e+02 6.147031130997714854e+02
2.769859771375739916e-07 5.990635749727764837e-07 -1.597476844637377279e-07 8.629969608863586974e-07 -2.757468628147558732e-07 8.331914732988971827e-07 2.522329193959243128e+02 5.950608006042295983e+02
-3.897343029755290345e-07 -3.898403464028468447e-07 -3.075502054589624337e-08 1.475134199580628896e-07 -6.228964290736864293e-07 1.346441221752394076e-07 2.312993421052631788e+02 5.515476985559566856e+02
2.676102740429262932e-07 -3.415686270867393532e-07 -1.224588257537650894e-07 -2.503789541411346547e-07 3.984958920707774401e-07 -5.989103795543901108e-07 2.296984749647390629e+02 5.590731896551724276e+02
-2.876293170058963546e-07 -1.049719814311650016e-07 3.775165607644179430e-08 5.482044756739003980e-07 4.156861759167611563e-07 -7.627504738494855769e-07 2.178363520408163083e+02 5.548424132704614067e+02
3.437820957359625771e-07 -1.739225688583727163e-07 4.110230860421110982e-07 2.241095334963424934e-08 2.096598565319899677e-07 7.196948580393517225e-07 2.106529990247074124e+02 5.229843800978792387e+02
-3.955496604070432205e-08 -8.513156541759210803e-08 -2.676222902221872826e-07 -6.639649161376320705e-07 1.882471908885428349e-07 -7.653270652790591922e-08 2.065649262422360266e+02 5.331522292502313576e+02
-5.131138248747718683e-07 4.045285629801461418e-07 -2.324206608532920952e-07 3.574822045245659127e-07 6.910896249167968462e-08 1.314132104573004433e-07 1.999654923533083775e+02 5.205530880522712778e+02
-5.519416435281257130e-07 1.147887083966457655e-07 3.176576971848745334e-07 4.582207850690654503e-07 -1.529874960198548407e-07 1.014772513817390537e-06 2.091989400584795362e+02 4.977944940476190823e+02
1.700515977890145920e-07 2.224278808282835220e-08 -5.276228015123932637e-07 5.438987119281548569e-07 -3.278053185720344679e-07 -2.077894588574277909e-07 1.882249715585892886e+02 4.981732346908877958e+02
2.361853539572851945e-07 1.342256618869905501e-07 -2.339048450332634298e-07 -1.942564129732302170e-07 -5.841937349608422904e-07 -1.221319048829940690e-07 1.910614421476137750e+02 4.755288729451100949e+02
6.167678772718238956e-08 1.241521915678075041e-08 8.534645166103473951e-08 -6.307744130507604314e-08 -2.694417090741185210e-08 -1.825398757509135429e-07 1.814976839048672446e+02 4.549939816067081324e+02
6.189074670344226756e-08 -1.007252473852167073e-07 -4.876607585568001095e-08 -4.205407636927839536e-07 2.410419611118325022e-07 -2.219676547876532990e-07 1.793579680879237230e+02 4.398218203186210644e+02
-1.261452277329690804e-07 2.628115962853833213e-07 3.402129837970136616e-07 4.952556869312207401e-07 -9.085794874681109772e-08 -1.848797387468959985e-07 1.778610171696149962e+02 4.285168373879641308e+02
-6.249059945991854975e-08 4.908817024630105814e-09 6.822379194756052097e-07 1.214645172265968289e-07 1.816307895283386496e-07 3.825162956537632363e-07 1.670753730430528208e+02 4.247220580839829154e+02
-7.222190032570495792e-09 1.191852866837930852e-07 -3.953734128065480696e-07 3.633569238360884356e-07 6.025892280501453597e-07 6.975482463230857484e-08 1.640206888007928683e+02 4.098562302263324000e+02
-9.650843809703556206e-09 5.336661180772077813e-07 -5.082985652344567623e-07 -3.899363846966643978e-07 1.745771502539350284e-07 -3.708850523705856020e-07 1.621072935938945534e+02 4.177582309297472420e+02
-2.277297131868322140e-08 1.786301954884895633e-07 2.485860531899261813e-07 3.545690223503253134e-08 -1.410596841960315207e-07 -9.409800773804507120e-08 1.594288335591689076e+02 4.155418611435239313e+02
-1.244612607987755302e-07 3.387595922514328577e-09 3.474744683480332736e-07 -6.014617702279631175e-08 8.418166148317913862e-07 -3.157057870016578848e-07 1.486399210468197793e+02 3.768688963210702241e+02
2.700079303622560092e-07 2.006818898443129567e-07 -4.102814074775034556e-07 -1.107439586350552846e-07 -1.116723184697801537e-07 2.781528700876423610e-07 1.586485271403354034e+02 3.760296138035482159e+02
2.761007977448438981e-07 -4.330110219550727231e-07 -2.248069279860840025e-08 3.558203866143862855e-07 -2.395506094198256697e-07 -1.683509472305311235e-07 1.484443669527896930e+02 3.683703772189348911e+02
-2.066122680157743907e-07 -3.793542591531786987e-09 3.167804572696819613e-08 -2.979645930585694043e-07 -1.824278119087193923e-07 -8.471982403623042190e-08 1.452102072994210005e+02 3.622621488033298647e+02
-1.873353368833533801e-07 3.436817331527619198e-07 2.533930874785802286e-07 -2.722541994266575939e-07 -4.882442428626947903e-08 -6.431176702860100675e-07 1.395004746203037485e+02 3.565645954627584615e+02
1.238856498791685557e-07 -3.696850638287475787e-07 -4.593990441547091622e-07 -2.529319779059106315e-07 2.665180577104798273e-07 -3.234987691465262572e-07 1.417134707766212784e+02 3.551673263407876107e+02
1.725469237887499354e-07 3.142866394203083640e-07 7.556667012488942459e-09 -3.113829440752518481e-07 2.789544228462952807e-08 1.663498119254849866e-07 1.399025860438729296e+02 3.395817527640106732e+02
-2.652882069164580629e-08 4.776411039824901502e-07 -1.803095019839481678e-07 1.984952181625476889e-07 -9.316113912535987119e-09 1.730344892776274494e-07 1.393509507829977565e+02 3.314845147168405219e+02
-1.108167284882499061e-07 -2.414314824497781887e-07 2.073875950054102547e-07 6.442925894575178872e-08 1.894465337196985792e-07 2.112122345433328317e-07 1.262902639891696737e+02 3.312717540803227507e+02
3.203668760377558711e-08 -9.571192877121851610e-08 -4.249803322256753300e-07 3.045512645946921873e-07 9.536800983384681837e-08 -2.021098220643705773e-07 1.328834734273318929e+02 3.199779120086549256e+02
1.573401220806519863e-07 3.715753137076587985e-07 2.912550408333394248e-07 2.700251524145595565e-07 -2.489151307315481552e-07 4.146287382183062142e-08 1.214861832986833008e+02 3.087722222222222399e+02
-7.802354187833945736e-08 -1.314227688760117746e-07 1.805561471683502826e-07 -1.046907413323663295e-08 -2.237293376485268678e-07 3.010824123225270329e-08 1.209045456470189635e+02 3.114177454606590345e+02
9.923624020302669008e-08 -5.986427319780649996e-07 3.055370500814740487e-07 3.825553861144045024e-07 4.029948165884768389e-08 -2.458685188110281059e-07 1.194996057436918875e+02 2.956586883876357774e+02
-1.506340446375937327e-08 -1.898716655121460012e-07 -4.181629935230471709e-07 2.980462975333445254e-08 2.580399554950867826e-07 -2.693491040514825488e-07 1.192319313286945004e+02 2.859989710240368481e+02
-1.278757131204641961e-07 -1.317277595682784039e-08 -1.021771080262141580e-07 1.509989325990888864e-08 -7.241813383095501757e-08 2.103799197538933161e-07 1.116544887437027711e+02 2.777916666666666856e+02
1.594221572444727902e-08 -1.850333764030339206e-07 -2.903155354312667435e-07 1.148925208250939612e-07 -2.101627804093412151e-07 2.675371233613329973e-07 1.086296041408188557e+02 2.788804815974941107e+02
-2.309959501435602426e-07 -1.186238339850637095e-07 -1.018920168552918116e-07 -6.858722168653368842e-08 1.708166555507571867e-07 -3.504300357143611343e-07 1.105892963625521759e+02 2.704075620594545057e+02
1.304831613611860648e-07 6.299249251109648798e-08 -1.458442202374865676e-07 2.731709779861072743e-08 8.555380462446431022e-08 -4.135251568862768197e-08 1.096957815342631903e+02 2.738935171496156613e+02
1.768218039991494966e-08 -1.033810393686081587e-07 -1.048078261834189880e-07 -3.046345077588646387e-07 7.077026299893286311e-08 7.303223942445050796e-08 1.051679137323943678e+02 2.620093772628529791e+02
1.347030698955966523e-07 -2.017108966337840569e-07 -6.980456722279389788e-08 -8.944162466236514058e-08 2.732457183333861196e-08 -3.468234497290009134e-07 1.058264147564469795e+02 2.502319319960164705e+02
-3.124875103483561380e-08 -1.244334029585255009e-07 1.617187302230306906e-08 2.377205765847901824e-07 4.154543518018948114e-07 -1.953349060905594141e-07 9.571389428412874167e+01 2.478210093081411287e+02
1.113774232112222283e-07 -7.421544487291426635e-08 1.309531948568841890e-08 -1.032891879348378477e-07 1.938774302187893061e-07 -9.891528709348163134e-08 1.003058441111722630e+02 2.498497288654060071e+02
2.608468051555860959e-07 -1.513538205812796709e-07 1.874585861766233813e-07 7.649782698721067164e-08 1.459930539025496136e-07 -1.060277281794697057e-07 9.841246666666667409e+01 2.372873372264733405e+02
1.169813704595571954e-07 1.817307571023222350e-08 -1.863902591698304533e-07 -2.403737126566992903e-07 -7.888324996289381522e-08 6.778052631918425513e-09 9.881974402286903114e+01 2.359885950090979634e+02
-7.756491814849568894e-08 1.852836317035750713e-07 -3.827864393432806969e-07 9.425476182346863545e-08 2.094691810287407305e-07 -2.427718820549624795e-07 9.333560273618999759e+01 2.275388609391124817e+02
-4.279072425234016817e-08 1.935112764713772432e-08 3.520033906954831664e-08 2.507931940652162199e-07 -1.191695762172762047e-07 1.239384592867535068e-07 9.100403890015205377e+01 2.346731610653138773e+02
2.553736225900773496e-08 -1.698405332478079511e-07 9.348459084067321345e-08 4.520299843845876732e-08 5.613125219662316335e-08 -2.600714870661540868e-07 8.738479083912611145e+01 2.200848746466756722e+02
1.199286040284339242e-07 1.328751486049350072e-07 1.379917174158416287e-07 -8.089248142227459608e-08 -1.196827567374979176e-07 2.548930093972539898e-07 8.786730160662122557e+01 2.194857341894838783e+02
1.390899219191285682e-07 -1.049800916559198980e-07 1.207943838713809383e-07 2.305228891465016009e-07 -1.873494794530320674e-08 -2.774782841748007627e-09 8.317146771327014676e+01 2.141828432521087109e+02
1.313843438674625686e-07 1.781448343824041858e-07 2.688713939722667773e-08 1.672777747660664425e-07 1.153269283692933828e-07 1.896507940134601501e-08 8.586934495758717389e+01 2.105795924394565759e+02
2.114722222735786260e-08 -1.690536001405469240e-08 3.802108264405582139e-08 2.738070330638025436e-08 5.290643027151993387e-08 -2.149857326969331412e-08 8.315862573099416011e+01 2.078809872501722964e+02
2.545717250602597170e-07 6.632973634052907666e-08 4.848087669099950191e-08 4.554533406226207244e-08 2.420324814695748141e-08 -4.012484816717708772e-08 8.039482846467392108e+01 2.040225991884580594e+02
2.885988721027547129e-08 -2.902337943527630941e-07 1.113409067526132523e-07 1.813718332951247357e-08 -6.152525913241789466e-08 -1.163696001885225819e-07 7.986945542677642607e+01 2.047022617875505830e+02
-1.305959954945744699e-08 2.767166264508641454e-07 -2.314389538038530343e-07 -2.679579968874653322e-07 -4.355505237919338217e-08 -4.184639700369695516e-08 7.963821476063829152e+01 1.992112888333695366e+02
3.972610589842103978e-09 -1.300353690111440961e-07 -1.912056328393503189e-08 6.926059667679669320e-08 -2.550077862882047809e-07 7.950640278612951790e-08 7.579603664976764321e+01 1.980134270080747854e+02
3.911761620301214184e-08 2.722927454079575205e-08 4.850531466246589484e-08 -5.235316493841440030e-08 -1.795150357382855347e-07 4.774948006964468386e-08 7.707659326560536783e+01 1.857216176624463628e+02
-2.008258122275864842e-07 2.138740028370914280e-08 -2.576127384422128345e-08 1.950330079198963847e-07 -1.239009999858044083e-07 -1.311692106257002162e-08 6.826938998374643575e+01 1.849260075566750743e+02
-1.410690679677811556e-07 -1.995237438561173769e-07 1.225130793377696892e-07 4.837276971032010400e-08 -3.628645711260507442e-09 1.136465980722811026e-07 7.192339769510715541e+01 1.773319179679578212e+02
-2.195214473298055966e-08 -9.022163756453491822e-08 -2.456003448584965185e-08 1.336186297568546477e-07 5.391173971181610103e-08 -6.835136980916415847e-08 7.386756363456984786e+01 1.804426566838556028e+02
-1.137603478818893678e-07 5.734214792028069916e-08 -6.510612044180752742e-08 -1.456462191212738426e-07 -1.883474173506297017e-08 2.352982598299007598e-07 7.169587441995359711e+01 1.778045152045079078e+02
-1.923173794862609016e-07 -1.085446071350077483e-07 4.953693513905423376e-08 2.445998505535257525e-07 -1.448543062105964579e-07 -1.787567864366885061e-07 6.963058374430956121e+01 1.700720260663507020e+02
1.015821354911603157e-07 -5.208369699059003082e-08 1.133982896916318856e-07 6.684147955489167742e-09 1.464071235459718860e-07 1.105542498386342997e-07 6.694070875802189846e+01 1.699063211574952561e+02
6.673245520483869336e-08 -5.463071319504585238e-08 -3.031242457688713115e-08 1.418399031080336927e-08 -5.017765330344331935e-08 5.199351503031418073e-08 6.705907407407407561e+01 1.652693876615638544e+02
-9.538640655793543579e-08 1.223931391740289053e-07 -1.826787475103409502e-07 -8.728682931874701580e-08 -5.959092704638553649e-08 2.307862342553324583e-07 6.546845411507648294e+01 1.674488320735816558e+02
3.032719619962793799e-08 2.273020006744022388e-08 -7.237204552384277384e-08 5.030877875438011208e-09 4.327072410971835696e-09 1.708571549638041504e-07 6.241914912593649234e+01 1.583033013444188839e+02
-1.138122808287361987e-07 -6.966973989875170105e-08 -1.274621749023804914e-07 1.522229674771925928e-07 -2.151440135438089213e-07 9.924848646096347511e-08 6.456167878416258077e+01 1.546191873241912731e+02
-1.835300907092825849e-07 6.933246023219881218e-08 1.781915366795156874e-07 9.235698489518341455e-08 -2.838531540730202985e-08 -8.383121103574724128e-08 6.330450982081323019e+01 1.528419944429973043e+02
-9.270912007701642944e-08 -1.551821508749934000e-08 3.290969460562476213e-08 5.913975114599140476e-08 -2.277199702497225983e-07 1.254242972672989687e-08 6.103417016806722728e+01 1.537193281609685300e+02
2.156435466525575668e-08 2.552321583008900476e-08 -1.366992542556723161e-08 5.568244576354787267e-08 1.185028301748292062e-07 -9.842205373694831009e-08 5.895281883095317710e+01 1.518407202791393047e+02
-9.101723489386336287e-08 1.266778094666696390e-07 3.991466195858827651e-08 7.571707433941160048e-08 5.976490134198976853e-08 1.633795269184941779e-07 5.803852129598939058e+01 1.451388345159448647e+02
3.991267287043834971e-08 7.318975107911985640e-10 2.103158902531306480e-07 -1.900466529798962748e-07 1.063807303007236472e-07 -2.672158629626285438e-07 6.006077894187539812e+01 1.435575616659927221e+02
8.537638264835330181e-08 -1.113730901540721396e-07 -9.522291038685381338e-08 -8.422566525306488874e-08 -1.862500584302622792e-08 -2.180019955511823157e-07 5.740774173183447715e+01 1.414962658177158517e+02
-5.600175552582933727e-09 -9.481604305178528221e-08 6.679629618504449825e-08 1.497034738661374536e-07 -1.400139575622417316e-07 2.993284698094138311e-08 5.762626598120764498e+01 1.411892512453300128e+02
2.822969842704926112e-08 2.135559251783636014e-08 8.651652245363609792e-08 1.987436139647523043e-08 1.423775825723496902e-07 -7.229929370662780491e-09 5.646727492966551409e+01 1.388880149740088541e+02
6.115512520180803242e-08 1.676110004177089797e-10 -5.813152607669426250e-08 -5.555751954110254933e-08 -1.233552593170560209e-07 1.107798565942692470e-07 5.466402731912338453e+01 1.369450838010010614e+02
3.394645719384218812e-08 5.528944256397429092e-08 5.118260466554127746e-08 -8.484833861463901753e-08 7.759973394752429187e-08 -3.669733180483443810e-08 5.320400996403955673e+01 1.350519961124401789e+02
4.367393451571046120e-08 2.948327905271203123e-08 6.993967621230124338e-08 5.885817167943038076e-08 1.261169740176920056e-07 4.940158978050232017e-08 5.318966304030373493e+01 1.296779490120624416e+02
-3.737671062860482690e-08 3.245934182524810608e-08 -2.631438725040005526e-09 5.496619295619959804e-08 -1.968761219502195442e-07 1.179435212808449009e-07 4.985251380412670841e+01 1.286758608889849427e+02
-3.056339649444972673e-08 -1.284285540657782641e-07 -1.925553111986737443e-08 1.326020504720780235e-09 1.199012885868315415e-07 2.145946951155681188e-07 4.915162450042820552e+01 1.273106878250338241e+02
4.301204742618646048e-08 -2.090184865758205038e-07 1.013523823576432930e-07 4.432188733814977192e-08 7.855979491216662160e-08 -1.174439369873574765e-07 4.949361077610669213e+01 1.224937504407305653e+02
3.670353302520325591e-08 -2.275120597229522571e-08 9.257149304276701830e-09 1.756150451462729342e-07 4.096232137554225088e-09 2.056832196169496587e-07 4.770187309398392017e+01 1.204964914408482883e+02
5.839791208507609141e-08 -7.828693463988560407e-08 -1.015784916638817055e-07 1.627876002496474431e-07 -8.775770746089600448e-08 -7.182712774003239297e-08 4.787338864509051461e+01 1.218259241609367649e+02
-6.579733289361684944e-09 -7.050559592262442305e-10 8.359621639968473078e-08 7.512694087831283081e-08 -1.337791256265193608e-08 7.699016362878699282e-08 4.765803271812080055e+01 1.180503645303492704e+02
5.205118720563341841e-08 3.054040056089393754e-08 9.098839412843894801e-08 -2.430775828343880758e-08 1.253735070647105642e-08 -3.771836023713664385e-08 4.581272309624537087e+01 1.140415364669902232e+02
1.061320960976755029e-07 -1.581186692749193843e-08 -7.463858019830380598e-09 -1.263096726654760131e-07 2.222796155413080340e-08 5.802713553576921839e-11 4.470882343384455027e+01 1.162559363725811892e+02
-7.983310161051636754e-08 2.740238477126109163e-08 3.032977602874906818e-08 1.827236035084995255e-08 -5.564749882311077329e-08 8.149591405103459173e-08 4.468363343318572589e+01 1.116390013495276605e+02
-6.000631441897166768e-08 -1.388997181917890802e-07 2.790316445497627432e-08 -6.005123660550483123e-09 -4.274866158132322047e-08 -7.519146742015763205e-08 4.398729518689196283e+01 1.124163735184128683e+02
1.352420350366334426e-07 5.066451970265261418e-08 -2.793368184939026782e-08 -8.727304997077947247e-10 1.606837320101228564e-08 2.352735404679431849e-08 4.417101958814666318e+01 1.075709168604285964e+02
-9.171312032287510980e-08 1.583816126073812641e-08 -1.055742412104841308e-07 -6.190596022149335762e-08 1.024274834767020294e-07 -6.832486666306383816e-08 4.089092459439527971e+01 1.066799938442597693e+02
1.209897313414863921e-07 6.775488487377383329e-08 -4.954997998003999011e-08 -1.266794214939321531e-08 -2.478435361379495957e-08 2.923703087260830505e-08 4.011995967741935232e+01 1.064244716911989315e+02
-1.312622957906743255e-07 -5.263123852604010379e-09 -1.243198771222553569e-07 1.215257390011717297e-08 -1.109926565373041761e-08 1.400806876885386816e-07 4.235933347426914253e+01 1.002270337866171417e+02
7.521735612677519503e-08 1.227056426356927630e-08 1.250377478602014176e-07 1.281248759105281126e-07 -2.854109557818469752e-08 2.483732662650126296e-08 4.016326816466147420e+01 1.030590350145894121e+02
1.781657782666974530e-07 6.310822540606425373e-08 3.283098986933563108e-09 1.730798926172235821e-07 -3.499493247190360283e-08 4.821414687157176738e-08 3.871574393710837825e+01 9.859558088969853884e+01
2.760799537754514993e-08 -3.650920029235372990e-08 1.620416898813326609e-09 6.176880534441224813e-08 -1.016303565103866095e-07 -1.467925474376313057e-07 3.928750801842780760e+01 9.789357571733734176e+01
-4.310760677222345867e-08 2.355505076487619509e-08 -4.030329244248966828e-08 -1.297083895850003875e-07 -8.590023230732120803e-09 1.653846543089069441e-07 3.700601566072244708e+01 9.638087357034198988e+01
-3.504730548620074724e-08 1.522979587903833687e-07 -1.979091230671821718e-08 2.282759601077315853e-08 -2.726487369918727923e-08 -4.165685238819021632e-08 3.668885298295454334e+01 9.323065821495274008e+01
-6.868547386481048750e-09 -8.357462604798031248e-08 1.237036009813193160e-08 -4.273844755075459535e-08 -6.464942637728290955e-08 6.587671904437752648e-08 3.652872717773867350e+01 9.208844020749405956e+01
-2.728272837684420004e-08 6.825614945534135142e-08 -4.000357667998698825e-08 -4.641312592038211297e-08 5.656947048336247258e-09 -2.085677281227949598e-08 3.722651596624751846e+01 8.946679050881166972e+01
6.698029639455789612e-08 -2.988487446537322756e-08 -5.972619049924733622e-08 -1.628446814736284765e-09 -8.440546867895362937e-08 2.598221393149809244e-08 3.607328797366731266e+01 9.148990400085808972e+01
2.296261287711478036e-08 1.853345051843106066e-08 1.953431943657090292e-08 -6.006264105723524174e-08 -9.758413165422404937e-08 1.020904819831443697e-08 3.513680451929226223e+01 8.985721359743040182e+01
-5.486913604990294958e-08 7.191188071107382653e-08 -1.319042814275766745e-08 2.039034878859398465e-08 -2.309520004363441282e-08 -5.088028243012395288e-08 3.343656158126837852e+01 8.827059056156076622e+01
3.309820101297866650e-08 -7.746851669542968833e-08 -3.189885990830066395e-09 1.205908689610283836e-07 3.248076307958038523e-08 3.711217299371542642e-08 3.331107599061522251e+01 8.699202641332149710e+01
9.708185699838546864e-08 -3.045579019267228737e-09 -1.507737757065775486e-07 -1.705597868285593287e-08 -1.925169976420617720e-08 -3.100429044449927705e-08 3.387630018722695979e+01 8.440064413884769579e+01
-9.270042862704734082e-08 8.675184714289995968e-09 1.600880985132812555e-08 -4.369122879333848697e-08 1.121137382967403772e-08 1.267406173139773922e-08 3.292771864935587445e+01 8.342166784291980264e+01
2.384002675185170649e-09 9.729341019133327947e-09 -7.128113980339383906e-08 9.335682456033847679e-08 -3.642086414562318346e-08 -1.806714421471389459e-07 3.176286305238951968e+01 8.230732320704669291e+01
-7.222317276721441163e-08 6.575807738103043953e-08 3.302250031573287119e-08 4.203907661136275975e-08 4.624624134808449388e-09 5.399582407145357462e-08 3.151584437413486484e+01 8.068327913956979103e+01
-5.111706004457428795e-08 -4.177072221231346163e-08 -7.338960954133863598e-09 1.365852601893550809e-07 5.795144106863842702e-08 -6.498234671024935887e-08 3.102366988747553833e+01 7.702259429400386637e+01
-1.031470820231459165e-08 -7.208361290030607287e-08 -2.541378844345647662e-08 -6.977706849260538291e-09 -1.304273039339950219e-08 6.591931705576597050e-08 3.016745629454825917e+01 7.694209833928744047e+01
2.010870655995221348e-08 2.747163740900259007e-08 -4.513638687880642227e-08 1.124093983669476682e-07 6.041666294461534725e-08 5.445798555541686986e-08 2.994949645938848093e+01 7.574938494243538400e+01
1.164064401832803157e-08 -6.698873521954731034e-08 -5.336713190544957975e-09 -4.785962454894906870e-08 -1.637853249495155012e-08 -4.804157548995390767e-08 2.877489537759178262e+01 7.525411571025399837e+01
-1.628197049409128875e-08 6.024308211252573154e-08 1.030982285225320851e-08 -3.685144938505382362e-08 3.366194788019225583e-08 1.114536643290926672e-07 2.944443441286113838e+01 7.475365723809082397e+01
1.441047349660855789e-08 -1.020906360676342049e-07 4.886101788537554669e-08 2.136606180510663001e-08 2.771497878614278935e-08 3.479926891952046155e-09 2.824457525392428181e+01 7.173831834656145645e+01
-2.892419958296707954e-08 2.005911433811485427e-08 6.316358990627999059e-08 5.992229364045638446e-08 -2.462973828766156270e-08 9.702196236963032993e-08 2.813084846368715120e+01 7.197297893023466031e+01
-7.823618272493935344e-08 -1.588802742865894348e-09 -7.483876048621247819e-08 -3.992792116835309542e-08 5.325404118700560949e-08 1.428466115591300685e-08 2.799458333333333471e+01 6.918407662038084993e+01
-1.015848172731097636e-07 4.974444021026300520e-08 1.671890937407460443e-08 -3.782726208042750150e-08 9.634405518184097355e-08 -1.067733720470315428e-07 2.833722597431355439e+01 7.002930327868853055e+01
-5.371150175394164529e-08 1.953723207006289538e-08 -1.014627112272520813e-08 8.223480489073035650e-08 -1.717792894741471619e-08 7.173769463627884678e-08 2.591046009985984355e+01 6.903459437698568024e+01
1.140258928076313338e-08 -6.464337145019210972e-08 -9.528195328397234247e-08 3.549144571787557298e-08 6.231969653453051808e-08 1.519705013682445111e-08 2.656447618945746925e+01 6.691348036017225809e+01
-1.562022096446663158e-08 -7.135538127526192316e-08 1.112612379857499405e-08 -7.922717707811395294e-08 2.239038093530217394e-08 -3.780804615186834040e-08 2.641998810553632993e+01 6.671464126330243971e+01
1.124568576675396775e-08 -8.254458038717281311e-10 -2.077353933135117918e-08 -4.733954373284976992e-09 -3.333441175830860720e-09 2.281242263734655460e-08 2.612225617492810059e+01 6.425363037696821777e+01
-7.749753143416168218e-08 -3.691950345958239482e-08 6.425253277274827465e-09 -6.050485354675204583e-08 4.807524648368307446e-08 -1.065384933173288623e-07 2.493613857238606002e+01 6.455044351655656953e+01
5.404597036993278232e-08 5.678179797955467636e-08 -9.685329246354676522e-09 -5.617400061463851022e-08 -5.755766265611647533e-08 6.161925135621425453e-08 2.413188228773197608e+01 6.296051710650911559e+01
5.249993375355799316e-08 -4.678185130040602214e-08 -7.292812624032092573e-08 -5.647579221905342270e-08 1.750151433040808163e-08 -8.245011328211978151e-08 2.490394366052328579e+01 6.087295183202964211e+01
-2.856580282521676889e-08 7.488007924036319940e-09 -1.036995030512824113e-07 2.196111704045499979e-08 3.010900821500820732e-08 2.276065552250463523e-08 2.259025636865163023e+01 6.042335217338267483e+01
-3.347803683367493523e-08 5.719377008002604691e-08 -5.690489146388999698e-09 -1.197730214342257394e-09 7.374813292570002918e-08 7.058432458724075346e-09 2.433978677869372120e+01 6.053259870524297526e+01
2.245605068634064478e-08 6.123878862185172165e-08 -2.356017915328607150e-08 8.199710464543048629e-08 8.882699184871425375e-08 -2.665805658589873220e-08 2.284290939122227471e+01 5.831611700658802988e+01
-1.698018610302263238e-08 -5.211203774596014418e-08 -4.770371413700808515e-08 5.200595161554836879e-08 4.233762024510891136e-08 6.741839491625845041e-08 2.315815017238677243e+01 5.806374810230060035e+01
-1.251516745830936956e-08 4.371852388339708356e-09 3.730117892385214016e-08 -7.281379685023233517e-09 -4.071517691542659030e-08 -4.472122102387731768e-08 2.270567382812500057e+01 5.750200773927584663e+01
6.053338214439140313e-08 2.751325548777241103e-08 3.425016351868817045e-08 -2.623982256515521033e-08 -6.960739843676238512e-08 -6.284536166315795364e-08 2.200618186842506674e+01 5.660284244360759232e+01
-1.441588597101843178e-08 3.869407749239554217e-08 9.930938680342919002e-08 4.117253176387279457e-08 -1.004878672070335137e-07 -1.998872059031964902e-08 2.119964679208514724e+01 5.513445973860137173e+01
2.263207743801776552e-08 1.319649314652261249e-08 -3.948592368068809631e-08 2.001554592059129604e-09 -9.665885493260678533e-08 -8.269079146010152306e-10 2.203153812726722904e+01 5.367792073628851313e+01
-1.739322237728646118e-08 6.943046855058995842e-10 6.031289349990338493e-09 -2.698981225457955247e-08 -2.130229676932778530e-08 6.210781640220510839e-08 2.133070468566392464e+01 5.332650961930532674e+01
2.261714231253650848e-08 5.076298744414963555e-08 2.328223055126621615e-09 -3.460130057591562380e-08 1.115498263582321839e-07 3.388685459340704719e-08 2.046525797133245561e+01 5.176372930509158721e+01
-4.269349073422131538e-08 2.367232326785799873e-08 2.067469198977856484e-08 8.359319258921411540e-09 1.040610802773741439e-08 1.001004621644570961e-07 1.906096870958471357e+01 5.086261633547738370e+01
-2.132228395152804840e-08 1.071368761902265487e-08 4.073257088053791792e-08 -4.427366151158673530e-08 2.224951192305735415e-08 5.842405018504120661e-08 1.996623782526529922e+01 5.111279587131174651e+01
-6.402505542262450681e-09 -3.518386675861588577e-08 -3.672518460716400176e-08 1.849082631627756945e-09 1.348778589693808275e-08 -7.271249290444521848e-08 1.904077338766832028e+01 5.075525831238270769e+01
1.070050207909358021e-08 1.367467049738215291e-08 -3.343120015059811130e-08 5.570007635265057404e-09 4.429345592323771666e-08 1.214460410498305356e-08 1.934745129413419562e+01 4.998945051074322521e+01
-1.086758564987715495e-08 3.484168863476055653e-08 1.266010193082179842e-08 -5.713546986070300920e-08 -3.972335248122068989e-08 5.425815534393401748e-08 1.903821028618830269e+01 4.949978926543953150e+01
5.858374182518460970e-08 -1.076623971186751283e-08 -6.135662862067024477e-09 5.890647483397908800e-08 8.837036874359134950e-09 7.545435846490312234e-08 1.924829702627939199e+01 4.786973402047592430e+01
1.591109171016155321e-10 4.365122408343221940e-08 4.096773272989262565e-08 1.055506647998593221e-08 7.877180778303477758e-08 -2.426348448341889086e-08 1.837770069585879185e+01 4.633683047100833363e+01
4.754460791828530289e-08 1.552979760135302505e-08 2.140836242056347038e-09 -3.406415831275387666e-08 -4.103917745258872350e-08 2.152779447426618113e-08 1.768279213143394912e+01 4.615460270827001921e+01
3.742376889948907263e-08 -7.807219061758800431e-09 -2.355491707374891359e-08 -1.507309936495928654e-08 -1.718246018867087715e-08 -2.628026250349580461e-08 1.872970365094089473e+01 4.673561312149656999e+01
2.569852633866057249e-08 -1.183780847568291495e-08 2.426392966808674051e-08 -3.653010978603328247e-08 1.598075479430789613e-08 -1.577457157790963524e-08 1.666247393764892948e+01 4.493803358934634673e+01
2.739301096328484013e-08 3.597882828369582407e-08 -1.344987505030061269e-08 7.418839292749212868e-09 2.298094908957385600e-08 2.043746560518141550e-08 1.706084640887604920e+01 4.487414551579773558e+01
4.237590730774406685e-09 -3.490130338471206950e-09 2.329441107077833313e-08 3.617628933244479672e-08 -1.045273049334465152e-08 5.679316466447896757e-08 1.728349974150187407e+01 4.461244419642857650e+01
5.676226303646068222e-08 -7.170099549686589687e-08 -1.549951623230140404e-08 2.708351792111943614e-08 -1.323432783993991281e-08 -5.024364794822155099e-09 1.613449296225207874e+01 4.265274604081373155e+01
5.804440853612604752e-09 6.090380742938982851e-09 2.315216393130899009e-08 -1.363326168280412053e-08 -1.762888423900575278e-08 -5.844274308997842741e-08 1.653873644234428397e+01 4.184275360015259082e+01
-6.281616909922229879e-09 -1.174800992556464075e-08 2.396719706095614246e-08 -1.108903402316326918e-08 3.166767554354172555e-08 4.578490579692523312e-08 1.602977021136477731e+01 4.237014017663513243e+01
-1.990704536841047741e-08 -4.485794286351878105e-08 -4.556493748596667872e-08 -4.154104038386499597e-08 1.864449295316716756e-08 -6.352619450484279176e-08 1.541477114742955834e+01 4.113915440602255558e+01
-2.406633486049472194e-08 -3.131848972729817966e-08 -3.045034020078608358e-08 -2.011053878017326400e-08 -1.031172422744076529e-08 1.028201565040035695e-08 1.613139637716516361e+01 4.087453268164128417e+01
-2.101188429975764038e-08 -1.521551811050767761e-08 -5.084646675267429962e-09 6.241733483368143451e-08 2.306440245287145890e-08 -1.896411348353493853e-08 1.481435598698013223e+01 3.938403637358960907e+01
-6.589125765137108937e-09 -1.214674629728919525e-09 1.732904677543869901e-08 -2.051851935984010230e-08 2.635472728029688621e-08 -1.877163595751563387e-08 1.549736923146256551e+01 3.949479322969809658e+01
-4.323514976348149248e-08 -8.457429042119317470e-09 6.144342077028005058e-09 -2.969787831161790876e-08 -3.095556606005606865e-08 -7.107994237637514604e-08 1.433658815214790039e+01 3.809282582016283669e+01
3.309803680940823380e-09 -1.445382543074326648e-08 1.015179444742520877e-08 -1.414214994289971571e-08 1.289099394086315319e-08 -4.974147711295834023e-08 1.429844708928360753e+01 3.806956653196071017e+01
-1.449249609147697514e-08 -5.346260298828404826e-08 -4.025595369701557214e-08 -9.724834370126919323e-09 -3.109658036703162717e-08 -7.069531147511943001e-08 1.493747703016582484e+01 3.784531300419489952e+01
3.877411320906731234e-09 -3.746197123073084399e-08 -3.575637696376904292e-08 -3.718626545855769199e-08 -3.113494501723398997e-08 -6.397111480712739786e-09 1.433601252458636921e+01 3.657319868837236498e+01
1.993716387683361523e-08 8.678275765824019123e-09 2.787678762785626967e-09 2.922230016659287989e-08 -4.260285310395228771e-08 -1.246025763530962534e-08 1.448889283459596022e+01 3.544270457236937233e+01
-1.510183909745470090e-08 9.468413529976818872e-09 -4.538019863369136462e-08 -1.779984593740126861e-08 1.955491946348678983e-08 1.541692502267599274e-08 1.324711658354114618e+01 3.540036762614483479e+01
3.003799098739168411e-08 -1.124140694598045749e-08 -4.810044839311451342e-08 -3.837298431952560715e-08 2.278532800168881219e-08 3.964516224533356306e-09 1.379784934807256391e+01 3.508786466546519733e+01
3.807967494450311580e-08 3.506742084176647407e-08 9.688595586198850544e-09 -1.950246330745010672e-08 -1.110969924679761076e-09 1.432778762825282476e-08 1.304792942105557429e+01 3.503219839216667708e+01
-1.254334520125549911e-08 1.235628674749073059e-08 1.360835293499936349e-08 -4.574954652936821260e-08 -2.335131815065213989e-09 -3.819949271605151260e-08 1.296119269737570612e+01 3.431974187910898877e+01
-5.952289617833452149e-09 -1.958971299546982284e-08 9.829218305239378517e-09 -2.851353814913289777e-09 1.151738520653331256e-08 1.117736369120634604e-07 1.311881206792494403e+01 3.347992545698703992e+01
1.425325078640710728e-09 5.591776482002959055e-10 -1.083271334842749052e-08 -9.220495871197658847e-09 6.317404362658173463e-08 -5.285667016744370519e-09 1.263993291440217526e+01 3.265808154844314259e+01
-5.309159862560407815e-09 5.328424077883612068e-08 2.885104046488443209e-08 5.636347297563594770e-09 -3.456855657944280583e-08 -2.483775084946970240e-08 1.224135189336646512e+01 3.186406460749932279e+01
-1.899366886905182143e-08 -4.982007856373220715e-08 -2.348644536604312979e-08 3.161499239733669574e-09 -2.946437470741014233e-08 -5.188556346412656354e-08 1.211068854752307189e+01 3.200980796340133594e+01
1.169594944142615606e-08 -2.693700030548719527e-08 -1.233123563193344853e-08 1.163286208614197947e-09 9.984925833191269841e-09 9.243543708713957377e-09 1.163991178481279043e+01 3.184666569366309119e+01
2.242844896906100813e-08 -3.739121518837115370e-08 -2.217213042964743048e-08 -4.617102774714688207e-09 -9.998670495773980492e-09 -8.680176071687877935e-08 1.219274211088263193e+01 3.141581284601054946e+01
2.514251550738361428e-09 -7.849376461510343691e-09 3.552389916160692997e-08 1.796545585490801292e-08 3.333177429995307187e-08 -1.867316370087248240e-08 1.160573873365504305e+01 3.059640742560177884e+01
1.688129152533978408e-08 6.834083082725680586e-09 4.951963297413618797e-08 -1.761968966687173771e-08 1.422543173888916556e-08 1.516483864663372843e-08 1.138818173334363060e+01 3.021803811284895858e+01
1.379976602354158771e-08 -4.230777026848867087e-10 -2.973673420184286063e-08 -1.933894807437894443e-08 2.787885127064377525e-08 -4.501808493073634621e-08 1.130857629721770863e+01 3.066431812981466010e+01
-4.540713748253330055e-08 6.270185201366893170e-09 -3.054257249929609111e-08 -1.226536046545035707e-09 -9.376972797949410780e-09 1.238417334494139525e-08 1.130914872984484276e+01 2.994510439393170742e+01
1.260993734696356139e-08 -2.688909429829159945e-08 -1.968683658765668556e-08 -3.699892340209312896e-08 -4.043205724614861090e-08 3.673692961173749179e-08 1.050883674488267516e+01 2.945331536286993668e+01
1.740635805144142473e-08 -5.219875778048662106e-09 -6.979939002109367516e-09 -1.803634841339736004e-08 1.530537894539398498e-08 2.900653685701359662e-08 1.080054873511904745e+01 2.907196969696969546e+01
-2.590064087999938354e-09 -1.275419423188908345e-08 -6.152727509044891504e-08 2.665115313026948244e-08 -2.005162377443149225e-08 -1.791048294032271194e-08 1.034041725644279630e+01 2.872141835929797082e+01
-3.482850074273283044e-08 -8.876629873476883950e-09 5.602336442403039269e-09 -2.672473100713761879e-08 3.100269497922203874e-08 -7.923172647667672101e-09 1.016702905879180285e+01 2.849577935543682372e+01
2.962551506599299384e-09 -3.873751062273830700e-08 1.689429808251721317e-08 1.913403144691237506e-08 1.486103074005439943e-08 -3.494067766659163073e-08 1.005154346354670203e+01 2.820573600636129541e+01
6.959731403215621976e-09 -3.544362318755174103e-08 -3.879433261085007513e-08 -1.247740037682590077e-09 -3.486279763988990582e-08 1.607501475360263023e-08 1.003250888982642230e+01 2.731380991161464777e+01
-8.029418601248167297e-10 -9.917257126350114322e-09 -1.972886307195077713e-08 2.465444623149864505e-09 2.389792538950628355e-08 -2.486345110561090396e-08 9.719978101325757791e+00 2.704947978245447970e+01
2.054412341560069401e-08 -3.562013643295033303e-09 -3.054397701251050592e-08 1.736024212684260382e-08 -2.024536098312629262e-08 -2.765209892538525166e-08 1.009874345024546827e+01 2.690495263469508558e+01
-1.153901779941533783e-08 -1.859939913565395914e-08 -1.105466520424061706e-08 1.630225986697739597e-08 2.836112810163851025e-08 -1.020265673256697772e-08 9.308787559120839106e+00 2.670567295112606487e+01
2.348926548513963630e-09 5.209388411940490535e-09 -2.786447054603052651e-08 2.911860809694358421e-08 -2.607730869475481794e-08 2.328721092221011517e-08 9.602693056456846676e+00 2.641629751606095056e+01
9.169055884126161383e-09 -2.451406405614462358e-08 -5.953003598097509332e-09 -1.485818417555193808e-09 -2.498812601037834955e-08 -6.850070482114043453e-09 9.319837367191793120e+00 2.634354448798148596e+01
9.112105762785383902e-09 -4.186255696878978739e-09 2.162602038517505840e-08 4.645631820084895671e-09 -1.038512086636822481e-08 -4.106828921355629290e-08 9.367959843821250132e+00 2.567091702657617347e+01
1.018202695271695176e-08 -1.728262554012020536e-09 6.492941567648542944e-09 -1.872685476002828980e-08 -4.371974903835750962e-08 -4.303072362729570411e-08 8.820483078602620708e+00 2.551341871577001896e+01
-5.408215419675838704e-09 -3.267398887465998043e-08 -1.703366454965916756e-09 3.149918743271900327e-08 6.613140750925826457e-09 1.185790289644634592e-08 8.811302866962206437e+00 2.499186627529185145e+01
2.799961229202746426e-08 3.301246743641022724e-09 -6.891761724249517149e-10 -9.539037942639141353e-09 3.255214301581411357e-08 -1.052178398707651358e-09 8.436630023457555083e+00 2.496966379119663770e+01
5.242020413636121804e-09 -2.683318291595767294e-09 -1.645518121817013493e-09 -1.332807349290771098e-08 -1.345277168127593778e-08 7.741417829854705707e-09 9.008849063162076121e+00 2.487218119915104353e+01
1.920832776531995083e-09 -1.495211076792002612e-08 1.026279281623284457e-08 3.337829211521519573e-09 -7.554155473458551104e-09 1.139751203646825131e-08 8.507958980116857362e+00 2.444764650160057684e+01
-2.123789044283194759e-08 -3.897602582519408283e-09 -1.358429831624834868e-08 3.382397800896758274e-08 -1.379264495516829392e-08 -9.610381457316819185e-10 8.407016448222163874e+00 2.435069316581826016e+01
-1.029001648459149640e-09 -2.473913950556055342e-08 -4.232356439247376397e-08 1.471849058984021937e-08 -1.021290556437510769e-08 -4.295111278774032453e-08 8.325234595183193420e+00 2.375270032789696018e+01
-1.524480540903794680e-08 -1.658726394342774116e-08 1.086338514787444584e-08 -2.098946015355994430e-08 2.278437606633712051e-08 -2.493133168901847747e-08 8.282481517239908442e+00 2.373956046883324333e+01
-2.364724844804308973e-08 -1.198117062114391072e-08 1.991785503709941792e-08 -2.329344740728331789e-08 -4.276366307731090741e-08 -2.377064788949265902e-08 8.216128840042372872e+00 2.386331822705999528e+01
-1.130382292601714766e-08 -3.255636974704143475e-08 -2.353873267345024101e-08 -5.894619231142424667e-09 -3.385529885007761639e-09 -4.945656072347418936e-08 7.867869251179246071e+00 2.372588833814364051e+01
-7.302511846814616812e-09 1.676940851713431747e-08 6.743532611866096737e-09 1.599794088783630387e-08 2.665735365722298526e-09 2.466973474569325357e-08 8.185511222846287183e+00 2.309346050454921340e+01
2.340604331746796030e-08 -2.673745701866476462e-08 6.192383971496664801e-09 -4.616515260716093644e-09 9.083175934334410201e-09 -1.727878064292440537e-08 7.728407630771781278e+00 2.287109707047042662e+01
3.528858735302556118e-08 1.033915554300683304e-08 -2.111860757772697686e-08 3.399065529711891742e-08 4.471286128456345010e-09 -1.050603122448141601e-08 7.051797717799934695e+00 2.269299657569357720e+01
-8.292808242004104194e-10 -2.399033972352750479e-09 -7.332566292733592309e-09 3.228795061293634970e-09 -2.697451184043089583e-08 3.886091457164240459e-08 7.016377638348727963e+00 2.223709793324021788e+01
-4.848672982203556798e-08 -5.669198472993551163e-09 -9.306846792761831515e-09 1.831119263395193215e-09 2.445218065024395379e-08 3.714744258062907830e-08 7.011827404809618969e+00 2.201176986511280731e+01
-7.487315922039359798e-09 -8.132736548766151256e-09 -1.946343600149155255e-08 -1.806616154543310158e-08 1.498423195565668523e-08 -2.453468880810808166e-08 7.007302091673339284e+00 2.189463286713286649e+01
1.735362978915533017e-08 2.849112728895513559e-09 -8.259486108025545337e-09 -2.992116205085454698e-08 3.481046859362242260e-09 -2.015665405455554122e-08 7.382997459147070174e+00 2.207675020362755092e+01
-2.166689612575208762e-08 1.176880693938652981e-08 -3.685966778496104136e-09 -1.979912390299878343e-09 -2.090241599619820619e-08 1.500836891825997357e-08 7.076323811951065856e+00 2.196764797873172270e+01
2.620062192946823428e-08 -3.863328855056942393e-09 -1.088634178734835237e-08 2.293586002714215444e-09 -2.476147512740676025e-08 3.929496217044238165e-08 7.173162667628255384e+00 2.140326308633582642e+01
