nan nan nan nan nan nan nan 0.000000000000000000e+00
2.464289189374468947e-12 nan nan nan 1.136200768886430623e-11 6.773339701615643804e-12 nan 5.362421444388143499e-12
3.214586236088834506e-12 nan nan 7.895438932277915818e-12 nan 1.122389334251572279e-11 7.762521528342780641e-12 8.756453895308879964e-12
5.449242619637306717e-12 nan 1.384325755878397867e-11 nan 9.793212248088156713e-12 9.413060608753909264e-12 7.125939884463268674e-12 1.957171924527045803e-11
5.258489245892524116e-12 8.886090937150942999e-12 nan 9.523850458270644026e-12 nan 1.143236200151775961e-11 7.386055887274404040e-12 7.405406416288302217e-12
4.478132826678628191e-12 1.112205050279868698e-11 1.133756382427313583e-11 nan 9.970485295970636398e-12 6.179906123874682020e-12 1.059592857142857065e+04 3.283211363636363967e+04
3.477514283478644330e-12 1.240374546900784724e-11 1.005473343473894975e-11 1.043828998931184415e-11 7.244824531960070146e-12 9.082015625000000000e+03 1.358616992187500000e+04 1.809907986111110949e+04
5.275697702774214042e-12 1.092912681651310802e-11 9.620540475374639300e-12 8.263949048879583051e-12 8.881319291109690539e-12 1.430865865384615427e+04 1.777558948863636397e+04 1.930443888888888978e+04
7.163259021035703145e-12 9.399624927614829699e-12 1.019639234156599628e-11 6.862945575084686073e-12 1.313106584821428442e+04 1.423657031250000000e+04 1.475187980769230853e+04 1.491708163265306030e+04
6.603272276798886495e-12 1.055842165834738360e-11 9.088810586496851110e-12 5.938129328530994400e-12 9.516693750000000364e+03 1.154106015625000146e+04 1.155093402777777737e+04 1.545939554794520518e+04
7.324180477794203861e-12 1.005240335416601738e-11 1.017810772532066460e-11 6.471188179347826008e+03 1.224949908088235316e+04 1.099160085227272793e+04 1.256812364130434798e+04 1.462871428571428623e+04
9.000813699808716916e-12 9.822449952166955101e-12 7.397090083318045422e-12 6.701764062500000364e+03 6.607026515151515014e+03 8.367860119047618355e+03 1.174620982142857065e+04 1.071373469387754994e+04
8.373206499741302921e-12 8.818270639444327320e-12 8.028292677118223194e-12 7.521898648648649214e+03 7.349734953703703468e+03 9.514399493243243342e+03 9.346326967592591245e+03 1.358004545454545405e+04
7.012682308812539179e-12 1.031387780059671430e-11 2.706764476102940989e+03 5.458741918103448370e+03 6.579651388888889414e+03 7.870496212121212011e+03 8.875839527027026634e+03 1.134284827586206848e+04
8.366301846995274768e-12 9.633164636350480645e-12 2.233910243055555839e+03 6.129520380434782055e+03 6.027377083333332848e+03 6.771409226190476147e+03 7.618343750000000000e+03 8.593635802469134433e+03
7.493419812666677787e-12 9.568800484482118837e-12 2.715176196808510667e+03 5.200108723958333030e+03 5.294824142156862763e+03 5.857899374999999964e+03 6.811764374999999745e+03 8.314104166666666060e+03
8.685466139405465409e-12 7.958939587047312259e-12 4.709350115740740875e+03 4.367970663265306030e+03 5.140670673076923777e+03 5.824970079787233772e+03 6.362503676470588289e+03 6.761217639593907734e+03
7.768113355631346273e-12 9.159306249958578700e-12 3.793633680555555202e+03 3.845911184210526244e+03 4.671718750000000000e+03 5.278280776515151956e+03 5.501036458333333030e+03 7.080898594377509653e+03
8.041395555524134983e-12 8.703226631442564393e-12 2.998461805555555202e+03 3.664042921686747377e+03 4.565859895833333212e+03 4.988461805555555657e+03 5.257684895833333030e+03 6.253284584980237014e+03
7.622335663081804363e-12 7.897885123675507334e-12 2.381601562500000000e+03 3.888266995614034840e+03 4.089441133720930338e+03 4.526789732142857247e+03 5.255576298701299493e+03 6.030778278688524551e+03
8.148025929717418341e-12 1.000617319498529568e-11 3.269788461538461888e+03 3.241235331632653015e+03 4.192878424657534197e+03 4.264561079545454959e+03 5.032892319277108982e+03 5.359464856230031728e+03
8.007217904599477902e-12 9.689519485912312644e-12 3.142290730337078458e+03 3.200985197368420813e+03 3.531087871287128564e+03 4.051051598837209440e+03 4.688677205882352609e+03 5.712569628647214813e+03
7.979075202622003024e-12 9.881973127578880896e-12 2.825267393867924511e+03 3.007830275229357994e+03 3.640749627976190368e+03 3.753532738095238528e+03 4.121308593750000000e+03 5.386443407960198783e+03
7.538840028433111986e-12 1.080573860145662786e-11 2.039387668918918962e+03 2.969457386363636033e+03 3.175036502100840153e+03 3.707610849056603456e+03 4.360051535087719458e+03 4.987678089887640454e+03
7.991769091361520087e-12 1.302571208789141742e-11 2.432609521028037307e+03 2.907925331858406935e+03 2.788645647321428442e+03 3.313648109243697490e+03 3.887120888157894569e+03 4.148382454128440259e+03
8.032724720127955092e-12 1.129463456095436468e-11 2.265871183206106707e+03 2.559504065040650858e+03 2.652107208029196954e+03 2.844055717054263368e+03 3.658608886718750000e+03 4.075388170055452974e+03
8.372648253719540078e-12 1.218941077106885676e-11 2.047919076492537215e+03 2.262850579470198682e+03 2.627757440476190368e+03 2.945043439716312150e+03 3.157493566176470722e+03 3.945545412844036946e+03
8.441863466699238640e-12 1.275892932972588767e-11 1.445614432803468162e+03 2.185639567669172720e+03 2.427565088757396552e+03 2.897517187500000091e+03 3.095033358895705533e+03 3.803650000000000091e+03
7.938947158532925582e-12 1.277015572652219664e-11 1.955095982142857110e+03 2.000246611445783174e+03 2.295891964285714039e+03 2.489456909937888213e+03 2.914809332770270430e+03 3.541298231511254016e+03
8.683029529658464053e-12 1.335094446345015245e-11 1.758114393939393949e+03 2.041746070359281475e+03 2.074956636235955102e+03 2.394155732044198885e+03 2.817008040935672398e+03 3.330180456490727465e+03
8.022665188005432631e-12 1.269561070582160492e-11 1.680770608108108263e+03 1.807705332880434753e+03 2.010723035714285743e+03 2.378406821646341541e+03 2.622063368055555657e+03 3.273390796703296928e+03
7.935060848096960336e-12 1.179738846295614487e-11 1.313718440594059530e+03 2.022367953431372598e+03 1.875561890243902326e+03 2.313459146341463565e+03 2.457779718137254804e+03 3.127364012738853489e+03
7.907559647964453999e-12 1.308260746112488885e-11 1.586030646135265670e+03 1.715848484848484986e+03 1.963434999999999945e+03 2.128830492424242493e+03 2.434187964108910819e+03 2.845173739237392510e+03
7.810053710056713599e-12 1.273269551809123596e-11 1.532544407894736878e+03 1.622605813953488450e+03 1.778459083686440636e+03 2.076618102477477350e+03 2.585250550660793124e+03 2.813694444444444343e+03
7.924291072109263634e-12 1.268686713317322663e-11 1.494084251101321797e+03 1.626438371513944276e+03 1.747176162790697617e+03 1.979985143442622984e+03 2.214468208874458924e+03 2.651258804695838080e+03
7.912122687444622067e-12 1.255796880625129325e-11 1.089243489583333258e+03 1.499694349315068393e+03 1.662098601083032463e+03 1.872711322869955211e+03 2.174926960784313906e+03 2.491931293881645161e+03
7.713319127727943911e-12 1.427797078099343935e-11 1.236924386160714221e+03 1.362690688775510125e+03 1.605231577510916850e+03 1.688223481514084597e+03 2.010259970817120575e+03 2.328313902439024332e+03
7.995114134462628953e-12 1.368292146253224960e-11 1.216858048892988791e+03 1.357756714876033129e+03 1.575733803986711109e+03 1.809963616071428532e+03 1.949923306297709814e+03 2.435578449053200984e+03
7.999238526470181574e-12 1.247109378728813200e-11 1.110163384244372992e+03 1.247646376221498485e+03 1.401904476950354592e+03 1.555149954212454304e+03 1.804329506802720971e+03 2.265202481076534696e+03
7.810915267407581486e-12 1.337769368965113188e-11 9.731670711974110191e+02 1.265431799674267268e+03 1.397225366449511512e+03 1.558653571428571468e+03 1.772912259615384528e+03 2.063117623282133991e+03
8.545452775422122313e-12 1.329918370046900252e-11 1.160349449685534637e+03 1.253246357361963192e+03 1.386465654952076648e+03 1.487742393092105203e+03 1.742926346153846225e+03 2.059544740973312400e+03
8.592713970817984767e-12 1.310283817155660674e-11 1.126472337613293121e+03 1.221795726837060556e+03 1.306244068696883915e+03 1.426038204225352274e+03 1.687536086309523625e+03 2.049328549848942657e+03
8.856993460327188570e-12 1.304174339581952053e-11 1.008986903901734081e+03 1.117219714010282587e+03 1.285055211370262441e+03 1.380138176638176674e+03 1.652634427374301822e+03 1.891262096774193424e+03
8.590061238411200595e-12 1.361884765167572023e-11 8.609788135593220204e+02 1.026214181286549547e+03 1.201740160579345002e+03 1.356352118945869051e+03 1.533051868556701038e+03 1.837991722972973093e+03
8.445126497985084945e-12 1.397696773134763848e-11 1.012940126050420190e+03 1.057757755474452551e+03 1.142327951388889005e+03 1.304411585365853625e+03 1.457815641534391489e+03 1.760111627162075592e+03
8.687706296779327281e-12 1.360974469155514189e-11 9.713946167883211729e+02 1.018124510443864210e+03 1.090017219387755176e+03 1.257663768796992372e+03 1.451877833753148479e+03 1.681385378510378587e+03
8.512400170529420043e-12 1.421800282390242848e-11 7.803321049528301501e+02 9.993213862559242671e+02 1.055713463930348325e+03 1.272200696055684375e+03 1.426552720048899801e+03 1.611793144208037802e+03
8.672740686530108167e-12 1.290215736718083547e-11 7.432619080396476647e+02 9.210840471092077451e+02 1.043048001126126110e+03 1.174707927178899126e+03 1.326103799559471554e+03 1.581216915836101862e+03
8.612031978229326781e-12 1.361609718674166451e-11 8.227524725274724915e+02 9.255625697544642208e+02 9.753074728260869506e+02 1.152157526881720514e+03 1.283393034140969348e+03 1.589823489010989078e+03
9.121541061208390324e-12 1.355205029485354756e-11 8.427532258064516100e+02 8.463112473628691532e+02 1.005559647817460245e+03 1.106140466531440097e+03 1.289876296680497944e+03 1.484811011116993313e+03
9.142390837435510065e-12 1.325455208552502459e-11 7.085009881422923854e+02 8.504981831395348308e+02 9.435790094339623693e+02 1.042392219387755176e+03 1.205905938123752321e+03 1.458303792761526893e+03
9.335115730573643807e-12 1.365197849600757006e-11 6.793212435233160704e+02 8.268447621457489731e+02 8.819588358070501499e+02 1.038407755298651182e+03 1.192317630597014841e+03 1.364767155702792252e+03
8.813446754089870860e-12 1.386008283452453043e-11 7.586810735887096371e+02 7.882451508620689538e+02 8.594927042801556354e+02 9.675041208791209328e+02 1.132392184557438668e+03 1.376951601671309163e+03
9.304868428506463462e-12 1.397312194869533307e-11 7.533259420955881751e+02 7.901996137640448978e+02 8.694726562500000000e+02 9.464334262435677374e+02 1.120384374999999864e+03 1.268612813059033897e+03
9.170249242720504454e-12 1.317551452846712719e-11 6.360959858569051448e+02 7.585266402229844971e+02 8.928899529569891911e+02 9.381507486388384223e+02 1.075229845626072120e+03 1.280973644251626865e+03
8.723817543038649993e-12 1.358685458513547739e-11 6.024945476575121575e+02 7.714881000000000313e+02 8.183757243377483519e+02 9.215251610305957684e+02 1.067154207516339966e+03 1.205522032193159021e+03
9.393965525140539974e-12 1.358763048485132831e-11 6.626974009900990268e+02 7.150893442622950715e+02 7.936532547923322909e+02 8.956360645933013984e+02 1.070421975806451655e+03 1.193479685585953575e+03
9.424463198414358825e-12 1.343121226410797345e-11 6.723139972952086509e+02 6.973843550955414230e+02 7.674123029279279535e+02 8.410048380726698269e+02 1.001361685214626505e+03 1.163662033511043546e+03
9.612083143517707218e-12 1.340794969874731035e-11 5.678207042772861541e+02 6.619539844851904036e+02 7.392330163043477569e+02 8.178886298421807624e+02 9.952602802037846459e+02 1.150542012839879135e+03
9.609481103293013080e-12 1.336367187849856082e-11 5.371581081081081948e+02 6.793770380434782510e+02 7.185773437500000682e+02 8.310018628912071108e+02 8.835547652916073957e+02 1.090454873646209307e+03
9.718520147681968665e-12 1.372636737431731256e-11 6.064935538116592397e+02 6.626975446428571104e+02 7.338318580114448650e+02 7.854381578947368325e+02 9.448399153737658480e+02 1.087627327586206775e+03
9.347734859273326126e-12 1.393923150579836790e-11 5.889813685636856917e+02 6.316105423850574425e+02 6.794874011857707501e+02 7.685397805212619460e+02 8.872957482993197118e+02 1.040381525766251343e+03
9.685241636663125232e-12 1.425877501326011224e-11 5.040848042362002275e+02 6.191967563291138958e+02 6.945211421832884753e+02 7.562076013513513999e+02 8.713574447334200386e+02 9.983816476345840556e+02
9.213311595127985520e-12 1.393793445203392475e-11 4.855296532846715536e+02 6.089505339195980014e+02 6.601256953028429280e+02 7.411379731379731766e+02 8.423903726708074373e+02 1.012838398642394282e+03
8.988528509248318499e-12 1.329046554749159324e-11 5.619130195214105470e+02 5.964183530510584887e+02 6.710795036764706083e+02 7.493781969309463875e+02 8.217473470661673218e+02 9.550310360920971107e+02
9.295773085090360925e-12 1.248927239867660021e-11 5.279403582317073642e+02 5.872396201413426979e+02 6.198787746806038967e+02 7.229233409610983472e+02 8.243760233918128506e+02 9.434888392857143344e+02
9.317811169105219067e-12 1.255654848357522164e-11 4.464386614401858537e+02 5.581477208380521233e+02 6.179817739975698032e+02 6.729322245017584692e+02 8.042798634812286309e+02 9.036114122472897634e+02
9.239048942692032657e-12 1.266257960956558539e-11 4.579465206185566899e+02 5.531852043838863437e+02 5.924152497343251298e+02 6.831112385321101783e+02 7.574651775804661611e+02 9.000810114237949620e+02
9.191172201260491544e-12 1.250162409670151486e-11 5.211241309385862905e+02 5.206575413223140458e+02 5.931351825842697281e+02 6.409487513007284178e+02 7.253335176991150774e+02 8.723110630240735190e+02
9.383228493714776498e-12 1.285973696396264854e-11 4.666015045068929226e+02 5.297633207750268411e+02 5.747837906504065586e+02 6.533590686274510517e+02 7.376947828389830875e+02 8.516137372682162550e+02
9.409293202745000898e-12 1.290755330647520392e-11 4.322224887836489984e+02 5.124369887525563172e+02 5.632742647058823877e+02 5.924501013171226305e+02 6.791659729448491589e+02 8.417172855313699529e+02
9.141981324313890179e-12 1.292350834907852402e-11 4.306388681592039802e+02 5.002613409770687554e+02 5.395725121359223522e+02 6.114630369630369842e+02 7.095141878669275002e+02 8.116909730952979771e+02
9.378320178664049503e-12 1.310210708725066374e-11 4.641498397435897800e+02 4.918230377906976400e+02 5.391635273972602818e+02 5.884726941747572937e+02 6.899570738354806281e+02 8.033008639571671665e+02
9.230946069971125696e-12 1.249559144267281970e-11 4.329809821428571581e+02 4.861505949575871455e+02 5.277217220683287451e+02 5.679034562211982120e+02 6.545544634597595177e+02 7.731087410155344060e+02
9.390267556744141194e-12 1.275480615123504371e-11 4.088335059852670383e+02 4.709481951871657657e+02 5.084114730878187061e+02 5.762039165103190044e+02 6.518186540198735202e+02 7.636146441073512960e+02
9.485265425954256857e-12 1.267265587261038415e-11 3.951475388329134830e+02 4.625395577105014127e+02 4.932404336734693970e+02 5.557939897413024255e+02 6.294499779151943812e+02 7.366848940914157993e+02
9.080268084795530713e-12 1.264889373267064127e-11 4.354174431818181574e+02 4.579251980817347771e+02 4.940805831826401118e+02 5.418307086614173613e+02 6.146716129744042973e+02 7.150008654262223899e+02
9.408130934808810241e-12 1.225938014865613917e-11 3.901553894148020731e+02 4.561482712765957217e+02 4.814678941908713341e+02 5.311993972081218089e+02 5.956067596566523434e+02 6.945075021132713573e+02
9.201432760447917453e-12 1.250069842148352651e-11 3.842821230484798321e+02 4.511719507269790483e+02 4.806524132091447541e+02 5.110196663920922902e+02 5.860599669148056137e+02 6.840320499479709042e+02
9.221762195271662079e-12 1.249556454430928731e-11 3.671176266825019638e+02 4.331142100977198766e+02 4.600621031746031804e+02 5.041361661277283588e+02 5.725426159072741257e+02 6.723181590042159996e+02
9.348693276899374399e-12 1.244873420814493165e-11 4.141596563981042323e+02 4.269682850430696703e+02 4.598134568896051633e+02 5.003342541436464330e+02 5.545894715772617474e+02 6.637897288739362693e+02
9.204942486525429349e-12 1.227003049264079044e-11 3.572373145979703395e+02 4.152248641304347530e+02 4.474624715693707344e+02 4.835925287356321860e+02 5.669868097579425239e+02 6.403236751810903797e+02
9.183188011528418850e-12 1.259604121407754249e-11 3.476657182835820663e+02 4.110713203848895319e+02 4.350397900763358621e+02 4.799251373626373720e+02 5.405754567486949327e+02 6.168273099850969174e+02
9.379333412905113454e-12 1.209667204456327986e-11 3.418273625429553704e+02 3.932412548449612473e+02 4.218806258790436345e+02 4.784376421531463279e+02 5.227165162454873553e+02 6.053406381808179049e+02
9.485560285617967801e-12 1.254484399304762367e-11 3.677681034482758946e+02 3.852035933242506758e+02 4.108021682727946313e+02 4.592792645027624303e+02 5.238966015907446945e+02 6.001296880634691888e+02
9.184966051156973576e-12 1.253847666146675468e-11 3.343926734658298301e+02 3.862355769230769624e+02 4.110432464454976298e+02 4.632135489510489492e+02 5.112706167706167548e+02 5.801998708010336259e+02
9.158052109982002587e-12 1.247907677163257957e-11 3.313757050431320295e+02 3.697189614343707831e+02 4.127524400684931720e+02 4.413878352152435127e+02 5.020696985094850788e+02 5.850099193006052474e+02
9.088421373506763044e-12 1.248507193769608153e-11 3.188300807256990765e+02 3.724162806088683055e+02 4.040781250000000000e+02 4.274968426165803521e+02 4.745990205843293097e+02 5.707301169590643894e+02
9.278758378688765703e-12 1.249178333737835540e-11 3.496481496710526358e+02 3.596637658227847965e+02 3.911318838146407302e+02 4.313490308151093586e+02 4.820805168986083800e+02 5.443406733618702447e+02
9.314468468683530825e-12 1.226085613703345571e-11 3.150345982142856656e+02 3.601787294563843602e+02 3.841776275353410597e+02 4.177561289818863202e+02 4.612190648614609358e+02 5.359892498430634760e+02
9.825187407897134278e-12 1.242119165776450737e-11 3.081872679455445336e+02 3.467653575794620906e+02 3.689491444866919778e+02 4.105784533374535954e+02 4.640311336848635051e+02 5.281276429130775796e+02
9.614320689095661861e-12 1.232028462572618979e-11 3.024497989766081787e+02 3.464550684079601979e+02 3.720143236857649072e+02 4.020389046717172050e+02 4.498379919499105313e+02 5.159390897946674386e+02
9.147258544785317217e-12 1.235547557357966914e-11 3.161838770923744164e+02 3.455372076023392083e+02 3.637140469527363393e+02 3.981665712650257092e+02 4.312425333535476284e+02 5.100535925487877194e+02
9.417761521333501863e-12 1.230138359180233750e-11 2.938331023920653138e+02 3.334717573221756766e+02 3.568695132245357513e+02 3.889916420118343012e+02 4.411974765258216280e+02 4.935366039102099762e+02
9.516521625898524187e-12 1.241812070780780142e-11 2.960468220338983087e+02 3.255924734191382299e+02 3.416154654872389642e+02 3.848482295830953603e+02 4.308555515759312016e+02 5.007709844928154439e+02
9.185608346302975152e-12 1.208214417648802163e-11 2.899790745856353738e+02 3.215926989910313978e+02 3.511070932815102879e+02 3.801047353760445731e+02 4.199415579911209875e+02 4.725631425395943097e+02
9.235436654628945682e-12 1.205147991250339335e-11 2.998308379120879295e+02 3.163712603878116738e+02 3.355642013888888755e+02 3.709916412319644792e+02 3.993832209686295869e+02 4.646508620689655231e+02
9.302062862066193129e-12 1.199061697460741265e-11 2.841120748765770827e+02 3.081449265505984840e+02 3.397548994326973002e+02 3.614483552631579073e+02 4.094640333333333615e+02 4.651385085246341760e+02
9.598200258634519351e-12 1.174256777266071833e-11 2.734511475622406920e+02 3.128742526158445116e+02 3.344857259380097503e+02 3.521557005860415188e+02 3.920255327442827706e+02 4.455925396412789041e+02
9.469230448211959329e-12 1.174868910224336631e-11 2.746160625620655082e+02 3.063624256354786439e+02 3.275266145307770103e+02 3.544836340206185810e+02 3.855151329375323144e+02 4.380112874097006852e+02
9.534886556392718350e-12 1.226136414352004211e-11 2.826032348242811736e+02 3.038887269193391489e+02 3.168699986924685845e+02 3.461537935323382840e+02 3.803161112519006792e+02 4.369802155992390453e+02
9.421371201486855291e-12 1.186398229938185033e-11 2.637871654501216767e+02 3.064257190549563461e+02 3.078620914258645485e+02 3.443499755261869950e+02 3.673646350546176791e+02 4.249448199582155326e+02
9.452450309113310077e-12 1.208353831922966062e-11 2.626476972101972365e+02 2.946784090909090992e+02 3.013293553149606510e+02 3.342188269325455394e+02 3.635367575462512377e+02 4.166348740004846150e+02
9.354752656112799107e-12 1.225124205163669739e-11 2.575342142520056541e+02 2.838974494593323925e+02 3.040277612826603217e+02 3.236889466225791239e+02 3.602839454976303273e+02 3.981060801312090121e+02
9.453527740802699455e-12 1.213964357818926251e-11 2.615676373884452914e+02 2.844187706465314136e+02 2.984467040673212068e+02 3.221987638632162430e+02 3.497942978322337240e+02 3.953169521559362352e+02
9.731315868082055307e-12 1.208857401908587870e-11 2.538796616022099499e+02 2.811616747460757324e+02 2.889202654071075358e+02 3.203660631383472719e+02 3.495096716149348026e+02 3.946590282563749383e+02
9.622034766865682638e-12 1.220852425218754072e-11 2.443704068981063813e+02 2.807086831639416573e+02 2.891646102398523794e+02 3.167028197158081753e+02 3.391529664855072497e+02 3.864415013525698441e+02
9.659792794792851576e-12 1.247995882950220008e-11 2.489867768158783861e+02 2.707597577388963828e+02 2.859353169469599152e+02 3.057408767245215699e+02 3.364861081022530129e+02 3.847341374029099370e+02
9.489004971456328470e-12 1.233819081184805730e-11 2.415722203274215474e+02 2.667220619658119745e+02 2.790249888938249683e+02 3.025762214808437420e+02 3.330004986702127781e+02 3.692969530740821256e+02
9.522332240457967938e-12 1.214729922462025352e-11 2.422810779330791888e+02 2.699233775334195684e+02 2.757891936144085321e+02 2.971951213080168941e+02 3.216982467258132488e+02 3.630885571610709803e+02
9.801772832310093312e-12 1.207474444198917627e-11 2.382369975134687081e+02 2.711758474576271283e+02 2.778373552123551917e+02 2.937664697743720694e+02 3.221735965647255853e+02 3.596752118865753118e+02
9.664852748925271384e-12 1.224324729478956510e-11 2.347038164839626404e+02 2.592982782923882610e+02 2.687434224102352687e+02 2.858625000000000114e+02 3.136322887037789542e+02 3.445729219143576643e+02
9.519256895510611924e-12 1.237617379984273384e-11 2.334294794188861886e+02 2.533247967479674685e+02 2.661884036144578545e+02 2.877464695047073064e+02 3.062688536190860873e+02 3.420133847089840060e+02
9.697298164932767300e-12 1.199777783187933294e-11 2.297029802658074971e+02 2.532694172331067648e+02 2.626141241299304170e+02 2.827218041438624141e+02 3.033383731254932627e+02 3.350988199127330631e+02
9.655962025811325182e-12 1.203225394874607498e-11 2.268629668848671486e+02 2.515355685269552168e+02 2.589620713716108753e+02 2.748977359938602945e+02 3.003987819025522299e+02 3.331525308462061616e+02
9.817995684811556283e-12 1.210415365409205518e-11 2.191422857668260349e+02 2.450838218053927449e+02 2.575549681886227518e+02 2.713201840250587225e+02 2.942786418816388618e+02 3.268087914691943183e+02
9.855762864946473942e-12 1.221232485168503010e-11 2.247431075226467101e+02 2.408713609898107961e+02 2.501447793837961342e+02 2.708647760917838241e+02 2.909042799169498039e+02 3.285017552182163172e+02
9.776012172251081830e-12 1.226056581274502776e-11 2.236352533722201770e+02 2.341875239371888142e+02 2.526975582437275989e+02 2.664147286821705052e+02 2.864242129629629403e+02 3.161654597121642496e+02
9.700217794555751645e-12 1.223041592481671606e-11 2.180631730078966370e+02 2.353491302008608557e+02 2.475095775571375043e+02 2.656476406533575414e+02 2.796502184996358551e+02 3.109098215098807145e+02
9.771646164250301732e-12 1.221554628837663602e-11 2.120408842989985772e+02 2.364136258454966253e+02 2.377533046486870205e+02 2.565566964285714562e+02 2.754767659650374299e+02 3.057846939678046851e+02
9.824707231671565919e-12 1.227255147409379162e-11 2.109908840503672707e+02 2.304154053583855273e+02 2.454454875700280070e+02 2.524910493827160565e+02 2.702840968815697238e+02 3.005538414205344679e+02
9.730616582489485151e-12 1.216317535641580591e-11 2.092582621206836393e+02 2.282395318021201263e+02 2.367061500510377527e+02 2.489653532608695627e+02 2.671160406616126579e+02 2.984758617695580369e+02
9.885277456844389861e-12 1.210273322173853742e-11 2.086763978861234250e+02 2.280426969996702837e+02 2.318021234676007225e+02 2.426201560356652749e+02 2.685372689075630319e+02 2.948774618467047617e+02
9.812352579256309298e-12 1.219678992211017640e-11 2.032752976190476204e+02 2.232655395006839854e+02 2.322077927343496526e+02 2.455060995989304615e+02 2.605755147791431341e+02 2.869182728254548351e+02
9.768189194049025732e-12 1.205250865096990676e-11 1.986198589394969360e+02 2.227014356753288382e+02 2.306934753438443408e+02 2.369369679109364881e+02 2.605673268147165800e+02 2.841493964603213840e+02
9.901033696616915290e-12 1.205721245137793737e-11 2.014393620466321408e+02 2.186528874629812549e+02 2.260590518600252210e+02 2.332983448775773070e+02 2.521657835581245877e+02 2.753267893247068514e+02
9.922342329515337066e-12 1.201993501015447780e-11 2.043842239185750884e+02 2.155838536663464424e+02 2.230180532786885124e+02 2.346149129114733114e+02 2.543709473769957583e+02 2.773197381066794946e+02
9.793208583256560653e-12 1.220675732603772277e-11 1.936288043478261045e+02 2.134118757706535234e+02 2.202618790496760255e+02 2.277571292775665199e+02 2.501482401417128756e+02 2.706072929638854134e+02
9.600275269236188591e-12 1.209730309560932322e-11 1.951503645671734262e+02 2.147004384591293444e+02 2.185676598386095577e+02 2.277223159509202617e+02 2.425698655829946802e+02 2.671395957793467346e+02
9.814946992207411533e-12 1.197077775658748861e-11 1.954943772949816321e+02 2.110420516510148445e+02 2.152591988908872622e+02 2.290200879320800595e+02 2.400377889522665953e+02 2.629897049901410355e+02
9.672080403789478721e-12 1.181121805770936644e-11 1.926601771888028622e+02 2.071345176730485775e+02 2.099650661742074362e+02 2.227816325768886259e+02 2.320773524123464426e+02 2.569577975478468943e+02
9.836851460705429713e-12 1.161961698067263701e-11 1.849024232864926773e+02 2.043710257948410174e+02 2.104192999426769859e+02 2.191999329958308635e+02 2.319633652161214741e+02 2.511458965440686768e+02
9.858880666065062886e-12 1.191122138639797752e-11 1.880629131610577076e+02 2.038137032842582244e+02 2.042517254038179146e+02 2.171459719409892841e+02 2.291227114210985292e+02 2.508779266623442084e+02
9.687108602851415071e-12 1.184794753661792296e-11 1.891996289954337840e+02 2.003216521106259336e+02 2.051039447869955268e+02 2.113922177759056353e+02 2.248333928061661595e+02 2.448459250552112110e+02
9.921896848197626113e-12 1.199685563327684891e-11 1.840672486033519419e+02 1.998949691704035843e+02 2.012925997703129610e+02 2.113768207383905064e+02 2.231291501135073645e+02 2.376467280163599298e+02
9.664970737699054254e-12 1.191299099995265550e-11 1.758265157807308867e+02 1.980329558049321292e+02 2.018450041231446050e+02 2.059942059791552538e+02 2.211583379539783891e+02 2.369717409383879669e+02
9.691482128979613823e-12 1.201351302999154578e-11 1.803997856559608124e+02 1.956609879584017619e+02 1.982939560439560296e+02 2.046910836762688746e+02 2.164016559243006270e+02 2.320116924229015183e+02
9.694509476915611920e-12 1.180152901601596425e-11 1.798322225244831429e+02 1.937491071428571558e+02 1.976685423365487679e+02 2.015000838926174254e+02 2.111008892617449533e+02 2.295052899287894377e+02
9.836544136318846644e-12 1.202120717059114896e-11 1.795976031957389978e+02 1.937731529320589061e+02 1.934309272458310716e+02 1.987243716931216966e+02 2.117358870967742064e+02 2.262044245728342560e+02
9.692382797953063971e-12 1.190362135483326529e-11 1.690143645357686353e+02 1.900097777627668165e+02 1.918583800305654563e+02 1.979098233549082977e+02 2.107122108136209704e+02 2.230396851426697538e+02
9.660156449513971893e-12 1.203202335795065101e-11 1.749489680426098346e+02 1.866946634134134229e+02 1.910892904246900628e+02 1.978626504513540567e+02 2.071046496483459407e+02 2.199053081421502327e+02
9.790994828296897185e-12 1.195928305046822427e-11 1.731530528052805380e+02 1.860477941176470722e+02 1.896148994688922755e+02 1.941580703104952477e+02 2.028402457757296418e+02 2.152820561576978946e+02
9.595756200078295115e-12 1.179277536961650573e-11 1.728388906250000048e+02 1.836745390992328453e+02 1.820388797049847369e+02 1.909908083606144373e+02 2.044063598694123698e+02 2.140824640231257661e+02
9.699670828488586653e-12 1.178423815654446481e-11 1.612135837619397591e+02 1.845779082011893024e+02 1.843653517342452233e+02 1.879924371797999356e+02 2.026672197640118043e+02 2.105034626038781198e+02
9.509790478869066920e-12 1.212862904260494519e-11 1.701522380718150487e+02 1.798296472392638066e+02 1.807062684003925312e+02 1.901147857498754377e+02 1.970236436950146697e+02 2.100547547792097021e+02
9.727726000041398516e-12 1.181803182547072850e-11 1.697604166666666572e+02 1.818166294911984551e+02 1.807383444338724985e+02 1.859740447534470889e+02 1.935495288717081337e+02 2.048562571137602504e+02
9.820668884548789373e-12 1.173042400368925168e-11 1.663494385342789599e+02 1.797511789706567242e+02 1.789959006510730717e+02 1.810163826212193783e+02 1.905326433121018965e+02 2.060556928482105548e+02
9.889601122635490517e-12 1.185073655658800252e-11 1.579905488499202875e+02 1.770344920749279538e+02 1.759677262313860240e+02 1.828912299338999219e+02 1.887757890461824104e+02 2.018680290297937461e+02
9.695254732706209480e-12 1.180670754985141292e-11 1.621870239228755111e+02 1.744908812868146981e+02 1.745872997172478733e+02 1.807041268758526655e+02 1.875716847445766291e+02 1.975859361468737347e+02
9.760898201072755017e-12 1.178722071111701696e-11 1.651036225300931051e+02 1.737563790137614887e+02 1.740036912751677960e+02 1.785800491204020943e+02 1.850889346136259519e+02 1.959497013916276842e+02
9.817437913723043309e-12 1.188525314202362687e-11 1.607078086350348656e+02 1.734630662514156256e+02 1.727934360730593539e+02 1.750040702896923506e+02 1.836202840909090810e+02 1.928761107023600800e+02
9.760611783015467946e-12 1.192568932349048410e-11 1.543689991191367596e+02 1.714220123022847133e+02 1.718770948180815878e+02 1.769648376259798397e+02 1.814355614826220915e+02 1.907253048948733465e+02
9.642850020734906378e-12 1.199521555592586184e-11 1.611209442366915994e+02 1.706447776056649843e+02 1.703151122721209276e+02 1.727769784172661787e+02 1.804018310169865345e+02 1.870556184741174377e+02
9.634833285044399980e-12 1.201364184671500038e-11 1.601921617519514314e+02 1.680553764897074700e+02 1.682223174720405154e+02 1.743475113244176100e+02 1.772684114750588833e+02 1.835141585326611562e+02
9.654809603540873744e-12 1.181999116941211534e-11 1.558341371918542109e+02 1.669023904382470107e+02 1.682303889613211823e+02 1.705138263665594707e+02 1.757201822639096065e+02 1.811851177730192717e+02
9.771959109186004463e-12 1.178839518020139628e-11 1.497632355935654687e+02 1.639134165578764168e+02 1.643841097308488486e+02 1.677859143763213297e+02 1.723688969970600624e+02 1.811271816504086587e+02
9.717116841984301086e-12 1.193544388449702752e-11 1.558760997854077175e+02 1.625541540404040290e+02 1.662105235269181946e+02 1.671655801994597823e+02 1.702979927007299352e+02 1.766727958448608717e+02
9.763364145916839883e-12 1.197353597014853077e-11 1.553444547899855195e+02 1.614428458289334571e+02 1.605228640040444930e+02 1.659688581314878775e+02 1.704690945496151357e+02 1.771491360359899829e+02
1.006415074989115680e-11 1.206016490099640830e-11 1.503379768324345775e+02 1.607171065687636542e+02 1.602872400081566013e+02 1.628057335452122345e+02 1.673966888083735967e+02 1.745668825931340393e+02
9.868524357361553766e-12 1.191482191353366094e-11 1.448097620469932281e+02 1.623066433742207835e+02 1.597912818711102148e+02 1.598583647362157762e+02 1.655155843831233824e+02 1.711128947500125150e+02
9.635163691712576022e-12 1.201887563288118833e-11 1.517364777044591051e+02 1.565842122202416249e+02 1.593280227137472593e+02 1.633643283582089509e+02 1.630956594819062673e+02 1.725170960480240296e+02
9.694590906040468558e-12 1.187645165723504720e-11 1.518830093768314100e+02 1.572678360849056673e+02 1.555297864683301441e+02 1.578319205589212402e+02 1.629376712328767098e+02 1.679471953578336638e+02
9.726491691971438955e-12 1.180325410193960945e-11 1.420824951644100622e+02 1.570970641244545618e+02 1.568288970588235145e+02 1.565223724295506429e+02 1.617810152186476671e+02 1.641703075214830676e+02
9.826308594818802328e-12 1.173511784532349458e-11 1.402578762045959877e+02 1.547775481423847452e+02 1.549373475323700688e+02 1.561620012712693040e+02 1.598985298255486782e+02 1.655879233745760075e+02
9.710300316797881538e-12 1.183098358060366335e-11 1.505927477782070980e+02 1.567802638863258835e+02 1.520656184285987536e+02 1.530665077390823683e+02 1.565063843446832834e+02 1.630814087488240887e+02
9.688705045477166839e-12 1.182232138731957653e-11 1.472991696211979900e+02 1.539554765492559909e+02 1.529434414990859352e+02 1.534369986942734556e+02 1.582106943150046732e+02 1.589843757233461190e+02
9.837941149003482268e-12 1.198162821211567554e-11 1.402362024853801188e+02 1.520301146788990820e+02 1.496342721695482396e+02 1.536225453871804234e+02 1.546136888273314867e+02 1.596902096618800897e+02
9.749118848501066846e-12 1.197673203935905729e-11 1.393998012287676147e+02 1.522400323275861922e+02 1.507078295454545298e+02 1.511581651045421779e+02 1.517323616867904263e+02 1.575173622100646469e+02
9.864435425742455291e-12 1.212639177838816067e-11 1.434961801186410071e+02 1.490331076167969400e+02 1.486926068299660244e+02 1.507410388544326736e+02 1.526008558558558548e+02 1.566838278529105821e+02
9.829268324537530128e-12 1.212907785003161727e-11 1.438063882940756741e+02 1.504901227976508267e+02 1.484754163014899291e+02 1.488836625086624963e+02 1.506996235606731602e+02 1.542719982277359350e+02
9.791392358692067280e-12 1.210894147767383825e-11 1.365674631061138484e+02 1.484810784734133620e+02 1.468054215791353840e+02 1.477151419002291561e+02 1.497382401892081134e+02 1.527669299734517097e+02
9.871595714372583842e-12 1.198347680339452862e-11 1.377250673287325355e+02 1.474866471777738752e+02 1.462436561753667661e+02 1.449333158079215025e+02 1.472957812767413941e+02 1.487551111401104720e+02
9.933007985480039434e-12 1.213300132045863067e-11 1.426857912723449147e+02 1.465475878675227932e+02 1.439953667703473457e+02 1.461499704741015648e+02 1.472899653979238792e+02 1.504559946790250820e+02
9.747564308346635049e-12 1.211130937484592111e-11 1.393514960897653907e+02 1.449842889118457379e+02 1.426862500000000011e+02 1.435811317538776279e+02 1.452427571476907531e+02 1.481064101481700277e+02
9.662912426771543654e-12 1.211549207039951435e-11 1.332264549825899564e+02 1.449233558595681473e+02 1.430223426870748256e+02 1.424126501000667133e+02 1.434164921246648703e+02 1.461325667871535927e+02
9.601564947870780320e-12 1.210864059547467857e-11 1.351336902800658777e+02 1.432191436029168017e+02 1.429444603668522689e+02 1.428736092660245731e+02 1.424503202496304937e+02 1.444738358927909587e+02
9.784055304511862232e-12 1.214210135944576373e-11 1.392084774374176561e+02 1.451392781055391765e+02 1.398100585132685012e+02 1.423514525368248940e+02 1.409395672206680956e+02 1.447738678468505498e+02
9.734616662328552749e-12 1.201055920481803022e-11 1.362772621573107017e+02 1.437043899422918400e+02 1.397380952380952408e+02 1.391021365975237245e+02 1.409476715885120939e+02 1.424447403732769715e+02
9.687940426389246869e-12 1.191020248162576567e-11 1.326835769046478219e+02 1.407556015066790849e+02 1.394436796377875680e+02 1.388755025731746571e+02 1.389363506658211804e+02 1.408881273976982129e+02
1.003273409744454318e-11 1.204642625723125800e-11 1.306716051048735494e+02 1.412357463229351708e+02 1.391782532397408261e+02 1.383820952909465802e+02 1.383828063551989942e+02 1.392062606019961208e+02
1.057709940219917264e-11 1.210977700426269071e-11 1.369410509096712474e+02 1.398972391469916090e+02 1.370252139122167705e+02 1.363399953066332841e+02 1.371335605704435068e+02 1.389761668418389320e+02
1.066151694836670951e-11 1.220010995172044942e-11 1.327596840552709239e+02 1.399207031869351567e+02 1.373790706605222738e+02 1.347345590484931961e+02 1.371766992187500023e+02 1.374508225411270530e+02
1.073395425296787188e-11 1.246187258277431915e-11 1.289081607495068909e+02 1.366981592077411563e+02 1.361684043867778939e+02 1.339586278426551758e+02 1.359852302180210586e+02 1.370696774316253936e+02
1.061366694922777985e-11 1.252522855276544362e-11 1.292829560836215990e+02 1.391564891222805613e+02 1.360399499925361795e+02 1.338229103688028943e+02 1.339649790136411411e+02 1.344205945316607824e+02
1.073345205632119675e-11 1.285752335101208763e-11 1.344922424764186246e+02 1.367473934723481364e+02 1.358719950105836176e+02 1.335991588331841342e+02 1.331386789600967404e+02 1.333944590533433541e+02
1.075096515204962412e-11 1.286535341207038858e-11 1.369565380011968898e+02 1.365638818815848197e+02 1.343921050714077694e+02 1.340299264378064947e+02 1.322456025998824884e+02 1.321225859065129384e+02
1.080168344190112798e-11 1.285695453826636007e-11 2.223278102189781293e+02 1.361442216291313230e+02 1.332655322700296665e+02 1.327019020151869029e+02 1.303054702354833978e+02 1.314910979773136148e+02
1.071885447140065753e-11 1.289766713387487276e-11 3.359990842490842056e+02 1.350214085888678994e+02 1.323701049943246346e+02 1.304392992839397891e+02 1.297292983905733763e+02 1.284994160767544713e+02
1.074796633377783850e-11 1.296357303615890718e-11 4.563620587800915587e+02 1.345263485624822124e+02 1.320332723279648519e+02 1.295547928196395731e+02 1.297119857537432779e+02 1.286294358179918618e+02
1.069915374196472739e-11 1.281432788515446150e-11 5.262933796427558946e+02 1.343431937918268773e+02 1.314981659142212038e+02 1.293543641250530527e+02 1.272798901488306029e+02 1.287733083106122365e+02
1.082119596618565475e-11 1.288838185772158068e-11 5.954800279329608657e+02 1.340220211346721157e+02 1.312951310398417775e+02 1.286620376955903282e+02 1.272231853987902639e+02 1.272924092990489697e+02
1.056247393289096475e-11 1.295653422267456259e-11 6.944327348066299237e+02 1.338658227629946111e+02 1.306007301522007253e+02 1.274479080932784711e+02 1.247298665837135303e+02 1.248122742129709195e+02
1.063988221783722878e-11 1.286763034772341677e-11 7.897792207792207364e+02 1.333831506707232677e+02 1.283283117876007680e+02 1.260340624565308048e+02 1.261290975103734411e+02 1.250743635860542184e+02
1.057416279998913462e-11 1.277186379996036464e-11 8.277164575947640515e+02 1.476897753812336873e+02 1.282556266846361268e+02 1.269367937853107264e+02 1.252559402579769170e+02 1.232327835402142568e+02
1.061470938019028506e-11 1.271078656502814207e-11 8.260662072692879292e+02 2.134006303915062972e+02 1.286790623298856815e+02 1.265498046875000000e+02 1.254604891815616270e+02 1.222666818626954353e+02
1.071787314537073343e-11 1.260900570567353988e-11 8.215691067481471919e+02 2.750651291762478081e+02 1.286043790849673201e+02 1.257619023636852091e+02 1.237359114100185451e+02 1.213095293376231467e+02
1.074241997875752949e-11 1.281191392404205005e-11 8.668773559504577406e+02 3.403219848114300703e+02 1.261381782684798623e+02 1.242589971365352142e+02 1.227907069102462287e+02 1.211919685532518116e+02
1.085605371091694079e-11 1.278390221703549446e-11 8.268786947423488982e+02 3.954296718017414491e+02 1.264461449050755419e+02 1.233719508153254623e+02 1.209220391281512548e+02 1.190162801726957440e+02
1.078847498146948945e-11 1.284939602491068296e-11 8.363532027323109332e+02 4.743242869989722408e+02 1.256041747510024464e+02 1.233720459799640423e+02 1.214054058420576609e+02 1.202845496894410076e+02
1.072202779006311368e-11 1.278151178007155858e-11 8.322665861718353426e+02 5.172324751465715735e+02 1.256045646877804955e+02 1.226418663505894386e+02 1.210813019833653357e+02 1.187176282966771339e+02
1.069045898564072203e-11 1.295685724302498347e-11 8.662874266768681082e+02 5.662265605256507115e+02 1.249348961651165695e+02 1.211740567533291113e+02 1.199329728529747570e+02 1.180679737419334288e+02
1.078036791189894428e-11 1.291787642170312328e-11 8.280399747793190954e+02 6.330424319189361313e+02 1.235987063067545648e+02 1.204427834410740843e+02 1.191500642875062681e+02 1.159505531634032138e+02
1.074941851735297010e-11 1.295410566552016803e-11 8.362745073739000645e+02 6.715520359207774845e+02 1.233365926157697032e+02 1.208779128038085702e+02 1.178095032130499078e+02 1.160416549526754721e+02
1.083674674455416999e-11 1.291423899591110400e-11 8.369878780604896065e+02 7.404724605246798319e+02 1.220505905511811022e+02 1.205065562669293371e+02 1.179668059282751926e+02 1.149504719149327343e+02
1.074489337755513001e-11 1.300884885782915463e-11 8.543612257661037575e+02 7.763275903469804007e+02 1.216848792587046120e+02 1.192061392865809353e+02 1.172352832284339144e+02 1.139992700951917470e+02
1.082834146375417052e-11 1.308652672265464661e-11 8.332818083703082266e+02 8.385430362795227666e+02 1.231064422057263954e+02 1.193773957834211785e+02 1.160158484557144618e+02 1.143579467018786318e+02
1.080076461361799513e-11 1.306555206190176482e-11 8.266841417023300664e+02 8.741411926386233517e+02 1.211887822833695481e+02 1.186636142186936098e+02 1.148755085557018134e+02 1.140283165708812163e+02
1.080357059851414019e-11 1.306696138738925381e-11 8.325444575471698272e+02 8.922101832276251798e+02 1.494819234404536985e+02 1.169526108621299727e+02 1.152661173728313457e+02 1.118999808265242848e+02
1.076936216803427784e-11 1.318977046046012547e-11 8.545209856165998872e+02 8.909481337572118491e+02 1.823579202649946751e+02 1.160776406597262849e+02 1.142561889921204283e+02 1.108179178033969805e+02
1.062452661621948531e-11 1.321050712187606192e-11 8.253026469216417809e+02 8.980774950621587323e+02 2.330729988564894199e+02 1.158427565451145398e+02 1.142101845424042494e+02 1.106222541423638290e+02
1.068641072348716655e-11 1.311076158012682006e-11 8.330339705204975189e+02 8.942251856082239101e+02 2.583326549598790507e+02 1.165294385605284191e+02 1.135076116276400313e+02 1.099284754917535594e+02
1.082762756703410792e-11 1.301727153906792207e-11 8.309472688841917716e+02 8.879839566020314123e+02 3.102217869222096738e+02 1.154064773120886684e+02 1.120874093176150552e+02 1.098268957278571065e+02
1.060013322721021310e-11 1.334882615875719189e-11 8.410666281755196678e+02 8.901939702948347986e+02 3.426994427209008336e+02 1.152592514835964579e+02 1.119515022675737015e+02 1.086253097544492050e+02
1.076006650945607816e-11 1.328756790920597748e-11 8.322761618187896602e+02 8.920049146989041446e+02 3.865467077964621012e+02 1.158088300588300541e+02 1.115955216370345511e+02 1.082080377757378500e+02
1.076770850682335058e-11 1.315378226506748604e-11 8.278263865916859459e+02 8.842440966501922048e+02 4.185869382964453393e+02 1.139693643878462836e+02 1.117696545233086027e+02 1.079459069599711540e+02
1.073907044836138394e-11 1.323718626283021463e-11 8.219870477647830285e+02 8.983113468125069403e+02 4.558631469069333093e+02 1.141258957654723218e+02 1.111159812904641768e+02 1.076484077393186993e+02
1.070319324554246667e-11 1.348030916936132774e-11 8.440950719581334170e+02 8.928713203463203172e+02 4.828837411636758929e+02 1.141731217119684345e+02 1.099310665760869625e+02 1.067037014414854639e+02
1.086980845517035504e-11 1.341124153095461048e-11 8.287276771183682058e+02 8.819332896604432790e+02 5.266239850427350575e+02 1.129083145947103475e+02 1.103277063526361275e+02 1.055937820339897399e+02
1.086572674143967317e-11 1.349323331884326375e-11 8.305695947379588233e+02 8.898393155258764864e+02 5.541224665804226106e+02 1.120466705669609553e+02 1.098606131324917783e+02 1.065677181690028448e+02
1.078601395163085954e-11 1.348168595337261949e-11 8.244155520995334427e+02 8.877611916089965689e+02 5.933841751548881120e+02 1.128534889962426178e+02 1.089309791754312187e+02 1.055615446874004846e+02
1.086210684369384628e-11 1.366439607512258749e-11 8.319044853178444328e+02 8.829132852729145498e+02 6.221082152674983945e+02 1.123763824289405591e+02 1.091392360012654166e+02 1.048453086873245326e+02
1.078080174230964981e-11 1.373837882678771946e-11 8.200277863857039620e+02 8.875627945951607671e+02 6.483007057379564912e+02 1.111739430386337659e+02 1.076424281340805322e+02 1.043713835095793314e+02
1.072559316082280725e-11 1.358632512404889814e-11 8.307527882942802080e+02 8.923396149119213305e+02 6.799838524846338714e+02 1.111608398841539014e+02 1.075575056636803595e+02 1.033533079076456858e+02
1.078969313743176571e-11 1.350754405812773406e-11 8.253118948119457627e+02 8.953379624936644632e+02 7.229160468670402224e+02 1.108429163298302313e+02 1.074206183996750497e+02 1.033041402893244793e+02
1.074062385723166824e-11 1.383836554558405994e-11 8.348323072264836355e+02 8.859488433710384925e+02 7.307753557372086561e+02 1.106693572951568569e+02 1.070545076564242919e+02 1.033396798416966931e+02
1.065980115999007365e-11 1.382358352980308437e-11 8.215938036128771955e+02 8.840268321986383171e+02 7.766691322478156962e+02 1.100093815670969661e+02 1.057469920119820159e+02 1.022788507242388647e+02
1.071240603148434447e-11 1.370555640628693854e-11 8.249811827956989418e+02 8.884914370078739694e+02 7.859668814173545570e+02 1.110883908963864997e+02 1.063871031746031690e+02 1.022441298772440916e+02
1.073362465823957185e-11 1.369975289976576543e-11 8.266993621955932667e+02 8.856380185019396549e+02 8.282155130569848325e+02 1.100813238188976300e+02 1.064057008980866925e+02 1.013889826957207703e+02
1.086861883447948852e-11 1.384650460698119702e-11 8.280634180230249513e+02 8.877601354620222764e+02 8.578696850393700970e+02 1.097736486486486456e+02 1.052990462881239608e+02 1.008441289126350995e+02
1.072885574273368680e-11 1.393444691986772851e-11 8.251171693735499275e+02 8.859853454968942970e+02 8.710679732313575414e+02 1.107475002403615036e+02 1.055342293560239710e+02 1.011163706898629044e+02
1.083649801008783530e-11 1.387844788317120804e-11 8.267620867571182544e+02 8.867379653555364030e+02 8.881187232386141659e+02 1.319407419012726450e+02 1.047613187078110002e+02 9.966335720616062588e+01
1.075960572847160553e-11 1.382788632413200265e-11 8.225953391829417569e+02 8.845047844623401261e+02 8.770257839063090159e+02 1.616039446136277320e+02 1.040525686553030340e+02 9.932246393946559238e+01
1.089650239764478379e-11 1.415506191990038262e-11 8.283477190989967767e+02 8.855567644276253532e+02 8.826473306923221571e+02 1.745654286787491571e+02 1.037918004154078488e+02 9.967027827116636729e+01
1.086253237254699985e-11 1.401866804088186428e-11 8.244516129032258505e+02 8.801290080630038801e+02 8.814409783110290846e+02 2.084630453098670841e+02 1.030081494018362207e+02 9.943552004485562179e+01
1.079916406839349154e-11 1.393255390576292519e-11 8.298927082368201127e+02 8.892490133088572293e+02 8.840705749505975746e+02 2.278309325946444801e+02 1.035902243441179138e+02 9.838567154486629818e+01
1.095215525959940045e-11 1.425373571626752189e-11 8.198395050578034216e+02 8.922930970149253653e+02 8.831343067017320436e+02 2.515498979781116589e+02 1.021616596446235548e+02 9.817060791457573998e+01
1.083889127683469024e-11 1.438953087328499092e-11 8.214363400148478149e+02 8.866031703385276614e+02 8.788987761111623058e+02 2.733839551901707523e+02 1.025171568627450966e+02 9.779007563812527337e+01
1.081150639518807529e-11 1.421808836270666744e-11 8.264649146572744485e+02 8.836998989249287888e+02 8.854986987346316027e+02 2.993456412103745947e+02 1.028491743995633243e+02 9.864487592688588791e+01
1.091682658918753902e-11 1.425786307810152598e-11 8.237060868015328197e+02 8.795254011880485905e+02 8.808319289662046003e+02 3.232634159629528767e+02 1.029652292674189482e+02 9.740946469784221051e+01
1.082738003318929675e-11 1.426904921903176185e-11 8.118623568066778944e+02 8.829060343302070351e+02 8.721371771136383586e+02 3.484600350569675697e+02 1.025911857130211473e+02 9.739963503649634902e+01
1.075879282027228521e-11 1.457762855446462246e-11 8.218124834932652902e+02 8.787222222222222854e+02 8.765025121198766556e+02 3.595316430469442253e+02 1.009093838276836124e+02 9.736080650866642827e+01
1.077974276506886942e-11 1.435547384668704211e-11 8.234973821989528915e+02 8.862061310782241890e+02 8.875191389636315762e+02 3.833160180681028351e+02 1.011258720676724465e+02 9.780296596328477676e+01
1.078155823448964150e-11 1.434559928590800587e-11 8.320132231404959384e+02 8.802161977834612117e+02 8.728382185668037891e+02 4.068359199862044875e+02 1.011819145254779784e+02 9.732928625582151483e+01
1.086402608068240311e-11 1.437070217624643859e-11 8.116208754208754499e+02 8.729763834422657283e+02 8.800492094360362216e+02 4.309970452767880147e+02 1.012464770689213509e+02 9.589539444075352037e+01
1.084305030201984066e-11 1.465793979453284741e-11 8.220757065076485333e+02 8.895039462636440248e+02 8.741122897800776173e+02 4.352091114647014365e+02 1.004119228471451777e+02 9.645849760255727290e+01
1.095677122545750507e-11 1.449122779232948247e-11 8.268321279673275512e+02 8.792311502006659794e+02 8.751436246117687006e+02 4.687214590443686006e+02 1.008708262711864450e+02 9.603278202494652760e+01
1.079694604379601666e-11 1.460987154548848940e-11 8.320039176460780936e+02 8.801208098798622359e+02 8.761962735013911470e+02 4.781878198137740128e+02 9.982893573113207708e+01 9.568889864893127140e+01
1.080916952481239863e-11 1.448787459292454500e-11 7.978169480304535455e+02 8.809636453364040563e+02 8.709708826205642254e+02 5.028207867494823518e+02 9.958123399686132871e+01 9.509435483870967687e+01
1.096849974464191680e-11 1.490136451766113407e-11 8.257019851116625659e+02 8.848443628473671652e+02 8.834358592132504100e+02 5.200272176582856218e+02 1.004356814225317009e+02 9.567674621110029420e+01
1.088343248889963971e-11 1.490693732406915884e-11 8.329715698393077901e+02 8.774790026246719208e+02 8.691756833945328253e+02 5.383185215272136475e+02 9.920229241582217128e+01 9.587882671369106902e+01
1.095690641001178655e-11 1.481343365266401423e-11 8.215417306293932143e+02 8.767019655034094967e+02 8.746127162912177937e+02 5.613209619467580751e+02 1.002952216010371131e+02 9.498341126697839343e+01
1.095777873464491933e-11 1.487540452488938761e-11 8.002475192506152553e+02 8.755644727183754412e+02 8.804348864994026371e+02 5.759644753781783493e+02 9.865715430861722268e+01 9.507860354456921925e+01
1.089765146363712954e-11 1.514507751190074693e-11 8.236380363103476157e+02 8.751218533668974260e+02 8.787476348346406212e+02 5.931725660197263323e+02 9.855174139311449721e+01 9.477051948051948216e+01
1.098592400601892640e-11 1.504242878447420145e-11 8.271077093908628513e+02 8.723957745343118404e+02 8.760333569349381833e+02 6.057494641581329233e+02 9.945538062973295723e+01 9.474776009694657830e+01
1.095919867019694552e-11 1.492123001657836456e-11 8.257990161630358443e+02 8.753745539177656383e+02 8.725000394104200723e+02 6.283113800691605775e+02 1.001200988080301073e+02 9.431075533661740451e+01
1.097015845295258211e-11 1.497866042733917403e-11 7.951622189372130833e+02 8.802719400889304779e+02 8.775449101796407376e+02 6.509820436585556536e+02 9.844692421643537728e+01 9.463154316791299436e+01
