nan nan nan nan nan nan nan 0.000000000000000000e+00
2.400158447265625000e+03 nan nan nan 1.264776977539062500e+03 2.568257751464843750e+02 nan -2.892402267456054688e+01
1.810710351562500136e+03 nan nan 1.429838378906250000e+03 nan 1.786239624023437500e+03 1.422903442382812500e+03 1.668899088541666515e+03
1.849296630859375000e+03 nan 1.532585937500000000e+03 nan 1.971844970703125000e+03 2.218746093750000000e+03 2.932259765625000000e+03 1.867720092773437500e+03
2.635712727864583030e+03 1.478768066406250000e+03 nan 1.910284667968750000e+03 nan 2.004761067708333258e+03 8.988401692708332575e+02 1.264189903846153811e+03
2.144838245738636488e+03 1.858529882812500091e+03 1.670728515625000000e+03 nan 2.214343394886363512e+03 2.329689453125000000e+03 3.544669084821428442e+03 6.268536931818181984e+03
1.541296997070312500e+03 2.035151475694444343e+03 1.985433593750000000e+03 1.836884033203125000e+03 1.624804809570312500e+03 3.027689941406250000e+03 2.852646972656250000e+03 3.492064236111110858e+03
9.482413736979166288e+02 1.766271809895833258e+03 1.389994791666666515e+03 1.326579241071428442e+03 1.488064453125000000e+03 3.343017728365384755e+03 3.709454190340909008e+03 3.668713888888888960e+03
1.391835937500000000e+03 1.446833705357142890e+03 1.178973958333333258e+03 1.615312349759615472e+03 3.094467633928571104e+03 3.192441406250000000e+03 3.088940504807692378e+03 2.686253507653061206e+03
1.314996263586956502e+03 1.416062049278846189e+03 1.283791130514705856e+03 1.710836181640625000e+03 2.327985742187499909e+03 2.587386328125000091e+03 2.328159288194444343e+03 2.843735017123287435e+03
1.272172794117647072e+03 1.072849392361111086e+03 1.251586381392045496e+03 2.090542289402173992e+03 2.983224264705882433e+03 2.349802024147727479e+03 2.494746263586956502e+03 2.620366883116883400e+03
1.062772161989795904e+03 1.255554253472222172e+03 1.111251339285714266e+03 1.647321093750000045e+03 1.553134706439393995e+03 1.840252232142857110e+03 2.271929687500000000e+03 1.890009725765306030e+03
1.162287525614754259e+03 9.872633384146341768e+02 1.064976562500000000e+03 1.898383023648648759e+03 1.662142795138888687e+03 2.037500422297297519e+03 1.829887876157407391e+03 2.329000000000000000e+03
9.332370569029850458e+02 8.462384717987805516e+02 1.088186580882352928e+03 1.374965517241379303e+03 1.555360069444444434e+03 1.665275449810606005e+03 1.698903399493243342e+03 1.998318965517241395e+03
8.889514925373134702e+02 8.559856770833332575e+02 1.016905729166666674e+03 1.505698709239130494e+03 1.395043489583333212e+03 1.435070870535714221e+03 1.426161211993243342e+03 1.470617766203703695e+03
6.801460717429578153e+02 7.302050057870369528e+02 1.050898603723404221e+03 1.305658203125000000e+03 1.241437882965686185e+03 1.234154843750000055e+03 1.304579453125000100e+03 1.395743489583333258e+03
6.543607219827586050e+02 6.448288620283018417e+02 1.208645254629629562e+03 1.069106345663265301e+03 1.173281400240384755e+03 1.183558843085106446e+03 1.234138327205882433e+03 1.107508724619289296e+03
5.827010237068965353e+02 6.413745117187500000e+02 9.821700665509258670e+02 9.309901315789472847e+02 1.106055664062500000e+03 1.085165719696969745e+03 1.002219596354166697e+03 1.179673192771084132e+03
5.915661386986300840e+02 5.538856026785714448e+02 7.932824280753967514e+02 8.913448795180723891e+02 1.012274218749999932e+03 1.035137648809523853e+03 1.010969292534722172e+03 1.008351222826086882e+03
5.609241071428572241e+02 6.269491536458333485e+02 7.517718098958332575e+02 9.360736019736841627e+02 9.034335029069767415e+02 9.218610491071427759e+02 9.679719967532467990e+02 9.810282786885245514e+02
5.189947425314466045e+02 5.348010721409574444e+02 8.334344951923077360e+02 7.606216517857142208e+02 9.156853595890410134e+02 8.544879261363636260e+02 8.981282944277108982e+02 8.516981829073481549e+02
4.616298363095237960e+02 5.078410456730769624e+02 8.056111306179775511e+02 7.469245476973683253e+02 7.782447400990099595e+02 8.136965843023256184e+02 8.732613970588234906e+02 9.334182692307691696e+02
4.501617144808743092e+02 4.541889696782178021e+02 6.991580925707546612e+02 7.243689793577982527e+02 7.949085751488095184e+02 7.606163690476190595e+02 7.651923014322916288e+02 8.680138370646766361e+02
4.002558928571428396e+02 4.149581567796610102e+02 6.159705799549549283e+02 7.095852272727272521e+02 7.054059873949579469e+02 7.249252653301886085e+02 7.555100054824561084e+02 7.807974016853933108e+02
4.017182488207546953e+02 4.002132675438596152e+02 5.753111857476635578e+02 6.662108683628318886e+02 5.996224190848214448e+02 6.192569590336133842e+02 7.035467379385964932e+02 6.392675602064221039e+02
3.690265184859155170e+02 3.434380625000000009e+02 5.547762404580151951e+02 5.839361026422765235e+02 5.666865305656933742e+02 5.618137112403101128e+02 6.192988281250000000e+02 5.996560189463955339e+02
3.218339572482638573e+02 3.537060231854838435e+02 4.978554104477611872e+02 5.131476096854304387e+02 5.527368551587301226e+02 5.752865691489361097e+02 5.402262178308823195e+02 5.881253440366972427e+02
3.058198632188498323e+02 3.116533203125000000e+02 4.093948699421965216e+02 4.845789473684210407e+02 5.116114090236686138e+02 5.376569196428571331e+02 5.170826782975460674e+02 5.528579594017094223e+02
2.990547658862876119e+02 2.948438392857142958e+02 4.687369419642856769e+02 4.494908697289156976e+02 4.800469866071428555e+02 4.580109666149068062e+02 4.818669763513513544e+02 4.861033460610932480e+02
2.703751647213855449e+02 3.056312749335106105e+02 4.130091856060606119e+02 4.468649887724550922e+02 4.299847261235955216e+02 4.555296529696132666e+02 4.673695175438596152e+02 4.858231098430813404e+02
2.826267625762195053e+02 2.748032354384816927e+02 3.954420608108108581e+02 3.992338654891304373e+02 4.099300892857143026e+02 4.418340320121951095e+02 4.217581597222222172e+02 4.681656078296703640e+02
2.583501799508426870e+02 2.801756417410713880e+02 3.682171642945544363e+02 4.371612285539215463e+02 3.931879954268292749e+02 4.254023628048780665e+02 4.067568167892156907e+02 4.364885748407643291e+02
2.504589759199134278e+02 2.620410250603864597e+02 3.604767512077294782e+02 3.714657512626262701e+02 3.878519140624999864e+02 3.873521148989899530e+02 3.898533802599009732e+02 3.940145679581796117e+02
2.326922686688311614e+02 2.585373728197674268e+02 3.462784090909090651e+02 3.455017805232558317e+02 3.535067862817796822e+02 3.727495073198198270e+02 4.179220814977974214e+02 3.765958261741122897e+02
2.138533037475345395e+02 2.101445312499999716e+02 3.383066492290749352e+02 3.445729581673306825e+02 3.317708575581395394e+02 3.551474769467213264e+02 3.419571158008657790e+02 3.380233124332978036e+02
2.068694127817622928e+02 2.058419034090908895e+02 2.910434027777777715e+02 3.138707191780821972e+02 3.173667926444043701e+02 3.135976737668161149e+02 3.348374999999999773e+02 3.115525639418254968e+02
2.013093720067049617e+02 1.989599338107638857e+02 2.750529785156250000e+02 2.848535820578231323e+02 3.049312909388646062e+02 2.906010673415493102e+02 2.850885821984435893e+02 3.006182621951219289e+02
1.775816005802707878e+02 1.987254427083333326e+02 2.645744926199262181e+02 2.773603112086776719e+02 2.909466362126245826e+02 3.077245256696428442e+02 2.988021230916030504e+02 2.977976499098286354e+02
1.706225729549632320e+02 1.821883854166666765e+02 2.468189308681672003e+02 2.503073340798045763e+02 2.600049589982269254e+02 2.544536114926739856e+02 2.625689306972789154e+02 2.813120531959629602e+02
1.584445860745614141e+02 1.706348812705591911e+02 2.376313207928802740e+02 2.454765370521172656e+02 2.539467884771987087e+02 2.613456845238094957e+02 2.498916766826922924e+02 2.491428354890864796e+02
1.538952571902654824e+02 1.769329507958074430e+02 2.448660082547170020e+02 2.446076735046012232e+02 2.453376597444089384e+02 2.424267578125000000e+02 2.472025721153846121e+02 2.453958742150706485e+02
1.512013383795670052e+02 1.585394310141509493e+02 2.340496365181268743e+02 2.369730930511182123e+02 2.324562677053824586e+02 2.319676056338028332e+02 2.365227167038690368e+02 2.363978002265860994e+02
1.414313264860139725e+02 1.437213390261627808e+02 2.185303468208092283e+02 2.138547357005141123e+02 2.294207133746355680e+02 2.233260105056980080e+02 2.222210195530726367e+02 2.141742855890603039e+02
1.384136222149410287e+02 1.393487804324127808e+02 2.022014981840193855e+02 1.980334429824561369e+02 2.129584776448362788e+02 2.142012553418803407e+02 2.120691245167525665e+02 2.027567145270270430e+02
1.345541058247753483e+02 1.416353976581508505e+02 2.024969800420168156e+02 1.990854622871046331e+02 2.028511067708333542e+02 2.034051829268292693e+02 1.965419766865079225e+02 1.956828555413196682e+02
1.313360486739974249e+02 1.319584002628504606e+02 1.957876558698296776e+02 1.872746817885117423e+02 1.882520549886621382e+02 1.899688283208020039e+02 1.934096937972292096e+02 1.846556776556776640e+02
1.192686723602484449e+02 1.221945080091533242e+02 1.666409198113207424e+02 1.809850414691943286e+02 1.746663557213930176e+02 1.882190400232018419e+02 1.819388753056234691e+02 1.718284759160756323e+02
1.134311114532019786e+02 1.189675434027777783e+02 1.622230520374449441e+02 1.684579429871520517e+02 1.757583931587837753e+02 1.741122598910550607e+02 1.714621592786343740e+02 1.691043223975636636e+02
1.091816465256797528e+02 1.114316152597402549e+02 1.569664148351648407e+02 1.639299665178571388e+02 1.630907608695652300e+02 1.632631888440860166e+02 1.590324889867841591e+02 1.633725274725274801e+02
1.028022130229083615e+02 1.090137056953463173e+02 1.574966229838709637e+02 1.510354694092826833e+02 1.640540054563491879e+02 1.577164680527383211e+02 1.609136572873443924e+02 1.497191966649020856e+02
1.005924987792968750e+02 1.064243082682291686e+02 1.432327383893280626e+02 1.446035004844961236e+02 1.461110128406708668e+02 1.453245854591836803e+02 1.452771020459081797e+02 1.445824243926623467e+02
9.740121061167748451e+01 1.057357896090535121e+02 1.392530359455958546e+02 1.450994433198380591e+02 1.380633261827458398e+02 1.399390354046242635e+02 1.419992129197761130e+02 1.361636151206814986e+02
9.452026946818614306e+01 9.698419867621527146e+01 1.383066406250000000e+02 1.365592941810344882e+02 1.357859922178988370e+02 1.332387677426739856e+02 1.329461805555555429e+02 1.330385909935004634e+02
8.908463188798553745e+01 9.363852062289561218e+01 1.341659869025735361e+02 1.349812295177902683e+02 1.310684114583333439e+02 1.306067753001715346e+02 1.328988002232142946e+02 1.189473110465116292e+02
8.676596872135655758e+01 9.356295328498293884e+01 1.230574563227953462e+02 1.265124088765008565e+02 1.315271337365591364e+02 1.262502835753175958e+02 1.221476200686106353e+02 1.192384896963123566e+02
8.006949841287215008e+01 8.662033279220780457e+01 1.184644461833602662e+02 1.256279000000000110e+02 1.242014305670529808e+02 1.211171245974235120e+02 1.198167381535947698e+02 1.103228998993963756e+02
7.698669286521084132e+01 8.448016730305465671e+01 1.145012634075907556e+02 1.159436731557376987e+02 1.148947309305111730e+02 1.163912480063795840e+02 1.157019153225806463e+02 1.082962050837076475e+02
8.032931347874719563e+01 8.093858230493630401e+01 1.149474256182380145e+02 1.118084693471337658e+02 1.090070617492492460e+02 1.054374876579778828e+02 1.072453050476947567e+02 1.017418483434882006e+02
7.333315697046108994e+01 7.713958171583850287e+01 1.081250691371681398e+02 1.027931285260930849e+02 1.053240731754658270e+02 1.037876165710186598e+02 1.030196392831149979e+02 9.606228757552869979e+01
6.882808051601423927e+01 7.323460336538461490e+01 9.889733952702702879e+01 1.062729886451863308e+02 1.016348958333333314e+02 9.960378632637853968e+01 9.483522626244666753e+01 8.953937274368230703e+01
6.758018121041520487e+01 7.127806143372703218e+01 1.000498645366218256e+02 1.031828962053571388e+02 1.009598421852646624e+02 9.868554687500000000e+01 9.438485102256699122e+01 9.071003232758620527e+01
6.791224688140806620e+01 6.794750690832249518e+01 9.576945714769647111e+01 9.476928430316091578e+01 9.142192646574440573e+01 9.387735768175582507e+01 9.287508503401359405e+01 8.568747894914112351e+01
6.189174417593880406e+01 6.731941823899370547e+01 8.901396020539152687e+01 8.999880340189874062e+01 9.282780913072777196e+01 9.282138935810810665e+01 8.504498537061118668e+01 7.803471146003262504e+01
5.886960784313725270e+01 6.550365266073657722e+01 8.563229927007299125e+01 8.997754396984925052e+01 8.517559293881333815e+01 8.721251144688645240e+01 8.201346079192546767e+01 7.994610556155507197e+01
6.044153402453270729e+01 6.292330844104665744e+01 8.706340522670025450e+01 8.480999961083436745e+01 8.820071231617646390e+01 8.346147698209719579e+01 7.769636587078652212e+01 7.396985357031735475e+01
5.607764247613700803e+01 6.045730064655171532e+01 8.294613185975609326e+01 8.356385269434628071e+01 8.044864256678280867e+01 8.195730835240274814e+01 7.727742141812865384e+01 6.931885230654762609e+01
5.588373135653408497e+01 5.930914432715673712e+01 7.582655070412310749e+01 7.891031993204983053e+01 7.782638783414337524e+01 7.494334334701053990e+01 7.374708475540386132e+01 7.034608024465279641e+01
5.150113122171946145e+01 5.603984557109556874e+01 7.437092461340206739e+01 7.481733190165877545e+01 7.470433714133899628e+01 7.378461869266055828e+01 6.935059135682574549e+01 6.585755955697966613e+01
5.143552495323356055e+01 5.364520135983263316e+01 7.535171639629200513e+01 7.244098657024792942e+01 7.383055653089888892e+01 6.799262243106140602e+01 6.587463702986725878e+01 6.269304503651609650e+01
4.927637567934782936e+01 5.198328838832487264e+01 7.030183755302228121e+01 7.174843581808394788e+01 6.956743044969512368e+01 7.029799836601307561e+01 6.449654892743643586e+01 5.949652324366675771e+01
4.770747174202127638e+01 4.897021827889447820e+01 6.680018538135593076e+01 6.784941366308794386e+01 6.845751169786096568e+01 6.162639706813576623e+01 5.920984813995838181e+01 5.662654049295774428e+01
4.526756671534784715e+01 4.804437219311376595e+01 6.569734141791043669e+01 6.622495014955134707e+01 6.301758950242718527e+01 6.283005666208791240e+01 5.918316184564579174e+01 5.395815391626854307e+01
4.475928635262914668e+01 4.674025909810126933e+01 6.391845028969428455e+01 6.195775042393410814e+01 6.271807347725048487e+01 5.931806356189320439e+01 5.624053828047571812e+01 5.080828288513019686e+01
4.277510314451382811e+01 4.501964950922421593e+01 6.155652529761904646e+01 6.128369462770970699e+01 6.018011311172668343e+01 5.670817972350230463e+01 5.478238465541166136e+01 5.066068426849060558e+01
4.198854831358249839e+01 4.408720965038313722e+01 5.876807809622467715e+01 5.871170343137254832e+01 5.483911709159584547e+01 5.680045878283301874e+01 5.232315661698283549e+01 4.886123103850641769e+01
4.137769301063358540e+01 4.359584726706641788e+01 5.686517369857262594e+01 5.599783807355724008e+01 5.431835937500000000e+01 5.343100816793042185e+01 4.925524859209363626e+01 4.509159698996655408e+01
3.977095685111989809e+01 4.118108804163126990e+01 5.581263494318181984e+01 5.529636676396997075e+01 5.311311878390596775e+01 5.099557770122484612e+01 4.795882405670785431e+01 4.359772555170921748e+01
3.727711534357661094e+01 4.017042611315359579e+01 5.261750013446643948e+01 5.405569176640070594e+01 5.144645357883817383e+01 5.002188425338409417e+01 4.459916845493562221e+01 4.155971642540151834e+01
3.625780240198190540e+01 3.774773041121112982e+01 5.217471882703368635e+01 5.211348003331987400e+01 5.031515267781541212e+01 4.610536578459637269e+01 4.417889914185277433e+01 3.987554305411030242e+01
3.436899038461538680e+01 3.740214239690721598e+01 4.810497080364211797e+01 5.020071381311075243e+01 4.766171874999999858e+01 4.542882540925626245e+01 4.208646520283772929e+01 3.871502333868701129e+01
3.389469080937973189e+01 3.567868525896414411e+01 5.032873901560031271e+01 4.727866826546593870e+01 4.652781904713940264e+01 4.382586202644041151e+01 3.997342248799039055e+01 3.735909360775776378e+01
3.238486054860088359e+01 3.471442663678877949e+01 4.578290886026541529e+01 4.511607142857142350e+01 4.428879003980288331e+01 4.180206836685823646e+01 3.922162797844175230e+01 3.504403652783072687e+01
3.211608926625499549e+01 3.353317760376633316e+01 4.409558652052238870e+01 4.514377116001426060e+01 4.206385973282442592e+01 4.029051911630036642e+01 3.755400587248321642e+01 3.381663328986586947e+01
3.111156868585043966e+01 3.257441899387911377e+01 4.212554231099656477e+01 4.204959120639534831e+01 4.114562456047819694e+01 3.913558448635329512e+01 3.548544111010830449e+01 3.345156335961856087e+01
3.043358672689679878e+01 3.171779085219478489e+01 4.160480124521073009e+01 4.118566927792915067e+01 3.931244787805781726e+01 3.790510618093922801e+01 3.430725212400578528e+01 3.103735518842409036e+01
2.888695210321668583e+01 3.148697218498659467e+01 4.036474132670850423e+01 4.043911091079060327e+01 3.840660174763033297e+01 3.662559549825174798e+01 3.248890116077615886e+01 2.867075527562446169e+01
2.833330054214760452e+01 2.928291357816711837e+01 3.899082925514266407e+01 3.813710990358593023e+01 3.697263484589041127e+01 3.478239678899083032e+01 3.228031313516260070e+01 2.906133364156018928e+01
2.624599609375000142e+01 2.850044289716545620e+01 3.792087113015978872e+01 3.739824102415618512e+01 3.664021164021163912e+01 3.270288212435233532e+01 3.009226635126161753e+01 2.680868838763575823e+01
2.587002391682479541e+01 2.826669221115865582e+01 3.698544407894736707e+01 3.500982417971352589e+01 3.427898862491605314e+01 3.255386172548045209e+01 2.967335311050364410e+01 2.552890136236417362e+01
2.566843778643446328e+01 2.741956744691119496e+01 3.522109175701530148e+01 3.456133948324905703e+01 3.358444894744928888e+01 3.117454423016864240e+01 2.756096013066750672e+01 2.417348850439422492e+01
2.471853710578689700e+01 2.724861970846645320e+01 3.432410514000618917e+01 3.288063970812958559e+01 3.179572144328263406e+01 2.961803490033992503e+01 2.727946650124069450e+01 2.346668461237274883e+01
2.342038049637352515e+01 2.478201170622193672e+01 3.226416301169590639e+01 3.253866895988805652e+01 3.087460314530419225e+01 2.830850250552399316e+01 2.514041769156231254e+01 2.268316876723873676e+01
2.292660977756141349e+01 2.407023530138339851e+01 3.246305651348419019e+01 3.173919042397660917e+01 2.896156424906716254e+01 2.781306346594161027e+01 2.445942142965433774e+01 2.211566981445890079e+01
2.244226474091721357e+01 2.351700656018254421e+01 3.049277548862310283e+01 3.010553179169156834e+01 2.853966921074845331e+01 2.698655695266272048e+01 2.415459947183098777e+01 2.064072682838522610e+01
2.214732725493039212e+01 2.332925146374153158e+01 2.959093617584746028e+01 2.831941408435926277e+01 2.715095254495359356e+01 2.558246626927470047e+01 2.325813932664756223e+01 1.969743651301749665e+01
2.064608466569767486e+01 2.231963587783619118e+01 2.939212275552486275e+01 2.801582644338564876e+01 2.749069961132704165e+01 2.541521370125348156e+01 2.195791568396226623e+01 1.889593463462072620e+01
2.086107183257918862e+01 2.198249004501385073e+01 2.855151098901098905e+01 2.649294061634349262e+01 2.554252821180555699e+01 2.309984132214206554e+01 2.077867879746835200e+01 1.791414179817853025e+01
1.996919122409326164e+01 2.114396811121570607e+01 2.715301014810751568e+01 2.574968545973884559e+01 2.470351985559566899e+01 2.258597245065789494e+01 2.047140625000000114e+01 1.733429088636058424e+01
1.965605035853976545e+01 2.053686392320085830e+01 2.593797409880705374e+01 2.595546446811160735e+01 2.395086069195214407e+01 2.192056597962173470e+01 1.982230623050935492e+01 1.652845663016636024e+01
1.888192111435091292e+01 1.981920419566381142e+01 2.497024927072989087e+01 2.503678508653326418e+01 2.331944926210898217e+01 2.122324822809278544e+01 1.857969395327826589e+01 1.544461812274251677e+01
1.860082833248212353e+01 1.889373514444173452e+01 2.514867462060703218e+01 2.385375288508260283e+01 2.201365553085773996e+01 2.041407416044776113e+01 1.801859081981753619e+01 1.564164949270767302e+01
1.794831430888223522e+01 1.846360930735930950e+01 2.414492662712895665e+01 2.348295053287108303e+01 2.080855119019422261e+01 2.003654246206559009e+01 1.699646420369910516e+01 1.459851507773134927e+01
1.737383899726640024e+01 1.811952222690086600e+01 2.300281648328523332e+01 2.252663352272727337e+01 2.027047320989173329e+01 1.864579102043328618e+01 1.691904135223953176e+01 1.418069174794039355e+01
1.678149816855454546e+01 1.770893499824438067e+01 2.195038933459179020e+01 2.093261121885284481e+01 2.032502597980997550e+01 1.809666538734057895e+01 1.582718824052132689e+01 1.329422995255388962e+01
1.638485100270392181e+01 1.711687441065535253e+01 2.139885949976514823e+01 2.081411854058518074e+01 1.920703307620383526e+01 1.748265292860443765e+01 1.515560386722431652e+01 1.279030843916125271e+01
1.560501187865497208e+01 1.634525449535962949e+01 2.071280969440607933e+01 2.008351908760387872e+01 1.850470928924876191e+01 1.699489684888579433e+01 1.514354194781826379e+01 1.250098082500574392e+01
1.539068359805868091e+01 1.639777441315911233e+01 1.995663322813345175e+01 1.987733373840035256e+01 1.780834150138376160e+01 1.623290581982682212e+01 1.451487134850543548e+01 1.186080858318304720e+01
1.512884652140672870e+01 1.559662198353631091e+01 1.951874604096283861e+01 1.862925849596231487e+01 1.740628368909012735e+01 1.575552994270137930e+01 1.394599033930892418e+01 1.154179401186959808e+01
1.431937088364434629e+01 1.562219222887767955e+01 1.867635857207821815e+01 1.806153846153846132e+01 1.705841327465570600e+01 1.514221911321566871e+01 1.302855579565602717e+01 1.123856723875733188e+01
1.406076667468977348e+01 1.490606615733027951e+01 1.858632795955103845e+01 1.771790440383786347e+01 1.643060050399099481e+01 1.442696466244725784e+01 1.283224413814955689e+01 1.051680534158520963e+01
1.359560441414686771e+01 1.457335536527317821e+01 1.780572355470368606e+01 1.747385929102934909e+01 1.560688143500643577e+01 1.421036378512132892e+01 1.222631948444700534e+01 1.008849207387255476e+01
1.340280091628488179e+01 1.375943641106158744e+01 1.726815145401948826e+01 1.641846430728956818e+01 1.531566304684275792e+01 1.329520582329317335e+01 1.194079515440877692e+01 9.628891687657430865e+00
1.308446402259331975e+01 1.356081029769137380e+01 1.680354935936238903e+01 1.598266482469512262e+01 1.462804028614457863e+01 1.340724455075726596e+01 1.140929617999393386e+01 9.145297290103428622e+00
1.282490799922525682e+01 1.340629652143707773e+01 1.646065117801047251e+01 1.537571065323870378e+01 1.408657796790410011e+01 1.303974051993745142e+01 1.074147222770323573e+01 8.936389794476397697e+00
1.232940973543966479e+01 1.304298593750000101e+01 1.571505583365421543e+01 1.535152097570235519e+01 1.371117112739234400e+01 1.192687697860706031e+01 1.054779038573085970e+01 8.545642366171183113e+00
1.185230399514007971e+01 1.254735148333982941e+01 1.485373327739977967e+01 1.442583772958186827e+01 1.329917752385853369e+01 1.178143965348473010e+01 1.015976873695940874e+01 8.015395438388624783e+00
1.149612766610041525e+01 1.226125286697247674e+01 1.503579780425364198e+01 1.379893615811499252e+01 1.276330413179916334e+01 1.182732408863804530e+01 9.755803339703660981e+00 7.841630099620493510e+00
1.108033028218283533e+01 1.185883785547156144e+01 1.426636836948596354e+01 1.349616406549214886e+01 1.262977430555555536e+01 1.119749417451089002e+01 9.463577835648147030e+00 7.616105394628288394e+00
1.088936048608525731e+01 1.147413203859363762e+01 1.389517200960158050e+01 1.296356875448350188e+01 1.214404607882165621e+01 1.076975527450090730e+01 8.936515613619810949e+00 7.357728690465349608e+00
1.074978663340336027e+01 1.096262715765885609e+01 1.365757443669527937e+01 1.285489164293342945e+01 1.174087063076650139e+01 1.023926897321428520e+01 8.848434573448091811e+00 6.856875635724393625e+00
1.034212189270994386e+01 1.078990953947368325e+01 1.281510143406785573e+01 1.230030010438413512e+01 1.139115431328781547e+01 9.979731591710759631e+00 8.379864335143658138e+00 6.634742275404359901e+00
1.014346734728315802e+01 1.070348681623558207e+01 1.259914953566445739e+01 1.200486969964664219e+01 1.100229271223205174e+01 9.606000153914742157e+00 8.209159362077876665e+00 6.440649556090995986e+00
9.747528524126876093e+00 1.024050713900862064e+01 1.216353909180020487e+01 1.163839432904714855e+01 1.066138490586690146e+01 9.242724676354594493e+00 7.731959690126050333e+00 6.221225834470116567e+00
9.445092565044319599e+00 9.840482026143790861e+00 1.198616976351351227e+01 1.114835066475718151e+01 1.011916786612066055e+01 8.836689505347592899e+00 7.568733005023248417e+00 5.899542166860513248e+00
9.153534207755201990e+00 9.939441914461095706e+00 1.145803768694765346e+01 1.094209175489252495e+01 9.951822479872525662e+00 8.687938717665357302e+00 7.315683781488233173e+00 5.706742287537721836e+00
9.030368169148761837e+00 9.358309771043504810e+00 1.104656002064442966e+01 1.040978734781178083e+01 9.499945814943252742e+00 8.305356369805089400e+00 6.988246126364803246e+00 5.491563890012130855e+00
8.845362866018700032e+00 9.223785565665817643e+00 1.106906384184160430e+01 1.025732844020172863e+01 9.194122694672131502e+00 8.150006117170022435e+00 6.736443314190290188e+00 5.275285194417747903e+00
8.496747216599191077e+00 8.966933563374805516e+00 1.060958608307453410e+01 1.001101191622996289e+01 8.908235064409133486e+00 7.763241147813687348e+00 6.544784686922366035e+00 5.208820195750311299e+00
8.363976341281668780e+00 8.537576373754669490e+00 1.024731543786844412e+01 9.745165816825869243e+00 8.826568319366852933e+00 7.473601658358895783e+00 6.122103587058455254e+00 4.875023639343626591e+00
8.092804430202095389e+00 8.427619450266767842e+00 9.974805404681761800e+00 9.245847612465919241e+00 8.245521746665167129e+00 7.329876179692237592e+00 6.047978506829781331e+00 4.704886160037160536e+00
7.937697011871405195e+00 8.099264213246554434e+00 9.733745091013997097e+00 8.931298900036818367e+00 7.983954197445367384e+00 7.029384937667961353e+00 5.740291148486664774e+00 4.557843222002093242e+00
7.615196123209587498e+00 7.968335161235185815e+00 9.432739012761686581e+00 8.657061946985601608e+00 7.940089611994840979e+00 6.839227218582490053e+00 5.598862122152453047e+00 4.430702437005106020e+00
7.649566552776970063e+00 7.839777514538956993e+00 9.186177180363582551e+00 8.481297113887316996e+00 7.691093061674008524e+00 6.586627901721144873e+00 5.360184403153152921e+00 4.099316286650817709e+00
7.332200358979855004e+00 7.535341323240818845e+00 8.933779921161528748e+00 8.279309384097526703e+00 7.398818490751120969e+00 6.333615250280820064e+00 5.222742113902369532e+00 3.943894929472108846e+00
7.066714008243360823e+00 7.326720579013377588e+00 8.652414673533519007e+00 8.036201784963564521e+00 7.212113973227103791e+00 6.100853809128929051e+00 5.010225640252553347e+00 3.872744010471758092e+00
6.822575415719158265e+00 7.247193126731302115e+00 8.353234984946013242e+00 7.770077843585481148e+00 6.843360233988455832e+00 5.909231649410313203e+00 4.998171957305239665e+00 3.643660878265992054e+00
6.746011278382685106e+00 6.941998203726622130e+00 7.913449025244965185e+00 7.378762999452654903e+00 6.810298978365384670e+00 5.756696352023319641e+00 4.769380185477235301e+00 3.619692829242971310e+00
6.458142822330160904e+00 6.763445634028346198e+00 7.921481293355549624e+00 7.362244591346153832e+00 6.449851997923365055e+00 5.552329593120805207e+00 4.563030620805368365e+00 3.401290691759918605e+00
6.407402747774287199e+00 6.518155988246419952e+00 7.571454206890812166e+00 7.131641936838025941e+00 6.311320140196341910e+00 5.403637049437831408e+00 4.321254978351401377e+00 3.267237000116348433e+00
6.209169738054495014e+00 6.485857802013422102e+00 7.312632784753931858e+00 6.881990298230207692e+00 5.958944576222618750e+00 5.224325992785868067e+00 4.164541261859890042e+00 3.141230987618891746e+00
6.028803194908716634e+00 6.295230185517371346e+00 7.155696571238348902e+00 6.611149235172672611e+00 5.940339785017146212e+00 4.989195124435807038e+00 4.086257000520968852e+00 3.103891790775014314e+00
5.971226544364199640e+00 6.047859144127222031e+00 7.078888597994415832e+00 6.360558313358382954e+00 5.748623822395042993e+00 4.912294312933025431e+00 3.918147261424731020e+00 3.002991399664067806e+00
5.689979081502300140e+00 5.934855963716704430e+00 6.773723632812500561e+00 6.241945353099479732e+00 5.409122067332146067e+00 4.740054850793250729e+00 3.786573761614766997e+00 2.871127380129454121e+00
5.556623550931204747e+00 5.693124502510409357e+00 6.711645465956404877e+00 6.220004335976214271e+00 5.433044642311919858e+00 4.514059259880458974e+00 3.649457273230088727e+00 2.691565193136349787e+00
5.429519368723099149e+00 5.665425100905087774e+00 6.520646635206590602e+00 5.841828987730061762e+00 5.061175555078508026e+00 4.405992113540109223e+00 3.524725025583455462e+00 2.640394055762536052e+00
5.261743901457504258e+00 5.527118735599078292e+00 6.255888667150458993e+00 5.671593829123462882e+00 4.997981832778306988e+00 4.255655344414583041e+00 3.381950841084802928e+00 2.463648451072305789e+00
5.172558421516755267e+00 5.296522680841404096e+00 5.956252308658392280e+00 5.549149248952025992e+00 4.842264080208584787e+00 4.056358861167786323e+00 3.263066908468978511e+00 2.414563080599059219e+00
5.063309765442208565e+00 5.244568892724773335e+00 5.834078672995900661e+00 5.462333393371757495e+00 4.675501145475371878e+00 3.931068888692162755e+00 3.073948829847412689e+00 2.287679002982311971e+00
4.845774828272916501e+00 5.020238743774054768e+00 5.758150496161627885e+00 5.185561034492524257e+00 4.489680283930254312e+00 3.909813409504319992e+00 3.011871145687543994e+00 2.228703145747936265e+00
4.851402215882894886e+00 4.917336010709504102e+00 5.612637157903701990e+00 5.079833088446100930e+00 4.337818966722594816e+00 3.731529648946195987e+00 2.880588777434842207e+00 2.118892041453039443e+00
4.685532855759371174e+00 4.782489178631756488e+00 5.369957538087474447e+00 4.934605482021517275e+00 4.135885773401826171e+00 3.563491913808106926e+00 2.857222345525568308e+00 2.018914217697662661e+00
4.482071038368891536e+00 4.624843784333113383e+00 5.277633643470601044e+00 4.773690651087433956e+00 4.167747381477398427e+00 3.499615061590145793e+00 2.720340512263528687e+00 2.000166631601457023e+00
4.386844218415417274e+00 4.585371132631054891e+00 5.107747539045314866e+00 4.669319816331046979e+00 3.948348137366607169e+00 3.296177546599084351e+00 2.565456185886829665e+00 1.903172217695154878e+00
4.240760136921124968e+00 4.450212622946390084e+00 4.978329290437987886e+00 4.494356463299024718e+00 3.890235528988183145e+00 3.162197847012510721e+00 2.493465958507278923e+00 1.867606909658908076e+00
4.237440094526705003e+00 4.290994819972826058e+00 4.864228295819935433e+00 4.311682955677291318e+00 3.763979146295089340e+00 3.150701282824222904e+00 2.476861027099765522e+00 1.791448909261241784e+00
4.070723684210526550e+00 4.154547924767768130e+00 4.550188670840968896e+00 4.184107104003481403e+00 3.664361736542443015e+00 3.022189027814481843e+00 2.335766263190361514e+00 1.689909969845768467e+00
3.992592431198694669e+00 4.072254895727365209e+00 4.559134421942060200e+00 4.102947443181817810e+00 3.510832019658753911e+00 2.950279719314876203e+00 2.226400995503128311e+00 1.633851101261940775e+00
3.858578248689215950e+00 3.943211261375126231e+00 4.376298042106351538e+00 3.860517588437169856e+00 3.400043446663296276e+00 2.780166697409932830e+00 2.169024745813397104e+00 1.536828303128674245e+00
3.789398356958763259e+00 3.841912224724724823e+00 4.288008896919312640e+00 3.805274328983925702e+00 3.242820553056178667e+00 2.698605620130202887e+00 2.100483720813204336e+00 1.506290624054796634e+00
3.686146079160681044e+00 3.798302764038768764e+00 4.163266004579848634e+00 3.721205446913331993e+00 3.213874637685705693e+00 2.617572159485323180e+00 2.039147834495600886e+00 1.436764731182123001e+00
3.579518734830097415e+00 3.657325307275079762e+00 4.023296122025595167e+00 3.606558848286789409e+00 3.099450133902003746e+00 2.463063782649253852e+00 1.940359588194581875e+00 1.423902185467734061e+00
3.451066912539515474e+00 3.619566251965022907e+00 3.935506431309825803e+00 3.461339794614779919e+00 3.015855551223608710e+00 2.440018412888411259e+00 1.852072949792074485e+00 1.288071109616779397e+00
3.413139968812493930e+00 3.476035217428543600e+00 3.786021367263055826e+00 3.445927599127300400e+00 2.908293121936274428e+00 2.350986082682787526e+00 1.827657318556154875e+00 1.278591490809356079e+00
3.326188038024350924e+00 3.356177628214494391e+00 3.707307785859895954e+00 3.315753562050184566e+00 2.800404112521110989e+00 2.310200217277039059e+00 1.770098026284937065e+00 1.220566528477762258e+00
3.230528721625694377e+00 3.246534245079102377e+00 3.616352818295981209e+00 3.281969401642369277e+00 2.720404424942649779e+00 2.234670649933204523e+00 1.672341268190032482e+00 1.201218911688617164e+00
3.146270986835930206e+00 3.158100253749085873e+00 3.478714254058593358e+00 3.072125827015445676e+00 2.595586008912248666e+00 2.115303595994217467e+00 1.639710143872320725e+00 1.105987117928568075e+00
3.030186883531226449e+00 3.070698355203207885e+00 3.369651749817251130e+00 3.016399440940367160e+00 2.533015401329243410e+00 2.061463736569099758e+00 1.559176801996768225e+00 1.083579897032848516e+00
2.983089873695390803e+00 3.067751791220751034e+00 3.287252665341525049e+00 2.918843236462823398e+00 2.463878196022727174e+00 1.998914304704397793e+00 1.509235546382231119e+00 1.084063764581543632e+00
2.892631492858410258e+00 2.926635015447411003e+00 3.209814005482653165e+00 2.819777796082530319e+00 2.427908630207402219e+00 1.887381608274808498e+00 1.411873416385135194e+00 1.036484541080555433e+00
2.811156139193980774e+00 2.893353038458953197e+00 3.129203888963240754e+00 2.733871859149759498e+00 2.328425243755477769e+00 1.888022356039934069e+00 1.369774482395925697e+00 9.709709549457244959e-01
2.757497742287164932e+00 2.743512331400721482e+00 3.053860887539529223e+00 2.657852366530874644e+00 2.238609213111825369e+00 1.790969490899876559e+00 1.340132116519577643e+00 9.026370970154937723e-01
2.711499137660284386e+00 2.704223003919434820e+00 2.896843045152331264e+00 2.559053268419201554e+00 2.163827272048788775e+00 1.760834606664037905e+00 1.289434873994523389e+00 8.826452155106789821e-01
2.600006137578346088e+00 2.648023649359946496e+00 2.862588448562916277e+00 2.474858548601723385e+00 2.088707042725073570e+00 1.682252891956301566e+00 1.274094145355752605e+00 8.658871766917697332e-01
2.552185256793710444e+00 2.558317046491373592e+00 2.755112259860591717e+00 2.488184400826446208e+00 1.994457194010416545e+00 1.656733703873359387e+00 1.209792257020808837e+00 8.296419718804086685e-01
2.558934842444950508e+00 2.494623547659627238e+00 2.707599278726579239e+00 2.333820031780533988e+00 1.980109348426870586e+00 1.576197771170363415e+00 1.182336638504314807e+00 7.698926783414350439e-01
2.416288284415091248e+00 2.463037767262980626e+00 2.637703034905271693e+00 2.290019317616837746e+00 1.923802535415984227e+00 1.486902678460229277e+00 1.104416327085728344e+00 7.562538758542961537e-01
2.358441510755604043e+00 2.393858899568256593e+00 2.545164728981390123e+00 2.207257866273352853e+00 1.849375656729025819e+00 1.454300391264320869e+00 1.067221391234367323e+00 7.187743638071222296e-01
2.320538962893913482e+00 2.336169447494713225e+00 2.439435754681380519e+00 2.176180408852019799e+00 1.777177219071750303e+00 1.391712895963981289e+00 1.054921222162502170e+00 7.103428980045135566e-01
2.266239228191573751e+00 2.252082230950830599e+00 2.418177757147420781e+00 2.083170724603914170e+00 1.736946662383749507e+00 1.354528624055162389e+00 9.750676224635383971e-01 6.557130155051151821e-01
2.213566694943511770e+00 2.164496580070281340e+00 2.316354439774830354e+00 2.008818736615079814e+00 1.673981042454103729e+00 1.307222505747582142e+00 9.346551107538932923e-01 6.441009676787052829e-01
2.125380246296731723e+00 2.111414336454167984e+00 2.289883679031678998e+00 1.986063642421934228e+00 1.612989101370622791e+00 1.277927823597856838e+00 9.279753399986286899e-01 6.179130126829577296e-01
2.079669924931533576e+00 2.069688609933546974e+00 2.186552244653392485e+00 1.933946625525210239e+00 1.580031772033410054e+00 1.242418606346565868e+00 8.951971435546874911e-01 5.723482680210398854e-01
2.030741921521974636e+00 1.981050550775340202e+00 2.120516198698983334e+00 1.821895612053976432e+00 1.512539641740037188e+00 1.186113185214351384e+00 8.889483617453117770e-01 5.652599991322416750e-01
2.027739849793214422e+00 1.986785953035552943e+00 2.067801549105128700e+00 1.783736314938109579e+00 1.465756607795939637e+00 1.153629695057436511e+00 8.183047718201919007e-01 5.606925194710996596e-01
1.944763535355401141e+00 1.905376248968956077e+00 1.984762759207965299e+00 1.711727839792988703e+00 1.442093416899758118e+00 1.097635704593778128e+00 8.137661658290507027e-01 5.361933432334711203e-01
1.890562235246859402e+00 1.849149115837793511e+00 1.918636155371035157e+00 1.665473364000593648e+00 1.378956060095453351e+00 1.068071151917075357e+00 7.712342097532314256e-01 5.033924297781442458e-01
1.819404741410553639e+00 1.807518661906528212e+00 1.840490989963503798e+00 1.653607654376279656e+00 1.331829127642804034e+00 1.024248996627664887e+00 7.213353124542928319e-01 5.033962980319187652e-01
1.780610859346887453e+00 1.764398066409131216e+00 1.774901105505071852e+00 1.596856663729835590e+00 1.264473853398127012e+00 9.996403001927152143e-01 7.096812580830579309e-01 4.652816222510690602e-01
1.746573166201369043e+00 1.726861979166666616e+00 1.706344584210234716e+00 1.502402071324366650e+00 1.245688254941434758e+00 9.722474435043281238e-01 6.888803758495056773e-01 4.305684714666571100e-01
1.701486408574084619e+00 1.656213477707228598e+00 1.639004963938899939e+00 1.471189529047415734e+00 1.212943255766788742e+00 9.443747568609421883e-01 6.537154361933025237e-01 4.390650727222832339e-01
1.688270341031149258e+00 1.616296454914455172e+00 1.572155420740223297e+00 1.427175673184946092e+00 1.150369584341445428e+00 9.156498655316501756e-01 6.425540852704318961e-01 4.063077200378654719e-01
1.612304345350711321e+00 1.588288968581594629e+00 1.525690742619129958e+00 1.377203425522197655e+00 1.126662151420882996e+00 8.604596005872771070e-01 6.195055701731646547e-01 3.949468056511267755e-01
1.584081679467137960e+00 1.517038950183162926e+00 1.458407720105692196e+00 1.336313755445305063e+00 1.099996253388240142e+00 8.432242265744539500e-01 5.920861968360995320e-01 3.755771149306516010e-01
1.535259554060371290e+00 1.482645581535489532e+00 1.428929845156122092e+00 1.290953105680725299e+00 1.073467112744272312e+00 7.984369219969060794e-01 5.822422087152070436e-01 3.785651090375786731e-01
1.491558064956331808e+00 1.455919806110657744e+00 1.344048075217875837e+00 1.244649707614465806e+00 1.032686934369896781e+00 7.993004897545123999e-01 5.336459969468149156e-01 3.432311651027420418e-01
1.478620293525606977e+00 1.393392170108253003e+00 1.334441483958523023e+00 1.200839793554713930e+00 9.833575878267974968e-01 7.497150053300429828e-01 5.469785963797044737e-01 3.395993583431457519e-01
1.436199381036649791e+00 1.354289681542601542e+00 1.286353814325861489e+00 1.163617396664628822e+00 9.611395972886090933e-01 7.371755468648314435e-01 5.213843141878474752e-01 3.193981616919933098e-01
1.421070658103550821e+00 1.322127089389534715e+00 1.248343700954747559e+00 1.120939776247488195e+00 9.148521497239441302e-01 6.940553198122431100e-01 4.854779283539587542e-01 3.019002371806927543e-01
1.380179366955768927e+00 1.279438571319560403e+00 1.212756456212140899e+00 1.073073697849755925e+00 9.058359304262061373e-01 6.726433562644490438e-01 4.563525030898604729e-01 2.955291305763134146e-01
1.319820588642884873e+00 1.240502526405654393e+00 1.165030622458057996e+00 1.036985779975465372e+00 8.545486600846262659e-01 6.466788365741926725e-01 4.518579679502559565e-01 2.818609055646799089e-01
1.297046135113721022e+00 1.233318301637359893e+00 1.145974051979724573e+00 1.004816425006317848e+00 8.567669348802394724e-01 6.268814154644894998e-01 4.223531848598249261e-01 2.738538048963664595e-01
1.274966347490884333e+00 1.202407807952676322e+00 1.094860670515447776e+00 9.766424061906270326e-01 7.969946559351287485e-01 6.023908299275857470e-01 4.097213783398143128e-01 2.575699017034918659e-01
1.237244327897649487e+00 1.171380834366369639e+00 1.077706006397942673e+00 9.381841583758765424e-01 7.918656866004379902e-01 6.073927567495615021e-01 4.032588851257414286e-01 2.453243024562287156e-01
1.215316794779985221e+00 1.144076350807711417e+00 1.057120936224795971e+00 8.962057213959342405e-01 7.631298266202302116e-01 5.769210698950382188e-01 4.007807496874237763e-01 2.439573306258235597e-01
1.174803669686101504e+00 1.092924874266554935e+00 1.011221979557535899e+00 8.888230082768039386e-01 7.298930253962311321e-01 5.374408991294589155e-01 3.683204956883253112e-01 2.225135419676256832e-01
1.143341594762792290e+00 1.074321668603958058e+00 9.838505909731382060e-01 8.457367708713781074e-01 7.150468409405561498e-01 5.206319299907163911e-01 3.600266480328386254e-01 2.103392448354315380e-01
1.114762038233505503e+00 1.064380255833234701e+00 9.542025621879458575e-01 8.304488873162643170e-01 6.853426289449070508e-01 5.164753952769758349e-01 3.475152636823920504e-01 2.189648946126301898e-01
1.092677668327294738e+00 1.015359544596507790e+00 9.357032631928066113e-01 7.837532299741601927e-01 6.640573656626594934e-01 4.965412019769430696e-01 3.225869870194293942e-01 2.102497783066871184e-01
1.066517379751105388e+00 9.850387967063585215e-01 9.075663790784898044e-01 7.658850947103497120e-01 6.366876150663964840e-01 4.721592300634577244e-01 3.226272563268111071e-01 2.080736299878626350e-01
1.045550363606283728e+00 9.719624097116622563e-01 8.745081887316348279e-01 7.445807986050597682e-01 6.136112376715265881e-01 4.514674632111237984e-01 3.123605152833217602e-01 2.025725044026218113e-01
1.020994926809491332e+00 9.619808350320325774e-01 8.637118416412368216e-01 7.223170465091376391e-01 5.934912944092336495e-01 4.381555179951742707e-01 2.960651772519226066e-01 1.872115387653086327e-01
9.795575733745160996e-01 9.089156598108609764e-01 8.401761875625765041e-01 6.975886097465084923e-01 5.668754844278466321e-01 4.255355026303255794e-01 2.917933769978462988e-01 1.880979007933827329e-01
9.726615403335026055e-01 9.063414850679046841e-01 8.093371102771362846e-01 6.759028602825037924e-01 5.559067724491554285e-01 4.052840986626637387e-01 2.736852944302721191e-01 1.785431630065189290e-01
9.391642825704226150e-01 8.813385491391678705e-01 7.881743102571603377e-01 6.571589280166083569e-01 5.405109219739571147e-01 4.044502047431735026e-01 2.628743161987727728e-01 1.542293965930902067e-01
9.168276633402472342e-01 8.536075437169931002e-01 7.726745773720917754e-01 6.464953150741350463e-01 5.133388765754247629e-01 3.683937488654769887e-01 2.467327166495958402e-01 1.506511075853352311e-01
9.000943094350793983e-01 8.343936742796332906e-01 7.356304736173352454e-01 6.206492203900121352e-01 5.087884186833864231e-01 3.558557433750678678e-01 2.479561628134258899e-01 1.582061760050974264e-01
8.779544410093582663e-01 8.089731760349798684e-01 7.208931777761120596e-01 6.021745954241071175e-01 4.927566038777868584e-01 3.638487351353573152e-01 2.277520486582880477e-01 1.544503170216086907e-01
8.659202598818960261e-01 7.969108327727494334e-01 7.119424577207876803e-01 5.866590196459766648e-01 4.683513413127670666e-01 3.464502125662544119e-01 2.293002195366519169e-01 1.311829156620919756e-01
8.447609765232287904e-01 7.722021605249703713e-01 6.939073316160089266e-01 5.735152663292988340e-01 4.391075749498032921e-01 3.305026767431655799e-01 2.213163900896361613e-01 1.303597429025254717e-01
8.328760872364875389e-01 7.676977641565292387e-01 6.727776495269569557e-01 5.386056867025302841e-01 4.408840767090202450e-01 3.176654547436929543e-01 2.141979508004772381e-01 1.240222454324116236e-01
8.048290293118375294e-01 7.341510953608247902e-01 6.440260046923739212e-01 5.427522166259011183e-01 4.182346252841509515e-01 3.018547621931524372e-01 1.991212533695164988e-01 1.222927698144334052e-01
7.820789823847884570e-01 7.158299417111749774e-01 6.328416021879196274e-01 5.166880998284800741e-01 4.023569845843561477e-01 2.949755183113350054e-01 2.004300280199252660e-01 1.101735810365333385e-01
7.647733218944704481e-01 7.056830137128776714e-01 6.051936577496674907e-01 5.035369885548955926e-01 3.904278104734217325e-01 2.911482003290494225e-01 1.831793696219171375e-01 1.088961365073708720e-01
7.531491289752764162e-01 6.878962030965161123e-01 6.009207319112475076e-01 4.862505147617840473e-01 3.783929203944854658e-01 2.749900725356204112e-01 1.827558429138530505e-01 1.008127977878784942e-01
7.451015784494348093e-01 6.718707364009035565e-01 5.833010375138776293e-01 4.740938260311576835e-01 3.632241384883691526e-01 2.677457191482003340e-01 1.704110475452540185e-01 1.130184541524493907e-01
7.278871551820070840e-01 6.553360641296687161e-01 5.649173592977344560e-01 4.698233583425109883e-01 3.525442982401707503e-01 2.528039891595992295e-01 1.706632434161257927e-01 9.989951224889299930e-02
7.043306315232983339e-01 6.324741610685584714e-01 5.481730483528723941e-01 4.362769419752706712e-01 3.427021417527557068e-01 2.497177931286184704e-01 1.587883116706969300e-01 9.782589797743768134e-02
6.980267009784687504e-01 6.184182102853544860e-01 5.424705596794066054e-01 4.309462582686759968e-01 3.291961992843535079e-01 2.399969866895300119e-01 1.521020164623804183e-01 8.930471845689645638e-02
6.735108940355796214e-01 6.167561231790582577e-01 5.212149383435886740e-01 4.237703911163522297e-01 3.220656507597194906e-01 2.343258205935251914e-01 1.511055210401956450e-01 9.028370225853277198e-02
6.595917635529758849e-01 5.881865501952002750e-01 5.147480857713409019e-01 4.105290951936140798e-01 3.085608400304732379e-01 2.230637378617440769e-01 1.388837570517972853e-01 8.499046309689826939e-02
6.489298526274965839e-01 5.847241103796985140e-01 5.041105947233900375e-01 4.006910985800076763e-01 2.978501845167136897e-01 2.142204522994600735e-01 1.378167942381870736e-01 8.462663519073809759e-02
6.289990581343355425e-01 5.697667357819905520e-01 4.818868801744268238e-01 3.799218333654074131e-01 2.908583216996836196e-01 2.078314680630234113e-01 1.378582578716855966e-01 7.487860512975880178e-02
6.235766836302196747e-01 5.479278535711763487e-01 4.655298669523708077e-01 3.802771100032521501e-01 2.779629442336941092e-01 1.990752322694619159e-01 1.315239390577794543e-01 7.462279478426583901e-02
5.974441753035408809e-01 5.467331950061130597e-01 4.560931492638785056e-01 3.634900032814550874e-01 2.639180660907937126e-01 1.897338570068222430e-01 1.183463925058541172e-01 7.927063119466054575e-02
5.934771685927744400e-01 5.335849624082267262e-01 4.547683177175020353e-01 3.524722403482101751e-01 2.658127174223087197e-01 1.800020198522622183e-01 1.186370099895997510e-01 6.939559530608577220e-02
5.889025205495941329e-01 5.211525912554343387e-01 4.348134388124322292e-01 3.441638547982742713e-01 2.550256614446358983e-01 1.759748393408864242e-01 1.188294899334813998e-01 7.972108031474130219e-02
5.843387251258005399e-01 5.012754061036562847e-01 4.296520207666341684e-01 3.317069317221363889e-01 2.448632740608033542e-01 1.692591177888415899e-01 1.147239618958048324e-01 6.388118174930303150e-02
5.663592198269997713e-01 5.010801597814676933e-01 4.076094088661609272e-01 3.276749449399292136e-01 2.395436036076460662e-01 1.595415340720404695e-01 1.064279436891603092e-01 6.492300587473799622e-02
5.551885611543538879e-01 4.925619581935123392e-01 4.048823251325639472e-01 3.158877298588638194e-01 2.245503583118148017e-01 1.614168229982463898e-01 9.767415714417651551e-02 6.739616586363407491e-02
5.431109877859093826e-01 4.686724991448181221e-01 3.948066317794822755e-01 3.069049414650061869e-01 2.303320329718769321e-01 1.541782710136393453e-01 1.013478369188169359e-01 5.469144750711955189e-02
5.269799987160715959e-01 4.662455048628896814e-01 3.840849801093846327e-01 2.941539730764991534e-01 2.169969218267959465e-01 1.472201270482728086e-01 9.295049764342226684e-02 5.386222998582308741e-02
5.190392715593271644e-01 4.608099472313595957e-01 3.746336612401832689e-01 2.890924799181862626e-01 2.098592210691346271e-01 1.424571998919605675e-01 9.143987229659021609e-02 5.728830129971854146e-02
5.166604147481475007e-01 4.484380993807540738e-01 3.596244715773162515e-01 2.781174863797420960e-01 2.037206441672499702e-01 1.379924365663799668e-01 8.693434418830835175e-02 5.192145784820751536e-02
5.037537933564854020e-01 4.375958518796625452e-01 3.597968618476430902e-01 2.750568065767973747e-01 2.004303084309207728e-01 1.309932099754497203e-01 8.501375227522632583e-02 5.150714729645742423e-02
4.963538313638588551e-01 4.292834122362183535e-01 3.478878154100229492e-01 2.650695647040302028e-01 1.923773801342173462e-01 1.227386681620833697e-01 8.130543848714741340e-02 5.669351649906766155e-02
4.942203810125432306e-01 4.246536928965863322e-01 3.368913372516591509e-01 2.591381892224724481e-01 1.900360458375304484e-01 1.239540074058767122e-01 7.904502739340572848e-02 5.347467621496526657e-02
4.786096115726877209e-01 4.166557587772966587e-01 3.346659418760939975e-01 2.512607608113500701e-01 1.780751550512182924e-01 1.155450957082040098e-01 7.611826873532524795e-02 5.242685298925262721e-02
4.717241457448820285e-01 4.138542647865601221e-01 3.285550746014875290e-01 2.469630014702253740e-01 1.737262398603585944e-01 1.184876322302018531e-01 7.305315344912809150e-02 5.289456073265612346e-02
4.619168932315056431e-01 3.971966066149106855e-01 3.180892654052936419e-01 2.356442134169239866e-01 1.658446355784161386e-01 1.098744844502012319e-01 7.090190440616450651e-02 4.313701078942321770e-02
4.556211436372389900e-01 3.964119149149715748e-01 3.117280850844664220e-01 2.310837472830544470e-01 1.618652941401468592e-01 1.087257366660743241e-01 6.267284980666680549e-02 4.614817490202536426e-02
4.555018909758116741e-01 3.847266970656987861e-01 3.053844359749939286e-01 2.203053314906738835e-01 1.552461579933378244e-01 1.078204227081802219e-01 6.491134858676167463e-02 4.459684836845407424e-02
4.421567570898735089e-01 3.726296620826198280e-01 3.012691436329086314e-01 2.183407692582171322e-01 1.574922878397550796e-01 1.012493485916378388e-01 5.948950635646291923e-02 4.397886417651269281e-02
4.487475113836957297e-01 3.709613822862566912e-01 2.906096713954245403e-01 2.136784164015792242e-01 1.467115775918270415e-01 9.367589559139356814e-02 5.987873306457665995e-02 4.181444532030469813e-02
4.341139825398490082e-01 3.692432752541170982e-01 2.843402920640664688e-01 2.086073459612632075e-01 1.441909493530455777e-01 9.432260734822775494e-02 5.804389354573535192e-02 4.568035658412301220e-02
4.299032490392974415e-01 3.611853286419319797e-01 2.767012485847583081e-01 2.019864599495732882e-01 1.379894666415425186e-01 9.234893520610656936e-02 5.320775643495873064e-02 4.529679092811693397e-02
4.214039694975839634e-01 3.572978225031077648e-01 2.758394539759686515e-01 1.962925668197597340e-01 1.334613076505268836e-01 8.660086872114856893e-02 5.330331630757348393e-02 4.188696305659415225e-02
