nan nan nan nan nan nan nan 0.000000000000000000e+00
2.842617431640625000e+03 nan nan nan 2.625123779296875000e+03 8.335373535156250000e+02 nan 4.563468322753906250e+02
2.127536718750000091e+03 nan nan 2.488142740885416515e+03 nan 2.413525878906250000e+03 1.416703857421875000e+03 2.984080078125000000e+03
1.912070922851562500e+03 nan 1.947022786458333258e+03 nan 2.149564208984375000e+03 3.600639160156250000e+03 4.352189453125000000e+03 3.268001953125000000e+03
2.932787760416666515e+03 1.586866861979166515e+03 nan 2.116678710937500000e+03 nan 2.908959960937500000e+03 2.045272786458333258e+03 1.827864933894230944e+03
2.185580788352272975e+03 1.955989257812500000e+03 1.500075613839285552e+03 nan 2.260756747159090992e+03 3.189453125000000000e+03 8.418904575892856883e+03 1.687562215909090810e+04
1.653111328125000000e+03 1.675509114583333258e+03 2.356452734375000091e+03 1.852728271484375000e+03 2.013533447265625000e+03 2.771786621093750000e+03 3.938521240234375000e+03 9.903289930555554747e+03
9.901232096354166288e+02 1.677351888020833258e+03 1.620832194010416515e+03 1.606277622767857110e+03 2.032962890625000000e+03 2.336468599759615699e+03 5.308321732954545951e+03 1.077391944444444562e+04
1.240461554276315610e+03 1.568951171875000000e+03 1.423910156250000000e+03 1.810597806490384755e+03 2.153598772321428442e+03 2.200345703125000000e+03 5.605773437500000000e+03 8.043394770408162913e+03
1.188857167119565247e+03 1.393731670673076906e+03 1.507193244485294144e+03 1.764235839843750000e+03 1.783094531250000045e+03 2.217548437500000091e+03 4.294305555555555657e+03 8.220661815068493524e+03
1.154949295343137237e+03 9.084244791666666288e+02 1.417595614346590992e+03 1.552740658967391255e+03 2.253894301470588289e+03 1.946677379261363740e+03 4.857756793478260988e+03 8.088060064935065384e+03
9.865089285714284415e+02 1.137919270833333258e+03 1.143790178571428442e+03 1.316603320312500045e+03 1.256565104166666742e+03 1.673396763392857110e+03 3.697377232142856883e+03 5.889765306122448237e+03
9.323675717213114922e+02 9.802541920731707705e+02 1.344751420454545496e+03 1.403759607263513544e+03 1.298889756944444343e+03 1.806285684121621671e+03 2.505385995370370438e+03 7.384158143939393995e+03
8.027669659514924660e+02 9.667031250000000000e+02 8.740773782169117112e+02 1.125730468750000000e+03 1.303560503472222308e+03 1.676630445075757734e+03 3.439095861486486683e+03 6.225150431034482608e+03
8.575309001865671235e+02 9.346193266369047024e+02 1.008783506944444525e+03 1.196781929347826008e+03 1.142328645833333212e+03 1.461250837053571331e+03 2.844647381756757113e+03 4.636260416666666060e+03
6.083580545774648272e+02 7.887268518518518476e+02 9.645679853723404449e+02 9.365767415364582575e+02 1.043792892156862763e+03 1.122330312499999991e+03 2.330411093749999964e+03 4.291476562500000000e+03
6.563767510775861638e+02 6.698484669811321055e+02 8.357796585648147811e+02 8.808183992346938567e+02 1.182160982572115472e+03 1.240887134308510667e+03 2.418671875000000000e+03 3.594820748730964169e+03
5.637191271551723730e+02 6.801148158482142208e+02 7.979729456018518476e+02 7.872415707236841627e+02 1.035717041015625000e+03 1.070632339015151501e+03 1.753586979166666652e+03 3.880727158634537773e+03
6.127357662671232674e+02 5.433782784598214448e+02 6.106362847222221717e+02 7.847941453313253533e+02 8.503309895833333485e+02 1.014476810515873012e+03 2.006150173611111086e+03 3.277706274703557028e+03
5.063747970779220964e+02 6.386153645833333030e+02 6.877744954427082575e+02 7.941761239035087101e+02 8.253398437500000000e+02 1.034528683035714266e+03 2.022254870129870369e+03 3.197344672131147490e+03
5.219089033018867667e+02 5.902658743351063322e+02 6.564637019230769965e+02 6.824976881377550626e+02 8.690460188356163371e+02 8.619332386363636260e+02 1.976002635542168719e+03 2.847529353035143686e+03
4.997050316220237960e+02 5.139781400240384528e+02 6.204234111657302719e+02 6.829136513157894797e+02 7.263504022277227250e+02 8.878793604651162923e+02 1.793472794117647027e+03 3.076194297082227877e+03
4.648722677595628170e+02 4.647177831064356610e+02 6.061964917452829695e+02 7.000755447247706797e+02 7.970383184523809632e+02 8.307747767857143799e+02 1.512649088541666515e+03 2.914722636815920396e+03
4.003947321428571513e+02 4.518226297669491487e+02 5.106790892454955042e+02 6.197127130681817562e+02 7.141859243697479087e+02 8.460495283018867667e+02 1.558155427631578959e+03 2.670843820224719366e+03
3.946512382075471805e+02 4.448881236293859160e+02 4.810289135514018426e+02 6.196504424778761404e+02 6.096669921875000000e+02 7.450219931722688216e+02 1.538217653508771946e+03 2.212253153669724725e+03
3.871812830105633907e+02 3.904298749999999814e+02 4.627765386450381584e+02 5.373117378048781347e+02 6.309950958029196499e+02 6.732550266472868543e+02 1.385862426757812500e+03 2.078364602587800164e+03
3.370880262586805429e+02 3.972413054435483559e+02 4.186456389925373287e+02 4.702798013245032962e+02 5.751603422619047024e+02 6.936620124113475185e+02 1.312937270220588289e+03 2.017923394495413049e+03
3.276911441693290499e+02 3.554831237792968750e+02 4.138985729768785973e+02 4.933835173872180349e+02 5.495093842455621598e+02 6.550022879464285097e+02 1.159706671779141061e+03 1.949019871794871733e+03
3.303163670568561656e+02 3.643862946428571377e+02 4.330130580357142662e+02 4.752408226656626766e+02 5.736366629464286007e+02 5.953228843167701143e+02 1.079766469594594582e+03 1.781549035369774856e+03
2.856142225150602485e+02 3.342706117021276668e+02 3.708348011363636374e+02 4.140302208083832625e+02 4.946924157303370748e+02 6.352919544198895210e+02 1.054085617690058370e+03 1.734996433666191251e+03
2.970456840701219789e+02 3.060934636780104938e+02 3.546388091216216480e+02 4.053365319293478137e+02 4.888557142857142708e+02 5.891119474085365937e+02 1.020785850694444434e+03 1.713427712912088055e+03
2.688422796699438209e+02 3.292138871173469283e+02 3.759767172029702920e+02 4.395148973651960773e+02 4.621275152439024509e+02 5.465693597560975832e+02 9.371822916666666288e+02 1.652491719745222781e+03
2.784114245129870255e+02 3.036016945954106063e+02 3.456505887681159379e+02 4.100076152146464779e+02 4.799178125000000250e+02 5.262553267045454959e+02 1.006821936881188094e+03 1.529686193111931061e+03
2.606419101731601700e+02 2.956173691860465169e+02 3.369967852870813090e+02 3.805466569767442024e+02 4.486616790254237230e+02 5.028363949887387321e+02 9.892753992290749920e+02 1.455116265750286402e+03
2.517055750739644964e+02 2.803517267815420269e+02 3.089388766519824117e+02 3.910293202191235196e+02 4.267832122093022917e+02 4.985726818647541450e+02 8.242994453463203399e+02 1.335787086446104695e+03
2.444918673155737849e+02 2.466599076704545439e+02 3.211992458767360858e+02 3.573388627283104597e+02 3.981348995938628264e+02 4.392282090807174768e+02 8.330294117647058556e+02 1.207906845536609808e+03
2.362957375478927133e+02 2.572540690104166288e+02 2.870538155691963880e+02 3.396951530612244596e+02 3.918461039847161373e+02 4.196227167693662068e+02 7.555617096303501512e+02 1.205766829268292668e+03
2.127746010638297776e+02 2.377960156250000239e+02 2.868372924354243310e+02 3.340379325929752099e+02 3.954837520764119745e+02 4.505996651785713993e+02 7.814615935114503600e+02 1.219628043282236149e+03
2.052319048713235361e+02 2.312857812500000136e+02 2.694714127813504660e+02 3.051187398208469403e+02 3.641338652482269254e+02 4.034827438186813424e+02 6.889015199829931362e+02 1.168157905803195945e+03
1.913441063596491176e+02 2.092786800986841911e+02 2.530457372572815586e+02 2.909262520358306574e+02 3.504498931188925326e+02 4.040341517857143003e+02 6.590840344551281760e+02 1.030387227162489808e+03
1.941370759587020700e+02 2.205538140527950191e+02 2.480284984276729574e+02 3.074304064417178211e+02 3.488578773961661454e+02 3.851922286184210407e+02 7.046149038461538794e+02 1.072219387755102161e+03
1.901905023680649549e+02 2.089587264150943611e+02 2.401457231873111766e+02 2.851066044329073179e+02 3.213308250708215610e+02 3.755132042253521263e+02 6.616228143601190368e+02 1.032935517371601236e+03
1.860078452797202715e+02 2.026637672601744100e+02 2.457138728323699297e+02 2.781649662596400958e+02 3.298637026239067040e+02 3.693942752849002886e+02 6.472488215782123007e+02 9.581127279102383909e+02
1.721705029488859680e+02 1.845252089389534831e+02 2.289040556900726529e+02 2.621903782894736423e+02 3.054675299118387670e+02 3.747061075498575633e+02 6.205409149484536329e+02 9.150263513513514226e+02
1.719378209242618709e+02 1.932095118613138709e+02 2.281715686274509949e+02 2.684137583637469788e+02 3.013342447916666629e+02 3.429605945121951436e+02 5.910140955687830910e+02 9.102809897501600744e+02
1.710023851875808703e+02 1.903060747663551240e+02 2.210687347931873603e+02 2.499015992167101956e+02 3.009413619614512641e+02 3.447173010651628715e+02 5.536684115239294215e+02 8.511416361416361269e+02
1.585307259316770114e+02 1.713198298054919917e+02 1.942279444280660243e+02 2.425448385663507338e+02 2.670040422885572298e+02 3.284061774941995395e+02 5.489757793398532613e+02 8.293826832151299868e+02
1.558926262315270890e+02 1.663054166666666731e+02 1.922713036894273273e+02 2.315757494646681209e+02 2.769479518581081265e+02 3.074843750000000000e+02 5.479992084251101687e+02 8.127374031007751682e+02
1.507827133685800618e+02 1.666267924783549859e+02 1.986569368131868032e+02 2.301193498883928328e+02 2.681215353260869847e+02 3.110147177419354989e+02 5.106060710352423371e+02 7.847592032967032765e+02
1.455400896414342640e+02 1.599668222402597451e+02 1.886295026881720389e+02 2.089649261603375408e+02 2.632695932539682531e+02 3.030514072008113544e+02 5.229332857883817951e+02 7.495703414505029514e+02
1.473079528808593750e+02 1.541808593750000114e+02 1.789135066699604693e+02 2.064579093992248033e+02 2.418689399895178269e+02 2.895849489795918430e+02 4.944098053892215034e+02 7.369470748636588269e+02
1.370807170991658950e+02 1.488706597222222285e+02 1.739320218048359266e+02 1.994576322115384528e+02 2.455016233766233711e+02 2.820539800096339036e+02 4.787873134328357878e+02 7.169166469474680525e+02
1.265918803418803549e+02 1.455802137586805429e+02 1.671789944556451530e+02 1.998870150862069011e+02 2.477844722762646086e+02 2.801434294871795032e+02 4.602383474576270714e+02 6.956826253481893900e+02
1.299522922312556545e+02 1.401551188973063802e+02 1.692598517922794201e+02 2.071865636704119993e+02 2.298102083333333496e+02 2.750230488850771735e+02 4.686554129464285552e+02 6.505985017889087203e+02
1.287247937671860711e+02 1.431212670648464211e+02 1.671935186148086530e+02 1.945199265651800999e+02 2.292605846774193594e+02 2.648181147912885649e+02 4.239406625214407995e+02 6.488573210412147318e+02
1.227763244308231236e+02 1.330619673295454675e+02 1.554372728190630255e+02 1.841239500000000078e+02 2.196327607615893953e+02 2.580715579710144993e+02 4.035797589869281410e+02 6.175892857142856656e+02
1.218116999246988001e+02 1.333486233922829456e+02 1.549101562500000000e+02 1.779864882172131217e+02 2.168306709265175698e+02 2.573260566188197913e+02 4.267674395161290590e+02 6.042911902817477312e+02
1.176665501491424237e+02 1.277650776273885356e+02 1.590952231452859280e+02 1.759411823248407813e+02 2.021910895270270316e+02 2.419086196682464447e+02 4.091725953895071939e+02 5.847161557501904099e+02
1.172205061239193071e+02 1.226685510481366350e+02 1.453932752581120837e+02 1.636607237306064917e+02 2.053138101708074430e+02 2.328247175394548094e+02 3.986102620087336277e+02 5.665199206948640267e+02
1.081573398576512517e+02 1.147064423076923134e+02 1.366931798986486513e+02 1.692181677018633366e+02 1.964656901041666686e+02 2.413345519746646914e+02 3.666964349217639096e+02 5.320794223826713960e+02
1.071724247888810737e+02 1.142055446194225681e+02 1.371562383221225616e+02 1.595303531568877418e+02 1.910097460658082866e+02 2.303708470394736878e+02 3.668480253878702229e+02 5.369446982758620379e+02
1.048494318181818272e+02 1.100306404421326363e+02 1.292897400067750766e+02 1.582564542923850581e+02 1.838795701581027799e+02 2.286926868998628208e+02 3.658475340136054115e+02 5.325018103738632362e+02
1.021968011126564591e+02 1.087478577044025059e+02 1.268528361681643020e+02 1.493165348101265977e+02 1.820898963948787070e+02 2.250684543918918905e+02 3.481085013003901167e+02 5.039991027732463635e+02
9.773727532679737351e+01 1.075483965355805225e+02 1.218846088047445306e+02 1.499649026381909493e+02 1.758296121755253125e+02 2.137756028693528663e+02 3.380260481366459544e+02 5.099679497068805745e+02
9.804733133761681074e+01 1.033314746216897788e+02 1.195903849181360101e+02 1.454729529887920307e+02 1.755911841299019613e+02 2.122493006713555133e+02 3.303049313358301902e+02 4.904368388301182335e+02
9.401270353733858087e+01 9.934850624256836227e+01 1.180850800304878021e+02 1.409044648115429936e+02 1.709816710220673599e+02 2.086405177345537822e+02 3.371071637426900907e+02 4.782009672619047933e+02
9.230290305397727479e+01 1.018112849331713221e+02 1.116628738385598183e+02 1.355581823329558517e+02 1.671010783718104449e+02 1.996424018171160526e+02 3.130772184300341223e+02 4.796864561968942553e+02
8.794517109728506910e+01 9.968345716783217370e+01 1.064574742268041234e+02 1.333223859597156604e+02 1.601330034537725737e+02 1.936191047878440372e+02 3.100045435627081361e+02 4.526891543605461266e+02
8.583474746125065735e+01 9.549004641736401311e+01 1.094697820104287302e+02 1.279919776601239647e+02 1.588159058988764230e+02 1.896704279396462312e+02 3.031241012168141538e+02 4.352938193129564297e+02
8.597871942934783362e+01 9.185266497461928736e+01 1.064781448833510211e+02 1.260136403390742572e+02 1.466240948932926926e+02 1.925478622004357590e+02 2.984256488347457434e+02 4.243484917733089787e+02
8.138400099734042215e+01 8.904144158291458666e+01 1.023553713858424601e+02 1.224959499616564500e+02 1.458583221925133842e+02 1.773620029128672968e+02 2.847734456295525547e+02 4.080868758002560526e+02
7.957388475836430075e+01 8.725597243013970683e+01 9.945119713930347416e+01 1.194242506854436527e+02 1.476456917475728119e+02 1.787364198301698366e+02 2.774637964774950660e+02 4.075388483781745208e+02
7.910094268911439030e+01 8.299475109542356677e+01 9.839621856508875908e+01 1.159345476017441854e+02 1.409187102495107524e+02 1.705651850728155239e+02 2.721962338949454647e+02 3.903267826721830147e+02
7.499055670160571196e+01 8.259162133396404215e+01 9.422390624999999886e+01 1.125267730914231805e+02 1.345831890581717403e+02 1.689256048387096882e+02 2.716303769657724274e+02 3.928287734755390375e+02
7.361939522561530680e+01 7.954240002394635667e+01 9.313899919429097451e+01 1.087227328431372513e+02 1.303430122757318372e+02 1.630256214821763479e+02 2.638200090334236734e+02 3.901229871645274443e+02
7.364458490252548017e+01 7.823227052583025909e+01 9.081879722921914322e+01 1.075797658467360520e+02 1.279490327380952266e+02 1.628326828724353277e+02 2.579690812720847930e+02 3.632771181716834121e+02
7.177665239350022830e+01 7.749045507646559372e+01 8.570836647727273316e+01 1.058449293682235179e+02 1.266785149186256803e+02 1.591907534995625610e+02 2.544585172109443931e+02 3.569339571614019633e+02
6.763784411011523900e+01 7.375834865196078738e+01 8.449111176850259142e+01 1.026741813497340416e+02 1.220408195020746831e+02 1.516138695008460218e+02 2.445525751072961214e+02 3.512282861369399711e+02
6.713558272296424434e+01 6.994156608019640942e+01 8.255159973294986742e+01 1.000282840266558964e+02 1.228064669771380153e+02 1.493248944604612802e+02 2.455265456989247355e+02 3.426952653485952283e+02
6.394999332264957559e+01 6.789991821966692953e+01 7.992324821852730565e+01 9.639341154315961546e+01 1.154913814484126959e+02 1.436066339935327392e+02 2.325458383293365330e+02 3.362395101385263843e+02
6.327291745461422323e+01 6.774943974103585731e+01 7.881796751579778970e+01 9.278734338292873929e+01 1.119607549355358600e+02 1.420648801302288859e+02 2.312387660128102311e+02 3.308268850188006809e+02
6.136472523932253154e+01 6.702456401013250797e+01 7.553085967993754934e+01 9.223094793284160176e+01 1.113798332069749790e+02 1.365307590996168585e+02 2.249189438350983323e+02 3.232963210064811506e+02
6.007402152197602874e+01 6.324445138355111595e+01 7.489038013059700916e+01 8.854235900748396659e+01 1.078156846374045728e+02 1.375683150183150190e+02 2.232855145413870162e+02 3.152554489567809242e+02
5.918233939699413781e+01 6.585550162586075373e+01 7.310353307560137637e+01 8.557807655038759265e+01 1.095128450246132275e+02 1.320622630780894724e+02 2.124070397111913167e+02 3.159868650284247451e+02
5.736304386911182718e+01 6.301830418381344145e+01 7.022467672413793593e+01 8.407578337874659269e+01 1.027454132690882034e+02 1.290053306284530379e+02 2.126609725234996233e+02 3.006291696718355979e+02
5.651117333863556524e+01 6.066321422587131451e+01 6.754488101464434635e+01 8.162772658475783771e+01 9.930986585985104398e+01 1.284858828671328581e+02 2.052040670478170625e+02 2.928313738156761588e+02
5.423028156698146063e+01 5.755769878706199449e+01 6.706313246516256754e+01 7.902774018944519696e+01 1.009864404965753408e+02 1.237365693366266868e+02 2.023867716802168104e+02 2.911135465702757301e+02
5.380117187500000142e+01 5.777414304548450730e+01 6.541393766644473828e+01 7.748444738583719982e+01 9.441449652777777146e+01 1.190703428594559625e+02 2.007426958831341040e+02 2.803756474519632320e+02
5.227605154965211653e+01 5.519042132982225013e+01 6.392531352796052602e+01 7.596211900399732997e+01 9.522118451981195619e+01 1.171660039761431449e+02 1.968928098078197593e+02 2.714721764899571781e+02
4.965272685609532743e+01 5.372372204794079664e+01 6.154563934948978954e+01 7.348774790613148866e+01 9.140279271665642113e+01 1.171420206121174203e+02 1.892964420654911919e+02 2.660225988700565267e+02
4.885645189069197869e+01 5.262441094249201257e+01 6.087051844832920722e+01 7.293038470354522929e+01 8.910058222433460173e+01 1.119144198084054267e+02 1.866220533498759266e+02 2.656162098668754652e+02
4.862743181474765919e+01 5.071223540731237733e+01 5.939836440058479639e+01 7.017156405472636038e+01 8.752687536916715771e+01 1.096428937815656610e+02 1.801614862850327938e+02 2.567133772601899864e+02
4.785030332534451958e+01 4.993485319028796710e+01 5.774004184748914525e+01 6.857216739766082014e+01 8.458784203980098937e+01 1.071680738408700506e+02 1.797067161916313012e+02 2.566957052040212943e+02
4.614665072215604624e+01 4.827632094980033628e+01 5.581500692823803433e+01 6.440934137776449120e+01 8.175965461451885119e+01 1.050747041420118393e+02 1.718325630868544636e+02 2.488320601013757880e+02
4.586751830771461869e+01 4.717068460778780548e+01 5.322149540960452185e+01 6.514144253637381610e+01 7.892090523491879139e+01 1.036963074671616170e+02 1.725204691977077118e+02 2.373954865556978007e+02
4.427756631540697896e+01 4.655333425567238237e+01 5.268737914364641028e+01 6.182029498318385663e+01 7.672437187673514813e+01 1.018504091225626809e+02 1.639982831576026570e+02 2.345090997499305274e+02
4.365258184721852786e+01 4.609547264542936773e+01 5.104410199175823948e+01 6.159321329639889342e+01 7.610494791666666003e+01 9.843708379578247047e+01 1.649558165932856184e+02 2.354971148498331388e+02
4.208771049222797700e+01 4.551700342926304188e+01 5.118442728332419023e+01 6.048221572361262588e+01 7.274990330067045363e+01 9.720827302631579414e+01 1.606305499999999995e+02 2.254309303262182880e+02
4.153717405475880042e+01 4.385667293233082376e+01 4.939049533195020558e+01 5.793430026158445401e+01 7.135134584013050585e+01 9.430450019978688658e+01 1.613388773388773529e+02 2.237636145048089134e+02
3.984349645030425791e+01 4.190973383966809962e+01 4.765178903922542020e+01 5.618981544077880130e+01 7.111347439455096264e+01 9.134025451030927911e+01 1.537890262003097632e+02 2.173204334365324826e+02
3.965606645812053443e+01 4.159809239395416824e+01 4.620262163871139904e+01 5.485308096452866522e+01 6.972174097803346626e+01 8.976483208955222892e+01 1.494795362392295885e+02 2.204216233354470376e+02
3.770795908183632150e+01 4.002059283309283444e+01 4.581754866180048680e+01 5.470063318567026300e+01 6.683268445049739626e+01 8.819164525208027783e+01 1.470939982621648312e+02 2.091905800663635091e+02
3.690005280815108790e+01 3.982706478585178189e+01 4.521811868686868507e+01 5.214452003588517215e+01 6.620612389271653342e+01 8.568591518956179698e+01 1.442699001947419788e+02 2.075723437121395705e+02
3.692423741073627497e+01 3.845265683520599254e+01 4.310127861019348927e+01 5.087876116596144271e+01 6.336061460807601264e+01 8.515176251771374893e+01 1.404898992890995260e+02 2.031278994845361012e+02
3.572989663136547733e+01 3.774896128005657658e+01 4.256574022428370085e+01 5.025992876946673249e+01 6.291128301776531373e+01 8.297815099353049106e+01 1.392946512723845274e+02 1.997497046662728906e+02
3.500954509671615256e+01 3.763678944315545039e+01 4.184886121662062664e+01 4.861285203139427580e+01 6.114224865047233948e+01 7.966469359331476596e+01 1.381067813765182279e+02 1.953612594762232959e+02
3.438749517427751812e+01 3.585169258788159397e+01 3.981457112263299791e+01 4.899152121078214606e+01 5.805904779750922273e+01 8.042544127442273805e+01 1.335595137001811565e+02 1.931558273219116302e+02
3.300018430537352288e+01 3.563959954330175606e+01 3.914872782939189477e+01 4.644399113952444935e+01 5.803204506252695438e+01 7.776165442812639128e+01 1.309012131715771261e+02 1.904085165736790088e+02
3.269734152030735430e+01 3.481908102143757588e+01 3.882089870395634534e+01 4.481157518696581121e+01 5.674539787872056706e+01 7.725152012483857789e+01 1.304655224955673702e+02 1.872481398001303319e+02
3.214001658108686144e+01 3.384834118596418051e+01 3.720018000847098705e+01 4.372631656964208702e+01 5.639934250920998693e+01 7.493788238396624024e+01 1.262621989860582943e+02 1.851905944538886502e+02
3.090047246220302313e+01 3.291469306187914157e+01 3.661100678615830617e+01 4.375975351384869327e+01 5.420739154332904519e+01 7.233074579608343413e+01 1.243215856723921178e+02 1.787787485612639955e+02
3.060310157226155781e+01 3.193929801458670781e+01 3.520610028420625071e+01 4.180896659786548497e+01 5.299846522905489365e+01 6.991957831325301242e+01 1.198254012596505476e+02 1.755137531486146258e+02
2.978304887033398529e+01 3.135133783920615613e+01 3.542093548224374189e+01 4.172917936991869681e+01 5.250960717871485883e+01 6.932594402374130027e+01 1.196213227860897632e+02 1.663316391198540032e+02
2.940993608367228518e+01 3.117710400952758931e+01 3.390433699154249325e+01 3.985169369752099300e+01 4.994251800560711985e+01 6.915203528146989242e+01 1.173509027229676462e+02 1.675526328837762833e+02
2.840506043014845972e+01 2.996125625000000170e+01 3.342397477859068289e+01 3.887038487091875538e+01 4.921164149720893022e+01 6.650058758633922196e+01 1.158538041376643548e+02 1.634510225395900136e+02
2.752669382504288009e+01 2.914817566250974323e+01 3.269107151066568662e+01 3.824299653184838377e+01 4.754706797342814895e+01 6.503772268989820304e+01 1.122532245827010655e+02 1.585619075829383746e+02
2.670316039071347447e+01 2.874064793577981547e+01 3.150181542930287293e+01 3.619872975800582537e+01 4.649048770920501994e+01 6.456756569207993834e+01 1.081039779161947934e+02 1.576841674573055059e+02
2.691129605876865583e+01 2.822423393628509558e+01 3.134869440393729434e+01 3.610775325545768055e+01 4.579878192204301257e+01 6.285893087855296812e+01 1.080728472222222223e+02 1.547717824731872724e+02
2.568926261169024627e+01 2.736174473517715100e+01 2.999136306532663454e+01 3.510476820301291667e+01 4.438594745222929561e+01 6.104734006352086340e+01 1.067095320466132620e+02 1.565716237136872735e+02
2.572766144501278873e+01 2.648464124068157588e+01 2.967380297746781181e+01 3.403233468316126675e+01 4.266560393009226715e+01 5.944854910714285978e+01 1.036965862468783399e+02 1.494231160445780802e+02
2.519876459728662255e+01 2.641178728070175197e+01 2.866564467471143729e+01 3.397240344467640938e+01 4.250635175945377853e+01 5.863823853615520676e+01 1.020336807988787626e+02 1.440279316104078760e+02
2.471244041090111310e+01 2.572500873820342449e+01 2.810721682071852001e+01 3.229896753533568443e+01 4.212130242004082703e+01 5.749385933254075809e+01 9.996459338387319349e+01 1.420660219675262681e+02
2.428754270710308560e+01 2.519477909482758449e+01 2.740054445107398351e+01 3.191252472799208917e+01 4.022683887915937362e+01 5.575654792524004932e+01 9.846642857142857963e+01 1.408352374456475502e+02
2.311311710029546873e+01 2.482727575679394505e+01 2.657584509732946998e+01 3.115920507010944007e+01 3.939089361012000978e+01 5.537296331885026746e+01 9.628341912985719375e+01 1.388845642601977204e+02
2.287424120416253714e+01 2.391033561862244738e+01 2.612532928280081279e+01 3.107289912175168567e+01 3.893992158671586878e+01 5.345500777668631542e+01 9.346391282731188710e+01 1.342329846668297932e+02
2.271370951334635180e+01 2.352440790510718926e+01 2.589178371923575384e+01 2.914276900296150075e+01 3.744681736680328044e+01 5.225879913015463529e+01 9.210290221579960246e+01 1.330999191265669310e+02
2.153128075787401485e+01 2.299512185409366083e+01 2.499425741491730335e+01 2.955925042026897032e+01 3.637741547131147257e+01 5.091271672259507852e+01 8.979608585858585457e+01 1.309373298093865117e+02
2.162914726720647707e+01 2.212397939346811526e+01 2.428064829192546625e+01 2.837030864673242903e+01 3.599434491669237701e+01 4.912563866444866534e+01 8.975071241528034705e+01 1.290772007316313932e+02
2.079956687779433722e+01 2.177612517512453394e+01 2.425507582221532488e+01 2.764455938772314525e+01 3.549525721601489892e+01 4.912201878834355995e+01 8.785895006251952566e+01 1.268392330669563250e+02
2.073895022455089787e+01 2.105942740091463250e+01 2.305119721542227396e+01 2.635759286958497327e+01 3.410898624850119631e+01 4.701311400848999256e+01 8.603612841489042751e+01 1.225819334900652251e+02
2.029275272821117682e+01 2.052009954058192776e+01 2.246261725729601011e+01 2.587235824742267809e+01 3.361479493690366382e+01 4.654081442221558973e+01 8.314524647887324704e+01 1.222936602870813374e+02
1.955261162671733288e+01 2.049463736326344332e+01 2.200099476627473294e+01 2.575352898170365634e+01 3.303359666093436431e+01 4.517912447885646543e+01 8.242859228971961727e+01 1.184793717161252147e+02
1.910128080473974777e+01 2.025757602298206095e+01 2.179188889723557665e+01 2.494104349518686448e+01 3.197347191629955887e+01 4.446164937084176927e+01 7.999560447544318720e+01 1.156166792738275291e+02
1.868870329689955767e+01 1.966770920941968015e+01 2.088029305793378754e+01 2.484250363901019298e+01 3.102485855170964157e+01 4.428537015585509806e+01 7.948103411361690007e+01 1.150258067963239910e+02
1.824267877334403209e+01 1.897944972826087096e+01 2.072467702513966259e+01 2.393445426359305017e+01 3.048531707579672911e+01 4.298009806749350759e+01 7.826629895005675053e+01 1.111243212749453591e+02
1.804211599275156175e+01 1.856834097991690058e+01 2.010966483250276937e+01 2.344903366583541171e+01 2.965200230208906262e+01 4.138203682117389093e+01 7.626915546160243764e+01 1.090541877468986058e+02
1.774896677068118578e+01 1.836680933718371733e+01 1.960484357988568505e+01 2.244631097769567774e+01 2.889636847527472696e+01 4.145851337448559804e+01 7.507367663192539453e+01 1.096897763632650395e+02
1.734984222178165325e+01 1.794163728195693608e+01 1.940630100652883527e+01 2.210990298763736206e+01 2.826422034096998814e+01 4.038147651006710959e+01 7.405730704697985800e+01 1.065052475415395037e+02
1.686614624247185290e+01 1.751426662557416947e+01 1.894619673768308843e+01 2.211019035778868513e+01 2.789525828738569047e+01 3.899360532407407476e+01 7.188926989687995217e+01 1.040876520843029027e+02
1.651002554462287719e+01 1.705671560402684506e+01 1.854281218290207889e+01 2.126358585517427713e+01 2.719550751400916866e+01 3.898747640237324674e+01 7.013884195476994421e+01 1.041274352246638273e+02
1.629052094047312949e+01 1.665918067094662547e+01 1.763529876830892107e+01 2.085664766328828890e+01 2.585806020838829156e+01 3.733893869107321706e+01 6.964853314665278106e+01 1.004304993252361697e+02
1.576233234459633792e+01 1.618614802466816727e+01 1.764295546141152826e+01 2.011821594001036573e+01 2.573655633535660314e+01 3.705813366050808355e+01 6.845001280081925188e+01 1.001607640869620184e+02
1.558652433571793772e+01 1.593008814102564052e+01 1.710712109374999912e+01 1.965126206384558216e+01 2.530187603318921674e+01 3.593339602744899963e+01 6.765304024359619461e+01 9.723502796455728969e+01
1.511253543487900686e+01 1.559012789309331382e+01 1.697759766103355261e+01 1.945566657891476581e+01 2.439252755556912433e+01 3.518124085142717661e+01 6.453578232546706772e+01 9.504577562326869611e+01
1.474051552785748598e+01 1.540478802287181992e+01 1.649648187715199299e+01 1.911364455521472649e+01 2.406046828999018317e+01 3.470848125311410115e+01 6.300298219086021589e+01 9.520553655408295413e+01
1.460543399525872132e+01 1.496790110356536374e+01 1.611252154390420799e+01 1.810694101157463365e+01 2.320513387547573814e+01 3.382395857677027351e+01 6.305762638922444552e+01 9.155151111244234130e+01
1.415091674015285150e+01 1.461030947336561781e+01 1.580072030141843875e+01 1.807483916511411337e+01 2.311281121895346047e+01 3.324039096255400949e+01 6.162644491625383125e+01 8.971333293634252470e+01
1.386781264623303755e+01 1.425971611967957919e+01 1.538897389546800376e+01 1.768732176092699149e+01 2.226633376288659960e+01 3.205597114022663163e+01 5.992459822464608976e+01 8.778784450843275522e+01
1.360991796063264836e+01 1.417716528469549431e+01 1.503017696679362025e+01 1.726926398957861508e+01 2.212638798892553993e+01 3.123410499090495662e+01 5.999880452530907604e+01 8.796674556896253705e+01
1.328423686750806709e+01 1.381238757111780480e+01 1.472114893254599188e+01 1.660102494266055118e+01 2.121468120805369040e+01 3.076745630568882817e+01 5.728313257315957685e+01 8.697742126316975941e+01
1.304500932835820848e+01 1.342976140202702773e+01 1.440554991426804676e+01 1.676469599377123387e+01 2.095598601598173616e+01 2.995253200089827317e+01 5.666796164772727451e+01 8.386131784481294460e+01
1.271747211229639696e+01 1.299993476708415763e+01 1.413519186302576536e+01 1.608569035588752172e+01 2.024106601433296504e+01 2.927817049272116634e+01 5.611425566432028234e+01 8.271051542409358603e+01
1.257031835519271823e+01 1.289370956370272125e+01 1.383611451000879988e+01 1.562575203308254146e+01 1.983095959315251022e+01 2.903671040440374895e+01 5.544286344584160275e+01 8.079374758300646420e+01
1.208853781190526533e+01 1.263467358408992602e+01 1.344840395977883674e+01 1.530988793336944731e+01 1.925141116269255193e+01 2.790803629206212477e+01 5.387002916934275731e+01 8.029234152096964294e+01
1.188745538075092512e+01 1.250080332880434852e+01 1.341033628081457607e+01 1.480618643845670057e+01 1.885343668513689863e+01 2.750706223204715783e+01 5.321694135045832041e+01 7.890557414346895371e+01
1.164755042330677348e+01 1.218766877295312234e+01 1.296475386886581127e+01 1.454711637837249683e+01 1.842897903726708009e+01 2.703916820824523981e+01 5.201940492440151331e+01 7.821816504086474708e+01
1.149264464060197888e+01 1.177319986648016226e+01 1.276042616684549280e+01 1.429348169191919204e+01 1.811964153242899656e+01 2.609332309630168112e+01 5.074809697601668290e+01 7.749965417340919771e+01
1.127529926364757884e+01 1.157314127275025228e+01 1.212807699022346242e+01 1.395131335797254479e+01 1.749775341253791794e+01 2.583975867596173259e+01 4.976297911899313675e+01 7.542407724553959270e+01
1.083994039948453647e+01 1.131858890140140161e+01 1.190828543164569631e+01 1.366943000843421352e+01 1.742286749337275609e+01 2.507204576327660561e+01 4.829087409420289845e+01 7.410348717043908096e+01
1.059645784167863702e+01 1.106611585731414849e+01 1.183694867582636334e+01 1.329050937562839430e+01 1.684847577042762623e+01 2.478850003718762451e+01 4.741609803039391835e+01 7.210379860867824675e+01
1.039743932038835084e+01 1.084466902617436368e+01 1.161659621200759851e+01 1.320120785056446699e+01 1.656935007934933424e+01 2.408421330845770925e+01 4.697254733537671001e+01 7.205584042021010305e+01
1.031110873287671303e+01 1.057202345131656607e+01 1.134761428013283791e+01 1.254312843946540923e+01 1.602194397792706582e+01 2.361122850302911758e+01 4.601737402152642176e+01 6.909426982591875799e+01
1.004298846538424783e+01 1.024677971441855995e+01 1.094141229448742791e+01 1.245468423923354173e+01 1.578178308823529363e+01 2.294419685357959082e+01 4.488975811500674240e+01 6.837040769527855844e+01
9.802666193046704279e+00 1.020452981930644754e+01 1.076664644528354309e+01 1.226735967588990306e+01 1.529816511071495633e+01 2.230527271171523651e+01 4.428684815231663663e+01 6.751992667080685351e+01
9.630696936516907058e+00 9.980299881576526033e+00 1.051241607901854636e+01 1.183355511279756378e+01 1.497021213678073082e+01 2.230615729224249222e+01 4.270880492676431572e+01 6.677336547507054831e+01
9.293959428383706367e+00 9.542905884235553415e+00 1.036952877169247955e+01 1.168623593190808130e+01 1.458951239716636294e+01 2.155748840001865219e+01 4.176268639328984023e+01 6.483411647608906492e+01
9.178992146596858248e+00 9.483957820758156743e+00 1.027707176877741091e+01 1.132438431766055054e+01 1.411100460122699296e+01 2.073226773805113154e+01 4.111496421975992632e+01 6.344891498830114784e+01
8.970886585619284759e+00 9.286722859604569891e+00 9.928066836826888064e+00 1.102679022427262900e+01 1.385120454545454471e+01 2.034338387707281726e+01 4.042022774373761251e+01 6.306047384364968167e+01
8.824870946815117634e+00 9.115624436225870042e+00 9.675161221463238093e+00 1.081576787175058918e+01 1.368243786876452717e+01 1.995347842940532601e+01 4.004829110360360289e+01 6.176747026097969240e+01
8.575710239557208681e+00 9.040884343072233875e+00 9.409438291845111380e+00 1.063298490612208447e+01 1.327673641542506644e+01 1.962053339397089502e+01 3.956440157218777642e+01 6.094801174124944509e+01
8.456022059142584979e+00 8.677309782608695343e+00 9.209938290583274068e+00 1.034885961620926231e+01 1.293457345257234614e+01 1.907506775515600239e+01 3.806684696916607891e+01 5.966042129085607115e+01
8.247902362025644862e+00 8.536440753242137802e+00 9.042044294941929294e+00 1.016099080138913280e+01 1.256675409416581424e+01 1.876409974150017490e+01 3.785995261423926195e+01 5.957531319326633934e+01
8.024824659783634573e+00 8.277228608724945147e+00 8.887463580003505115e+00 9.897106813957417870e+00 1.224107104285467429e+01 1.826812415640290155e+01 3.748873810553632779e+01 5.823065246309646881e+01
7.839588051187830864e+00 8.193391775879229399e+00 8.697837417120027226e+00 9.709264834065082894e+00 1.219313541666666545e+01 1.780383527569456348e+01 3.654637540179327004e+01 5.650884904386001750e+01
7.659695857588795675e+00 8.092087213169271820e+00 8.434501171032996680e+00 9.457460699274765403e+00 1.170490539965986265e+01 1.774626834556370625e+01 3.566926210623324778e+01 5.601463500768623760e+01
7.441560548193788094e+00 7.853381480036149220e+00 8.292653418451399361e+00 9.350531881836261050e+00 1.138282145635440479e+01 1.681557596105944796e+01 3.484663943176219902e+01 5.498078862859730265e+01
7.360547471278220399e+00 7.661003674958881682e+00 8.193319489048089821e+00 9.099734205998032621e+00 1.123305381572441064e+01 1.656075337561374994e+01 3.436717335856508271e+01 5.448261630300535074e+01
7.256586530751342856e+00 7.491602229746217922e+00 7.931756639605091586e+00 8.714495311211871709e+00 1.094286292430823693e+01 1.640143109824730772e+01 3.328609747687814746e+01 5.299498332858944138e+01
7.054276055278371871e+00 7.368919936502768664e+00 7.888654717696853780e+00 8.618244456741223303e+00 1.072738721651166571e+01 1.577111309906722347e+01 3.292616518706404349e+01 5.284811580882353610e+01
6.866711860583713189e+00 7.237260918674699006e+00 7.554834496452807358e+00 8.406609877565863087e+00 1.036141189062017887e+01 1.564986572459172365e+01 3.223944814771118672e+01 5.154653536628663346e+01
6.670028264362410475e+00 6.915221999000308095e+00 7.459212540895308052e+00 8.233343250190403140e+00 1.024040737402947165e+01 1.510974900265957466e+01 3.183535349083215849e+01 5.116996574409280640e+01
6.600622310250390257e+00 6.892598414107851568e+00 7.239529357824872058e+00 7.974645607063580499e+00 9.865246975806451601e+00 1.483180716498393892e+01 3.097429687500000028e+01 5.014532046046746672e+01
6.406002156839988082e+00 6.590848974092283541e+00 7.073442952510999859e+00 7.890997080057454482e+00 9.637583989805374785e+00 1.450146694452980789e+01 3.048984696600091482e+01 4.913317832553539688e+01
6.275127805008807513e+00 6.606057217912021606e+00 6.910181512257482339e+00 7.682379969992497948e+00 9.503901002015226140e+00 1.411498875831317967e+01 3.001904230999850398e+01 4.853561838053030897e+01
6.110400195803162404e+00 6.425709779919015929e+00 6.855323120976194673e+00 7.494391479676639101e+00 9.314803352736619857e+00 1.377921935616233995e+01 2.953204589253325096e+01 4.738481874530428684e+01
5.949128596990943763e+00 6.280850431162652292e+00 6.604339069980550647e+00 7.303554867190977795e+00 9.051660184712911672e+00 1.338923177663843056e+01 2.872844447708578031e+01 4.696757422989954023e+01
5.832284946723687469e+00 6.201388631305637666e+00 6.533245323905109814e+00 7.295214929438432527e+00 8.756500950482195123e+00 1.316196448780665840e+01 2.785817518648529756e+01 4.605606897690980617e+01
5.694430887909319949e+00 5.971336111520873402e+00 6.345198471400394169e+00 7.003483323644818626e+00 8.616348387840522705e+00 1.284691815541429172e+01 2.739665361402500565e+01 4.511659150526429585e+01
5.623874279538904730e+00 5.868098958333333393e+00 6.224450436604636927e+00 6.836315560062624641e+00 8.417092560395314393e+00 1.252403615900383116e+01 2.707593309347288724e+01 4.450480959757899058e+01
5.531228770380434590e+00 5.775720960961485240e+00 6.081963137049900325e+00 6.602559781254449867e+00 8.228473189722064873e+00 1.227537266586504572e+01 2.635352143869595665e+01 4.394944407067738723e+01
5.382441595059075823e+00 5.565582445879887707e+00 5.968580874650837309e+00 6.559500509057717643e+00 7.996554023029104563e+00 1.204926320234708470e+01 2.588827982135321548e+01 4.377780468474815478e+01
5.160218931749702698e+00 5.462574055202432000e+00 5.825694924033149924e+00 6.307378196952984517e+00 7.755967837309748703e+00 1.164097007887517243e+01 2.521706069404119788e+01 4.272744710132461421e+01
5.105301752701692841e+00 5.403118628179430338e+00 5.700083327576678904e+00 6.281484450629235106e+00 7.664671731651376163e+00 1.154316599144526378e+01 2.485343404218533792e+01 4.214573533480907486e+01
5.022769675771336928e+00 5.177998281933807512e+00 5.658010848445595542e+00 6.069509676810000975e+00 7.437245198787062250e+00 1.134643823984395894e+01 2.424042982009504499e+01 4.112823074307090820e+01
4.912323647967753004e+00 5.128309373300706575e+00 5.446670530164842816e+00 5.939998755806237263e+00 7.320364597509526838e+00 1.097380223767510721e+01 2.416645528154818123e+01 4.039402458379765903e+01
4.775169944561773683e+00 4.987472109576489565e+00 5.273060639058639865e+00 5.853230040240767984e+00 7.044665032679739092e+00 1.053017349919419843e+01 2.343730121918897424e+01 4.020181432219974482e+01
4.677870302990208451e+00 4.926743248281675314e+00 5.227807262217285533e+00 5.648180066610890115e+00 6.935039593712130745e+00 1.036635672914226269e+01 2.292838024556526477e+01 3.930105564162573728e+01
4.552588565430139234e+00 4.771407158430232442e+00 5.020079943761443175e+00 5.591085482250502281e+00 6.806908760331912056e+00 1.014465812674002265e+01 2.233041458771008436e+01 3.895945492902465901e+01
4.474040000653338289e+00 4.692498152551086044e+00 4.967104733213043133e+00 5.371904206545478289e+00 6.591636956732634722e+00 9.841106031659387909e+00 2.198268062556546809e+01 3.850134656444099335e+01
4.384519796693621352e+00 4.579809601334179803e+00 4.847337514298423855e+00 5.288792159221259226e+00 6.404966281734838063e+00 9.691776652998461472e+00 2.137102127319257860e+01 3.730546431178393618e+01
4.256466237105393624e+00 4.465311126242355044e+00 4.751129734123948012e+00 5.192824819939347414e+00 6.311800766817428965e+00 9.478339013950538572e+00 2.118019591208930663e+01 3.713109164891756819e+01
4.178178689512391131e+00 4.375939615494115920e+00 4.618595326292560088e+00 5.093729219442685974e+00 6.081895680432889861e+00 9.115437360144206025e+00 2.074747945935775206e+01 3.649011927585881665e+01
4.089852494248227721e+00 4.286337049648506259e+00 4.524925641343412686e+00 4.988838187353918485e+00 6.010562030663328947e+00 9.055503789776999213e+00 2.021207674246169006e+01 3.585190000937119237e+01
3.946435713523890776e+00 4.134222480002499367e+00 4.455613054338694035e+00 4.860935460182767009e+00 5.845179058146578122e+00 8.793218842341788744e+00 1.987817341119785297e+01 3.538763674807709947e+01
3.878460567255226810e+00 4.096351671955454243e+00 4.298523979831144537e+00 4.767504727458278246e+00 5.656407946461999181e+00 8.591744267168163418e+00 1.946570714550166770e+01 3.488543535780542015e+01
3.793796458796825366e+00 3.963145825882212314e+00 4.231989746972058875e+00 4.618168104760165704e+00 5.565809289207022559e+00 8.410905868172017463e+00 1.931349522292993726e+01 3.417423173879118536e+01
3.703570614168440134e+00 3.867730201794385980e+00 4.136096499048977471e+00 4.542490738527724226e+00 5.488694692101134365e+00 8.220167207987490343e+00 1.849565857963384019e+01 3.368577885536398497e+01
3.605561688556763400e+00 3.825988222259910643e+00 4.006721237470518560e+00 4.426864025428705496e+00 5.333721773836248126e+00 7.973110957954947509e+00 1.829989746842912979e+01 3.336573404914309293e+01
3.519929567735545994e+00 3.717808494764781813e+00 3.983672225005895129e+00 4.335649119127516826e+00 5.217028163078197167e+00 7.864337203181658964e+00 1.814145191403034119e+01 3.312112778315585615e+01
3.470484637544596573e+00 3.604673243946660666e+00 3.856480840426772527e+00 4.207363918903218369e+00 5.095576490137220915e+00 7.615185067496494042e+00 1.773897228971421924e+01 3.234626099068512417e+01
3.377002692187322186e+00 3.545041314793243803e+00 3.769986244458199298e+00 4.114093732153055072e+00 5.085795768403302830e+00 7.555653719678852021e+00 1.709625373048668351e+01 3.172517402732445646e+01
3.324933546601001932e+00 3.418083199770828529e+00 3.646140421626432371e+00 4.041351966470452695e+00 5.027164952085682259e+00 7.343885304814686599e+00 1.695734031398775699e+01 3.115904986062916038e+01
3.217807438914282336e+00 3.421079891906873449e+00 3.584828097935912172e+00 4.036107916759033465e+00 4.983997077157302336e+00 7.077743603739782507e+00 1.661896612811791485e+01 3.073982034241946337e+01
3.139683805960764573e+00 3.308867502207261779e+00 3.502003841385266547e+00 3.922037411027002651e+00 4.877336584134090103e+00 7.001960279304029200e+00 1.620861987028961337e+01 3.055987301454838700e+01
3.097975707966474701e+00 3.224262544353064364e+00 3.446148538289778518e+00 3.861019872322899449e+00 4.774864464565169442e+00 6.831740201212019414e+00 1.584088659893699536e+01 3.019153097173292011e+01
3.000568577598216713e+00 3.131579912273521060e+00 3.367501741993660147e+00 3.789498397967075327e+00 4.668336154680804206e+00 6.649884212133550854e+00 1.558672020739602893e+01 2.936928937488010050e+01
2.946973178475935651e+00 3.061653808753128203e+00 3.297359661197121650e+00 3.796557088744588526e+00 4.587475360250135914e+00 6.478674889028934736e+00 1.523452105978260995e+01 2.903050261964872192e+01
2.869056564877373816e+00 3.006315911067623414e+00 3.221345407941846428e+00 3.679698588819740213e+00 4.437093516292734741e+00 6.350735992879323000e+00 1.498104270203111454e+01 2.856641151874831408e+01
2.789620771932377341e+00 2.961069305981594901e+00 3.130235684542753916e+00 3.574326351210350694e+00 4.369656489192539794e+00 6.164377459844697427e+00 1.451848082634984749e+01 2.842380043620501695e+01
2.745480992761663241e+00 2.871159772311335789e+00 3.066876053006739156e+00 3.513893417833585886e+00 4.285575055129685396e+00 6.060184346484165374e+00 1.425128017196045427e+01 2.816651629338711160e+01
2.704928294548221146e+00 2.784154921069587729e+00 2.995657621410132254e+00 3.422945899845520223e+00 4.169173913618100968e+00 5.913678133074935062e+00 1.403594919856585399e+01 2.746941988297956172e+01
2.640845680546110685e+00 2.743254336354765677e+00 2.924339960360500257e+00 3.340490018133968508e+00 4.048874271248849688e+00 5.783640203582214312e+00 1.374725313926940551e+01 2.701403935155260072e+01
2.594510968328141320e+00 2.659713421658986388e+00 2.860879463828916336e+00 3.276874471912126108e+00 3.986793057870611445e+00 5.651453651866983563e+00 1.331876061940067935e+01 2.700094062203045908e+01
2.522575678800247800e+00 2.600933876215313134e+00 2.796173857787177308e+00 3.188266401102382019e+00 3.865020058583800378e+00 5.517334971200484439e+00 1.331794209484159097e+01 2.645836352426715621e+01
2.445374741696957344e+00 2.544208366648898156e+00 2.757912442912292761e+00 3.123539883318047661e+00 3.783801342214148988e+00 5.413050341405218902e+00 1.293428499898590367e+01 2.620516800700187687e+01
2.430507041643998445e+00 2.463429587612000482e+00 2.679419041401756019e+00 3.042424737810372370e+00 3.709331485181691423e+00 5.280974025567897634e+00 1.271884516974538037e+01 2.581836176919420822e+01
2.363776487373862256e+00 2.437806849573078694e+00 2.579767771804061915e+00 3.003376061146653342e+00 3.635060933410509509e+00 5.109176529122579247e+00 1.241629696800595184e+01 2.522627673613704857e+01
2.306456223331208033e+00 2.373109011917821753e+00 2.563496569385388391e+00 2.896163031246891340e+00 3.530098716144063786e+00 5.049991541584645915e+00 1.221438082658141333e+01 2.514425778939065381e+01
2.284110004774964509e+00 2.314061450033598977e+00 2.462174970226280291e+00 2.825622505442670462e+00 3.444178687869094535e+00 4.869495704112385859e+00 1.204060630577621005e+01 2.469896191661177198e+01
2.212356336637262277e+00 2.258992084211534745e+00 2.440492563623839928e+00 2.767644088460791796e+00 3.322053880855640351e+00 4.839548931593116166e+00 1.162370144193579513e+01 2.446163194862774404e+01
2.174628766118867684e+00 2.237933555738408575e+00 2.376413430990827358e+00 2.693785925985740182e+00 3.299857526031529709e+00 4.726268740358658071e+00 1.142430689488910289e+01 2.432793749550887341e+01
2.149235102358969307e+00 2.168670393957345954e+00 2.322410280450986075e+00 2.634731022027475333e+00 3.166020052181715005e+00 4.598129475756566720e+00 1.122410555752840899e+01 2.386134872310238819e+01
2.090492765572018907e+00 2.149709293770013296e+00 2.253693302810902743e+00 2.586246082663197665e+00 3.101930207743821999e+00 4.489360429969949884e+00 1.104355291729607202e+01 2.366163854351687235e+01
2.045921385208439247e+00 2.085338869850935861e+00 2.199219116302513211e+00 2.491744723303018993e+00 3.027472456160590575e+00 4.352914072739187290e+00 1.085959525410368087e+01 2.344640103728623615e+01
2.004743841523595194e+00 2.051912238798945687e+00 2.148689399379227094e+00 2.438038162574575285e+00 2.943980765385339371e+00 4.256960194482917181e+00 1.056884878789283455e+01 2.309719484194169326e+01
1.979497337437519988e+00 2.008491604326611668e+00 2.082629782616058467e+00 2.375632579291044877e+00 2.883891350491974315e+00 4.201597570024113715e+00 1.039523464691335342e+01 2.295229256891455094e+01
1.939492437671546332e+00 1.960321871622838552e+00 2.033764992808091865e+00 2.310858577377753686e+00 2.831497811608539639e+00 4.105205486606739562e+00 1.015776618787049657e+01 2.256381395534836898e+01
1.895167707294122872e+00 1.910138453077541376e+00 2.011177949742617432e+00 2.262510911513369471e+00 2.735119932356636419e+00 4.027533715327809460e+00 9.918626899108442529e+00 2.251019292749442258e+01
1.877506372615958874e+00 1.885289254753915067e+00 1.959295942039479543e+00 2.184517757004166949e+00 2.698299965457098715e+00 3.908324607849813503e+00 9.766902594931039516e+00 2.205337056622375869e+01
1.828634852960923984e+00 1.837541655632062065e+00 1.917889487223603640e+00 2.138419741804547858e+00 2.607487650698668613e+00 3.839489756792287434e+00 9.547235300300965122e+00 2.179815721079407353e+01
1.820794314655360902e+00 1.800512507727633826e+00 1.874324943326877380e+00 2.094998691027337046e+00 2.550195742893345052e+00 3.744783132196634501e+00 9.414575609110169552e+00 2.152695685576582818e+01
1.771263887992600372e+00 1.757444661458333224e+00 1.828152609620419033e+00 2.060120360123766758e+00 2.490479850653155136e+00 3.630991031097984489e+00 9.235576818261096221e+00 2.127167036867664152e+01
1.739581939060693028e+00 1.741751150811047921e+00 1.779029945084819486e+00 2.009875186487638299e+00 2.440339883738734894e+00 3.589480001939989506e+00 9.031408155982351360e+00 2.122886385790100761e+01
1.729553506150008468e+00 1.701797728899201889e+00 1.734315156776094380e+00 1.937430725762527173e+00 2.386196903800625879e+00 3.492269651081949977e+00 8.808524692544196455e+00 2.083873711450676325e+01
1.696934589682472128e+00 1.691339222971555811e+00 1.713419459208365803e+00 1.892879539252728671e+00 2.298257600258732491e+00 3.420218090507495035e+00 8.694069647734062656e+00 2.088921683537559915e+01
1.667345225757510985e+00 1.644676361696786993e+00 1.681283502084574222e+00 1.852479940067030872e+00 2.250811547783933886e+00 3.335168582017918215e+00 8.434929819915254257e+00 2.058293449948116205e+01
1.647999939374130030e+00 1.605698510186579497e+00 1.625314857360173226e+00 1.812783541964210876e+00 2.197579317195009097e+00 3.256442150406845037e+00 8.275862454725404049e+00 2.026151990002928116e+01
1.628234819664550637e+00 1.599293989628188140e+00 1.610284324830354219e+00 1.764509961290919637e+00 2.123771481305318787e+00 3.199294125258798971e+00 8.232266199306186749e+00 2.005957402812241597e+01
1.605081697303421207e+00 1.563496591238008770e+00 1.566465376861042147e+00 1.738495583587165383e+00 2.119363839285714146e+00 3.127460895361381166e+00 8.072258662853352362e+00 2.010980682312939294e+01
1.574921605767281463e+00 1.544789500638227731e+00 1.538769732437165194e+00 1.691558437397473691e+00 2.037256476948184236e+00 3.049142909727863060e+00 7.868645799280810316e+00 1.979610126309745866e+01
1.578195982575512746e+00 1.522600789708415281e+00 1.516228122222671226e+00 1.662427609807460849e+00 1.991935468443927437e+00 2.978842262269312258e+00 7.707849720466699139e+00 1.948285333292848165e+01
1.542500919706494722e+00 1.496412582049086781e+00 1.482079531584901355e+00 1.611908757952043247e+00 1.927362417861409938e+00 2.923084152216768761e+00 7.581450400801602818e+00 1.948779790108272536e+01
1.524597809516167857e+00 1.468632886272426719e+00 1.458248315761621727e+00 1.563294033196979349e+00 1.895639289540713257e+00 2.860093672943843313e+00 7.452540782626100757e+00 1.927556568431568351e+01
1.516053357951821612e+00 1.448378156764636326e+00 1.444669307185913576e+00 1.534149211757116493e+00 1.843336510945244200e+00 2.801614471699611197e+00 7.270153073933838250e+00 1.917313680791465558e+01
1.504823887659540782e+00 1.427474994635611782e+00 1.413936836300460742e+00 1.514936027201318813e+00 1.808313874438401303e+00 2.720944425888085494e+00 7.105144046031994343e+00 1.907746525334271581e+01
1.493826553093314136e+00 1.432362936786186092e+00 1.383505127693923642e+00 1.484549606541071709e+00 1.763309774525624096e+00 2.658017455109146443e+00 6.907909227350693904e+00 1.896110396231912176e+01
