nan nan nan nan nan nan nan 0.000000000000000000e+00
8.012520996093750000e+03 nan nan nan 6.719750000000000000e+03 2.429589111328125000e+03 nan 3.540541076660156250e+02
4.578190234374999818e+03 nan nan 4.656711588541666060e+03 nan 4.731263671875000000e+03 3.908359130859375000e+03 5.390175130208333030e+03
4.380476562500000000e+03 nan 3.727615234375000000e+03 nan 4.680656250000000000e+03 6.729240722656250000e+03 7.853117838541666060e+03 6.260249511718750000e+03
5.473760416666666060e+03 3.010274088541666515e+03 nan 3.995807617187500000e+03 nan 5.268837890625000000e+03 2.853469075520833030e+03 3.257577223557692378e+03
4.133698153409090992e+03 3.780957812500000273e+03 3.227876674107142662e+03 nan 4.724227982954545951e+03 5.704680338541666060e+03 9.845819196428570649e+03 1.674062073863636397e+04
3.189335937500000000e+03 3.595330729166666515e+03 4.176821093749999818e+03 3.332200195312500000e+03 3.516101074218750000e+03 5.177304687500000000e+03 4.949573730468750000e+03 9.832982638888888687e+03
1.776739746093750000e+03 3.205529296875000000e+03 2.899760742187500000e+03 2.695562500000000000e+03 3.344419389204545496e+03 4.026277043269230944e+03 6.513744318181818016e+03 1.070342500000000109e+04
2.380965460526315837e+03 2.817005022321428442e+03 2.355912434895833030e+03 3.255853966346153811e+03 3.709140904017856883e+03 3.808434244791666515e+03 6.327394230769231399e+03 7.987796556122448237e+03
2.237472826086956502e+03 2.513210036057692378e+03 2.617744025735294144e+03 3.235437988281250000e+03 2.955756835937500000e+03 3.609863281250000000e+03 4.952929687500000000e+03 8.185660958904109066e+03
2.218560968137254804e+03 1.678297526041666515e+03 2.349409978693181984e+03 2.713783288043478024e+03 3.861298713235294144e+03 3.084507102272727479e+03 5.479581861413043043e+03 8.057219155844156376e+03
1.777108737244897839e+03 2.127368272569444343e+03 2.008289955357142844e+03 2.098595703125000000e+03 1.947772253787878753e+03 2.515962425595238074e+03 4.528571428571428442e+03 5.887016581632652560e+03
1.869737961065573927e+03 1.614418826219512312e+03 2.186834694602272975e+03 2.319017314189189165e+03 2.075414062500000000e+03 2.888781672297297519e+03 3.301456018518518249e+03 7.358718750000000000e+03
1.467862406716417809e+03 1.529555640243902417e+03 1.411850528492647072e+03 1.729605334051724185e+03 2.002956250000000182e+03 2.580053503787878981e+03 3.889966216216216253e+03 6.236995258620689128e+03
1.485447644589552283e+03 1.578002604166666515e+03 1.612293055555555611e+03 1.879355978260869506e+03 1.797177604166666697e+03 2.196751860119047706e+03 3.193548564189189165e+03 4.644947916666666060e+03
1.034930347711267586e+03 1.291111979166666515e+03 1.507666057180851112e+03 1.504235026041666515e+03 1.530844669117647072e+03 1.670096718750000036e+03 2.734905312500000036e+03 4.322665690104166060e+03
1.078739897629310235e+03 1.084545990566037744e+03 1.323389033564814781e+03 1.313021524234693743e+03 1.730767728365384755e+03 1.738759807180851112e+03 2.762781250000000000e+03 3.605699238578679797e+03
9.141643318965517437e+02 1.059848074776785552e+03 1.222317997685185219e+03 1.147429481907894569e+03 1.510638427734375000e+03 1.563287642045454504e+03 2.063724999999999909e+03 3.901701305220883114e+03
9.933778895547944785e+02 8.935078822544642208e+02 8.667431175595237391e+02 1.121609469126506156e+03 1.284282552083333258e+03 1.470894841269841208e+03 2.309504340277777828e+03 3.302460474308300036e+03
8.511416396103896886e+02 1.051731315104166697e+03 9.774825846354166288e+02 1.177820038377192986e+03 1.206061591569767415e+03 1.455706919642857201e+03 2.241862824675324646e+03 3.223464959016393550e+03
8.247848860062892982e+02 9.278565492021276668e+02 9.973548677884615472e+02 9.602343749999998863e+02 1.280944456335616451e+03 1.243512162642045496e+03 2.188081325301204743e+03 2.869714257188498323e+03
7.785195777529761472e+02 8.330115685096154721e+02 9.644803370786517007e+02 9.712271792763157237e+02 1.029301284034653463e+03 1.247419422238372135e+03 2.063333823529411802e+03 3.104568965517241395e+03
7.173599726775955787e+02 7.122555693069307381e+02 8.959809846698112779e+02 9.638167287844037219e+02 1.116600260416666515e+03 1.141237053571428760e+03 1.735271484375000000e+03 2.943043221393034855e+03
6.271425892857142799e+02 6.801030190677965948e+02 7.501997466216216708e+02 9.127086647727272748e+02 1.009992844012605019e+03 1.167527270047169850e+03 1.795401041666666515e+03 2.694567415730337416e+03
6.390349056603773761e+02 6.651432976973684390e+02 6.919104848130840537e+02 8.508650442477876368e+02 8.520270647321427759e+02 9.924602153361344108e+02 1.713770010964912217e+03 2.230439506880733916e+03
5.860579335387324136e+02 5.559085000000000036e+02 6.537875715648855248e+02 7.344562372967480997e+02 8.283810447080292079e+02 8.609158793604650555e+02 1.539465576171875000e+03 2.102276571164510187e+03
4.975159505208333144e+02 5.798072076612903629e+02 5.736876166044776255e+02 6.409312913907284610e+02 7.772455977182539755e+02 9.489662012411347405e+02 1.413835707720588289e+03 2.043762385321100965e+03
4.818305710862619549e+02 5.266795654296875000e+02 5.364207460260115568e+02 6.501877349624060116e+02 7.420869082840237070e+02 8.621866071428571558e+02 1.272988880368098080e+03 1.969351709401709513e+03
4.874662416387959638e+02 5.080867857142857247e+02 5.509391741071428896e+02 5.985720067771084132e+02 7.295246651785713539e+02 7.574452639751551715e+02 1.210128483952702709e+03 1.799515675241157624e+03
4.008992375753012425e+02 4.773318650265957217e+02 5.014972537878787762e+02 5.577634730538921985e+02 6.296730161516853741e+02 7.690183011049723518e+02 1.175965826023391855e+03 1.756205955777460758e+03
4.524311166158536821e+02 4.208331969895288012e+02 4.758407516891892328e+02 5.160367272418477569e+02 5.973162946428570876e+02 7.536759717987805516e+02 1.106620920138889005e+03 1.737944024725274858e+03
3.852252896769662698e+02 4.592427455357142208e+02 4.967147277227722952e+02 5.723589154411764639e+02 5.811928353658536253e+02 6.969390243902439579e+02 1.036185202205882433e+03 1.673206050955413957e+03
3.867569331709956941e+02 4.195878623188405641e+02 4.421836881038647107e+02 5.078356613005050804e+02 5.958500390625000591e+02 6.508949258207071580e+02 1.084235999381188094e+03 1.551784594095940975e+03
3.762712729978355242e+02 4.145154069767442024e+02 4.449618346291865691e+02 4.740728924418604606e+02 5.542963453389830875e+02 6.218520551801801730e+02 1.106005368942731366e+03 1.478144186712485634e+03
3.441981940335305694e+02 3.614187353971962580e+02 3.984148540748898881e+02 4.751610433266932318e+02 5.267621729651162923e+02 6.142770235655738134e+02 8.982857142857143344e+02 1.354821104589114384e+03
3.310876024590164093e+02 3.295718039772727366e+02 4.039628363715277715e+02 4.390268264840182155e+02 4.830370600180505676e+02 5.281068876121075846e+02 9.029432598039215918e+02 1.225734829488465493e+03
3.172183908045976750e+02 3.238412543402777715e+02 3.513173828125000000e+02 3.956314306972789154e+02 4.843530294759825097e+02 4.931349031690140805e+02 7.957700632295719743e+02 1.224651707317073260e+03
2.771783123791102526e+02 3.185077083333333690e+02 3.461715867158671358e+02 3.910446151859504198e+02 4.522441341362126082e+02 5.438516741071427987e+02 8.492381321564885184e+02 1.237521753832281320e+03
2.683895335477940876e+02 2.995772135416667084e+02 3.182577873794212451e+02 3.491902483713355423e+02 4.189386081560283515e+02 4.570922046703296928e+02 7.437441007653061433e+02 1.186446173254835912e+03
2.476612664473684333e+02 2.681547851562500000e+02 3.031709395226537254e+02 3.396583876221498599e+02 3.998894035016286921e+02 4.625328869047618809e+02 7.139867788461538112e+02 1.046556891673403243e+03
2.486738569321533987e+02 2.875032511645962359e+02 2.895400943396226694e+02 3.601445072852760632e+02 3.942165035942491613e+02 4.549261924342105203e+02 7.502467307692307941e+02 1.087969583987441183e+03
2.336559751353180161e+02 2.570959119496855578e+02 2.940217617069486664e+02 3.371340605031948598e+02 3.720308516288952205e+02 4.230889524647887470e+02 7.001946614583332575e+02 1.049414841389728053e+03
2.370549825174825287e+02 2.450812363735465169e+02 2.918807803468208135e+02 3.143406169665809671e+02 3.648047102769679100e+02 4.137897079772080247e+02 6.859478002793296127e+02 9.718742110799438478e+02
2.172298902359108865e+02 2.231445766715116292e+02 2.683058414043583753e+02 2.866534402412280542e+02 3.439432068639798672e+02 4.161151175213675515e+02 6.540036243556701265e+02 9.280637668918919871e+02
2.155631017329909866e+02 2.370457725060827272e+02 2.670133928571428328e+02 3.015695711678832254e+02 3.247369791666666856e+02 3.770197408536585613e+02 6.150586970899470316e+02 9.258651505445226348e+02
2.142163648124191582e+02 2.242088383469626081e+02 2.541592533454987972e+02 2.633401191253263960e+02 3.102868126417233725e+02 3.723356046365914835e+02 5.852093041561712425e+02 8.653146367521367210e+02
1.908087344720497072e+02 2.008800772311212768e+02 2.193367482311320771e+02 2.608394920023696955e+02 2.859104283271144027e+02 3.593778277262180723e+02 5.766593062347187697e+02 8.426827718676122458e+02
1.901051031403940783e+02 1.975002777777777681e+02 2.107644548458150098e+02 2.485824411134903755e+02 2.883587767454955042e+02 3.295704916857798139e+02 5.696891519823789167e+02 8.242172619047619264e+02
1.762338872104733127e+02 1.856172044101731728e+02 2.140895947802197838e+02 2.505924246651785552e+02 2.833957880434782624e+02 3.307943548387096939e+02 5.296464757709251217e+02 7.986287087912087372e+02
1.704175796812749013e+02 1.874033076298701417e+02 2.159459005376344010e+02 2.217286557225738193e+02 2.805129898313492163e+02 3.154089756592292133e+02 5.399963692946057563e+02 7.603153123345686026e+02
1.710867309570312500e+02 1.763928059895833371e+02 1.937634943181818130e+02 2.128349230862403090e+02 2.552664439203354334e+02 3.017579719387755404e+02 5.084677519960079621e+02 7.492916460089240900e+02
1.554549351251158384e+02 1.702511574074074190e+02 1.894411971070811660e+02 2.057393408400809847e+02 2.452068065862708863e+02 2.936176541425818982e+02 4.923007812500000000e+02 7.275134879318504773e+02
1.483293566001899535e+02 1.669305013020833144e+02 1.720065209173387188e+02 2.076197063577586164e+02 2.466869528210116869e+02 2.878747138278388320e+02 4.714937029190206772e+02 7.069695334261838298e+02
1.467853150406504028e+02 1.523519570707070727e+02 1.736068043428308840e+02 2.082242363061797903e+02 2.330183072916666731e+02 2.798291702401372163e+02 4.800231026785714334e+02 6.613041144901610551e+02
1.457119042163153040e+02 1.587123773464163889e+02 1.781247400166389525e+02 1.954894135934819985e+02 2.387895385304659612e+02 2.787861842105263008e+02 4.328797437821612561e+02 6.594767895878524087e+02
1.384835814360770598e+02 1.471106432629870255e+02 1.627731724555735298e+02 1.879743250000000216e+02 2.185546875000000000e+02 2.678271437198067702e+02 4.150037785947712337e+02 6.265622233400401910e+02
1.349978350903614626e+02 1.417000854099678406e+02 1.551220219678217802e+02 1.789445952868852316e+02 2.140206170127795531e+02 2.624814094896331653e+02 4.353891129032257936e+02 6.145190383830134806e+02
1.298628588739746306e+02 1.369716859076433195e+02 1.657160452086553164e+02 1.784351239052547839e+02 1.999717530030029877e+02 2.425316449447077503e+02 4.161036367249602677e+02 5.951537509520182994e+02
1.252045884365994084e+02 1.321236898291925286e+02 1.489531941371681398e+02 1.582808092383639007e+02 2.030396569293478137e+02 2.309503900645624128e+02 4.031819959970887908e+02 5.770131231117825337e+02
1.179378781138790089e+02 1.208282211538461581e+02 1.394649493243243228e+02 1.730926824534161312e+02 1.870536892361111256e+02 2.408923947466468007e+02 3.730875711237553674e+02 5.407940433212995686e+02
1.177074683321604454e+02 1.207372047244094517e+02 1.404167250560538207e+02 1.558682637117346701e+02 1.903143776824034319e+02 2.294423725328947228e+02 3.740970116361071973e+02 5.459918534482758332e+02
1.155438204887218063e+02 1.205548398894668480e+02 1.312128006436314251e+02 1.546629400143678197e+02 1.747500823451910605e+02 2.260543552812071084e+02 3.721604166666666629e+02 5.408621168743684393e+02
1.074046961926286485e+02 1.115603970125786049e+02 1.261260430038510805e+02 1.443026305379746930e+02 1.777517899258760110e+02 2.223819679054054177e+02 3.481810386866059730e+02 5.128132137030995636e+02
9.985763888888888573e+01 1.090852450062422037e+02 1.196364241180048680e+02 1.446082659390703498e+02 1.624837762669962729e+02 2.081474740537240677e+02 3.366644409937888440e+02 5.195890543042270338e+02
1.028687755549065344e+02 1.085625788146279973e+02 1.159378542191435741e+02 1.384464313511830653e+02 1.702491574754901933e+02 2.071901574488491349e+02 3.335973782771535525e+02 4.985568995021779415e+02
9.938515054744526367e+01 1.042933635552913074e+02 1.156876333841463378e+02 1.362829983804475660e+02 1.620684886759581786e+02 2.047048412471395977e+02 3.366579678362573418e+02 4.856754464285714903e+02
9.911142578124999147e+01 1.022869835965978069e+02 1.098762884727061504e+02 1.272052484428086103e+02 1.566737070929526112e+02 1.871676802461899172e+02 3.131156143344709903e+02 4.870495531790214159e+02
9.230304369343892290e+01 9.800744828088578231e+01 1.022963112113402104e+02 1.221370519845971643e+02 1.501128785866099804e+02 1.873801426318807444e+02 3.079159961154273333e+02 4.608361312343271265e+02
9.002339991982896095e+01 9.577829171025103960e+01 1.063508111239860909e+02 1.182740912319214885e+02 1.501397120786517121e+02 1.786763462539022100e+02 3.052184388827433850e+02 4.432572017852312456e+02
8.928046874999999716e+01 9.230299809644670006e+01 1.012719379639448647e+02 1.145030947255112892e+02 1.346003715701219789e+02 1.815527301198257248e+02 2.984453787076271283e+02 4.317500652911987800e+02
8.285538563829787506e+01 9.116119660804021407e+01 9.657145750249252103e+01 1.119239040132924430e+02 1.330362800802139134e+02 1.645516717325228058e+02 2.825563540582726318e+02 4.155917093469910242e+02
8.002871913170471885e+01 8.756034805389221276e+01 9.692915111940297379e+01 1.119281140952143545e+02 1.358301122572815416e+02 1.662662962037962018e+02 2.759737646771037021e+02 4.143674880563238503e+02
8.078449319649446636e+01 8.321436830574488397e+01 9.227006286982249605e+01 1.035994276889534831e+02 1.284080846379647767e+02 1.573071450242718470e+02 2.691229868681863309e+02 3.968144925772693909e+02
7.581262544603033859e+01 8.094478772469253158e+01 9.083372767857143515e+01 1.021716982799245983e+02 1.240188134810710920e+02 1.556957373271889367e+02 2.692187210915818696e+02 4.000751507071643687e+02
7.525774840474019811e+01 7.702411099137930250e+01 8.696673572744015246e+01 1.008289605614973254e+02 1.153820969074598679e+02 1.502001055347091949e+02 2.603141655374886909e+02 3.970237164527421214e+02
7.363721892999556928e+01 7.744992504612545758e+01 8.467426269941225314e+01 9.800866248817408177e+01 1.148112510629251659e+02 1.501773249330954627e+02 2.529532354240282643e+02 3.691134336677815213e+02
7.233300395256917170e+01 7.620396134239592811e+01 8.259528409090908951e+01 9.589126355296079396e+01 1.154615591094032538e+02 1.480214621609798940e+02 2.505404898499558897e+02 3.637075400259627713e+02
6.750574850618865241e+01 7.199717881944444287e+01 7.809149096385542066e+01 9.285475537455673134e+01 1.113057442946058018e+02 1.406716370558375502e+02 2.415041309012875388e+02 3.578814454775992999e+02
6.574835738905643723e+01 6.654431771685761987e+01 7.683828060805258531e+01 8.999260399838449587e+01 1.113775402201524116e+02 1.357286089373970412e+02 2.393991418527708959e+02 3.487760926118626799e+02
6.344244123931623847e+01 6.542186880452021569e+01 7.336196060965953336e+01 8.691865584283388557e+01 1.035894717261904816e+02 1.302837636418755096e+02 2.287686850519584141e+02 3.430929030315197679e+02
6.340968939107413149e+01 6.415059760956175694e+01 7.256220996248025301e+01 8.164370839859044793e+01 1.004454321112006454e+02 1.289217146803472644e+02 2.291273518815051773e+02 3.369480754007520318e+02
6.053756673416789624e+01 6.376662363600935635e+01 6.924985972872755724e+01 8.292382812500000000e+01 9.738813731993934653e+01 1.229854046934866005e+02 2.204158944780635352e+02 3.297904117422798436e+02
5.813077778786778538e+01 6.157527863182167494e+01 6.797972248134328765e+01 7.969540716322167384e+01 9.568456583969465612e+01 1.224689560439560410e+02 2.191194071588366796e+02 3.209083923248882115e+02
5.670176754948680298e+01 6.345403356924254012e+01 6.739240764604811318e+01 7.533409641472867690e+01 9.614319620253164089e+01 1.193248791698256213e+02 2.068319043321299660e+02 3.219403539336145172e+02
5.504549847177273847e+01 5.864973422496570521e+01 6.512785560344828184e+01 7.515005534741143833e+01 9.066679021497405699e+01 1.160577952348066191e+02 2.082504971077368054e+02 3.061674404976560027e+02
5.483835387946270856e+01 5.717228342828418164e+01 6.288630469839609560e+01 7.359099002849002602e+01 8.577386594448205415e+01 1.169886800699300693e+02 1.975551801801801730e+02 2.982071920757967405e+02
5.201332415180132784e+01 5.538534998315364533e+01 6.134998652123424279e+01 6.930603010825440435e+01 8.856117294520548455e+01 1.111276684897671174e+02 1.953956427845528481e+02 2.968969191324815142e+02
5.037626953125000284e+01 5.443285472972972627e+01 6.029506491344874064e+01 6.897184707974851392e+01 8.544848503637565784e+01 1.057133662564766894e+02 1.935195260624169862e+02 2.852218671679198110e+02
4.860726004111322140e+01 5.230232677748518455e+01 5.788761307565789593e+01 6.683249188041305899e+01 8.437629071524513336e+01 1.076057405566600380e+02 1.909178677932405606e+02 2.761976868620348569e+02
4.726984036052551374e+01 5.133151343307593351e+01 5.690386838329081343e+01 6.534341419089760450e+01 8.065890058389673811e+01 1.047588616489693862e+02 1.823609493073047929e+02 2.712182988072818830e+02
4.659302759491733070e+01 5.035310503194888554e+01 5.608114170792079278e+01 6.416594876986552265e+01 7.854457778833966586e+01 1.006831157292954231e+02 1.821553970223324939e+02 2.702450469851214052e+02
4.705315049864007193e+01 4.740155949326491225e+01 5.464523483187134900e+01 6.229333799751243816e+01 7.813229105138806574e+01 9.801921559343435320e+01 1.743771615980918170e+02 2.610038691388292591e+02
4.465635298082684557e+01 4.459686441276114977e+01 5.195022861128332181e+01 6.236170504385965074e+01 7.312109375000000000e+01 9.461800586720090678e+01 1.737360142510612491e+02 2.612763157894736992e+02
4.348477516378797247e+01 4.523335888476896116e+01 5.029891700700116530e+01 5.676320606694559956e+01 7.201375211029825607e+01 9.296210244082840291e+01 1.670564113849765420e+02 2.529927950760318538e+02
4.332082457221577698e+01 4.351968115124152803e+01 4.730395921610169552e+01 5.638215235030778416e+01 6.870526845272621586e+01 9.271008530839520745e+01 1.669891833810888215e+02 2.413903827002418438e+02
4.052806140988371908e+01 4.321354454897620201e+01 4.789138466850829445e+01 5.408120795964125449e+01 6.849496807329262538e+01 9.096209958217271208e+01 1.580164400665926792e+02 2.385873853848291049e+02
4.135051653579984077e+01 4.277479224376731537e+01 4.745209478021978100e+01 5.370182219529086609e+01 6.619550347222222797e+01 8.617507456992231596e+01 1.594174979361584974e+02 2.392573345383759715e+02
3.929541369818652896e+01 4.169832571274878319e+01 4.611677180471750148e+01 5.248185867791077186e+01 6.374435114749871190e+01 8.617661184210525960e+01 1.542952500000000100e+02 2.295733991139750287e+02
3.803282268578878700e+01 4.051349355531686314e+01 4.415112811203319154e+01 5.185960466492277021e+01 6.386736167754213511e+01 8.359035362280233983e+01 1.551135330041580005e+02 2.276831134650376782e+02
3.702256592292089010e+01 3.761157487955032508e+01 4.248800583416087306e+01 4.860656097890752392e+01 6.162440874117053369e+01 8.210695876288660600e+01 1.477010841507485850e+02 2.207866034571723333e+02
3.685643832992850122e+01 3.778337929668454365e+01 4.153809737752929010e+01 4.784631620505344785e+01 6.021330740062761322e+01 7.936752953980098368e+01 1.442504751647237811e+02 2.237373652504755910e+02
3.418399918912175650e+01 3.620451539201539504e+01 4.058337895377129456e+01 4.750365145095017994e+01 5.805045742539081033e+01 7.829780041605482666e+01 1.413658453326712845e+02 2.126753717586333892e+02
3.336748648732604039e+01 3.582341043070260156e+01 3.969857804232804455e+01 4.645651913875597927e+01 5.740467365895668905e+01 7.483684145741014504e+01 1.393203048928919259e+02 2.113579022292221907e+02
3.391790815070179832e+01 3.481032742275280611e+01 3.808651634025483901e+01 4.492057108015984568e+01 5.520283922209026173e+01 7.383807422059518899e+01 1.344890995260663544e+02 2.062965235473289738e+02
3.290796107480847610e+01 3.391136256482791111e+01 3.732090329967120823e+01 4.480001622227465674e+01 5.421559431977559740e+01 7.218192583179298083e+01 1.331123645146088563e+02 2.028593620791494345e+02
3.173232962213225505e+01 3.426015806264501151e+01 3.719187025207182273e+01 4.241334473107109915e+01 5.354160340755735348e+01 7.047674384865366903e+01 1.334103969860548773e+02 1.990987106593154294e+02
3.176034772777409998e+01 3.205761086378353752e+01 3.522334662421099694e+01 4.322747735307114425e+01 5.055641720479704304e+01 7.000562694271758346e+01 1.283449388586956559e+02 1.964078420874661788e+02
2.944990989515072144e+01 3.162366443955795958e+01 3.436111697635135442e+01 4.108513486989681240e+01 4.975187311341095153e+01 6.801835781041388884e+01 1.259452854202772869e+02 1.939254184443715019e+02
2.987423847420416934e+01 3.104634300126103241e+01 3.371685283083219531e+01 3.955559561965812065e+01 5.022804448023100576e+01 6.781583620318554040e+01 1.245134363918439675e+02 1.906765832066043913e+02
2.821415677150192636e+01 3.054805289462724005e+01 3.275590321897500701e+01 3.740890806921086664e+01 4.910019059557920684e+01 6.549284018987341938e+01 1.207110398183354363e+02 1.880199213769655842e+02
2.742953563714902643e+01 2.963843258485099241e+01 3.259581563406547389e+01 3.934446052087639600e+01 4.711761650042900129e+01 6.283866805023414059e+01 1.196172104105571776e+02 1.815997044051480600e+02
2.718507913369429474e+01 2.805052800850891259e+01 3.081155793239951279e+01 3.657674058598469458e+01 4.561209631654973151e+01 6.096184738955823690e+01 1.152621393742381173e+02 1.784370906801007663e+02
2.690542730844793695e+01 2.819355634872417937e+01 3.155637106537530201e+01 3.674402947154471377e+01 4.592074861947791220e+01 6.071362694433074125e+01 1.151147139102304777e+02 1.693666979314540697e+02
2.618013691167925572e+01 2.717470660480349309e+01 2.975552192408376939e+01 3.522325757197121021e+01 4.287100009667440048e+01 6.015044712666145443e+01 1.131749087411207597e+02 1.703734877032923407e+02
2.538077238770460653e+01 2.643123437500000250e+01 2.925736125818251665e+01 3.416886448842065249e+01 4.260250323963317243e+01 5.687369891596316052e+01 1.109564723511214339e+02 1.662397381715728955e+02
2.446409257671049886e+01 2.602703015393608865e+01 2.893204647848473954e+01 3.423097706623681091e+01 4.144494994386227660e+01 5.651129355912294727e+01 1.080618479704097155e+02 1.619798459715639751e+02
2.375383104473386098e+01 2.517798451834862306e+01 2.712419998030720691e+01 3.157915415756914257e+01 4.022049733739064692e+01 5.627953830495928855e+01 1.037778406946017355e+02 1.606827087286527558e+02
2.367347831156716609e+01 2.450631355741540673e+01 2.701735668064163320e+01 3.053894281405591826e+01 3.984393481182795682e+01 5.485735049833886734e+01 1.037851620370370256e+02 1.578948116234302006e+02
2.200675086094564392e+01 2.367897573210412077e+01 2.644770728643216273e+01 3.052649748923959905e+01 3.781869965342824713e+01 5.357709278584391654e+01 1.022043199198834742e+02 1.595896434750933395e+02
2.218957800511508793e+01 2.313537367988995541e+01 2.611396302753934151e+01 2.934727104841580925e+01 3.657855194286728562e+01 5.135748883928571473e+01 9.966444434534426478e+01 1.522307845391827357e+02
2.178063015198351238e+01 2.259518914473683893e+01 2.517551482161595189e+01 2.929116377435629914e+01 3.735268951330532161e+01 5.034351851851852189e+01 9.832545331114225462e+01 1.469413568037974755e+02
2.142125010546743269e+01 2.258851253932191483e+01 2.428414937216602709e+01 2.766995638250883260e+01 3.627659280367471695e+01 4.919196883491847672e+01 9.681409372846312067e+01 1.451613267343926452e+02
2.105960804369832928e+01 2.171408001077585936e+01 2.398642068700988617e+01 2.778135303330036265e+01 3.455758537653240126e+01 4.883598036694100841e+01 9.373130252100840210e+01 1.438512980646261497e+02
1.950808180810899373e+01 2.157447809167526742e+01 2.285217332287644609e+01 2.691669694767441712e+01 3.430581008757703643e+01 4.781921060327540118e+01 9.229657920956493911e+01 1.417392415053584784e+02
1.905681935497191759e+01 2.067669553172831343e+01 2.246804894629503480e+01 2.718534448187359587e+01 3.353471989265347020e+01 4.561229637360838751e+01 9.006426085515411728e+01 1.370039250468966827e+02
1.943480428059895715e+01 2.054938475331021408e+01 2.276515189847798126e+01 2.513218266699572112e+01 3.263344547998108425e+01 4.586419740657216693e+01 8.835346419396273632e+01 1.359672664779619993e+02
1.820268926345144322e+01 1.968477968700223002e+01 2.175446535066793885e+01 2.599763348543067210e+01 3.072996413934426130e+01 4.387990372323425703e+01 8.611046961550994183e+01 1.335501862085535834e+02
1.850683324898785287e+01 1.882063447706065062e+01 2.106435607531055965e+01 2.468185255471640005e+01 3.106297246220302455e+01 4.277109077946767712e+01 8.625607478434997688e+01 1.321083437110834495e+02
1.742738799366616931e+01 1.854869921388543119e+01 2.071094477195159556e+01 2.360169217820231680e+01 3.012138229360645525e+01 4.199147335122699332e+01 8.443449124726475929e+01 1.293968403289626963e+02
1.753510946856287234e+01 1.787276343368902332e+01 1.979285400091799119e+01 2.249613280066646581e+01 2.888536748726018999e+01 4.067731390236507139e+01 8.224932452716902276e+01 1.252398187471560789e+02
1.697751760433564172e+01 1.701596238514548176e+01 1.888079772185825078e+01 2.186019882179675733e+01 2.845695791012619225e+01 3.961636402657509848e+01 8.014238088103087421e+01 1.250311752392344431e+02
1.610400604720841855e+01 1.724962729793375615e+01 1.873796870519070623e+01 2.207742670215956693e+01 2.824866097019203437e+01 3.919487045860631724e+01 7.925480979848130403e+01 1.212832827647450529e+02
1.633264916218377394e+01 1.699284219100336202e+01 1.884631582406851180e+01 2.143611533833522387e+01 2.701002202643171657e+01 3.781555539485102457e+01 7.679428218541121964e+01 1.184289946689719670e+02
1.543752009215602250e+01 1.656971895149985841e+01 1.824310163384702932e+01 2.120265192867540094e+01 2.586433444857062725e+01 3.786404802021903748e+01 7.590851591493006367e+01 1.178545629407993118e+02
1.497197120294718253e+01 1.600781032260312031e+01 1.759941515363128417e+01 2.020539780689462006e+01 2.569340816106804581e+01 3.631635329535621537e+01 7.484041572077184412e+01 1.136505976306325465e+02
1.465895039795338128e+01 1.544351952042936382e+01 1.698036492940199338e+01 1.967227547450817582e+01 2.502703236668499187e+01 3.544788381102578256e+01 7.354803160521208838e+01 1.113582368840529568e+02
1.431594824724472304e+01 1.513999759350934937e+01 1.634315459989112895e+01 1.904018284756431356e+01 2.489878519917582267e+01 3.521900291495199298e+01 7.238574808008776529e+01 1.122710616788072855e+02
1.400236977101506675e+01 1.485363646429544815e+01 1.636956142886289456e+01 1.865301339285714377e+01 2.372885265943194000e+01 3.487598573825503223e+01 7.114503355704697185e+01 1.090167005764666044e+02
1.368608028934276000e+01 1.438845286746825103e+01 1.573706308255659003e+01 1.888846147636269635e+01 2.418132018222162216e+01 3.349184234457672460e+01 6.925690772078264956e+01 1.066867728209560511e+02
1.342031188298012268e+01 1.388911703020134070e+01 1.547049800228310446e+01 1.790906596190218636e+01 2.301855816989301928e+01 3.319670728829557760e+01 6.765442633870547695e+01 1.068666120039357281e+02
1.356334774363589624e+01 1.339970614614803601e+01 1.465410286284953401e+01 1.762025697572572724e+01 2.204001665127934828e+01 3.153203555980441308e+01 6.666191553790049795e+01 1.028544679005205325e+02
1.273705607589631228e+01 1.316483435856498829e+01 1.473612929201574140e+01 1.691204408525524627e+01 2.188281645169448808e+01 3.140603549204516298e+01 6.618496383768561486e+01 1.027918409710337784e+02
1.221504934210526372e+01 1.327538527663679346e+01 1.387776171874999953e+01 1.633419945558030051e+01 2.089933955366225860e+01 3.074062342608914378e+01 6.503495809266701144e+01 9.955831709922705386e+01
1.205668392879766948e+01 1.230048562637766274e+01 1.403588909043595478e+01 1.623855224851337908e+01 2.051944919394235356e+01 2.980836408270309690e+01 6.189748878441494639e+01 9.765841797476146269e+01
1.142951563247250135e+01 1.246563493762230834e+01 1.357502190420560595e+01 1.583427147239263810e+01 2.019080057041216847e+01 2.995101908943696856e+01 6.073587564149560336e+01 9.760687564893423485e+01
1.150856429992975904e+01 1.190581607749211734e+01 1.303484820996613358e+01 1.500319884856522812e+01 1.938610735311608124e+01 2.923789874970787750e+01 6.077226911693645661e+01 9.359311537770322786e+01
1.129256870958259817e+01 1.186826573849879018e+01 1.279547687647754017e+01 1.494176467163483935e+01 1.924678608029901028e+01 2.842170622299567739e+01 5.941249410238263806e+01 9.193608199845174056e+01
1.089039651087973937e+01 1.143224122728359760e+01 1.246005323388749808e+01 1.462640339817483159e+01 1.877027670389461633e+01 2.726539077254485477e+01 5.752863555929450001e+01 9.011412851854028361e+01
1.049020686619718390e+01 1.123147692862802671e+01 1.215699851969769085e+01 1.406311062811508883e+01 1.833159865398209121e+01 2.663777569349704422e+01 5.785590885234429948e+01 9.021922810461289544e+01
1.050741449112494230e+01 1.072448648761713486e+01 1.185130166931637596e+01 1.373743907683486398e+01 1.773359724552572914e+01 2.605662054489376445e+01 5.517771204846822286e+01 8.900887373936559754e+01
1.035764462515665940e+01 1.055588312922297334e+01 1.141788530188891393e+01 1.392336494903737254e+01 1.743607305936073004e+01 2.512369470020211182e+01 5.460355113636363455e+01 8.584792574565624079e+01
9.789895905024087241e+00 9.892355388925510695e+00 1.124683439770975468e+01 1.315835930634885642e+01 1.676300820011025294e+01 2.499177981522956316e+01 5.383275819401671924e+01 8.467463854091937492e+01
9.682543997591006146e+00 9.962031353682814228e+00 1.082115372717773916e+01 1.274450410765656194e+01 1.640735292074255014e+01 2.461534976564202992e+01 5.321856041804544191e+01 8.277562703718025716e+01
9.333860884965108795e+00 9.700932906398616495e+00 1.069706235093235058e+01 1.241546841143011903e+01 1.592140021629035651e+01 2.385740670836928601e+01 5.172746735174480648e+01 8.224436876541885511e+01
9.016626454257007595e+00 9.475211447010869037e+00 1.041088307207931329e+01 1.176458721036905075e+01 1.549260172207735842e+01 2.270244172025723373e+01 5.144693295672563949e+01 8.090318522483939034e+01
8.722571064426505316e+00 9.226750681842730728e+00 1.013590981979230321e+01 1.187985816470844114e+01 1.496046033902691441e+01 2.302091701902748255e+01 5.017969406236875329e+01 8.013991563406274565e+01
8.604847992527888678e+00 9.040698118006103456e+00 1.005928698363733886e+01 1.143163904671717113e+01 1.504504855076303471e+01 2.165992818927903585e+01 4.863809632429614283e+01 7.933928198569712720e+01
8.524991646962064351e+00 8.561315091001011623e+00 9.358490779536518644e+00 1.104493301214361090e+01 1.438592960060667281e+01 2.167625750559739473e+01 4.808554581859787902e+01 7.734789888042533335e+01
8.122442010309278260e+00 8.419469469469470724e+00 9.089237567405632490e+00 1.076055516967652359e+01 1.422916241843393159e+01 2.088227265737133465e+01 4.650613300120772919e+01 7.585273100771286181e+01
7.968520739277652254e+00 8.520294701738608367e+00 9.009043801025487852e+00 1.059910626759501362e+01 1.371558798434049464e+01 2.081933012693375673e+01 4.553354329134172929e+01 7.376639057104247854e+01
7.677768507281554022e+00 8.075353148636544631e+00 8.994248806488702286e+00 1.035161665676371534e+01 1.333440475600079367e+01 2.024560012437810741e+01 4.532607029859600800e+01 7.349701100550275612e+01
7.609938541766453568e+00 7.852138190214187574e+00 8.660746117405743405e+00 1.005533700619103854e+01 1.275990882917466429e+01 1.930159578366230022e+01 4.451471991193737665e+01 7.054536992263055595e+01
7.296068529187696328e+00 7.455899446945966957e+00 8.312855113636363313e+00 9.942810602826787303e+00 1.280317248774509764e+01 1.931599271706016907e+01 4.334567039106145359e+01 6.987813193975090087e+01
7.189059081613240920e+00 7.502365210403272755e+00 8.235601313472942664e+00 9.778260856350904362e+00 1.242337621974104067e+01 1.866827969147271560e+01 4.274312101388107266e+01 6.877355730186786786e+01
6.906334622539323398e+00 7.435389504001103766e+00 7.908766120073415173e+00 9.394224170741834357e+00 1.198212653531829552e+01 1.876448774645292161e+01 4.159648444930569156e+01 6.814622530573848280e+01
6.645601123990989123e+00 6.978602779809802925e+00 7.692200037320396255e+00 9.083388762007912121e+00 1.169748914533820994e+01 1.807196943200895234e+01 4.027872786579683151e+01 6.625619184297022457e+01
6.645158674971951562e+00 6.793443593949334947e+00 7.495688276681286233e+00 8.855581995412844520e+00 1.133318228295222063e+01 1.704128844016302224e+01 3.963837719298245332e+01 6.470421961737854133e+01
6.435769661494411764e+00 6.771463472700888886e+00 7.296025845907119667e+00 8.366035549119970938e+00 1.106356960227272701e+01 1.688994626441960989e+01 3.897629358893494356e+01 6.444167382556405244e+01
6.410192290631654188e+00 6.468547041313367885e+00 7.116029598463058825e+00 8.303088358934738622e+00 1.091301068299660315e+01 1.651901108172199883e+01 3.872400337837837725e+01 6.301893459677054921e+01
5.987169473752485871e+00 6.431888835364760304e+00 6.973752704541398728e+00 8.250235668045915460e+00 1.050224583698510017e+01 1.635076121794871895e+01 3.803436669619132005e+01 6.209534780682322008e+01
5.961316497439902662e+00 6.178299925189227437e+00 6.676140169316584938e+00 7.856895904802743580e+00 1.042348550821722064e+01 1.575582253657676723e+01 3.661557791695864950e+01 6.079230861296078814e+01
5.743985282013515992e+00 5.996900814976016569e+00 6.544625010520114472e+00 7.717654436653772265e+00 9.957082560346298905e+00 1.550411299509288554e+01 3.630385183125106607e+01 6.079900169646352026e+01
5.772719101485360937e+00 5.971677878137106710e+00 6.353841488126533932e+00 7.535315985130110583e+00 9.586621954380508015e+00 1.506008783954783148e+01 3.616407331314879059e+01 5.940098802780639176e+01
5.439968862160314167e+00 5.812853169583609869e+00 6.300461816771506740e+00 7.354674452264118756e+00 9.634875651041665989e+00 1.480917366200784002e+01 3.523444108441888289e+01 5.745050973025455221e+01
5.182412943980426512e+00 5.564556399650814278e+00 5.960200422815453258e+00 7.116383972721279427e+00 9.213392857142856940e+00 1.461410471564376046e+01 3.418904469671581836e+01 5.700181769080560201e+01
5.083394876772451276e+00 5.450434398619783849e+00 5.935033335049422654e+00 6.964852813225057560e+00 8.950873116606615554e+00 1.355431776195616145e+01 3.318138754311053162e+01 5.589608979373378617e+01
4.998456580903028801e+00 5.201002261513157698e+00 5.795720880681818343e+00 6.852908754301868299e+00 8.938218538816547820e+00 1.370040149345335578e+01 3.303162539081783677e+01 5.544576471799094008e+01
5.021423139182903839e+00 5.107917861355132594e+00 5.552718438927872313e+00 6.573419466199506012e+00 8.615426671090732569e+00 1.356097242321916596e+01 3.198631449780950931e+01 5.386832635302728534e+01
4.888263987883108008e+00 5.004742576725822900e+00 5.476507596629931918e+00 6.370315897794346149e+00 8.396840328764888284e+00 1.294525721695078779e+01 3.156121690710209293e+01 5.365569053708440350e+01
4.609765747587478479e+00 5.051212349397590451e+00 5.294082067396669089e+00 6.298625141425569396e+00 8.059045722770749265e+00 1.279626803551609449e+01 3.076156943133553412e+01 5.243296086630635955e+01
4.504445391488361317e+00 4.687291530490618641e+00 5.197625329157356866e+00 6.150721153846153477e+00 8.160624801933131778e+00 1.229987191020025072e+01 3.061933621297602315e+01 5.193221806999105183e+01
4.486159098689357805e+00 4.711126069355331403e+00 5.015488848296072000e+00 5.833064947677184087e+00 7.809200988863286952e+00 1.209211268548263796e+01 2.980406250000000057e+01 5.082263349278574793e+01
4.324787580277003940e+00 4.425423127836610959e+00 4.912627956209224322e+00 5.797687670093740309e+00 7.565013057035836042e+00 1.176265509757221750e+01 2.918102511815825650e+01 4.987135303739206194e+01
4.252715258099104112e+00 4.333252320917445388e+00 4.728732704166040079e+00 5.706097618154538864e+00 7.574014078593819477e+00 1.136015317979141415e+01 2.862432543846500010e+01 4.912704217681964991e+01
4.139431247229199862e+00 4.157941849130173395e+00 4.750598307194191072e+00 5.452698842172861937e+00 7.192742194587239624e+00 1.105724387309758328e+01 2.850388735640870408e+01 4.808721356123216140e+01
3.870084663946099734e+00 4.113657878475319052e+00 4.566993590103231249e+00 5.372396799413859725e+00 6.942726929102303046e+00 1.086326557623718259e+01 2.748687665246768574e+01 4.745865922823145411e+01
3.845654990576978793e+00 4.116316997403560940e+00 4.427562157846716140e+00 5.360559785390464960e+00 6.565664989799702589e+00 1.074985967618282601e+01 2.672367266344888037e+01 4.644215520722440260e+01
3.719170564951421731e+00 3.917654993822835774e+00 4.279284217385178835e+00 5.019697582110158152e+00 6.546921555760499167e+00 1.038840329533830165e+01 2.635895962063515086e+01 4.560692083797477636e+01
3.632367277557637220e+00 3.799300476507092128e+00 4.219354600502141395e+00 4.898834463065756317e+00 6.575867038799414033e+00 1.008873678515680439e+01 2.590102576682657443e+01 4.496064506250675663e+01
3.584774898991704983e+00 3.599455926859475685e+00 4.009649888361213499e+00 4.682274980421472499e+00 6.307684973723193700e+00 1.006304153699250392e+01 2.533188341601700699e+01 4.443090276548281281e+01
3.480467351414249677e+00 3.540832314944133863e+00 3.899169376309357116e+00 4.759725854865890504e+00 6.158977973120938643e+00 9.762541118421053099e+00 2.478936031790687977e+01 4.423174973582247560e+01
3.294291909729521795e+00 3.509833364999308980e+00 3.835710085031077465e+00 4.583039992072245994e+00 5.831208007678595706e+00 9.333086848422496473e+00 2.419084836858841214e+01 4.315558661620505632e+01
3.175326985489023368e+00 3.365020001036771014e+00 3.790836449122685803e+00 4.451835521539206475e+00 5.715625108597442328e+00 9.244564177910696401e+00 2.391192513831258637e+01 4.255323481599335622e+01
3.156247391311606698e+00 3.255795268052516178e+00 3.684755664967957145e+00 4.250402484888033960e+00 5.584042284366577569e+00 9.105304807304277048e+00 2.316212873387644322e+01 4.143852661112055813e+01
3.132186870171313142e+00 3.233466143709216478e+00 3.603001811410619926e+00 4.052958070670205970e+00 5.516069423652695036e+00 8.706810260641162813e+00 2.312545356806881003e+01 4.079025681288623417e+01
3.121824882853748484e+00 3.165089832615039622e+00 3.421419668687426974e+00 4.025086811426349165e+00 5.274220792483660603e+00 8.419234110596294229e+00 2.240074211502782831e+01 4.053730223224651041e+01
2.955013778860148044e+00 3.087238401309817082e+00 3.402383717016693510e+00 3.863311920774874952e+00 5.226610887639692393e+00 8.312363741377065907e+00 2.201369514495631563e+01 3.955699311072288538e+01
2.860219636480856753e+00 2.917819868378552783e+00 3.153213536898377800e+00 3.828856538847956958e+00 5.038096910112359161e+00 8.109353249701710453e+00 2.144578026523109315e+01 3.921451641917969511e+01
2.771946050568404374e+00 2.866935232858887073e+00 3.132108931966104404e+00 3.774020125417523186e+00 4.871330722092872101e+00 7.794366992839711905e+00 2.110814511438542240e+01 3.882505984730849491e+01
2.752477134146340987e+00 2.841428089263024148e+00 2.974978750953228168e+00 3.651843395520010471e+00 4.684893996826516194e+00 7.666081696886211994e+00 2.042612763915547092e+01 3.748823748770192310e+01
2.603923436334824704e+00 2.745797595725025797e+00 2.986495493018362701e+00 3.514655594516047366e+00 4.607896905656771125e+00 7.548702540424857332e+00 2.023602213624254631e+01 3.725030199955494936e+01
2.578150106606513781e+00 2.643483141291282035e+00 2.823851276796973675e+00 3.415419668302723810e+00 4.500306610741385605e+00 7.109595952728740897e+00 1.991715927621675775e+01 3.662600968035955873e+01
2.452494442544459474e+00 2.532805929104946063e+00 2.743321275870616027e+00 3.394178779293270942e+00 4.387938047559448940e+00 7.120539769168128252e+00 1.938976767177458882e+01 3.590010698778620934e+01
2.415102389078498391e+00 2.496363735783027060e+00 2.786645238238118161e+00 3.271965431897301713e+00 4.181053622804361325e+00 6.899168539152918278e+00 1.898762083739936557e+01 3.542949621548739003e+01
2.353517660627797436e+00 2.534995808885163182e+00 2.650701121794871717e+00 3.214601749159562871e+00 4.044703236147510594e+00 6.627206211326134522e+00 1.864939490003702360e+01 3.503004774793954113e+01
2.284206169953701071e+00 2.309465531115879600e+00 2.626961790982131895e+00 3.091864404522766119e+00 4.061017493666784439e+00 6.679224252815045837e+00 1.848305867684172554e+01 3.420205494868255158e+01
2.199932065217391042e+00 2.278314644898140617e+00 2.493739644629695551e+00 2.979063657684034361e+00 3.952263230147236683e+00 6.463176087152652904e+00 1.763352017769534541e+01 3.372004085847701305e+01
2.117626717240338241e+00 2.306783030763331688e+00 2.457885051223466899e+00 2.878328158033826689e+00 3.861260051763350631e+00 6.147335973434367773e+00 1.746323247374011700e+01 3.334650526533140891e+01
2.107540854481253945e+00 2.227859618796926178e+00 2.434417645455081214e+00 2.850080581066761098e+00 3.761908909928427747e+00 6.160908805123406218e+00 1.743626514171468855e+01 3.312879521253189807e+01
2.089919276527793635e+00 2.105836117528366191e+00 2.337931163275419610e+00 2.780592831416289101e+00 3.616779677672955717e+00 5.953112216573165583e+00 1.693034825870646642e+01 3.227444429935289349e+01
1.994888578297485004e+00 2.086224155503785482e+00 2.244645774556655926e+00 2.623266615505425392e+00 3.520414346871729272e+00 5.849285744789887609e+00 1.629226031623048598e+01 3.160139077438548938e+01
1.927374975091095566e+00 2.003191448857043699e+00 2.209465648987651409e+00 2.589929638807132672e+00 3.507772864994362916e+00 5.662414036341068879e+00 1.611602740308320136e+01 3.116687880425507728e+01
1.866336197167202782e+00 1.951733560837028758e+00 2.180507316325057676e+00 2.498549985452227951e+00 3.384477470053429915e+00 5.453845803941328008e+00 1.587959715136054584e+01 3.054116214237440730e+01
1.795702273537055804e+00 1.900439555512636547e+00 2.130886583361194742e+00 2.425019948310925599e+00 3.318830701299410268e+00 5.398577984515484651e+00 1.544231696578329505e+01 3.047777406881971629e+01
1.799544755862682033e+00 1.871445308202222435e+00 2.015447325711213988e+00 2.374960958951125800e+00 3.211228089020232712e+00 5.288300624162197927e+00 1.502712531834791321e+01 3.011292962356792202e+01
1.727099514140429060e+00 1.787105431230899377e+00 1.993733305894086705e+00 2.343615346370566677e+00 3.108717448632018598e+00 5.107360800081433894e+00 1.486555778832437191e+01 2.923242621063882396e+01
1.701928058155080192e+00 1.735458558304319387e+00 1.933407210804622745e+00 2.333009080762987075e+00 2.994638517876563544e+00 4.973169148673827422e+00 1.458196841032608759e+01 2.886598732252897648e+01
1.619011885207745971e+00 1.704344482156446849e+00 1.884617503661712101e+00 2.202550300592313715e+00 2.902653412126068311e+00 4.834531266730913046e+00 1.419902968344857364e+01 2.836583827893175069e+01
1.607567695380708095e+00 1.671623475507211243e+00 1.850795422899427001e+00 2.167487805196160355e+00 2.908547595946529007e+00 4.712824350468035384e+00 1.383537727405325235e+01 2.827970316780594473e+01
1.574605102829291337e+00 1.642955755799870854e+00 1.783046388996889497e+00 2.110355786386245658e+00 2.793094678672686904e+00 4.682466955179816814e+00 1.354071078302482078e+01 2.792409908714573774e+01
1.514375114781194132e+00 1.515742187500000115e+00 1.682397232474185156e+00 2.039842140834191575e+00 2.698738419195390037e+00 4.506214470284237272e+00 1.328097648423494626e+01 2.722019061737465151e+01
1.512051098989119602e+00 1.540399355484798560e+00 1.628208806231277839e+00 1.952010448308369117e+00 2.583135763462718781e+00 4.406900024731855048e+00 1.304121993695516757e+01 2.676287586937973373e+01
1.416437483774662498e+00 1.458016913082437194e+00 1.609314745504195399e+00 1.943662625460876647e+00 2.592698051229294975e+00 4.270395893669838294e+00 1.263104903588713768e+01 2.680380004879677358e+01
1.405259813862767215e+00 1.453512202976250833e+00 1.559667560646213369e+00 1.920209547643182857e+00 2.507764741467142233e+00 4.142376023140662333e+00 1.256644988195572665e+01 2.620337248620750970e+01
1.318703260375690745e+00 1.438350141829119577e+00 1.551697491925716488e+00 1.804691480688882077e+00 2.416800698859622898e+00 4.009687690374657443e+00 1.226157336984078583e+01 2.600156495763356901e+01
1.358461757814432014e+00 1.329603853631833310e+00 1.484644049916742370e+00 1.758237619518422168e+00 2.309003495147438301e+00 3.960427377289102324e+00 1.203736894658012879e+01 2.553615565506716933e+01
1.312188037167342669e+00 1.317450009417378221e+00 1.470793061311479466e+00 1.729571004552165281e+00 2.305814862467284065e+00 3.780892830405270466e+00 1.176678447420634832e+01 2.494113225517292776e+01
1.277397106742606203e+00 1.274746271005784415e+00 1.406228294416795421e+00 1.662848232492788236e+00 2.235833065357732519e+00 3.757582584891732136e+00 1.152277247657165127e+01 2.490186384588838564e+01
1.256017679612126070e+00 1.241360651459153308e+00 1.396446188653731602e+00 1.624866201015965128e+00 2.172741218626968340e+00 3.596567087546179486e+00 1.136935955428067224e+01 2.442829326160677184e+01
1.217104535733326776e+00 1.188724305123108005e+00 1.336557953282095923e+00 1.606862891534840632e+00 2.099429560528202732e+00 3.576246424622632425e+00 1.095129689615161439e+01 2.417387382231753534e+01
1.151911994618964430e+00 1.238321311235928146e+00 1.308295910567552012e+00 1.528019184700688982e+00 2.093484286809069506e+00 3.569826666747011323e+00 1.075221944310511191e+01 2.396263682962466035e+01
1.125402294466331554e+00 1.148959937796208530e+00 1.281554605682139858e+00 1.517618094208905699e+00 1.997747117904703273e+00 3.380802126950894770e+00 1.052470703124999929e+01 2.352072889572002978e+01
1.107517222409308388e+00 1.153016711745385336e+00 1.246603381423906809e+00 1.455437337393566732e+00 1.949846948099415167e+00 3.309109863602215817e+00 1.040999250613670668e+01 2.335066607460035470e+01
1.092394417097548587e+00 1.102906065580033790e+00 1.227585216616654096e+00 1.367797096205231488e+00 1.843390920627595575e+00 3.161813535620670468e+00 1.017173516762496455e+01 2.316382522661433541e+01
1.040414015160209260e+00 1.088786849056381900e+00 1.174252843278050573e+00 1.360506360429095896e+00 1.853015719099934122e+00 3.107546312326869398e+00 9.983710137202187695e+00 2.275860304520259092e+01
9.923475511017104678e-01 1.067713331618259209e+00 1.132451845731349271e+00 1.318292600717117624e+00 1.792702889781898845e+00 3.066385961556297168e+00 9.746058687488551087e+00 2.263638694117916472e+01
9.900568425491765856e-01 1.025097937680115256e+00 1.049492488371148724e+00 1.285336327215430785e+00 1.746570034278089656e+00 3.021441497651097929e+00 9.558611206110350977e+00 2.216901179132104005e+01
9.689045530167331721e-01 9.649678050183133626e-01 1.061074799060778506e+00 1.253212166480979439e+00 1.718318289789553921e+00 2.947587510694344104e+00 9.302111763100437969e+00 2.216274454010683215e+01
9.596126573239563973e-01 9.777796420581655878e-01 1.072007059169191701e+00 1.163926392521500208e+00 1.658188083265380142e+00 2.802261035253790666e+00 9.179311777941967065e+00 2.164642104909363951e+01
9.070095340405532891e-01 9.674794687389653980e-01 1.001465060551904873e+00 1.210482139499646115e+00 1.643053190844573797e+00 2.775466456233567136e+00 8.841815719881383373e+00 2.144331176730811706e+01
9.059635063813978872e-01 9.388754498586946440e-01 1.008712460934061195e+00 1.150484233768739095e+00 1.556469672763332035e+00 2.650535249667847815e+00 8.852230093573446368e+00 2.116443557658294949e+01
9.038909402695319839e-01 9.169239137883771207e-01 9.504038333060645938e-01 1.157268973115970878e+00 1.521463523131672657e+00 2.608723505906879847e+00 8.643917736766372428e+00 2.092916775549312902e+01
8.761939435473508064e-01 8.779374794498028267e-01 9.258099649304045720e-01 1.116440883418584828e+00 1.481371743481494363e+00 2.599455118878254645e+00 8.482302751103036442e+00 2.091500460305426046e+01
8.512979898234559473e-01 8.758440725841428742e-01 9.100230823863636465e-01 1.085618702342047825e+00 1.452373112105775022e+00 2.476517690318936094e+00 8.190010088393544052e+00 2.043633334047705929e+01
8.361388479505404980e-01 8.561994921022823002e-01 8.960033941264800017e-01 1.038363491157640706e+00 1.394793688012074151e+00 2.435536570429612357e+00 8.070798572586840081e+00 2.044168753329781651e+01
8.034484646779777028e-01 8.403511506965360978e-01 8.863478340636433694e-01 9.988695857527110089e-01 1.343763443821875292e+00 2.354632172568259296e+00 7.830296610169492411e+00 2.017690619639567018e+01
7.761396345578001066e-01 8.017662283247573018e-01 8.314314906851711928e-01 1.007691978256532117e+00 1.334358582618455413e+00 2.287117894629225656e+00 7.722083736944070687e+00 1.984206116409419707e+01
7.803600961841606898e-01 8.042381971472342128e-01 8.368764837543446466e-01 9.586105534935844830e-01 1.258319158946149541e+00 2.259936917701863113e+00 7.649375103246056185e+00 1.968959884201819577e+01
7.483179075743038311e-01 7.716194074594774355e-01 7.896946404569892275e-01 9.486606677167654933e-01 1.259541925465838430e+00 2.155657790328603607e+00 7.476401237254414411e+00 1.969476421744449013e+01
7.439731464119196946e-01 7.606274255229350523e-01 7.834841432323856880e-01 9.312734528789370358e-01 1.186252900601795002e+00 2.116362459382615580e+00 7.311003391631252235e+00 1.935104267054891380e+01
7.448554984049426952e-01 7.756187458989500794e-01 7.824084302031995009e-01 8.978992742178097952e-01 1.191085750668258170e+00 2.067493339661930385e+00 7.161825473991249247e+00 1.904139465800287212e+01
7.138947161297749533e-01 7.323057768162914982e-01 7.533228087540685403e-01 8.543952560455917444e-01 1.128050017423337437e+00 2.007662573925812932e+00 6.965766533066132027e+00 1.906243825231364752e+01
7.176049700864558512e-01 7.121416811752439013e-01 7.138141575246275128e-01 8.388096477491741032e-01 1.106957875545807379e+00 1.979663544235205075e+00 6.892128702962370568e+00 1.886597027972027973e+01
7.073355479985617977e-01 6.825630922011661772e-01 7.133084989441227375e-01 8.272827040158052814e-01 1.067767491001888169e+00 1.905965954195443457e+00 6.725733609007572333e+00 1.873917918231122215e+01
7.084759311899869738e-01 6.823835622951779367e-01 7.198031960060904400e-01 7.927631339701318725e-01 1.072683590978954715e+00 1.862488272654039489e+00 6.512438612570576879e+00 1.867142172961138513e+01
6.784069220829371805e-01 6.872163864016005430e-01 7.099538714210690271e-01 7.670122535396676211e-01 1.010214985005638111e+00 1.778702884163993359e+00 6.383472779900203342e+00 1.845085340390405193e+01
