nan nan nan nan nan nan nan 0.000000000000000000e+00
1.910664367675781250e+02 nan nan nan 1.474906372070312500e+03 7.170644531250000000e+02 nan 5.795621337890625000e+02
9.288638671875000909e+02 nan nan 2.351802246093750000e+03 nan 4.862427734375000000e+03 1.557660766601562500e+03 8.835109375000000000e+03
7.529981689453125000e+02 nan 2.400424967447916515e+03 nan 3.353664794921875000e+03 4.288645507812500000e+03 7.227721354166666060e+03 3.450701171875000000e+03
2.066109212239583030e+03 1.705946289062500000e+03 nan 3.340295898437500000e+03 nan 5.801795572916666060e+03 3.847922200520833030e+03 4.045507211538461888e+03
2.307061789772727479e+03 2.237555468750000273e+03 2.346872767857142662e+03 nan 4.114314630681818016e+03 6.197104166666666060e+03 2.310267410714285506e+04 6.095080113636363967e+04
1.583758300781250000e+03 1.984250434027777601e+03 3.677928906250000182e+03 3.512768798828125000e+03 5.117307617187500000e+03 1.914741406250000000e+04 2.508064648437500000e+04 3.256075694444444161e+04
1.619106119791666515e+03 2.079098470052083030e+03 2.173690104166666515e+03 3.259197265625000000e+03 3.697235440340909008e+03 2.717184615384615608e+04 3.131878409090909190e+04 3.413588333333333139e+04
1.871162417763157691e+03 2.582072544642856883e+03 2.856603515625000000e+03 3.635344350961538566e+03 7.206220982142856883e+03 2.693803125000000000e+04 2.662517788461538657e+04 2.402932653061224119e+04
1.780588145380434753e+03 2.258422776442307622e+03 2.605090762867646845e+03 3.402390136718750000e+03 4.721303515624999818e+03 2.087724687500000073e+04 2.009872569444444161e+04 2.517619691780821813e+04
1.771963848039215691e+03 1.698872829861111086e+03 2.631493785511363512e+03 3.260682065217391028e+03 5.313621323529411711e+03 1.876731818181818380e+04 2.103471467391304395e+04 2.347662500000000000e+04
1.575515306122448919e+03 1.980289062500000000e+03 2.326241964285714403e+03 2.836178710937500000e+03 3.889932765151515468e+03 1.452293154761904771e+04 1.906401339285714130e+04 1.712457525510203777e+04
1.937550973360655917e+03 1.847596798780487916e+03 2.974722478693181984e+03 3.179146537162162531e+03 5.835239583333333030e+03 1.640536655405405327e+04 1.482608564814814781e+04 1.999450757575757598e+04
1.602943446828358219e+03 1.762254192073170771e+03 1.914771829044117567e+03 2.580848060344827445e+03 3.071764236111111131e+03 1.343525757575757598e+04 1.413774493243243342e+04 1.779256724137931087e+04
1.476129430970149315e+03 1.703854352678571331e+03 2.112826562499999909e+03 2.851450747282608518e+03 4.438953645833333212e+03 1.131616071428571377e+04 1.173843581081081174e+04 1.342249074074074088e+04
1.273204665492957702e+03 1.424056857638888914e+03 1.984074800531914889e+03 2.549601888020833030e+03 2.646218750000000000e+03 9.585341875000000073e+03 1.056182500000000073e+04 1.207096614583333212e+04
1.317759159482758605e+03 1.344528596698113233e+03 2.122914351851851734e+03 2.354403858418367236e+03 3.303015024038461888e+03 8.868354388297871992e+03 9.890897671568627629e+03 9.689215736040609045e+03
1.367522198275862138e+03 1.580667968750000000e+03 1.749898292824073906e+03 1.876631578947368325e+03 3.176255371093750000e+03 8.200369318181818016e+03 8.089410416666666606e+03 1.040043775100401581e+04
1.160383989726027266e+03 1.314831752232142890e+03 1.486423363095238074e+03 2.113887801204819425e+03 2.315150260416666697e+03 7.872150297619046796e+03 8.229263888888888687e+03 8.847775691699604067e+03
1.142763189935064929e+03 1.354011718750000000e+03 1.565433105468750000e+03 2.049266721491228054e+03 2.946801598837209440e+03 6.859043303571428623e+03 7.701326298701299493e+03 8.572981967213114331e+03
1.098188187893081931e+03 1.291688746675531775e+03 1.641364423076923231e+03 1.857329081632653015e+03 2.877041952054794365e+03 6.402348011363636942e+03 7.172244728915663472e+03 7.597349840255590607e+03
1.051472470238095184e+03 1.182871920072115472e+03 1.533617099719101134e+03 1.800813733552631447e+03 2.342745668316831598e+03 6.006754360465116406e+03 6.872934558823529187e+03 7.855274535809017834e+03
9.585182718579235370e+02 1.073280863242574242e+03 1.485575324292452706e+03 1.847127293577981845e+03 2.654757068452380736e+03 5.566880952380953204e+03 6.139781901041666060e+03 7.456588930348258145e+03
8.792263392857142890e+02 1.013848516949152554e+03 1.270607545045045072e+03 1.781644602272727298e+03 2.028940913865546236e+03 5.479194575471698045e+03 5.775746710526315837e+03 6.723440449438202450e+03
8.983198113207547522e+02 1.048048245614035068e+03 1.188318268107476570e+03 1.605271570796460082e+03 2.031480747767857110e+03 4.560681722689075286e+03 5.491550986842104976e+03 5.718121559633027573e+03
8.872220510563380458e+02 9.333060000000000400e+02 1.179914479961832058e+03 1.474333587398374220e+03 2.075992928832116831e+03 4.161661337209302474e+03 4.773706054687500000e+03 5.111289279112754230e+03
7.605754123263888005e+02 9.396785534274192742e+02 1.044567630597014841e+03 1.328399317052980223e+03 1.677340773809523625e+03 4.176282358156027840e+03 4.288590533088235134e+03 4.989845871559633451e+03
7.527201477635782112e+02 7.868956909179687500e+02 1.030703757225433492e+03 1.289857495300751907e+03 1.832682322485207123e+03 3.866271874999999909e+03 4.040611196319018291e+03 4.636574358974358802e+03
7.004188963210701786e+02 8.044318749999999909e+02 9.958908482142857110e+02 1.286094126506024168e+03 1.584758482142857019e+03 3.313500000000000000e+03 3.911243665540540860e+03 4.203387459807074265e+03
6.790213196536144551e+02 7.890748836436169995e+02 1.005740340909090946e+03 1.199336639221556879e+03 1.621579353932584127e+03 3.310041781767955854e+03 3.606080774853800904e+03 4.164156205420827064e+03
6.714077743902439579e+02 7.406236910994764457e+02 9.615900337837838379e+02 1.176137228260869506e+03 1.579741964285714175e+03 3.197031631097560876e+03 3.319595833333333303e+03 4.030782967032967463e+03
6.229347787921348072e+02 7.634386160714285552e+02 9.003530321782178589e+02 1.134476792279411711e+03 1.397993902439024396e+03 2.960800609756097401e+03 3.193885110294117567e+03 3.689393949044585952e+03
6.325817775974026063e+02 7.441237922705313395e+02 8.848206521739130039e+02 1.110731060606060737e+03 1.559071875000000091e+03 2.823383838383838793e+03 3.108804455445544590e+03 3.547854243542435597e+03
6.111884469696969973e+02 6.597652616279069662e+02 8.690966656698564066e+02 1.034987063953488359e+03 1.406300582627118729e+03 2.705996621621621671e+03 3.191605726872247033e+03 3.304645475372279634e+03
5.566076799802762025e+02 6.382901577102803685e+02 7.775440528634361499e+02 1.037808578187250987e+03 1.234432122093023281e+03 2.587756915983606632e+03 2.693706168831168725e+03 2.957818303094984003e+03
5.125465548155738134e+02 6.283063920454544586e+02 7.613460286458332575e+02 9.684628995433789669e+02 1.295156588447653576e+03 2.237563060538116588e+03 2.553689460784313724e+03 2.734357823470411404e+03
5.115690852490421321e+02 6.033902994791666288e+02 7.352306082589285552e+02 9.489687500000000000e+02 1.204307177947598120e+03 2.120220510563380230e+03 2.199801556420233283e+03 2.698632926829268399e+03
4.743302405705996421e+02 5.706806770833334213e+02 7.333402905904058571e+02 8.525673424586776719e+02 1.193142960963455153e+03 2.130406250000000000e+03 2.439484494274809094e+03 2.549544860234445423e+03
4.770169462316176237e+02 5.572913541666666788e+02 6.960725984726688012e+02 8.225884059446254923e+02 1.118564273049645408e+03 1.783869276556776640e+03 2.105496173469387486e+03 2.425752312867956334e+03
4.372957785087719458e+02 5.026325041118420813e+02 6.296080602750809021e+02 7.746584894136808543e+02 1.032619197882736216e+03 1.844009523809523898e+03 2.026218750000000000e+03 2.281578819725141329e+03
4.272383849557522240e+02 5.107101125776397339e+02 6.544470813679245111e+02 8.311147430981595789e+02 1.100455870607028601e+03 1.793979646381578959e+03 1.996342692307692232e+03 2.256956240188383163e+03
4.122242472936400759e+02 5.312621363993711157e+02 6.282724697885196292e+02 7.551407747603833513e+02 1.007816572237960372e+03 1.662954225352112871e+03 1.890058221726190368e+03 2.162783232628398764e+03
4.103376748251748154e+02 4.812214298691860677e+02 5.963985278179189891e+02 7.367133676092544192e+02 9.903159620991253860e+02 1.608038283475783601e+03 1.736083449720670387e+03 2.013848702664796519e+03
3.808759829619921220e+02 4.358654614825581461e+02 5.751507263922518405e+02 7.281668037280701355e+02 9.400078715365239077e+02 1.542435897435897459e+03 1.687616301546391696e+03 1.937951689189189210e+03
3.727136553273427353e+02 4.494321776155717885e+02 5.684549194677871355e+02 7.396297901459854529e+02 9.012461805555556111e+02 1.417468750000000000e+03 1.635970568783068757e+03 1.863599615631005690e+03
3.612984314359638347e+02 4.147298116238317220e+02 5.586225669099757170e+02 6.656201044386423291e+02 8.510510204081632537e+02 1.378631265664160310e+03 1.628344773299748113e+03 1.770061660561660574e+03
3.497564440993788821e+02 4.094436141304348098e+02 4.782657724056603570e+02 6.467209715639810383e+02 7.834964241293532723e+02 1.340904292343387397e+03 1.537561888753056337e+03 1.687702275413711504e+03
3.279832974137930819e+02 4.010879861111110927e+02 4.673084388766520192e+02 6.251409261241969944e+02 8.024330658783783292e+02 1.234437356651376149e+03 1.414995732378854655e+03 1.698959579180509309e+03
3.205083081570996910e+02 3.783513933982683852e+02 4.953513736263736291e+02 6.213494698660714448e+02 7.952614130434782282e+02 1.177590322580645079e+03 1.371852560572687253e+03 1.586730082417582480e+03
3.082397908366533557e+02 3.681417410714285552e+02 4.702602150537634316e+02 5.693728902953586157e+02 7.565415426587301226e+02 1.148688260649087169e+03 1.364516467842323664e+03 1.494332053996823788e+03
3.004913940429687500e+02 3.550567057291666515e+02 4.507146121541501884e+02 5.792161458333333712e+02 7.490248951781970845e+02 1.103408545918367508e+03 1.248464321357285371e+03 1.441003222607833322e+03
2.889281742354031621e+02 3.462402906378600846e+02 4.362928810449050161e+02 5.203634235829960062e+02 7.009306586270871549e+02 1.045433646435452829e+03 1.228446128731343151e+03 1.415513132986275423e+03
2.800603038936372400e+02 3.404235568576388573e+02 4.174489667338709751e+02 5.299465517241379757e+02 6.801189202334630863e+02 1.025611034798534774e+03 1.155888182674199470e+03 1.340692896935933049e+03
2.663434959349593214e+02 3.167287457912457853e+02 4.018628791360293917e+02 5.180770131086142101e+02 6.752891666666666879e+02 9.948063893653516061e+02 1.139189062499999864e+03 1.255285778175312998e+03
2.609346356553620581e+02 3.046119347269624882e+02 3.959733257071547428e+02 5.249839193825042685e+02 6.606763552867383851e+02 9.730408348457349348e+02 1.046253859348199057e+03 1.246118872017353624e+03
2.527547613835376410e+02 2.987862976866883287e+02 3.841558966074313730e+02 4.936028000000000020e+02 6.124700951986754944e+02 9.601261070853462343e+02 1.058718750000000000e+03 1.157873239436619770e+03
2.473873070406626766e+02 2.951335409967845749e+02 3.853363242574257583e+02 4.777270491803278674e+02 6.312151557507986581e+02 8.811561004784689430e+02 1.002011290322580635e+03 1.120155471621069864e+03
2.331350205070842492e+02 2.850654607882165692e+02 3.862109737248840702e+02 4.649574542197452729e+02 5.859346377627628044e+02 8.391692338072670054e+02 9.739627384737678994e+02 1.129392136329017603e+03
2.291456457132564708e+02 2.795961762422360266e+02 3.509940542035398039e+02 4.382916519746121367e+02 5.813989712732918633e+02 8.145305774748924250e+02 9.301083515283843326e+02 1.047434290030211514e+03
2.227428825622776003e+02 2.579636057692307531e+02 3.410338260135135329e+02 4.463299204192546199e+02 5.475453125000000227e+02 7.943863636363636260e+02 8.892731152204836462e+02 1.047057490974729262e+03
2.163048689303307413e+02 2.560975229658792500e+02 3.349900037369208121e+02 4.274859693877550626e+02 5.362478987839771207e+02 7.741457236842104521e+02 8.608799365303243576e+02 9.991732758620688628e+02
2.074222060833903072e+02 2.422984395318595716e+02 3.210783578929539317e+02 4.199322018678161044e+02 5.284223484848484986e+02 7.506450617283950351e+02 8.686537414965986272e+02 9.980358706635230419e+02
1.983475312934631347e+02 2.400976415094339416e+02 3.059639160783054876e+02 3.961418512658227655e+02 5.005806519541779380e+02 7.347929054054054632e+02 7.840942782834850959e+02 9.446033442088091761e+02
1.902415441176470381e+02 2.301266775905118607e+02 3.060276003649635186e+02 3.947399497487436975e+02 4.832377549443757516e+02 6.956501831501831248e+02 7.920369565217391710e+02 9.041826596729404173e+02
1.924629818925233451e+02 2.319932219419924309e+02 2.940763342254408030e+02 3.795067714819427351e+02 4.794240196078431495e+02 6.620187819693095435e+02 7.623036828963795415e+02 8.748929682638456597e+02
1.848585766423357768e+02 2.233760218489892679e+02 2.837085746951219676e+02 3.748776501766784008e+02 4.674888937282229904e+02 6.681001859267734062e+02 7.412124999999999773e+02 8.505522321428571786e+02
1.832604048295454504e+02 2.126460738153098191e+02 2.772787456445993257e+02 3.577035673839184824e+02 4.512125227825030152e+02 6.233041471277842902e+02 7.071651023890784700e+02 8.275603574567828673e+02
1.733192696549774041e+02 2.070976835664335738e+02 2.724643041237113721e+02 3.418203495260663658e+02 4.395427072263549348e+02 6.119986381880734143e+02 6.854918146503885055e+02 7.811563109501254303e+02
1.637792624265098880e+02 2.038218325052301054e+02 2.687202889629200513e+02 3.493795519111570229e+02 4.230685393258427212e+02 5.952163111342351840e+02 6.785040099557521671e+02 7.711774411685149744e+02
1.628389266304347984e+02 1.971812182741116715e+02 2.559057529162248272e+02 3.252730758880516646e+02 4.115033346036585726e+02 5.755697167755992041e+02 6.740936175847457434e+02 7.346733481326717765e+02
1.532957446808510724e+02 1.890376099246231263e+02 2.491044055333997846e+02 3.108171651329243446e+02 4.085791443850267228e+02 5.540096251266464833e+02 6.426209027055151637e+02 7.242846350832265898e+02
1.520692047265002600e+02 1.874785741017963971e+02 2.391697761194029681e+02 3.190759596211365761e+02 4.032470873786407424e+02 5.388839910089909608e+02 6.093592221135029376e+02 6.977706814181543677e+02
1.485888779981549703e+02 1.823981864654332981e+02 2.380607279339250510e+02 2.993065043604651123e+02 3.924951076320938910e+02 5.361658373786407310e+02 5.994800545094152540e+02 6.744244341688975055e+02
1.424555921052631504e+02 1.731598864711447447e+02 2.295145833333333201e+02 2.939353204524034027e+02 3.714850242382271404e+02 5.175784562211981665e+02 5.860000578168362608e+02 6.577165546023649085e+02
1.367701543983591534e+02 1.699991618773946414e+02 2.193327002762430880e+02 2.748086564171122745e+02 3.631718602455146652e+02 4.988185975609756042e+02 5.590204381210478459e+02 6.310778296382731014e+02
1.338018110323438066e+02 1.633860701107010982e+02 2.087775241393786700e+02 2.839916035950803916e+02 3.531877391581632537e+02 4.869711195361284695e+02 5.456735865724381256e+02 5.913261984392419208e+02
1.243983311374615823e+02 1.572057667799490162e+02 2.026509943181818301e+02 2.657356651376146601e+02 3.432247683092223838e+02 4.567650098425197029e+02 5.316031553398058804e+02 5.847145175248809892e+02
1.267995625266752029e+02 1.540266161151960773e+02 1.953555695998279020e+02 2.584931294326241300e+02 3.392780601659750914e+02 4.594013324873096167e+02 5.199495171673819414e+02 5.721293322062552988e+02
1.187158552348125795e+02 1.446521967062193141e+02 1.943714307723911077e+02 2.522485864297253784e+02 3.284145321761218952e+02 4.365811367380560455e+02 4.858691066997518533e+02 5.510559833506764562e+02
1.164890224358974393e+02 1.428981463124504501e+02 1.833843279889152598e+02 2.407657776872964348e+02 3.054120535714285438e+02 4.169107215036378307e+02 4.840752398081534693e+02 5.327890985745834769e+02
1.137063043683812396e+02 1.403810134462151495e+02 1.863124259478672968e+02 2.387988449490994469e+02 3.061126611603545484e+02 4.175688634569850137e+02 4.710297237790231861e+02 5.066581238867998991e+02
1.114755844992636185e+02 1.336693053390491173e+02 1.792650639149102290e+02 2.310508055124223574e+02 2.973335149734647302e+02 4.071750478927203289e+02 4.503368003025718735e+02 4.899646397255051511e+02
1.085824668543407228e+02 1.280017654688701043e+02 1.716295942164178996e+02 2.292123574483250366e+02 2.937877862595419742e+02 3.932077838827838718e+02 4.397680835197613192e+02 4.811915983606557461e+02
1.045591206928152559e+02 1.297705025822494349e+02 1.682296391752577449e+02 2.190893410852713146e+02 2.898318169831223940e+02 3.806720763836239598e+02 4.323513989169674687e+02 4.691631212176783379e+02
1.008390866594750008e+02 1.229994105795610295e+02 1.624584051724137908e+02 2.169949761580381278e+02 2.763761582653817754e+02 3.726400638812154398e+02 4.267411876355748177e+02 4.558224846736386553e+02
9.778380169671262934e+01 1.191745978552278871e+02 1.583727989888423906e+02 2.029570423789173788e+02 2.664797731888963881e+02 3.536201048951048733e+02 4.009913808038808156e+02 4.317945736434108426e+02
9.170223417278769773e+01 1.152299528301886795e+02 1.546725074651625675e+02 2.047506343031123208e+02 2.574258775684931493e+02 3.466155610444601507e+02 3.812824356368563485e+02 4.261780010087424557e+02
9.073511284722222570e+01 1.089604173533289355e+02 1.462709200233022671e+02 1.968874917273329004e+02 2.570305886243386340e+02 3.344842738018134582e+02 3.736782038512615713e+02 4.092330409356725340e+02
8.859993674889311421e+01 1.098503538512179034e+02 1.458442845394736764e+02 1.924720186542305100e+02 2.485244291470785925e+02 3.220109758117959018e+02 3.618442677269715091e+02 3.934537783997365636e+02
8.629716620837152163e+01 1.048267977799227708e+02 1.386789500956632537e+02 1.794717920353982379e+02 2.389268592501536261e+02 3.135942184572141969e+02 3.521489688287153399e+02 3.823622096672944508e+02
8.289376339559093765e+01 1.025251597444089526e+02 1.358943475402227818e+02 1.807883939486552549e+02 2.322377019961976998e+02 2.999966586835599287e+02 3.444332351116625546e+02 3.598637039937353279e+02
7.995342248413417963e+01 9.742806887427838092e+01 1.357267361111111086e+02 1.745228933457711378e+02 2.275768236857649072e+02 2.987921993371212466e+02 3.349683959451401165e+02 3.575160128715905330e+02
7.736607811563810344e+01 9.471312994071145397e+01 1.297318079665220125e+02 1.692773209064327489e+02 2.209408037935323250e+02 2.898509945621064503e+02 3.215625379017586738e+02 3.469121082199882267e+02
7.380501786777844586e+01 9.097666500285224345e+01 1.218926487747957879e+02 1.639325313807531188e+02 2.107875105514912946e+02 2.783014423076922981e+02 3.078663438967136017e+02 3.419427950760318140e+02
7.465934509135730934e+01 9.168702384311511366e+01 1.227754943502824858e+02 1.590350797425853386e+02 2.089729190835266763e+02 2.687634922901199275e+02 3.071102077363896683e+02 3.246619718309858627e+02
7.024089298691860961e+01 8.782022170724957277e+01 1.142261136049723831e+02 1.522220781950672688e+02 2.001205406718489996e+02 2.657766364902507235e+02 3.010603496115427333e+02 3.117639622117254703e+02
6.929736990950226527e+01 8.285489092797784849e+01 1.156812843406593458e+02 1.521990650969529213e+02 2.010822743055555577e+02 2.567589310488346541e+02 2.905793891029168776e+02 3.089194243604004555e+02
6.624123218911917377e+01 8.428609131253361397e+01 1.105377468458584787e+02 1.420610038084874986e+02 1.924095538937596643e+02 2.487831907894736787e+02 2.773823333333333494e+02 2.980043965632970639e+02
6.375763526727509856e+01 7.866428067937701485e+01 1.082293503630705374e+02 1.443141504733432896e+02 1.915679207449700812e+02 2.400564564464571049e+02 2.692654625779625803e+02 2.833803288276578769e+02
6.291341277890466444e+01 7.759062165417559243e+01 1.018523771102284030e+02 1.390311316928069232e+02 1.837705600403632786e+02 2.348305090206185639e+02 2.638250677594218132e+02 2.801942079463364053e+02
6.155838227783452510e+01 7.534429089468551410e+01 1.009309271831735941e+02 1.345008807094266103e+02 1.789241304916317858e+02 2.301363028606965031e+02 2.537360301571211210e+02 2.719155992390615211e+02
5.848338869136726004e+01 7.280179773929774001e+01 1.000017107664233578e+02 1.300021346944016614e+02 1.749236736144007693e+02 2.238417156142927240e+02 2.486360631827209602e+02 2.626491643111711483e+02
5.663875341699800714e+01 6.976912897016362081e+01 9.441227753727754646e+01 1.251487813995215390e+02 1.682850947342519703e+02 2.177096258000984790e+02 2.440151229308666245e+02 2.608536164283983680e+02
5.360062176803743483e+01 6.705149812734082104e+01 9.048031205757432360e+01 1.252274623883403848e+02 1.625667458432303931e+02 2.086616084081247209e+02 2.372393364928909989e+02 2.501483423149016119e+02
5.239594130238846503e+01 6.530756423856671233e+01 8.828666627524660271e+01 1.211176704813591414e+02 1.564017356241234324e+02 2.059165607670979625e+02 2.211608741753063043e+02 2.409766834022445323e+02
5.184036915204678309e+01 6.527214327146171513e+01 8.819244935543278530e+01 1.164761080332409904e+02 1.541883153396311457e+02 2.006962337511606336e+02 2.218275978407557432e+02 2.313341948081782675e+02
5.069542797264504230e+01 6.245480168825162082e+01 8.364482360234444513e+01 1.136012000110472826e+02 1.495238410977859758e+02 1.966764542628774564e+02 2.179600600090579690e+02 2.282071263525698726e+02
4.886248088685015034e+01 5.847168893775371856e+01 8.125046188766891930e+01 1.088462104643337796e+02 1.448516871496334772e+02 1.908441255006675590e+02 2.129500108318890739e+02 2.204769308609561165e+02
4.640782107574094084e+01 5.699132382303488953e+01 7.971157344247384913e+01 1.077805555555555515e+02 1.454053198578409649e+02 1.858011865045200182e+02 1.994581394060283515e+02 2.089612752552683048e+02
4.485835205391527580e+01 5.672714493960850035e+01 7.765677943667937200e+01 1.022512128072444995e+02 1.375186118501841861e+02 1.817645042194092753e+02 1.998353664976763753e+02 2.118245989162770968e+02
4.402371760259179467e+01 5.385892875620861275e+01 7.487626916701201196e+01 1.020820264055394802e+02 1.372859019734019626e+02 1.765670764154959613e+02 1.943347559698366069e+02 2.021062833525164706e+02
4.223708871303623624e+01 5.312232830226903957e+01 7.119622284815265800e+01 9.762362187877567976e+01 1.318550350804787570e+02 1.728351154618474084e+02 1.853572861641609109e+02 1.991468010075566895e+02
4.216480844793712635e+01 5.030855736127987399e+01 7.030639628732848223e+01 9.577870934959349825e+01 1.292273343373493901e+02 1.685267345476872549e+02 1.834807041043267191e+02 1.909295908537822015e+02
3.910426350958744734e+01 4.894303605101230659e+01 6.827016839508658563e+01 9.140218912435025800e+01 1.246828354601701534e+02 1.635358922986708308e+02 1.748461671270718227e+02 1.875340638635462085e+02
3.835366209078797084e+01 4.822172499999999928e+01 6.623051237004234792e+01 9.021679242596810866e+01 1.224835775518341308e+02 1.569476088833461347e+02 1.722204901392111367e+02 1.833676892062566708e+02
3.739785829998093902e+01 4.573060880261106576e+01 6.250408008458992271e+01 8.626630886088315719e+01 1.202724083083832340e+02 1.546610463978073540e+02 1.666962964719271554e+02 1.787919075829383928e+02
3.621325854095885433e+01 4.426266915137614433e+01 6.125532936195352107e+01 8.543492994905386695e+01 1.181850988969189871e+02 1.522688055144337511e+02 1.646046621366553495e+02 1.707247153700189699e+02
3.500582147854477455e+01 4.370578541216702462e+01 6.031531398104264952e+01 8.178904155495978046e+01 1.118411290322580669e+02 1.476134413067552487e+02 1.575118981481481342e+02 1.697241727014391870e+02
3.400650944713328272e+01 4.238982849783079843e+01 5.869462266690595698e+01 7.996509594691535483e+01 1.097030020606968890e+02 1.426764065335753173e+02 1.555678031682447227e+02 1.640955969401693721e+02
3.288107416879795153e+01 4.145539913915512642e+01 5.620771302753934151e+01 7.739004093983623989e+01 1.078318510468417344e+02 1.377430915178571524e+02 1.502201658936853335e+02 1.616116332036087044e+02
3.184746372144942583e+01 4.006953399122807014e+01 5.505416010842952090e+01 7.592970381002088232e+01 1.030461090686274588e+02 1.337423500881834286e+02 1.464813857743517929e+02 1.559653656821378434e+02
3.047523624704691159e+01 3.888482501747640185e+01 5.373874040809208452e+01 7.244980123674910999e+01 9.953435479755017923e+01 1.316908648947010931e+02 1.413686466230186056e+02 1.553201354519406152e+02
3.020613822338451016e+01 3.788373922413792627e+01 5.195748806682577481e+01 7.113203717441477636e+01 9.782736427320490691e+01 1.272530006858710436e+02 1.380764705882353098e+02 1.535644556228152453e+02
2.895523842744582765e+01 3.678723232714138192e+01 4.963440114221364041e+01 6.899071263679890365e+01 9.575401394745377104e+01 1.228384755180481278e+02 1.375875643473929131e+02 1.463311144803522268e+02
2.818356665014865925e+01 3.519731794084820820e+01 4.839363103331066895e+01 6.742226098812960799e+01 9.543076987588057136e+01 1.215816654387688374e+02 1.310252527345044768e+02 1.427480221841611581e+02
2.708428955078125000e+01 3.398001063997477900e+01 4.734404347474093555e+01 6.537892295985521685e+01 8.977884615384616041e+01 1.172240053157216408e+02 1.272326087829158610e+02 1.401101698342094721e+02
2.606675483923884329e+01 3.248112456196241027e+01 4.499301248409669540e+01 6.340930195325007190e+01 8.824178278688525268e+01 1.168038710450623228e+02 1.264825472466601468e+02 1.365160980297933691e+02
2.541035931174089058e+01 3.194106240279937481e+01 4.326257278726708222e+01 6.128078279130703265e+01 8.463570271521135169e+01 1.129240632921419518e+02 1.210088378003696903e+02 1.324276638387297567e+02
2.520902570789865749e+01 3.198889905043586523e+01 4.400072719515978292e+01 5.980275211399937518e+01 8.421943862507758638e+01 1.081265912576687214e+02 1.196501055017192812e+02 1.299710411979206981e+02
2.463334580838323262e+01 3.056119474085365795e+01 4.194769354345164913e+01 5.735012117540139087e+01 8.099842625899279369e+01 1.083380742116434163e+02 1.161508368357850571e+02 1.266493440012134073e+02
2.435363746128889417e+01 2.931504594180704260e+01 4.027003610780226950e+01 5.642920655375552030e+01 7.907871171899046203e+01 1.028636346670648010e+02 1.132737676056338074e+02 1.241426155053827642e+02
2.342370195118386178e+01 2.859796129595867242e+01 3.960602326498422343e+01 5.492948129124174983e+01 7.765376898824878538e+01 9.944399568195355243e+01 1.089305819217289582e+02 1.221647395101013842e+02
2.355286783948822205e+01 2.830845580507287096e+01 3.831421133188101180e+01 5.301805811155153236e+01 7.490775513950073616e+01 9.675790063638991967e+01 1.075838055797733261e+02 1.199204578200417757e+02
2.280409924632090224e+01 2.775160980866274230e+01 3.670493766053081686e+01 5.122432678311499643e+01 7.138690267656950539e+01 9.491012882617242497e+01 1.033464084356266142e+02 1.184094001567286369e+02
2.213678600087540005e+01 2.681306176839464683e+01 3.638928509078211704e+01 5.039452249159192831e+01 7.082433426643697771e+01 9.292028410729736265e+01 1.012949950340522065e+02 1.155646816162470998e+02
2.149149685545764399e+01 2.645685162742382346e+01 3.474815285852712776e+01 4.861322388473261924e+01 6.976837376305662985e+01 9.012663706801974683e+01 9.878231563626282252e+01 1.128902643980871829e+02
2.083295296109414352e+01 2.623350264713971214e+01 3.499108175694066603e+01 4.792905035577449269e+01 6.674103708791209044e+01 8.675667009602194923e+01 9.611780032912781735e+01 1.111761437129825083e+02
2.054867168913560604e+01 2.520411513695830052e+01 3.340936989934711931e+01 4.586128949175824232e+01 6.459318060021436736e+01 8.428189597315434867e+01 9.245722315436240990e+01 1.086484316717531442e+02
2.003318522518984324e+01 2.461026580653877360e+01 3.215373252330225995e+01 4.379826756652028052e+01 6.359789369284560934e+01 8.368657407407407334e+01 9.068319506874669855e+01 1.079680456751545705e+02
1.972644423785704859e+01 2.406375419463087084e+01 3.177756770040588208e+01 4.366558024858146325e+01 6.162627356087620711e+01 8.133053532901833194e+01 8.751619768650895992e+01 1.035792308953755452e+02
1.902161545384417707e+01 2.344086338746223674e+01 3.155361601198401900e+01 4.253995401651651775e+01 6.020541249010815932e+01 7.827035794884653797e+01 8.674308902057828163e+01 1.002872726688516138e+02
1.879008011993809646e+01 2.300302091159528928e+01 3.065661097359736331e+01 4.116123024099507433e+01 5.754317621396054960e+01 7.656063959455991608e+01 8.393443580389144643e+01 9.918273436014450795e+01
1.841229400868676791e+01 2.269112132810555238e+01 3.003197265625000156e+01 3.950684777901509648e+01 5.632679774923703064e+01 7.353594812389825108e+01 8.200661570818684254e+01 9.689507792371017558e+01
1.816459996199163740e+01 2.196923218221895624e+01 2.880848181484202897e+01 3.850193183225966465e+01 5.490220444553004597e+01 7.177398450841668875e+01 8.002390609636185559e+01 9.484253616497383632e+01
1.785166337876614051e+01 2.180260059931506689e+01 2.859687038858829311e+01 3.756346625766871483e+01 5.305132559494602162e+01 7.051712755356253126e+01 7.666361192570869321e+01 9.217895315458376615e+01
1.682720674315148557e+01 2.149661578341013879e+01 2.755835752298016317e+01 3.660101805522064211e+01 5.114885748691722256e+01 6.828273253096517692e+01 7.565585739309011615e+01 8.933558976816630093e+01
1.701664462081128804e+01 2.064066661622275944e+01 2.709378324468084998e+01 3.592479331625523997e+01 5.040930190499155827e+01 6.612387481997119210e+01 7.367294025713611916e+01 8.816340886083487760e+01
1.655640939401029499e+01 2.030063740435198483e+01 2.661682276246868639e+01 3.477373769212295684e+01 4.825745990836197308e+01 6.313984301227573326e+01 7.169856695288930837e+01 8.671817153434801639e+01
1.592620786192565241e+01 2.035975174043468172e+01 2.585151600809331285e+01 3.398768478137743898e+01 4.732092365692742675e+01 6.213395293315142709e+01 6.912571436902263144e+01 8.382394203567923796e+01
1.575191440467957626e+01 1.949695309013833011e+01 2.517644752157619692e+01 3.341871416284404006e+01 4.564348434004474342e+01 6.211772475439799024e+01 6.608749142661179121e+01 8.278343146092737470e+01
1.515367580038737572e+01 1.883775337837838038e+01 2.477532606251405412e+01 3.229608932616081773e+01 4.485454123858447417e+01 5.819152818324725018e+01 6.540296874999999943e+01 8.027899145395890912e+01
1.494405791179169540e+01 1.865235490826191977e+01 2.423186660427218797e+01 3.097614029547451509e+01 4.305405181918412438e+01 5.642147956326987668e+01 6.309847255829301105e+01 7.710413332597538272e+01
1.484527235010706647e+01 1.837599881110373801e+01 2.387261294269687895e+01 3.094133104669174728e+01 4.238947865718096608e+01 5.565111320034881004e+01 6.230395847121111785e+01 7.665240180100546752e+01
1.443151630894480775e+01 1.802746365650670057e+01 2.329598736990459429e+01 2.970118838028168895e+01 4.073776772525849310e+01 5.315890921591889651e+01 6.091779062299293912e+01 7.490847232650433796e+01
1.407784241142252846e+01 1.741716372282608916e+01 2.249516680064308716e+01 2.886858159467393747e+01 3.963708713602781586e+01 5.139702907288317135e+01 5.938587854402046418e+01 7.255033458244110989e+01
1.361881421681694349e+01 1.707576217865629786e+01 2.218642301720626975e+01 2.836435215404699761e+01 3.852571493271221215e+01 5.111799022198731279e+01 5.684182066358673069e+01 7.155926707092011441e+01
1.342681474952641452e+01 1.696305315361139421e+01 2.181964189914162944e+01 2.744738636363636530e+01 3.775108295358202781e+01 4.987855807188863366e+01 5.450132625130343911e+01 6.896909745784830648e+01
1.304642682738768400e+01 1.655373167340748353e+01 2.184892600351748371e+01 2.704893578405490828e+01 3.666192492416582382e+01 4.720963197130063094e+01 5.397718171416683930e+01 6.841304764582586984e+01
1.267755154639175252e+01 1.611370745745745836e+01 2.081034988516077533e+01 2.621231271085532910e+01 3.526138738784666060e+01 4.651733263276604902e+01 5.237820803140096615e+01 6.643359630992590326e+01
1.238964543145906028e+01 1.558613734012789820e+01 2.044277678215850358e+01 2.560984315302634329e+01 3.376376480626380072e+01 4.445262296707655736e+01 5.080348305338932136e+01 6.572240503478303708e+01
1.233489987864077797e+01 1.575416127587579673e+01 1.983063387322535576e+01 2.517328617052881512e+01 3.299879736163459398e+01 4.379339241293531870e+01 5.020617460945224764e+01 6.446622061030515738e+01
1.187630669843854925e+01 1.538111306248771903e+01 1.954314502344207582e+01 2.422325508549528550e+01 3.217252279270633863e+01 4.154936364080516142e+01 4.826185787671232674e+01 6.273305125725338627e+01
1.154288728454432800e+01 1.494474048061863769e+01 1.928210831721469987e+01 2.376715163156896082e+01 3.192557904411764724e+01 4.133967417174410031e+01 4.710191015700250716e+01 6.104193419909240248e+01
1.150870053742984922e+01 1.457366549775959363e+01 1.881937285720904285e+01 2.318522660960902471e+01 3.056992986489022357e+01 3.936344245061607694e+01 4.519640428625023532e+01 5.955375483686045612e+01
1.092295081002166235e+01 1.438956148822663650e+01 1.858008718122102110e+01 2.300028257058497871e+01 2.992301304721850741e+01 3.870308181315643736e+01 4.379681852767738803e+01 5.920191674506114765e+01
1.069196868547024692e+01 1.396296349213606547e+01 1.786164921160664321e+01 2.235825367300810029e+01 2.914645795246800830e+01 3.741929269259466651e+01 4.262728914259086821e+01 5.838780033331789809e+01
1.050297278188107697e+01 1.365308342445780987e+01 1.776026675575657876e+01 2.175352637614678741e+01 2.832971393381669500e+01 3.636963342904779495e+01 4.118856186518928553e+01 5.559924530898747719e+01
1.025275497598595997e+01 1.354238561128242324e+01 1.699835816091434992e+01 2.104990851742097746e+01 2.711711363636363359e+01 3.502464852198990286e+01 4.048514935123445468e+01 5.537489261653931294e+01
1.017388634448190210e+01 1.320373951380119060e+01 1.687209295793636343e+01 2.073642860389020015e+01 2.678208530752726801e+01 3.402856792685151532e+01 3.902034065315315559e+01 5.338473020037088901e+01
9.807184689310732395e+00 1.294671984226563843e+01 1.666038627542826589e+01 2.007585591297383587e+01 2.587677475898334833e+01 3.280291709979209713e+01 3.837573627103631679e+01 5.259441182986265062e+01
9.412696346437559924e+00 1.273290353810948794e+01 1.596275886112087150e+01 2.012363582761577874e+01 2.503405234012146963e+01 3.173267561255067903e+01 3.724591034512963716e+01 5.175499956478217456e+01
9.204721749913360895e+00 1.223094271851127957e+01 1.600088894967177211e+01 1.926632835853701664e+01 2.455934674599113166e+01 3.085972003154574494e+01 3.640967824747561110e+01 5.123328004697899019e+01
9.171640229243580578e+00 1.227610482988041163e+01 1.555892372064493578e+01 1.894816132984115953e+01 2.362032087005356829e+01 2.983602054158933470e+01 3.493585099480969092e+01 5.003158256093374945e+01
8.934323459665014511e+00 1.189415799187126765e+01 1.511454702907174408e+01 1.861029506714876192e+01 2.299190364583333235e+01 2.908235682631668695e+01 3.397783264253087765e+01 4.879278357043353509e+01
8.616797962541127731e+00 1.156847564017292918e+01 1.488882181644835079e+01 1.798040372094939698e+01 2.217822066326530361e+01 2.795520190543695449e+01 3.299680588136729398e+01 4.752265881424239069e+01
8.446210594615125800e+00 1.121790148496549477e+01 1.448935595140032895e+01 1.759726653132250362e+01 2.184289530789387257e+01 2.705835893390900182e+01 3.219172637132534476e+01 4.710380727901518583e+01
8.209075228970837301e+00 1.123132709703947363e+01 1.453987565876152921e+01 1.714345962389380418e+01 2.116069772952035777e+01 2.640425276186579495e+01 3.136715536037518604e+01 4.605589234252779107e+01
8.002097365888861447e+00 1.071435252968928076e+01 1.390939641808093974e+01 1.661012855523495446e+01 2.054252885698198128e+01 2.564602930535455982e+01 3.030656234788252590e+01 4.456332594640751665e+01
7.813757845291835480e+00 1.053840997435688820e+01 1.355987961188308688e+01 1.647512814538676551e+01 1.990633157937673303e+01 2.456832231022836766e+01 2.958502100507292454e+01 4.456267982736573430e+01
7.595607200298132966e+00 1.036101593875502047e+01 1.335164443244910615e+01 1.609990958865362742e+01 1.928895884757790924e+01 2.403704217536071042e+01 2.888420736982853398e+01 4.287618347863821100e+01
7.429383180500039430e+00 1.012749682789910821e+01 1.291397023619533968e+01 1.567735148514851318e+01 1.882267320947551781e+01 2.355880886264080232e+01 2.788105802382071730e+01 4.244342909416482001e+01
7.129681386932706921e+00 9.750153958524290232e+00 1.283765137401024603e+01 1.527109263516727466e+01 1.820269417242703369e+01 2.244571286522869968e+01 2.719859863281250156e+01 4.111299245517830769e+01
6.882382703690807624e+00 9.633618570347957544e+00 1.242608410142618602e+01 1.517859134033867541e+01 1.757630280738338158e+01 2.192160129840196348e+01 2.632455404787315345e+01 4.001824907756095939e+01
6.671080407061346307e+00 9.320464324721301708e+00 1.213320142126635481e+01 1.453933092648162173e+01 1.720947389535751526e+01 2.119733175256952862e+01 2.561680220356768345e+01 3.949869957935852227e+01
6.629846590069454315e+00 9.223926894308638325e+00 1.191991456430603513e+01 1.412983765865820551e+01 1.665599013456304789e+01 2.048801197403760099e+01 2.518917208282950426e+01 3.860739575507137999e+01
6.383075541374524597e+00 8.970017237213795624e+00 1.171582790993417156e+01 1.368214868674877671e+01 1.617110308583503553e+01 1.999745040124832585e+01 2.434913429054054035e+01 3.779879851354857578e+01
6.163540383082052543e+00 8.754446402077151745e+00 1.145327212591240951e+01 1.355525418616554489e+01 1.557654395400593472e+01 1.945581054687500000e+01 2.355118290185754049e+01 3.652217016629345636e+01
5.922350103454480319e+00 8.528592436200030491e+00 1.101453314313891241e+01 1.312014968754541400e+01 1.500967473041997735e+01 1.891613464489259044e+01 2.283051399267136361e+01 3.576529429731575505e+01
5.778068151116714901e+00 8.310827238475177126e+00 1.080353022079456515e+01 1.267768266972672997e+01 1.456853724377745252e+01 1.792271977437207298e+01 2.218968963512138259e+01 3.483843715098894478e+01
5.548966117527173836e+00 8.116357844334357807e+00 1.044445195102069768e+01 1.238416408586074446e+01 1.414472303541196219e+01 1.746021250353657095e+01 2.160359231041813999e+01 3.403325395701285316e+01
5.376128938417472192e+00 7.806526056215083109e+00 1.031801675977653510e+01 1.195781403595000825e+01 1.373055042914665158e+01 1.702584348328591801e+01 2.098992034744689761e+01 3.297407097569566758e+01
5.194467801835891407e+00 7.467809736423932421e+00 1.000569535566298462e+01 1.160741137288018621e+01 1.315293346359522886e+01 1.654098293895747673e+01 2.009470698534494559e+01 3.226082057457423247e+01
5.110962669068171316e+00 7.441789639203760132e+00 9.855687862669245902e+00 1.137251936108422079e+01 1.279451300562969251e+01 1.607459856203922755e+01 1.983258341977870032e+01 3.103591934144991527e+01
4.894584988980899887e+00 7.247044669721006471e+00 9.473816300790836920e+00 1.098193433163896060e+01 1.238395384097035112e+01 1.555904038875437045e+01 1.930504497623896754e+01 3.047489160006801967e+01
4.819022925764191889e+00 6.958452283849918096e+00 9.232973162410484491e+00 1.068111521234240158e+01 1.205737105334785042e+01 1.500334430563038701e+01 1.880367222147560824e+01 2.946886080437645816e+01
4.639946459213304841e+00 6.729407747386995098e+00 9.081674197113509095e+00 1.029225280670904752e+01 1.169601919934640577e+01 1.435341752283104988e+01 1.794531664126689563e+01 2.884570591064380451e+01
4.469341777752050326e+00 6.614822777525612985e+00 8.835830220113084721e+00 9.871243081477668824e+00 1.120230030631479679e+01 1.407360304405831108e+01 1.738557800503044604e+01 2.764098295810396877e+01
4.301724039955696632e+00 6.329951954134366510e+00 8.587382291394192180e+00 9.577168452779638130e+00 1.096716388996512848e+01 1.360795605196871172e+01 1.686160303965336027e+01 2.657575472623797808e+01
4.120352619070952294e+00 6.052320958103071469e+00 8.290458560220390183e+00 9.300524312692703077e+00 1.059126002457638016e+01 1.333890958129976845e+01 1.636060993440610289e+01 2.606713007893375078e+01
3.954456294019824902e+00 5.919097442820838495e+00 7.875755135517285233e+00 8.971110876561304792e+00 1.027803744871137326e+01 1.283064173821117393e+01 1.598673824376199626e+01 2.517638611190453446e+01
3.824360027498135306e+00 5.804009580466360951e+00 7.713567568859984291e+00 8.661326051933281533e+00 9.982147407313032517e+00 1.236031230183893470e+01 1.543245453031840597e+01 2.437134222907461023e+01
3.700744217755392196e+00 5.597968137099835317e+00 7.518278097414880179e+00 8.274166303831540503e+00 9.445194909192684563e+00 1.197525815048483189e+01 1.493550865529352656e+01 2.371733664393248731e+01
3.600618121191393683e+00 5.385592871265378001e+00 7.199783701511958789e+00 7.975598551482347531e+00 9.256238266583228125e+00 1.149226971623653171e+01 1.454578789236282610e+01 2.297264392590509985e+01
3.419350031234763332e+00 5.160894927196600257e+00 6.977988665686509329e+00 7.776232049608354124e+00 8.893414975772259368e+00 1.132320010465402582e+01 1.393127325262259042e+01 2.197166020592651847e+01
3.298882607979277903e+00 5.004116273500179624e+00 6.824523139462163712e+00 7.489631952365230383e+00 8.692278367964558328e+00 1.090849934026935308e+01 1.344636438664692157e+01 2.147566033575621347e+01
3.173297418976610107e+00 4.833022714741296966e+00 6.566198734860295261e+00 7.235311853238373558e+00 8.299627371273713194e+00 1.050925745687589874e+01 1.301882098005047439e+01 2.048649540843886641e+01
3.019981377318333937e+00 4.604273695665048294e+00 6.289273322337137984e+00 7.005830432899139204e+00 8.065894279507602960e+00 1.029805631992060633e+01 1.258892152536795628e+01 1.987830197856800751e+01
2.881062707578502469e+00 4.452958168652666693e+00 6.071242076945754462e+00 6.740487175534414455e+00 7.694011955044896212e+00 9.985441974289422262e+00 1.224849983034344447e+01 1.915932236512197306e+01
2.823407985014640964e+00 4.306816140456358077e+00 5.829316401644659251e+00 6.543939678264453441e+00 7.551752151602980412e+00 9.684354529769564124e+00 1.196310768993296492e+01 1.858528410924344954e+01
2.716629188125791128e+00 4.131452691835302282e+00 5.582445742479011486e+00 6.188129030149878140e+00 7.148542470697541340e+00 9.403455908134642272e+00 1.147955805999074386e+01 1.813595259858971076e+01
2.577707568709457053e+00 3.950870886721024711e+00 5.333651057260479611e+00 5.958513884922901127e+00 7.051095603413187085e+00 9.147047780719736565e+00 1.116823329172405899e+01 1.756755112503971716e+01
2.485274389375996318e+00 3.825254917034115021e+00 5.174343294582267383e+00 5.701216960987996352e+00 6.755820180383314444e+00 8.759359485047916394e+00 1.089719238834731385e+01 1.682107379543774073e+01
2.344704464336098582e+00 3.645047463968957846e+00 4.913369659353348240e+00 5.542084626468631647e+00 6.595725791393772575e+00 8.587184035942224014e+00 1.052318948412698418e+01 1.644737518303671919e+01
2.230008523362396744e+00 3.503312617260788020e+00 4.766799530536052210e+00 5.283733829510789626e+00 6.346897009445293669e+00 8.310443029193029574e+00 1.016842257911215519e+01 1.588264451027844970e+01
2.135409170758550523e+00 3.339909720885136046e+00 4.532277280433344657e+00 5.054394048599670342e+00 6.128932012212161773e+00 8.070802090315012833e+00 9.803868273170191827e+00 1.541241435268662130e+01
2.053437151713568998e+00 3.164207033808120517e+00 4.350350789703792742e+00 4.931728883548779585e+00 5.935115303263377662e+00 7.795028331976113556e+00 9.614204981893998081e+00 1.491776117460056383e+01
1.983167613636363624e+00 3.062927983217277994e+00 4.150345480811164833e+00 4.677254971590909527e+00 5.713724765497553371e+00 7.611882980326611481e+00 9.201657608695652968e+00 1.431432900344761983e+01
1.877472552135979189e+00 2.919189081525875196e+00 3.969466237658674235e+00 4.459297207664592477e+00 5.508467297676282293e+00 7.326652679623085973e+00 9.007149078975800194e+00 1.389315568519018029e+01
1.798803012064130513e+00 2.730890234837477060e+00 3.780659462523869863e+00 4.298638600140860078e+00 5.306148764284174035e+00 7.086742766726943366e+00 8.760640149305187308e+00 1.348138897385429757e+01
1.735404035901093600e+00 2.627008423942297277e+00 3.604801710730948461e+00 4.121165556066176627e+00 5.147059257849416980e+00 6.896528616478796891e+00 8.389579827513673038e+00 1.317678341603863679e+01
1.638547460384090604e+00 2.499691527061855822e+00 3.436113043858233684e+00 3.925566426364572870e+00 4.991194623599069402e+00 6.705470768733849951e+00 8.232134971791627009e+00 1.267443441214283872e+01
1.536940901749751509e+00 2.374303487058340156e+00 3.288799218507902467e+00 3.801499734864355329e+00 4.799604221003376026e+00 6.499179943767572354e+00 8.043160089767537713e+00 1.241693868448948912e+01
1.466712908878504695e+00 2.238283050115207562e+00 3.148047994154814511e+00 3.631373460543834586e+00 4.651378073236795530e+00 6.343062325455108841e+00 7.778273349809493808e+00 1.196974359221306194e+01
1.411743252363852452e+00 2.128796270508405808e+00 2.939578741336255074e+00 3.470651450836289786e+00 4.498269947147223391e+00 6.139903433205335048e+00 7.598054490759544422e+00 1.167895914372155630e+01
1.350897680874371343e+00 2.035485836125495052e+00 2.827110195044408414e+00 3.348123184805869901e+00 4.329434967579977922e+00 5.962336357117473895e+00 7.350766276239731667e+00 1.133043755390938223e+01
1.289934881021563839e+00 1.924298463769757328e+00 2.652122991093955218e+00 3.192450471816179469e+00 4.182309248411437252e+00 5.783901074502151296e+00 7.148029518222665857e+00 1.103165496084857367e+01
1.227162852134447979e+00 1.811473113385233535e+00 2.525111968277080621e+00 3.051225124569389546e+00 4.030595681497886495e+00 5.551059655120782033e+00 6.930974082341269771e+00 1.080438189412614136e+01
1.171887644685859931e+00 1.704527852922110176e+00 2.370930297521260055e+00 2.916411767631552632e+00 3.910999235511115835e+00 5.449815452755905731e+00 6.803777668635299314e+00 1.056098094557286515e+01
1.110662289105734946e+00 1.634685377567917763e+00 2.266431759254664335e+00 2.792275565432994711e+00 3.742089459276574548e+00 5.335427097511180605e+00 6.529525381239580817e+00 1.028357836858669394e+01
1.050516945763861898e+00 1.528509206894280492e+00 2.166459345393465075e+00 2.664777862359277716e+00 3.655695432002867840e+00 5.197740902317085521e+00 6.381641607039257202e+00 1.007541911640683452e+01
1.007296855305894967e+00 1.446307322970330045e+00 2.041197762397286564e+00 2.548054090104316050e+00 3.526560675360062014e+00 5.019697713796760219e+00 6.197314971070395195e+00 9.781401949747300151e+00
9.591100389133272452e-01 1.361107727340047369e+00 1.943712629139541459e+00 2.433640010658455921e+00 3.368606042807895662e+00 4.847411644699277211e+00 6.057872425426136687e+00 9.566859038779853108e+00
9.215380634841375818e-01 1.292986132775711061e+00 1.855874126029244620e+00 2.345610365421002985e+00 3.271083507239199939e+00 4.709280214104610174e+00 5.889372580721299322e+00 9.371524570751924799e+00
8.742559352061308742e-01 1.216276862127339431e+00 1.738986748640285018e+00 2.245585417447965249e+00 3.165469254730041371e+00 4.530344563284029569e+00 5.782410681164796173e+00 9.154744591626950978e+00
8.245616048475945536e-01 1.146965854139213148e+00 1.646531968058000395e+00 2.138124928292794991e+00 3.059661012338853681e+00 4.407437384579869999e+00 5.622969199035876109e+00 8.909696291485957431e+00
7.939302209439629276e-01 1.078486592793219900e+00 1.559649517081376446e+00 2.042426903568097085e+00 2.921225316269157268e+00 4.276610105383973348e+00 5.462335707089210679e+00 8.743295438922114471e+00
7.624072578339433637e-01 1.019787703192543082e+00 1.480801701988214480e+00 1.946087383015403738e+00 2.827881286233551172e+00 4.190015118235613123e+00 5.329768724350205211e+00 8.575375334201686073e+00
7.214786357246507631e-01 9.785555808357154772e-01 1.390204671554682525e+00 1.894529814274556578e+00 2.730860146224086904e+00 4.070427182771974017e+00 5.187264743677220125e+00 8.380820505307760016e+00
6.857002338522463214e-01 9.076480355145414292e-01 1.329490673179752225e+00 1.794477014806277193e+00 2.650934074023738152e+00 3.912801915917551998e+00 5.063059035240909722e+00 8.193433641802416290e+00
6.562288435499754602e-01 8.633314229674258211e-01 1.261671747347038464e+00 1.722083377112457958e+00 2.557427694944018448e+00 3.832412631463628205e+00 4.928386684518013539e+00 8.052545067462951067e+00
6.286813064109009197e-01 8.257158065993993601e-01 1.198234621913240705e+00 1.638392857142857206e+00 2.486481517188188661e+00 3.732486575509300408e+00 4.840250995873057960e+00 8.020021776618323273e+00
6.054424495299862707e-01 7.799797834429823551e-01 1.142355373309336786e+00 1.574903857800387552e+00 2.363030010415762661e+00 3.595346839167824715e+00 4.662023360512775660e+00 7.823244675638596490e+00
5.753317141924015887e-01 7.437168628068829834e-01 1.082269040207699096e+00 1.509449595055413429e+00 2.281065265716597956e+00 3.506624256337299350e+00 4.564365767475559998e+00 7.667985757608578368e+00
5.514948562892438844e-01 6.976456016736424237e-01 1.028330505576599441e+00 1.445389433551198088e+00 2.215679859907415228e+00 3.382524292278612954e+00 4.411271511230677511e+00 7.615912512590814920e+00
5.294904084553503365e-01 6.775697572736617547e-01 9.750458784353124297e-01 1.399627905908900072e+00 2.147403244933161037e+00 3.292167610543505596e+00 4.309061486515320283e+00 7.545093233883856776e+00
5.130810711729133500e-01 6.475302250669343618e-01 9.372116760082532805e-01 1.330961625955298322e+00 2.068893357046923676e+00 3.198190859641638184e+00 4.230546212923728788e+00 7.257558210330149251e+00
4.920800044019653097e-01 6.207719059833082254e-01 8.901444925033341615e-01 1.289441048212635499e+00 1.995073468194081601e+00 3.123082428068115313e+00 4.149840156987028905e+00 7.227403976868699509e+00
4.788681710822228488e-01 5.873910626578544569e-01 8.453383283163687922e-01 1.215682318226682046e+00 1.920035937887749178e+00 3.019252070393374510e+00 4.036867230734285883e+00 7.159713606286186582e+00
4.629715998688453960e-01 5.734805940911347211e-01 8.140804319168734038e-01 1.186357267848201724e+00 1.865579710144927406e+00 2.928503080657207214e+00 3.961726003585343658e+00 7.071301676238261003e+00
4.494422923423879723e-01 5.506193206090957970e-01 7.773647539400494466e-01 1.127407764825295367e+00 1.797192791207670171e+00 2.828217023761169457e+00 3.866752053367113362e+00 6.937967125633086596e+00
4.351365957135358009e-01 5.302943432424950254e-01 7.441950669588753842e-01 1.090215885730044132e+00 1.735980605207313010e+00 2.770219931508247413e+00 3.801025588437854541e+00 6.882667481427501066e+00
4.266370619193962099e-01 5.101816036774298180e-01 7.102086248213861364e-01 1.043389131443194007e+00 1.662439951712465280e+00 2.685783550752333770e+00 3.696193637274548749e+00 6.838953212895940936e+00
4.194884827840407726e-01 4.993414273980956719e-01 6.846457629447203486e-01 1.000349847830789951e+00 1.625515800618581697e+00 2.590007805042952693e+00 3.612378652922338063e+00 6.711798201798202079e+00
4.045992223703659407e-01 4.818837691326530726e-01 6.617830537902521515e-01 9.760260639262963167e-01 1.556851134106285839e+00 2.539682997439866696e+00 3.546021198684734976e+00 6.666610172437769322e+00
3.970282431738254014e-01 4.680611637796504576e-01 6.350530959631451866e-01 9.412979114138866343e-01 1.516202608969811516e+00 2.418236759765010735e+00 3.464093561304109059e+00 6.602512413011181636e+00
3.874919006579728986e-01 4.564624674049219677e-01 6.151568760697891936e-01 8.882077811744285567e-01 1.459102391807294508e+00 2.373906763457475755e+00 3.357944495068610813e+00 6.512216543653491563e+00
