nan nan nan nan nan nan nan 0.000000000000000000e+00
3.496749023437500000e+03 nan nan nan 4.442847656250000000e+03 -7.225155029296875000e+02 nan -3.563250732421875000e+02
5.439996875000000728e+03 nan nan 2.450371093750000000e+03 nan 3.067411132812500000e+03 -9.931638183593750000e+02 4.033509765625000000e+03
4.337142578125000000e+03 nan 3.400497395833333030e+03 nan 4.365808105468750000e+03 6.984294921875000000e+03 8.542355468750000000e+03 5.160092773437500000e+03
6.636044270833333030e+03 3.278663085937500000e+03 nan 4.207304199218750000e+03 nan 6.236027343750000000e+03 3.968211263020833030e+03 3.462106971153846189e+03
5.405128551136363967e+03 4.444029687500000364e+03 3.737378348214285325e+03 nan 5.985117897727272975e+03 7.466519531250000000e+03 1.917530803571428623e+04 4.094279829545454413e+04
4.267833496093750000e+03 3.849214409722222172e+03 5.582622656250000546e+03 3.894265380859375000e+03 4.320848144531250000e+03 6.339575195312500000e+03 9.182493164062500000e+03 2.281870312500000000e+04
2.555147786458333030e+03 4.115787109375000000e+03 4.222958333333333030e+03 3.508697265625000000e+03 4.480410511363636942e+03 5.446461538461539021e+03 1.289144034090909190e+04 2.479585000000000218e+04
2.883855879934210407e+03 3.637991350446428442e+03 3.135865885416666515e+03 5.020528846153846644e+03 4.971214843750000000e+03 4.967548177083333030e+03 1.337019951923076951e+04 1.743305357142856883e+04
3.131679008152173992e+03 3.530205528846154266e+03 3.449528033088235134e+03 4.316763671875000000e+03 4.378580468750000364e+03 5.192508593750000728e+03 9.792718750000000000e+03 1.851129623287670984e+04
3.047022671568627629e+03 2.168054253472222172e+03 3.258889204545454504e+03 3.931180027173913004e+03 5.729460477941176578e+03 4.258012073863636033e+03 1.132167595108695605e+04 1.767373376623376680e+04
2.511947385204081456e+03 2.953193359375000000e+03 2.828130357142857065e+03 3.114983203125000273e+03 2.740416666666666970e+03 3.590186755952380736e+03 8.387796875000000000e+03 1.258440051020408100e+04
2.622686987704918010e+03 2.258416920731707251e+03 3.183360085227272975e+03 3.458600506756757113e+03 2.750568287037036953e+03 4.382958192567567494e+03 5.672535879629629562e+03 1.516231534090909190e+04
2.108572294776119179e+03 2.105374047256097583e+03 1.914845932904411711e+03 2.613686961206896740e+03 3.072596527777777737e+03 3.770822916666666970e+03 7.293923986486486683e+03 1.290160862068965434e+04
2.017534514925373060e+03 2.289866071428571104e+03 2.206549305555555748e+03 2.824233695652173992e+03 2.485581510416666788e+03 3.115189732142856883e+03 5.749075591216216708e+03 9.621024691358024938e+03
1.320777288732394481e+03 1.784430700231481296e+03 2.452065824468084884e+03 2.128746744791666515e+03 2.311033394607843093e+03 2.606284375000000182e+03 4.972279999999999745e+03 8.762733072916666060e+03
1.533266029094827672e+03 1.415164799528301728e+03 1.720905092592592609e+03 1.817149394132653015e+03 2.652551682692307622e+03 2.543845744680851112e+03 5.145470588235293690e+03 7.107734137055836982e+03
1.254367887931034375e+03 1.492603515625000000e+03 1.727115451388888687e+03 1.659240131578947285e+03 2.471721191406250000e+03 2.294914299242424477e+03 3.464026041666666515e+03 7.697192269076304910e+03
1.335876712328767098e+03 1.193020228794642890e+03 1.201593501984126988e+03 1.643028802710843365e+03 1.741733593749999955e+03 2.275510912698412540e+03 4.172674479166666060e+03 6.258811264822134035e+03
1.070617086038961133e+03 1.404391796874999955e+03 1.379677571614583258e+03 1.730624451754385973e+03 1.797985465116279101e+03 2.054487723214285779e+03 4.048551948051948330e+03 6.118840573770491574e+03
1.116120872641509550e+03 1.311490857712766001e+03 1.492897596153846280e+03 1.367261479591836633e+03 1.804465967465753238e+03 1.753022727272727252e+03 3.819859939759036479e+03 5.409596246006389265e+03
1.043537760416666515e+03 1.109492187500000000e+03 1.355088834269662811e+03 1.336722245065789366e+03 1.506510365099009960e+03 1.731080668604651237e+03 3.517219117647058738e+03 5.748267904509283653e+03
9.709214480874317132e+02 9.017377784653465369e+02 1.326527122641509322e+03 1.370992545871559741e+03 1.619574404761904589e+03 1.675236607142857338e+03 2.891040364583333030e+03 5.341984452736318417e+03
7.950146428571428032e+02 8.935621689618643586e+02 1.000098817567567608e+03 1.299768749999999955e+03 1.449296087184873841e+03 1.696153744103773533e+03 2.847036458333333030e+03 4.744105056179775602e+03
8.355519457547169395e+02 9.010790844298245474e+02 8.699982476635512967e+02 1.194682798672566378e+03 1.122324916294642890e+03 1.434108193277310875e+03 2.799706962719298190e+03 3.939247706422018382e+03
7.411576254401408050e+02 7.411613750000000209e+02 8.840026240458014399e+02 9.784942835365854990e+02 1.141296304744525514e+03 1.236205184108527192e+03 2.416889892578125000e+03 3.601720425138631981e+03
5.829680989583332575e+02 6.940204133064515872e+02 7.769186100746268266e+02 8.648774317052980223e+02 1.039500992063492049e+03 1.320500221631205704e+03 2.202766773897059011e+03 3.527532798165137592e+03
5.952071685303513959e+02 6.656313476562500000e+02 6.920137283236994108e+02 9.165081062030075145e+02 1.025719674556213022e+03 1.171295982142857156e+03 1.983315567484662552e+03 3.242648076923077042e+03
6.026029473244146857e+02 6.399706250000000409e+02 6.896291852678571104e+02 7.870529461596386227e+02 1.021538392857142867e+03 9.854875776397515210e+02 1.900274070945946050e+03 2.873113344051446802e+03
4.813199359939759461e+02 5.904699966755318883e+02 6.176511363636363967e+02 7.215428517964072626e+02 8.810210674157302719e+02 1.094099274861878484e+03 1.761999634502923982e+03 2.904162089871611897e+03
5.371792111280487916e+02 5.033331151832460932e+02 5.971529138513513999e+02 7.514077785326086314e+02 8.482412500000000364e+02 1.029682926829268354e+03 1.659250000000000000e+03 2.806691792582417747e+03
4.337908181179774942e+02 5.293820153061224119e+02 6.102346844059405839e+02 6.934799325980392268e+02 7.948484756097560648e+02 9.439943597560975377e+02 1.599393995098039113e+03 2.586781847133757765e+03
4.414756493506493484e+02 4.965778230676328349e+02 5.291733091787439207e+02 6.635588699494950333e+02 7.876302343749999864e+02 8.965986426767677813e+02 1.620874071782178135e+03 2.445350246002460153e+03
4.311506358225108215e+02 5.035880087209302474e+02 5.363592628588517073e+02 5.951581395348837304e+02 7.685221133474576618e+02 8.208025760135135442e+02 1.624092786343612488e+03 2.274710051546391696e+03
3.795124506903352994e+02 4.074890478971962580e+02 4.682952918502202806e+02 6.015389691235059217e+02 6.842018895348836622e+02 8.252409067622951397e+02 1.314785443722943683e+03 1.997465048025613896e+03
3.511241034836065751e+02 3.666467684659090764e+02 5.019692382812500000e+02 5.721727311643835492e+02 5.853857175090253122e+02 6.556710341928251182e+02 1.297757843137254895e+03 1.785661359077231737e+03
3.324490840517241281e+02 3.790958930121527715e+02 4.173221958705356656e+02 4.940922619047618696e+02 6.042500000000000000e+02 6.343479313380281610e+02 1.119186770428015507e+03 1.808393780487804861e+03
2.882771397485493026e+02 3.432408854166666856e+02 4.153850611162361588e+02 4.847576188016528818e+02 5.528862126245846866e+02 7.087486607142857338e+02 1.177529460877862448e+03 1.712296776375112586e+03
2.848913143382353041e+02 3.226819010416666629e+02 3.693378215434083813e+02 4.174650346091205506e+02 5.329812167553191102e+02 5.608817536630036784e+02 9.962606292517006068e+02 1.626234545836837697e+03
2.406047149122807127e+02 2.910618061266447398e+02 3.523850121359223522e+02 4.194839678338762496e+02 4.970937500000000000e+02 5.581512896825396410e+02 9.222939703525640880e+02 1.488601151980598161e+03
2.468904175884955805e+02 3.135179541925465401e+02 3.259875442216981583e+02 4.256404332822086189e+02 4.566900958466453631e+02 5.684232627467105203e+02 9.873164423076923413e+02 1.468574764521193174e+03
2.337755624154262648e+02 2.826557832154088032e+02 3.352432968277945520e+02 3.856924920127795531e+02 4.512760269121813508e+02 5.140252640845070573e+02 9.381235119047618127e+02 1.434395015105740185e+03
2.285652097902097921e+02 2.701254769258720785e+02 3.221816744942196351e+02 3.739855398457583533e+02 4.399264759475218511e+02 5.116078169515669742e+02 8.535789106145251708e+02 1.296195126227208902e+03
2.154921772608125821e+02 2.382403025072674438e+02 2.919165405569007135e+02 3.413138706140350678e+02 4.144933091939546443e+02 4.961903490028490182e+02 8.410571842783505190e+02 1.242795101351351377e+03
2.136032172657252772e+02 2.408441491788321116e+02 2.937330182072828961e+02 3.457747110705596469e+02 3.838850260416666629e+02 4.258898628048780211e+02 7.739828869047618127e+02 1.238692745035233656e+03
2.044653137128072729e+02 2.162206848714953082e+02 2.703740495742092662e+02 2.624239964099216991e+02 3.568482851473922892e+02 4.291607926065162815e+02 7.419985831234256466e+02 1.125420940170940185e+03
1.772938276397515551e+02 1.978063501144164889e+02 2.281934699292452819e+02 2.858132034952606659e+02 3.316101523631840564e+02 3.974382250580046048e+02 6.915505806845965253e+02 1.105959219858156075e+03
1.747013739224138078e+02 1.831455381944444412e+02 2.200505231277533369e+02 2.644747557548179770e+02 3.267419059684684726e+02 3.754550602064220470e+02 6.663861508810573469e+02 1.058878599114064173e+03
1.515291100201409904e+02 1.720843310335497733e+02 2.259340659340659272e+02 2.754560895647321104e+02 3.294835597826087223e+02 3.722118279569892252e+02 6.324685435022026923e+02 9.652530219780219340e+02
1.556080366035856457e+02 1.782842600108225213e+02 2.113455477150537547e+02 2.454972969409282371e+02 3.098686755952380736e+02 3.406561549188641038e+02 6.587868257261410463e+02 9.108422445738486886e+02
1.532883300781250000e+02 1.586608398437500114e+02 1.861714118083003768e+02 2.203385113856589044e+02 2.700631878930817606e+02 3.255746811224490216e+02 5.891662924151696643e+02 9.047091596430341269e+02
1.249431475903614484e+02 1.487067901234568126e+02 1.779963568652849517e+02 2.065463056680162026e+02 2.571822240259740511e+02 3.251152155587668631e+02 5.548316231343283107e+02 8.864884642688120948e+02
1.181474062203228925e+02 1.442256673177083144e+02 1.518267074092741780e+02 2.131697467672413779e+02 2.604646461575875378e+02 3.079293154761904816e+02 5.104637476459510026e+02 8.258126160631383073e+02
1.193443992773261044e+02 1.385447443181818130e+02 1.604596449908088118e+02 2.190791637406367158e+02 2.543503645833333451e+02 2.975819307461406424e+02 5.421351004464285097e+02 7.626026386404292907e+02
1.220049839596700281e+02 1.373802927687713407e+02 1.758229513311148082e+02 2.030896226415094361e+02 2.484306675627240111e+02 2.855136683303085192e+02 4.610973413379073804e+02 7.407477765726680445e+02
1.167362357705779345e+02 1.253464133522727337e+02 1.470588651050080955e+02 1.846426625000000001e+02 2.198441380380794783e+02 2.866628421900160788e+02 4.495730187908496873e+02 7.005978370221328078e+02
9.568854127447289670e+01 1.181590132636655994e+02 1.382528491130363193e+02 1.696699538934426243e+02 2.168419029552715642e+02 2.622018540669856748e+02 4.561647681451613039e+02 6.889572274397713727e+02
1.007921327367636053e+02 1.103748631568471410e+02 1.451038446676970466e+02 1.711513734076433195e+02 1.974290540540540633e+02 2.453181773301737678e+02 4.507172098569157583e+02 6.542148705255141294e+02
9.367466678674351499e+01 1.061668284161490590e+02 1.271334693030973426e+02 1.511636768335684167e+02 1.941101150038819867e+02 2.351558016499282644e+02 4.216418304221252242e+02 6.182371601208459424e+02
9.025822953736656018e+01 9.650352764423077190e+01 1.189233319256756829e+02 1.642328464673912833e+02 1.760868923611111256e+02 2.366188524590163809e+02 3.894925764580369787e+02 5.861788808664259705e+02
8.188371415376495577e+01 9.101271325459318007e+01 1.127664424514200334e+02 1.343626036352040671e+02 1.846015736766809709e+02 2.179388774671052715e+02 3.696665197461213097e+02 5.639206896551723958e+02
8.026411376452495006e+01 9.330380364109232971e+01 1.132383871104336066e+02 1.321883979885057556e+02 1.591665843214756251e+02 2.152107553155006769e+02 3.769354166666666401e+02 5.603352138767261295e+02
7.032512604311543214e+01 7.916983097484276755e+01 9.768204428754813762e+01 1.221939675632911388e+02 1.615410840633423390e+02 2.020194679054054063e+02 3.216246342652796102e+02 5.554842169657422346e+02
6.714976000816993462e+01 7.904535346441947752e+01 9.140065199209246316e+01 1.226419009108040257e+02 1.482593093325092468e+02 1.911808608058608172e+02 3.219118594720496844e+02 5.186106140080222531e+02
6.665150408878504606e+01 8.576726040353089786e+01 8.917252440176322636e+01 1.161300007783312509e+02 1.498936217064950824e+02 1.869992806905370912e+02 3.256024890761548249e+02 5.014035469819539230e+02
6.349446413531724431e+01 7.803093415576694269e+01 9.286267149390243958e+01 1.110917255594817306e+02 1.386428389953542251e+02 1.767410254576658986e+02 3.099126096491228282e+02 4.763177827380952749e+02
6.101930042613636118e+01 6.687443043742405280e+01 8.703325529907084501e+01 1.098942171574178985e+02 1.328830498177399591e+02 1.593981718933176808e+02 2.839608930602958026e+02 4.589075959566363849e+02
6.283191636029412308e+01 6.984991440850815536e+01 7.393850676546391298e+01 1.047796949052132760e+02 1.308714133900106162e+02 1.636978211009174515e+02 2.824069783573806944e+02 4.421558233491223291e+02
5.468710332041688815e+01 6.301004756145396613e+01 7.910626991599072255e+01 9.595370609504132631e+01 1.224335674157303515e+02 1.565970180801248830e+02 2.699303097345132869e+02 4.132503381119826713e+02
5.703808593750000000e+01 5.958352633248730967e+01 7.556134013785791126e+01 9.323284445640473450e+01 1.066793143419715619e+02 1.586047453703703809e+02 2.755097656250000000e+02 3.949918386001567114e+02
4.861295295877659584e+01 6.195961840452262237e+01 6.475088796111664635e+01 9.156064672801636561e+01 1.050999080882352956e+02 1.400874176798378983e+02 2.504450117065557038e+02 3.830030729833546275e+02
4.927008098778544820e+01 5.691597664046905436e+01 7.047002487562188833e+01 8.823513833499501402e+01 1.124219508495145590e+02 1.347580544455544498e+02 2.328459362769080201e+02 3.856986736233341730e+02
4.903182656826567865e+01 5.312551347979552219e+01 6.923694834812623355e+01 7.831669391957363757e+01 1.060250886741682876e+02 1.297539441747572653e+02 2.306407798562933635e+02 3.500634886833779547e+02
4.319167456512042946e+01 5.021240834910123141e+01 5.917040178571428299e+01 7.664499882186616730e+01 9.837220106186518365e+01 1.205765985023041509e+02 2.225911771507863079e+02 3.531032633897519304e+02
4.092451002734730992e+01 4.734288568606321945e+01 5.904301910681400045e+01 7.584175857843136725e+01 8.879831356232294581e+01 1.214307721622889318e+02 2.088089713188798555e+02 3.377969661610268304e+02
4.133932972419140128e+01 4.643922610124538863e+01 5.698482105373635420e+01 7.284657343897823978e+01 8.910715614370748483e+01 1.182673394290811757e+02 2.059648299469964741e+02 3.294517279821627653e+02
3.955094422485726824e+01 4.700194482795242124e+01 5.545890269886363910e+01 7.151282970183486043e+01 8.522133533001807848e+01 1.125707567804024478e+02 2.079795620035304466e+02 3.129342546516659240e+02
3.820746972364489835e+01 3.915172462214052729e+01 4.883708718803787008e+01 6.802374224290780091e+01 7.812540197095435701e+01 1.070080372250423011e+02 1.887309415236051393e+02 3.026168110735418395e+02
3.607743160275742866e+01 3.435853109656301285e+01 4.470957657148726128e+01 6.376361823505654769e+01 7.971741373835732247e+01 1.015864394563426742e+02 1.839065860215053760e+02 2.929033298647242418e+02
3.272747061965812065e+01 3.616780456978588632e+01 4.604645128167062040e+01 6.041534125610749584e+01 7.373297371031746650e+01 9.631869568512529156e+01 1.773819069744204455e+02 2.791621913270427626e+02
3.169711493003025637e+01 3.726944721115538073e+01 4.368838245458135816e+01 5.323871867658574786e+01 7.048544520547945069e+01 9.122053818074191156e+01 1.782820756605284203e+02 2.654386255689689165e+02
2.904258905559646564e+01 3.420482998830865284e+01 4.311743145003903521e+01 5.406129294448757605e+01 6.347635519332828125e+01 8.896934865900382761e+01 1.558506878782148419e+02 2.495370520396492680e+02
3.010509557755176147e+01 3.193664128554957671e+01 4.196672691231343322e+01 5.056252227369921570e+01 6.741996063931297556e+01 8.670113324175824232e+01 1.589866470917225740e+02 2.499307237332339753e+02
2.630844483137829926e+01 3.448305398814078160e+01 4.017640141752577421e+01 4.802899709302325704e+01 6.767001802039381175e+01 8.267102800416982689e+01 1.568856498194945743e+02 2.419044562626077379e+02
2.470945141136281720e+01 3.154921124828532086e+01 3.924119971264367734e+01 4.690282271798364633e+01 6.293748262601926768e+01 7.984506107562154398e+01 1.459745571221981209e+02 2.325977280923187891e+02
2.728425459526334507e+01 3.021561871648793485e+01 3.548409442555787763e+01 4.443503494480057014e+01 6.045912322274881490e+01 7.815040428321678689e+01 1.429316528066528065e+02 2.141876399655469356e+02
2.479052990556138525e+01 2.971653365060647189e+01 3.586368302090245663e+01 4.255495443589310156e+01 5.605788741438356482e+01 6.976405919195484273e+01 1.320818301151761602e+02 2.156830026899798156e+02
2.342861056857638857e+01 2.587857922709294556e+01 3.201117780459387774e+01 4.191155484778292362e+01 5.574823288690475920e+01 7.012204501295336456e+01 1.287634150896414269e+02 2.040090016708437872e+02
2.149540935325743263e+01 2.521426514154048704e+01 2.864295590049341911e+01 3.868465293970686503e+01 5.190893111987911368e+01 6.776737491716367856e+01 1.274081966534128583e+02 1.951915130062561730e+02
2.157467823861900413e+01 2.314507420366795287e+01 3.049093690210458973e+01 3.948928373893805599e+01 5.218038375845113563e+01 6.635753044971892223e+01 1.227110457336272020e+02 1.873720574387947408e+02
2.013694121249234570e+01 2.299863468450479331e+01 2.735854105430074412e+01 3.452358553636918970e+01 4.788461462294042548e+01 6.171121755253398788e+01 1.145355730459057071e+02 1.756622161315583526e+02
1.922453205273496479e+01 2.283494277180885135e+01 2.781883452119883060e+01 3.547365710509950532e+01 4.575009229178971992e+01 6.136921953914141881e+01 1.157219178592725086e+02 1.770530570027581803e+02
1.886861869944577563e+01 1.938113839285714235e+01 2.275557966522008613e+01 3.581540113304093609e+01 4.222106265547263604e+01 5.604242093589009244e+01 1.094008300485142513e+02 1.705336709047900854e+02
1.977365619416319475e+01 1.973031053907586951e+01 2.472087405192531762e+01 3.002043017782426659e+01 4.023652046989307962e+01 5.577582285502958825e+01 1.043595950704225430e+02 1.589759594496741499e+02
1.811283941777842088e+01 1.736572155403498741e+01 2.417742761299435017e+01 3.150445491745943016e+01 4.032401029582366192e+01 5.182892811250714260e+01 9.882642371060171627e+01 1.539582266325223827e+02
1.511290765806685954e+01 1.861708157512451578e+01 2.235290486878453109e+01 2.927263172645739786e+01 3.993717899777901437e+01 5.280136664345403830e+01 9.744705535516092709e+01 1.506089017782717292e+02
1.600309214466329522e+01 1.854445550554016720e+01 2.159770346840659272e+01 2.793906033587257909e+01 3.741387152777777914e+01 5.151998213790233194e+01 9.074329251513483996e+01 1.418581757508342491e+02
1.442042988989637209e+01 1.783250613569122933e+01 2.110973069802523483e+01 2.675989526659412476e+01 3.325856997808148918e+01 4.848856085526315951e+01 8.657131666666667513e+01 1.345645808162169317e+02
1.480746822033898269e+01 1.609035773026315752e+01 2.058780147821576634e+01 2.592442077727952210e+01 3.564617744018487855e+01 4.837689381326584481e+01 8.931581340956341819e+01 1.309221146347803426e+02
1.426940645600912738e+01 1.445189540952890894e+01 1.790803438430982908e+01 2.611177494591671433e+01 3.212519117368819366e+01 4.533342461340206597e+01 8.479661686886939265e+01 1.265703850619194952e+02
1.348781441521961177e+01 1.542188452279375888e+01 1.806078607561235572e+01 2.309915573372206055e+01 3.189145855125522644e+01 4.518173196517413004e+01 7.979309744044601871e+01 1.233965123652504730e+02
1.177160717627245390e+01 1.456568193091630725e+01 1.764486009732360117e+01 2.219925686954288579e+01 2.950493508704405698e+01 4.043506026676456599e+01 7.578547045680238625e+01 1.160641590881159999e+02
1.084810278951292162e+01 1.290008327568575552e+01 1.759355271464646364e+01 2.219481160287081423e+01 2.907665631151574814e+01 3.992554468242245491e+01 7.293611550632911644e+01 1.104893536467167507e+02
1.190314596928096513e+01 1.254332718867041230e+01 1.640787591434639126e+01 2.098770091384579217e+01 2.797175994655582087e+01 3.674364519367028947e+01 7.157475562796209090e+01 1.092560918462980339e+02
1.172273370606128928e+01 1.211369747465817959e+01 1.394349331405589609e+01 1.911042760441246102e+01 2.671891435834502104e+01 3.814751328558225651e+01 6.849807080584353969e+01 1.085896707028942672e+02
9.991879990440846626e+00 1.203495504640371294e+01 1.473858518934162198e+01 2.006471101685133718e+01 2.612885529127305517e+01 3.549633675719591253e+01 6.832331027890238317e+01 9.923465138984609268e+01
1.003998111074343669e+01 1.185726468547641055e+01 1.444188352400811404e+01 1.895950135329209019e+01 2.405475596748154743e+01 3.395135573934280870e+01 6.301884482563406209e+01 9.336206605049594032e+01
9.990963917103538705e+00 9.255529008795669199e+00 1.226133851747255221e+01 1.759553050695378928e+01 2.448926160252263884e+01 3.226520082331997941e+01 6.272494448656845378e+01 9.211434060824853987e+01
8.979262143249176376e+00 9.859001451502733104e+00 1.371527540927694311e+01 1.628078425480769198e+01 2.492198432641048456e+01 3.270082127098579150e+01 5.868420323581560183e+01 8.655902400608297853e+01
8.602781009306804449e+00 9.926012273531862107e+00 1.137157686096992748e+01 1.611606565329883622e+01 2.159852768112975951e+01 2.927693499472573890e+01 5.623633555133079653e+01 8.990295633234168804e+01
7.884660164686825290e+00 9.250759907905628410e+00 1.159829569001243144e+01 1.650663045163290477e+01 2.272198761261261168e+01 3.124086712430821677e+01 5.866678231043150049e+01 8.194846709218373348e+01
7.541388191118284290e+00 8.011974365630065265e+00 1.055972613428745355e+01 1.461518009967780962e+01 1.818137220130004295e+01 2.798715800702811407e+01 5.272505460178788894e+01 7.684562972292191319e+01
7.833305194007857963e+00 9.192770035945727614e+00 1.115692783999192805e+01 1.542925876524390283e+01 2.045616528614457863e+01 2.704777041547277960e+01 5.232801127173473077e+01 7.612750963293450468e+01
7.884734983294595878e+00 8.400617804684397782e+00 1.069539273308497762e+01 1.364429696871251529e+01 1.905079333430007793e+01 2.679005204261141415e+01 5.035830517462510159e+01 7.583085829036096470e+01
7.410807539493719176e+00 7.923032812500000688e+00 9.486261190797073084e+00 1.324392558845861956e+01 1.672005519836523035e+01 2.547603487145049783e+01 4.575426575792729977e+01 6.905696832798989249e+01
6.802206915856679359e+00 7.767893243374902390e+00 9.534118989058477212e+00 1.290816114693239669e+01 1.710273203592814539e+01 2.527905216082615425e+01 4.587839351764036877e+01 6.689843601895734082e+01
6.648192714231785594e+00 7.308642488532109738e+00 8.742129037022449367e+00 1.183358777974890863e+01 1.722852528290224328e+01 2.385791774611398708e+01 4.463110194884862381e+01 6.568718572106261888e+01
6.149155346315298587e+00 7.180146603896687907e+00 9.198185580340867418e+00 1.100892258713136762e+01 1.686907202060931965e+01 2.211692794850498345e+01 4.306581886574073792e+01 6.232374644788706775e+01
5.421777561895011033e+00 6.742259524132321324e+00 8.457156036880833838e+00 1.109685342315279755e+01 1.436079758336455647e+01 2.359067887931034235e+01 4.366007658867443553e+01 6.071170089245059387e+01
5.387563653178662371e+00 7.045640170172168482e+00 7.940299060041129842e+00 1.036767560742257110e+01 1.411979905961674930e+01 2.040942522321428498e+01 4.163321664288262269e+01 5.790347492481868130e+01
5.048698989996565523e+00 6.011872944078946901e+00 7.701818817768450565e+00 1.053533905815066163e+01 1.420785736169467839e+01 2.002720320767195972e+01 3.870369711370006627e+01 5.684143152250351960e+01
5.492118946169422422e+00 6.144475270884306006e+00 7.148496086937565330e+00 9.706332127871023729e+00 1.357734614239537230e+01 1.970663982888926569e+01 3.840055888180565091e+01 5.616432773291656133e+01
4.870613295090264749e+00 5.214641702586206407e+00 7.427358799650527921e+00 9.233161138930102041e+00 1.295036120840630467e+01 1.771735682441700988e+01 3.605246060924369544e+01 5.179136115610879187e+01
4.529529634151345796e+00 5.685210940187478634e+00 5.975105825691763073e+00 8.636788218194254796e+00 1.274354068683100749e+01 1.918302713485962485e+01 3.522866157422783573e+01 5.109929280551632047e+01
4.550144726110835869e+00 4.963895836654973692e+00 5.964311320955132167e+00 8.962685725457170349e+00 1.208471753396511161e+01 1.703658623935821836e+01 3.484861565710971121e+01 4.724600868607780768e+01
4.663690567016601562e+00 4.423646481912042461e+00 6.041042822012629543e+00 7.550565307255675762e+00 1.139493886940416090e+01 1.759267276095360799e+01 3.147364222061656847e+01 4.513628184391427567e+01
3.924464428518700920e+00 4.695560762782733377e+00 5.834458368121819838e+00 7.701405149295548647e+00 1.005886526639344325e+01 1.514670097275487315e+01 3.050535597914630159e+01 4.544160960275508643e+01
3.999475581983805483e+00 4.368237266718506540e+00 5.990266522709627672e+00 7.256964781134402465e+00 1.067837617633446534e+01 1.562542330085551257e+01 2.926201960104744515e+01 4.173145625778331436e+01
3.735140531855439594e+00 4.277680621497509605e+00 5.308733129072292556e+00 7.073612565573128563e+00 9.778962261405958145e+00 1.521010832055214834e+01 2.930905165676773905e+01 4.193821281713088922e+01
4.106790325598802305e+00 4.231170207698170316e+00 5.109498116202569662e+00 5.866438437215995449e+00 9.130567811375899012e+00 1.380170155207701654e+01 2.778491819273491359e+01 4.066354466858789607e+01
3.305033134862114697e+00 4.093739830589586681e+00 4.815400024195950479e+00 6.739784494661265946e+00 8.574707482109879209e+00 1.398926568565243400e+01 2.865845070422535557e+01 3.812533408717104777e+01
3.012753546568985641e+00 3.636535366340017728e+00 4.454168776437481547e+00 5.988636257123574502e+00 8.766979704069933987e+00 1.319332564026206178e+01 2.695742370035046420e+01 3.815464968918819011e+01
3.141231553503925245e+00 3.584140384143777780e+00 4.728324890136718750e+00 6.183085008493772072e+00 7.682869286894272953e+00 1.287199884292739327e+01 2.482244442022668096e+01 3.453213475253944154e+01
2.925360430954422331e+00 3.243942958017942413e+00 4.742600532427225346e+00 5.733293531659389153e+00 7.493116986056613804e+00 1.309926109238977787e+01 2.438760972737653532e+01 3.627967380850608947e+01
2.694329383389261423e+00 3.148870529804208562e+00 4.133655944483240141e+00 5.373338092068385308e+00 7.042244809610967771e+00 1.162826966758003877e+01 2.268846436932463106e+01 3.266899372399689838e+01
2.525823665790221551e+00 3.031449640754847685e+00 3.507106303640642242e+00 5.077683395677473399e+00 8.011302140599230626e+00 1.174372171557871702e+01 2.235680621014693514e+01 3.371187365721810636e+01
2.492980057429292184e+00 3.099947787747524774e+00 3.504568101013881609e+00 5.119115502702517695e+00 7.190335250686812785e+00 1.100614711934156453e+01 2.257743074602304034e+01 3.243099640887739099e+01
2.625451753733809124e+00 2.818685694330880231e+00 3.815226192702665831e+00 4.532310267857142527e+00 6.630646896771168031e+00 1.037505872483221303e+01 2.159031879194630577e+01 3.246847236351305810e+01
2.374913058064938465e+00 2.650802781342880277e+00 3.542492822070572256e+00 4.528047097003358168e+00 6.864901324636901059e+00 1.000442088293650933e+01 2.000081388815441485e+01 3.048329150322451753e+01
2.187460922074502712e+00 2.496700398489932748e+00 2.956543711948249609e+00 4.679104887192650608e+00 5.970019580998471298e+00 1.063242271777238379e+01 2.002946492396672440e+01 2.883683584781896059e+01
2.361335156049112705e+00 2.474355645770392798e+00 2.998373782872835847e+00 4.401562206737987815e+00 6.476780945001319623e+00 9.450748730566699507e+00 1.908560171919770809e+01 2.751826481267270808e+01
1.973026018828991646e+00 2.566908104808414581e+00 3.190896027703732152e+00 3.659876870627105649e+00 5.793839604672483823e+00 9.647725814729279037e+00 1.934018577188940213e+01 2.728516392533434498e+01
2.024749646700945593e+00 2.429686527570326326e+00 2.937245117187500032e+00 3.480664497494431853e+00 5.888803010554425121e+00 8.173291519768319802e+00 1.830253719864390050e+01 2.492939931188336899e+01
2.011749928734321458e+00 2.099597894470977444e+00 2.680244784012980830e+00 3.356381434278989051e+00 5.503179195163654391e+00 8.254658148328861245e+00 1.703785067908063056e+01 2.421887888581101933e+01
1.840111825980392357e+00 1.926280639409552187e+00 2.889884772349975428e+00 3.541994583972392974e+00 4.872277316916093781e+00 7.910724573368210777e+00 1.692384148949168932e+01 2.457739876626153119e+01
2.046325097679114968e+00 1.907921620141583841e+00 2.257411858974359031e+00 3.508434419836628848e+00 4.634756333254044236e+00 7.274253165897405893e+00 1.539677835829910535e+01 2.320458425687413850e+01
1.579915651638742036e+00 1.930133455659806208e+00 2.354414154846335538e+00 3.265973414939450592e+00 5.041762588166144532e+00 7.447756015962553988e+00 1.618285562632696539e+01 2.260894048115286026e+01
1.544038421816506856e+00 1.725005884594691619e+00 2.383419209747210221e+00 2.842247163184437930e+00 4.572737686139747737e+00 7.148165464176109651e+00 1.475204876421443601e+01 2.241798642533936814e+01
1.442642905975813905e+00 1.552898756756565524e+00 2.003090317037610202e+00 3.081513764796669719e+00 4.054460156986333885e+00 6.407842520748067372e+00 1.351420992972941448e+01 2.136275330523641713e+01
1.342244860102581816e+00 1.556849577127956241e+00 2.136625596184419607e+00 2.929067965166284537e+00 4.143595322986577401e+00 6.609051040952707901e+00 1.422887731481481488e+01 2.039091815031832766e+01
1.532851308818502956e+00 1.580224059508727574e+00 2.054844953409602049e+00 2.556824214326161027e+00 3.701369640054223531e+00 6.499886838928812693e+00 1.288681107954545446e+01 1.841165848378516046e+01
1.299333992888277001e+00 1.529761444943419146e+00 1.665185729671327941e+00 2.357268697138620084e+00 3.916786108048511572e+00 6.142796840005599002e+00 1.303838539375275118e+01 1.879025888471938543e+01
1.341238435994378975e+00 1.531270736562707402e+00 1.442513636644852770e+00 2.551111453031644327e+00 3.796530228712761357e+00 5.992789575158054660e+00 1.258960935776527634e+01 1.754618529363018453e+01
1.367651516903679365e+00 1.256027624094790296e+00 1.692415950407903269e+00 2.365500363962621755e+00 3.388561421845325938e+00 6.077403321155091298e+00 1.212531276760864962e+01 1.662699774750616655e+01
1.190628718270756226e+00 1.225214419157608647e+00 1.368603044614147723e+00 2.154230938089746417e+00 3.287410704584963206e+00 5.334475900991424879e+00 1.181628550682157197e+01 1.733448039346895087e+01
1.128245447486370345e+00 1.333295148452689594e+00 1.395233595499898227e+00 2.019358715459094622e+00 3.260399682971014457e+00 4.909396884910147918e+00 1.114084976112977721e+01 1.612825270234642616e+01
9.799380229162281131e-01 1.307921580938453676e+00 1.418389028131705976e+00 1.933924597537878709e+00 2.785530688652500864e+00 4.503729726132349676e+00 1.080763001824817415e+01 1.572702700057420167e+01
9.433732297984990245e-01 8.778664923533873177e-01 1.244969480653838056e+00 1.833806799432418089e+00 2.649270096056622670e+00 4.704684558187461896e+00 1.053688631162887468e+01 1.472306023465058011e+01
1.118462669136597976e+00 9.419484914602102021e-01 1.510509115363491084e+00 1.674177741739432568e+00 2.674721448689845182e+00 4.315680586169776234e+00 1.013587349662842207e+01 1.376957201189696001e+01
9.935053483480401626e-01 8.764923607988608367e-01 1.091394349238351325e+00 1.800967018776392647e+00 2.643443718944489262e+00 4.201285762098374121e+00 9.340572510497899827e+00 1.333545931134577778e+01
8.451209799757282148e-01 9.708578510648885329e-01 1.233236555813837176e+00 1.660989490493167020e+00 2.349633009323546684e+00 4.328893034825870068e+00 9.505002348230176423e+00 1.353952913956978499e+01
8.392716016859852468e-01 9.792535639062193153e-01 1.144895243211564662e+00 1.496205167950324322e+00 2.260071152231286185e+00 3.782064533662301997e+00 9.424718688845400649e+00 1.245252130681818237e+01
7.883424234894295113e-01 9.409866034284455338e-01 1.005633273392166238e+00 1.533078623007968044e+00 2.192622166053921351e+00 3.722268376927837075e+00 8.797249747158543798e+00 1.219832374843101341e+01
6.168115703474269518e-01 8.024635515597603463e-01 9.699037409076166627e-01 1.502897869912225071e+00 2.101109311960499326e+00 3.534829646856053387e+00 8.104039169480397931e+00 1.095598830196340678e+01
7.588517935563247052e-01 9.673851299496413203e-01 1.066760008633597323e+00 1.369597459459771072e+00 1.968705194991397400e+00 3.436683048875990298e+00 7.621159882062013224e+00 1.111363329021636837e+01
6.818121696516566965e-01 8.652450907553036474e-01 9.517386056167196351e-01 1.348559418558108902e+00 2.093791419104205076e+00 3.445728918928371520e+00 7.515359972041006920e+00 1.105336486158048181e+01
6.778772164389724741e-01 7.936345637985238177e-01 6.242082830060992071e-01 1.219669043864678892e+00 2.014616484534764940e+00 2.857826394034827633e+00 7.247120989150507064e+00 1.088986371404321751e+01
6.211222973382515278e-01 5.329375949460366524e-01 6.986583824143928201e-01 1.122474056550826216e+00 1.761752840909090789e+00 2.955538242947909122e+00 6.765831259010632870e+00 9.759973238911245019e+00
5.690481322635734251e-01 5.915326058767814699e-01 7.753500738697645112e-01 1.048691963677058636e+00 1.540395430113534747e+00 2.808589474644290540e+00 6.564356700450450610e+00 1.027157845786783774e+01
5.495448169808873073e-01 7.105984425412259498e-01 7.625342947002141658e-01 1.056950851741857988e+00 1.698182104513584534e+00 2.822785375519750506e+00 6.348984167404783108e+00 9.205964776251661874e+00
6.284985650302655769e-01 7.650159591731209296e-01 7.324923892634399580e-01 1.039865023316895343e+00 1.450221479769560506e+00 2.584012778457165371e+00 6.731534277549053868e+00 8.225087859598728457e+00
5.338096902887281558e-01 5.759117301307958847e-01 7.393850401342366707e-01 9.085125615438720548e-01 1.573190543969634980e+00 2.551575541370925571e+00 6.122721632722916141e+00 8.203297636913305269e+00
5.003229774834720978e-01 5.393107116915109023e-01 6.440997894212233676e-01 7.569764483091837581e-01 1.400962691161223406e+00 2.286575536211405080e+00 6.015197880622837445e+00 7.801774239400962152e+00
4.799085325959237536e-01 6.379848143559223583e-01 5.940764893159214965e-01 8.538528316277117503e-01 1.331773437499999879e+00 2.199993075677518117e+00 5.268087305447471280e+00 8.067389532061294943e+00
3.912580807601450661e-01 5.750412124314100426e-01 4.988250808323660968e-01 7.710616861710894998e-01 1.118102446056547628e+00 2.097941270742995190e+00 5.525399788455094274e+00 7.672955227678756707e+00
3.979897714804186415e-01 5.206440033350107077e-01 5.202556277028418386e-01 6.582832374357805438e-01 1.234835932382083001e+00 2.075897814783294493e+00 4.893010192560354632e+00 7.101743587632260990e+00
4.569788402827991147e-01 4.446163779810854977e-01 6.056565999670620037e-01 7.741579989142903795e-01 1.033273465829487314e+00 1.970866471460720248e+00 5.055302973815204659e+00 6.841039908398517611e+00
5.053579773825274124e-01 3.803327668095209391e-01 5.030002842995268120e-01 6.340198790447238997e-01 1.050227848872868464e+00 1.993506385421691451e+00 4.245724865122505243e+00 6.327233613223275377e+00
4.565065033014572005e-01 4.222590584042250628e-01 4.857714485006389138e-01 6.781220876048461577e-01 1.219936246991760509e+00 1.640810637966387819e+00 4.309214861089093240e+00 6.580587011468990610e+00
3.084795329478365877e-01 4.272416227409638334e-01 4.514203833474706995e-01 7.379126122565459189e-01 1.131474283954605031e+00 1.625466371690185596e+00 4.296237169655498178e+00 6.154167817270898233e+00
2.618157441867015600e-01 3.505102396378037555e-01 5.172065372022621732e-01 5.285110880378902642e-01 9.051178466912930265e-01 1.628038466051314082e+00 4.086281538943739022e+00 6.286776441278368210e+00
2.626116398914318806e-01 3.955141901423578910e-01 3.984644877542307118e-01 4.973068273594815625e-01 1.017448216685867823e+00 1.566977069230916397e+00 3.980281982421875142e+00 5.305155101505074633e+00
3.025400485833042996e-01 2.978738712651285425e-01 3.476345436722424465e-01 5.346650157336709785e-01 7.342656382742508425e-01 1.517074388012830344e+00 3.918417799016618464e+00 5.164311237589866543e+00
3.132479599663973158e-01 3.271334315682434268e-01 3.381189767140735380e-01 4.891940758627156827e-01 7.685049045333257611e-01 1.333862452293681944e+00 3.705038599910058572e+00 5.114620694997371153e+00
3.991947796983522645e-01 3.383217887672465007e-01 4.462425664863752250e-01 4.723716037228014586e-01 7.580048151884261065e-01 1.285721904375559665e+00 3.423073562197702202e+00 4.841950953230654164e+00
1.653976418141067661e-01 2.620789354626635315e-01 2.673264234669546768e-01 4.652303029705817106e-01 6.476258800732294096e-01 1.320788808236736500e+00 3.452362455016157128e+00 4.726699769711235177e+00
2.838655396038706757e-01 2.734213809231268444e-01 1.392513436644616798e-01 3.694527451146168429e-01 6.350134603347551421e-01 1.171151990088346917e+00 3.382433130393447396e+00 4.456871650269813578e+00
2.497073299466984753e-01 2.228253369205450973e-01 3.399233072366335540e-01 3.441972659088431974e-01 6.075296044755604807e-01 1.187197883558015477e+00 3.217845146572783754e+00 4.519798086079270583e+00
2.195938154325018099e-01 2.734216741467198619e-01 2.685776196278245598e-01 4.261125390291417570e-01 4.541672624222181653e-01 1.047713815497729462e+00 3.136498423644424882e+00 4.308360559948842372e+00
2.234186656960633621e-01 2.233262228426772522e-01 3.132374057493975128e-01 2.624896545279795101e-01 6.511036203354260143e-01 1.221543888810298517e+00 2.979423392097802825e+00 3.907511463829184795e+00
1.982999141268349252e-01 2.210417337257768733e-01 3.336405322538407714e-01 3.747436197733816088e-01 4.330945689990110536e-01 9.441831325568991184e-01 2.691915617527078197e+00 4.044810012328285076e+00
1.997544189264942871e-01 2.077026788875742658e-01 1.905758009431111899e-01 3.271964712338859549e-01 3.779839856069175941e-01 8.954603909465020939e-01 2.719853881515276850e+00 3.771891934027180149e+00
1.222619511921854835e-01 1.498045052551320311e-01 2.225325606283676261e-01 3.428263104385631532e-01 4.918931330579302541e-01 9.318472394891500477e-01 2.730739972337482779e+00 2.976401450954620831e+00
1.520611964384099013e-01 2.453298756538908609e-01 3.049387977335867306e-01 2.827932612223519326e-01 4.628189621588612024e-01 9.005300025642318795e-01 2.263678239562118222e+00 3.301248459020575066e+00
1.937855918815082346e-01 2.084677168829016936e-01 2.239513729669132536e-01 2.647700055988719270e-01 4.070698712659908125e-01 7.927732138798154748e-01 2.177743824334767098e+00 3.055304047208996288e+00
1.822089544697069463e-01 2.140272856891373421e-01 2.057573127275386937e-01 1.934098509834049073e-01 3.518976588031045849e-01 8.203099425236703990e-01 2.029490867471176685e+00 3.144792323128462019e+00
1.900095156053601964e-01 2.177541240800479894e-01 2.138575572895631272e-01 2.872567581292637673e-01 4.015718159355223804e-01 6.473769198229858413e-01 2.115388990931956759e+00 2.630786302617266426e+00
1.298513323559313537e-01 1.499128317032057400e-01 2.543952975820690243e-01 2.850463294855157259e-01 3.588356393476365702e-01 7.296036577787351485e-01 2.128272176790638071e+00 2.967517590518087278e+00
1.201848661013246305e-01 1.474739901281968968e-01 1.565286897171832836e-01 2.272939809424781576e-01 4.203142810802289464e-01 7.261695420867583239e-01 1.712299916392012511e+00 3.005174214301889357e+00
1.480811285633640839e-01 2.558929404582274136e-01 1.954898960286127474e-01 2.612327402597661163e-01 3.643857836341197753e-01 6.718538519909661444e-01 1.642195747360844615e+00 2.416611622869656362e+00
1.362891826586968558e-01 1.080615775665376560e-01 1.299255417792415934e-01 1.694815025686283727e-01 2.840546466906612166e-01 5.603674153852251649e-01 1.647144047118799914e+00 2.295265411911498354e+00
1.148637885120859375e-01 1.888539718402030831e-01 1.902566647619798323e-01 1.438853519335814013e-01 2.815441896049726278e-01 6.746738762004288459e-01 1.655752653819618558e+00 2.198525699704560576e+00
1.484893278879337031e-01 4.713375964058184875e-02 8.808006922955523288e-02 1.638315289732362456e-01 2.288410439807571917e-01 5.353505347970433093e-01 1.548751612317720960e+00 2.485677205354074992e+00
1.264002673048208181e-01 2.783511123304410750e-02 8.614036204777139605e-02 1.590623069458690642e-01 2.304103987640066520e-01 5.236784543523762547e-01 1.496739391467430957e+00 2.384233368063003677e+00
9.861462656048833320e-02 1.400865370492680451e-01 7.359261098244997135e-02 2.055183930018609773e-01 2.371558052880865519e-01 4.840587605784397174e-01 1.326117039021041721e+00 1.821090281051367166e+00
1.115980581256388604e-01 1.352541390975202651e-01 1.506442806391653511e-01 1.177228765531790206e-01 1.929372565210027146e-01 5.083425436856133794e-01 1.375685624098666127e+00 1.986186162670307898e+00
1.002709522983809692e-01 1.755807441260511803e-01 1.088213156474753390e-01 1.653824873681734031e-01 1.983950184705376707e-01 3.764258129680169707e-01 1.144900046368314106e+00 1.920511881510416519e+00
1.275545866593070510e-01 6.944192091548932744e-02 1.541527514187794878e-01 1.503640717678235983e-01 1.758337471570770305e-01 3.714813977455331262e-01 1.223705077894488458e+00 1.727770405924603958e+00
9.762752138939327640e-02 1.530597316217444936e-01 7.789407094619488214e-02 1.568426008459172238e-01 1.974777931096947658e-01 3.939110317178909915e-01 1.125380380453957496e+00 1.603600020351139577e+00
6.816401192420014354e-02 4.709856116098191242e-02 1.262377411571901087e-01 1.210628743092468235e-01 1.683562482132647253e-01 3.355435250573428063e-01 1.146045978320606284e+00 1.716550502742230311e+00
6.118164201421489451e-02 7.015650309860949063e-02 1.510833360697475258e-01 1.187074322485365541e-01 1.776925255661995495e-01 3.665195817407613244e-01 8.316496821912304771e-01 1.517107233507120068e+00
3.825311350187172998e-02 7.720872193374332670e-02 2.707924961128705885e-02 8.806885554629789725e-02 1.996374085091953132e-01 2.943778932679540494e-01 1.066242862304466188e+00 1.242856911122646402e+00
1.580544308086098346e-02 5.366344240446577207e-02 6.585160535147228933e-02 1.019945019920922430e-01 1.543426285745576332e-01 2.920547329876273523e-01 1.206761422016723317e+00 1.505266705620635248e+00
9.135424389872219553e-02 9.306489199074328977e-02 1.083600737107154738e-01 1.058468424846945311e-01 1.836003880231082130e-01 2.691760008654540126e-01 8.960338218439003466e-01 1.509735580266488686e+00
3.112677912072115902e-02 2.825007741371781886e-02 7.733472629975741974e-02 1.448666919789950436e-01 1.072638153683385109e-01 2.698264987048983321e-01 7.633170857670801279e-01 1.101000981303226212e+00
7.618388816087350024e-02 5.801890568294995609e-02 1.113914083634481855e-01 8.178874129498812928e-02 8.347643051759422173e-02 2.675753151296145771e-01 8.418699055435916456e-01 1.166144248951738849e+00
7.142754376253342141e-02 3.802573326790687023e-03 2.717962818170706341e-02 1.299663593242694759e-01 9.510664657252583531e-02 3.100290528414073044e-01 7.449890667459239113e-01 1.290884292626978125e+00
5.281619464500651728e-02 2.620663511206155344e-02 3.481944414130309223e-02 7.743641361553527114e-02 1.243934044471153855e-01 1.745008253568703926e-01 7.152577551047969440e-01 1.071843492885082183e+00
3.626024385590838339e-02 5.575329956409428439e-02 6.047619180822989132e-02 4.887126483184865700e-02 1.050465835893704264e-01 1.585848917543678793e-01 6.509689795600402951e-01 1.111284020334069256e+00
5.946726186053653135e-02 2.645213997444894466e-02 2.091221391629406387e-02 6.513389006617985311e-02 1.292910861778719944e-01 1.745655266623054036e-01 8.043897449844867875e-01 9.440257926109223430e-01
8.336464622386267898e-02 5.345359566285438208e-02 1.468777192386488961e-02 9.901182133432029353e-02 1.241292197247039486e-01 1.443794916828165242e-01 6.897780279513339163e-01 1.011967291344160857e+00
5.692107319401579907e-02 2.642679645472505168e-02 2.856044968277102192e-02 8.227626008988425665e-02 8.174442159772297989e-02 2.017017743071826408e-01 5.906848139463989344e-01 8.470137088902965905e-01
4.895699917960637249e-02 7.393131285402265718e-02 6.689794742010833628e-03 1.004294692761875663e-02 9.157941460373476839e-02 1.827154952630455909e-01 6.303628979057254167e-01 8.770224978811926864e-01
3.180790371277416456e-02 6.232400932412459488e-02 1.061342702268181087e-01 7.572326505480232728e-02 6.597540957916772641e-02 6.628083064851013340e-02 4.941145945718673493e-01 8.494458573271806978e-01
1.576894456122326579e-02 4.469538988928126871e-02 5.909311959086091526e-02 2.700102512690436343e-02 9.981792564288147207e-02 1.410081785746014615e-01 5.621598223113781767e-01 9.166589700454107481e-01
5.500489850975567863e-02 3.969465904961680391e-02 8.682816116898148251e-02 1.255152346756537550e-02 1.199699807867727341e-01 1.367960257727284246e-01 5.493850045244632607e-01 7.814104110118079705e-01
4.326436714924131871e-02 5.223940471379018291e-02 6.214149441675378277e-02 3.690768264410063809e-02 3.393852981926810675e-02 1.509238205214988027e-01 3.578166174510168385e-01 8.615298034784990566e-01
1.368330730475838738e-02 4.418938312357416354e-02 4.445324084175383827e-02 3.936603652011526344e-02 2.003279918259225426e-02 1.403193556417630383e-01 4.580634853328777734e-01 6.678672614499112647e-01
5.598491031828505687e-02 3.576636133581225646e-02 3.957898487122866321e-02 3.852371931883466494e-02 9.006837259127399575e-02 1.419849458798670694e-01 4.541433180408453452e-01 6.675762571208129215e-01
1.080381431150639719e-02 3.616543514195427744e-02 4.658171380110148752e-02 -5.012682876231507566e-03 5.408879529905592787e-02 1.301319645684609616e-01 3.901217048805840082e-01 6.233966877304161214e-01
2.660267348896978509e-02 5.965717783685722808e-02 3.350695364565915713e-02 3.381518220568355965e-02 4.210387839097928103e-02 1.399586387366527629e-01 3.686187714711909313e-01 6.858494178004264086e-01
1.434162571574615179e-02 2.690415513458975158e-02 3.301483393277815370e-02 4.118484070604867125e-02 4.921262688487261505e-02 9.242702174831081419e-02 3.598648996064157113e-01 4.929386379758808334e-01
2.315620926642551758e-02 2.579983876325873601e-02 -1.565257730796304134e-03 5.193248737952341210e-02 9.369998939800568138e-02 5.942886958649286344e-02 4.264813564335111495e-01 6.179759658081704909e-01
1.900909101196418538e-02 1.227883208249817837e-02 -8.773264273252151177e-03 4.841754826778724152e-02 5.749081346259229258e-02 8.417505701033281551e-02 2.904063262557382008e-01 5.243008100878422395e-01
2.831365814377094156e-02 2.527686774012554219e-02 2.615528359400334443e-02 4.527225643191221810e-03 4.589842026978745160e-02 9.900335169234764088e-02 2.650146823867849943e-01 5.875362114276271308e-01
4.818403574898541541e-02 -5.317214459122941717e-03 3.154414513207584592e-02 1.968238460483835717e-02 2.404707665346988987e-02 1.017180145439157829e-01 3.599748864761746492e-01 3.746371092765404254e-01
1.130582943817725131e-02 9.987908756355043036e-03 1.104848899926268342e-02 7.935071832792489621e-03 6.348074683711293908e-02 1.392258397608185094e-01 3.060542644565093506e-01 5.048745333316194683e-01
2.517263439115499657e-02 1.972548536089716031e-02 2.878189328067145419e-02 5.419707077013748153e-02 4.785582395127546684e-02 7.239297212716137853e-02 3.180671258784797950e-01 3.160938618108927178e-01
1.655919156058679315e-02 2.249938009035934092e-02 3.352525257382224511e-02 3.123589789722603857e-02 3.200370150544758208e-02 1.232832566838622523e-01 2.509969840783404793e-01 2.921962789749938394e-01
5.951840215561495645e-03 8.204364507211804255e-03 1.530824293199774082e-02 1.227445371212990480e-02 8.609342940803937222e-03 6.154634306871713256e-02 1.612549152291537502e-01 4.658758692075868346e-01
7.268025536518204870e-03 -3.385246510662754879e-03 3.368715195076935065e-03 2.399255123508460194e-02 4.587017679697829448e-02 5.708948478327059706e-02 1.576248858608094994e-01 4.252314802020693008e-01
1.348482551108619483e-02 5.345131054259182578e-03 8.761769772408105339e-03 9.225640354062404624e-03 2.369307312801080534e-02 6.232933272414110937e-02 1.664029563264421696e-01 3.234507020208619021e-01
5.736375317643193153e-03 1.470240049851353689e-02 -4.355509502050824121e-03 2.761409983915441221e-02 -2.900432920777189401e-03 5.352023289643149245e-02 2.324025912911475700e-01 2.169893317448283454e-01
2.721887624922049442e-02 3.072878579808803533e-04 4.544795386317603686e-02 5.708623483030364314e-03 3.820630737418222178e-02 3.201400824464184502e-02 1.575529694872800923e-01 4.782465633103662461e-01
-5.216887365191644199e-03 5.675812458947993890e-03 9.612156870700796357e-03 1.792342973095744155e-02 6.505841003918041293e-03 3.985450028394815769e-02 1.193128382171737695e-01 3.528706463106019986e-01
1.090261313521845125e-02 2.198565277548997915e-02 -1.122769430668964924e-02 2.553492355444400563e-02 1.427028133738484326e-02 1.342935269196285711e-02 1.385534150721663138e-01 3.782848782189068282e-01
1.295094403375542970e-02 1.332571164990365049e-02 1.975666340901631457e-02 -2.097584954291985271e-02 3.946426374877487486e-02 -2.874638228076045136e-03 6.130562959655597860e-02 2.174247556285815730e-01
1.689454356530329174e-02 -5.256106656843085971e-03 4.356784877379340885e-03 1.707399383660385822e-02 3.789145704514434998e-02 6.969607272256728159e-02 2.025609780886057643e-01 4.044410976917907630e-01
1.302971508567787005e-02 1.667070499209430184e-03 4.024136450982862697e-04 9.326930039316767493e-03 2.164982955648291768e-02 1.626184773874445044e-02 1.181696888859529171e-01 2.284534674133892052e-01
1.910773555091348913e-02 3.117800988014571284e-02 -9.102085209403650012e-03 -2.014266067915388390e-03 -2.025895136222699133e-03 2.925265054214688104e-02 1.493644203068813237e-01 3.588053101739834827e-01
-1.615399517933668828e-03 1.064190902109221279e-02 2.220647312129479106e-02 9.882347085511306028e-03 -2.438988406946952445e-02 6.170621401886330210e-02 7.694525402652022117e-02 2.722836772028905949e-01
5.012064659061830386e-03 -4.571269869571095885e-03 8.099552865273291699e-03 1.611192972525309075e-02 1.950604595638565433e-02 -2.654062423976165375e-03 9.485586407189378066e-02 1.812881354971066783e-01
7.398204226502635462e-03 8.858897155435122364e-03 1.788351445150309152e-02 -1.640218995216134387e-02 1.515598378860450249e-02 3.894801781581838651e-02 1.558417925746847510e-01 1.858826134802697427e-01
1.342086206803728803e-02 -3.672742193617462882e-03 1.289157213898479461e-02 8.672470143221817918e-03 -3.108629843860632319e-03 2.143320954393903438e-02 1.471330942980270950e-01 8.839315591041381481e-02
4.209177993459072530e-03 1.317332478498251663e-02 8.435541008342910957e-03 1.370466541559590620e-02 3.427451401255960511e-02 5.979687745598867565e-02 1.268262492219357773e-01 1.753689274290894662e-01
1.434424379781473963e-03 1.146155446200518638e-02 4.419448319496481654e-04 9.005958943389694377e-04 2.464769438902228091e-02 6.635938840949211388e-03 7.425069043105801680e-02 1.654089176459162813e-01
