nan nan nan nan nan nan nan 0.000000000000000000e+00
1.826563842773437500e+03 nan nan nan 1.106744995117187500e+03 4.556567382812500000e+02 nan 8.087051391601562500e+01
8.640630859375000909e+02 nan nan 8.902553710937500000e+02 nan 6.583555908203125000e+02 7.817399902343750000e+02 6.191894938151041288e+02
8.046157226562500000e+02 nan 6.584845377604166288e+02 nan 8.055499267578125000e+02 9.184082031250000000e+02 7.928221028645832575e+02 7.360999145507812500e+02
9.172705078125000000e+02 4.681999104817708144e+02 nan 6.357781982421875000e+02 nan 6.690512695312500000e+02 2.816600952148437500e+02 4.038006310096154152e+02
6.399827325994318699e+02 5.984443359375000000e+02 5.926312779017856656e+02 nan 6.914424715909091219e+02 6.658656412760416288e+02 6.640478515625000000e+02 7.661931818181818699e+02
4.748512268066406250e+02 6.595809461805555429e+02 6.257793945312500909e+02 4.985390625000000000e+02 4.966834716796875000e+02 5.899595947265625000e+02 3.845946960449218750e+02 4.477036675347221717e+02
3.056821899414062500e+02 5.359755859375000000e+02 4.485590006510416288e+02 3.979524274553571104e+02 4.271522549715909349e+02 5.013650090144230944e+02 5.149084250710227479e+02 4.969399739583333258e+02
3.962796052631578618e+02 4.367374441964285552e+02 3.280614624023437500e+02 4.682954477163461888e+02 4.705327845982142776e+02 4.754757080078125000e+02 4.499741962139423208e+02 3.618847257653060865e+02
3.783541525135869392e+02 3.974523737980769624e+02 3.907541360294117680e+02 4.701723022460937500e+02 3.718148437500000227e+02 3.944183593750000227e+02 3.404469943576388573e+02 3.945245077054794365e+02
3.657480468750000000e+02 3.144469401041666288e+02 3.525631214488636260e+02 3.946732761548913118e+02 4.770012637867646959e+02 3.508644575639204390e+02 3.619087975543478137e+02 3.714833096590909349e+02
3.140964205994897611e+02 3.510599500868055429e+02 3.130445870535714334e+02 2.758170654296874886e+02 2.456035896070075921e+02 2.859983723958333144e+02 3.248307407924107224e+02 2.679032804528060865e+02
3.267923283811475699e+02 2.667938738567073074e+02 2.834659534801136260e+02 3.138527502111486456e+02 2.640616861979166288e+02 3.136259501689189619e+02 2.721397750289351620e+02 3.317328953598484986e+02
2.533631646455223745e+02 2.371761861661585442e+02 2.186553308823529278e+02 2.302747171336206975e+02 2.469707682291666799e+02 2.604962121212121247e+02 2.538105996621621898e+02 2.849181573275861865e+02
2.366775011660447774e+02 2.398415643601190368e+02 2.145225043402777771e+02 2.500779551630434696e+02 2.291426432291666515e+02 2.270011160714285552e+02 2.111246040962838038e+02 2.113365403163580254e+02
1.747276353433098564e+02 2.000383029513888857e+02 2.065978224734042499e+02 2.149731445312500000e+02 2.015113740808823479e+02 1.962099609375000000e+02 1.963044726562499989e+02 2.001873779296875000e+02
1.724391500538793025e+02 1.719181714327830264e+02 1.997563295717592382e+02 1.762035435267856940e+02 1.929821213942307736e+02 1.807214511303191387e+02 1.867482766544117680e+02 1.615932443686548083e+02
1.502668103448275758e+02 1.642602887834821388e+02 1.658620153356481524e+02 1.519040570175438631e+02 1.831710510253906250e+02 1.697171963778409065e+02 1.498746093750000057e+02 1.725368819026104177e+02
1.577093321917808169e+02 1.501384800502231940e+02 1.362732824900793673e+02 1.499230751129518069e+02 1.613671875000000000e+02 1.631302393353174409e+02 1.557427300347222001e+02 1.466636147480237184e+02
1.454449573863636545e+02 1.641522623697916572e+02 1.421168212890625000e+02 1.561602933114035068e+02 1.461403070494185954e+02 1.444437779017857224e+02 1.482689224837662323e+02 1.414527663934426300e+02
1.343283829599056673e+02 1.399622880651595835e+02 1.387992487980769170e+02 1.272386997767857082e+02 1.492343616224314928e+02 1.333895929509943130e+02 1.342537885918674760e+02 1.261779153354632541e+02
1.215304594494047592e+02 1.281815467247596132e+02 1.376249341643258504e+02 1.252717670641447256e+02 1.268779683632425730e+02 1.284135287972383708e+02 1.343116727941176407e+02 1.353888428381962683e+02
1.142982197745901658e+02 1.179209854579207928e+02 1.197098964475235761e+02 1.193707712155963350e+02 1.288339146205356940e+02 1.193957961309523910e+02 1.185147501627604072e+02 1.280855488184079718e+02
1.023285491071428623e+02 1.040174953654661039e+02 1.110003431165540491e+02 1.198952858664772663e+02 1.144393710609243584e+02 1.123285119398584868e+02 1.115289199561403422e+02 1.133916432584269813e+02
1.023272553066037744e+02 1.012038445723684106e+02 9.583727000584111977e+01 1.099597362417035384e+02 9.804769461495534699e+01 9.714490874474789450e+01 1.062686660498903422e+02 9.456327049885321401e+01
9.437575649207747119e+01 8.628766406249999932e+01 9.165711474236640299e+01 9.564761178861789404e+01 9.098088218521897375e+01 8.845218628875969102e+01 9.249979400634765625e+01 8.763996794131237777e+01
8.070935058593750000e+01 8.505708952872983275e+01 8.519805270522387275e+01 8.336238876241722551e+01 8.922964719742063266e+01 9.040922816932624073e+01 8.174435604319852189e+01 8.624038130733944740e+01
7.748157947284344971e+01 8.082591247558593750e+01 7.367709085982659190e+01 7.906007695018796255e+01 8.232692885539940164e+01 8.222499999999999432e+01 7.839977952453988053e+01 8.151452991452991625e+01
7.603140677257525226e+01 7.510664062499999716e+01 7.611028180803570820e+01 7.465961502259035854e+01 7.626164899553570820e+01 7.222366314052794678e+01 7.372007627744932279e+01 7.129485907355305585e+01
6.670538403614457934e+01 7.510764004321808329e+01 6.979989346590909349e+01 7.534329972866767378e+01 7.026180653089888040e+01 7.102241237914364547e+01 7.166001918859649322e+01 7.441047944900142852e+01
7.231380406821647000e+01 6.857237810863874472e+01 6.525950168918919303e+01 6.719262164572010931e+01 6.706866629464285268e+01 7.045611423399390105e+01 6.493122287326389142e+01 7.032556018200550341e+01
6.418416432584270126e+01 6.777484255420917236e+01 6.638802405631187753e+01 7.072531786151961342e+01 6.381219988567072932e+01 6.663254096798780779e+01 6.261364985447303866e+01 6.617748805732483675e+01
6.172772930194805241e+01 6.426096391908211558e+01 6.030867866847825809e+01 6.193465415877525970e+01 6.256079101562500000e+01 6.190774936868687206e+01 6.033958268873762165e+01 6.093739429581795974e+01
5.760674546807359064e+01 6.291298146802325419e+01 5.806977048444975509e+01 5.635386082848837219e+01 5.807829879502118331e+01 5.840686145129504325e+01 6.471997177863437400e+01 5.806083995561283473e+01
5.372424340483235028e+01 5.095771575642523032e+01 5.627166506057269402e+01 5.687544353834661592e+01 5.309906431686046346e+01 5.609831262807377072e+01 5.380047686688311614e+01 5.128919173559231837e+01
5.081298828125000000e+01 4.972336647727272663e+01 5.127466159396701073e+01 5.331605843321917604e+01 5.066742582355595914e+01 4.855071118273542652e+01 5.221727941176470722e+01 4.721900467026078019e+01
4.910185808788313722e+01 4.784322102864582860e+01 4.715289306640625000e+01 4.738790125425170174e+01 4.846022106986899303e+01 4.655392756932218390e+01 4.380074325145914571e+01 4.687631478658536821e+01
4.332935656431334337e+01 4.660874348958333968e+01 4.431120272140221061e+01 4.468764527376033158e+01 4.655311721345515252e+01 4.869380580357142918e+01 4.746242098043892810e+01 4.559052003494138461e+01
4.196436264935661598e+01 4.375459309895833826e+01 4.155941958902732836e+01 4.027408005903909327e+01 4.158883255762411579e+01 3.957540994162087600e+01 4.133775775935374241e+01 4.288461614276702960e+01
3.953306606359649322e+01 4.188684724506578760e+01 4.174378982099514701e+01 3.959977160525244244e+01 4.060033463965798006e+01 4.113785652281745797e+01 3.924983410957531760e+01 3.876241663298301887e+01
3.796658370206489508e+01 4.079246530473601950e+01 4.083964720911949797e+01 4.014025654236963447e+01 3.867860173722044692e+01 3.929906584087170529e+01 3.935128605769230603e+01 3.916803007260596559e+01
3.664170331529093971e+01 3.754260637775157505e+01 3.865367140294561921e+01 3.776911004892172485e+01 3.734506683781869896e+01 3.682364106514084767e+01 3.720874604724701840e+01 3.709429286253776326e+01
3.513890952797202516e+01 3.398091728742732442e+01 3.715373238800577838e+01 3.464039906008996894e+01 3.614947954628279803e+01 3.600165264423077360e+01 3.514957227653631122e+01 3.440166166286816463e+01
3.346875255979685448e+01 3.279122569949127808e+01 3.518088396640435889e+01 3.331605788559941317e+01 3.521918293450881521e+01 3.433206463675213627e+01 3.361778652545103085e+01 3.200119826858108496e+01
3.207329609274710691e+01 3.327971031021898085e+01 3.355488171831232336e+01 3.187054250304136360e+01 3.333146158854167140e+01 3.218152629573170742e+01 3.165101066468253777e+01 3.238212433936578805e+01
3.125999049967658650e+01 3.036470958674065201e+01 3.210380075273722866e+01 3.033649844973890453e+01 3.021908659297052324e+01 3.075930304276315752e+01 3.111069348236775767e+01 2.957214877136752307e+01
2.894038237577639805e+01 2.814739166189931296e+01 2.843005140772405426e+01 2.912129276510663800e+01 2.805448830068407773e+01 2.947903902624709715e+01 2.904903107808679863e+01 2.860901023197399340e+01
2.764923125769704626e+01 2.759542751736110944e+01 2.745585034072136921e+01 2.768788476980728319e+01 2.808777625281531343e+01 2.751861740252293842e+01 2.770352078744493696e+01 2.790688590116278789e+01
2.570354198136958601e+01 2.460994571834415723e+01 2.607366500686813282e+01 2.670031738281250000e+01 2.698155782948369463e+01 2.533199134744623748e+01 2.560926744906387853e+01 2.652737809065934016e+01
2.486096434574202974e+01 2.539942885890151558e+01 2.535652301747311910e+01 2.435590552478902637e+01 2.585895259796626888e+01 2.491276900038032593e+01 2.601439315352697079e+01 2.458270124735309992e+01
2.390984916687011719e+01 2.375436197916666714e+01 2.371726006669960185e+01 2.318316224563953298e+01 2.358995225694444642e+01 2.355629384566326578e+01 2.363407754802894090e+01 2.425594168319285870e+01
2.332149632182576582e+01 2.378563046553498239e+01 2.354293501727115512e+01 2.324333802505060831e+01 2.264042026611781111e+01 2.241876279503853553e+01 2.342725702541977739e+01 2.341028750591575758e+01
2.286934465515194859e+01 2.190346103244357678e+01 2.192173324092741993e+01 2.245103380926724057e+01 2.240561542436770281e+01 2.151019846039377370e+01 2.142997991701977156e+01 2.254433249187557919e+01
2.139694133920505692e+01 2.111792732007575779e+01 2.096620447495404349e+01 2.170073114173689177e+01 2.118343424479166970e+01 2.124141362028301927e+01 2.167743617466517847e+01 2.070739811605545455e+01
2.074256165501833138e+01 2.085432220563139794e+01 2.088887498700083256e+01 2.032137784090908994e+01 2.085421741991487465e+01 2.063361005558076045e+01 1.993238267849485368e+01 2.054809686822125769e+01
1.981841752408056223e+01 1.930955445921266289e+01 1.968702670638126051e+01 2.030515000000000114e+01 1.962642118946606118e+01 1.979859538546698872e+01 1.966779322406045694e+01 1.874384431589537314e+01
1.836900825960090344e+01 1.871411525321543223e+01 1.826235689975247567e+01 1.852855404713114851e+01 1.865568215854632683e+01 1.886579819577352524e+01 1.895406376008064342e+01 1.873994966057574629e+01
1.790449204185309284e+01 1.769759529259554398e+01 1.857236524343122142e+01 1.776942861763535220e+01 1.768215383352102066e+01 1.761764106931279628e+01 1.811253601947536040e+01 1.814519915032368758e+01
1.719245035572766511e+01 1.728601301678959601e+01 1.777424121957964687e+01 1.665979262165021169e+01 1.715646532899844701e+01 1.689988903335724757e+01 1.736515761462882068e+01 1.700019619760196221e+01
1.643618216192171033e+01 1.648736628605769283e+01 1.592587098817567615e+01 1.725306616362577472e+01 1.630289442274305500e+01 1.633071558308494886e+01 1.618416746310455423e+01 1.594840365523465664e+01
1.601276884676284240e+01 1.581515927452427839e+01 1.549086206091180884e+01 1.632283860809948806e+01 1.625687645296852679e+01 1.641867418791118283e+01 1.588033597055712320e+01 1.583829606681034363e+01
1.515483221548188730e+01 1.503576707777958354e+01 1.538227261178861838e+01 1.523227595186781613e+01 1.487822947546113284e+01 1.560044795953360719e+01 1.570165019132652873e+01 1.548247121295048778e+01
1.472895840577190540e+01 1.452401361045597383e+01 1.472591939786585336e+01 1.441833465189873387e+01 1.470930682488207708e+01 1.502463840793918948e+01 1.428209830136541036e+01 1.475614294453507291e+01
1.378603579452614269e+01 1.407864437031835259e+01 1.432676826718369867e+01 1.441823374685929693e+01 1.383029782138442343e+01 1.433996537316849818e+01 1.402363281250000071e+01 1.456587955106448540e+01
1.341837717216705528e+01 1.349207420397225654e+01 1.342382689507241800e+01 1.367940778720423367e+01 1.423799641927083393e+01 1.367011419037723918e+01 1.350075101435705349e+01 1.393005454651524566e+01
1.314866121560920931e+01 1.346909371284185397e+01 1.303851109946646325e+01 1.306809251693168328e+01 1.311656367958768854e+01 1.331962533073512667e+01 1.323419682017543941e+01 1.314386742001488173e+01
1.264329057173295467e+01 1.267073824802551485e+01 1.248183434959349647e+01 1.256534784647508651e+01 1.262975110115431221e+01 1.223358161452227399e+01 1.252283645300056847e+01 1.307980286771168998e+01
1.191709823953619996e+01 1.170008149402680608e+01 1.188639859858247405e+01 1.171438439536433762e+01 1.214360761490435614e+01 1.227554965237958839e+01 1.201880506034961194e+01 1.247171261145165921e+01
1.170235460649385217e+01 1.154620999771181822e+01 1.175158648971610731e+01 1.191737151342975309e+01 1.167354722612359730e+01 1.148383336856139536e+01 1.168889138550884965e+01 1.170327715039221061e+01
1.131285028872282616e+01 1.142978466053299513e+01 1.109624991715270603e+01 1.138848791543326122e+01 1.118991461032774559e+01 1.158091426674836733e+01 1.129158976926641955e+01 1.128459923446069446e+01
1.054496550864361737e+01 1.046116520100502534e+01 1.062706996198903120e+01 1.067033726354805800e+01 1.097492793282085621e+01 1.079064755889057814e+01 1.067037916233090655e+01 1.074330485755441700e+01
1.041791481346255921e+01 1.023516053829840189e+01 1.067199937810945265e+01 1.046845596024426683e+01 1.043801956917475771e+01 1.055205341533466523e+01 1.012057393590997911e+01 1.039429453733970377e+01
1.004935244176660447e+01 9.897077729430380444e+00 9.935479459442801087e+00 9.589737766472868685e+00 1.015685485720401182e+01 1.030733464805825150e+01 9.889018365956392387e+00 1.001612694694572880e+01
9.694687012154327377e+00 9.339317126892147769e+00 9.725835193452381233e+00 9.646841496819037687e+00 9.756945045590951437e+00 9.500493231566819574e+00 9.668439415182701779e+00 9.866820694702063577e+00
9.438956386736554904e+00 9.497919659961684857e+00 9.268285818082413030e+00 9.217667251559714003e+00 8.858259192044382502e+00 9.567124472326453244e+00 9.431185425135501177e+00 9.756803347432905227e+00
9.190456081081080697e+00 8.922210130304428333e+00 9.065371470927791719e+00 9.001578945423368339e+00 8.870170333758503389e+00 9.123036421164139043e+00 8.996735589664311306e+00 8.939025048773689974e+00
8.708132616930171821e+00 8.669926023523789382e+00 8.649838423295454604e+00 8.699036306296914489e+00 8.768950257120252445e+00 8.749860735181540505e+00 8.682697346646072845e+00 8.680040769688446289e+00
8.486323956999573426e+00 8.421389910130718803e+00 8.104302253657486688e+00 8.447381635084219909e+00 8.305209413900414006e+00 8.442304323974196834e+00 8.285771526287552646e+00 8.401862485471259134e+00
7.951608614282636545e+00 7.830095706321603899e+00 8.080586065889482583e+00 8.156526087944264702e+00 8.132453627751905501e+00 8.072452249794070056e+00 8.121668863730356236e+00 7.979365569719043094e+00
7.627766092414529631e+00 7.884971624702616921e+00 7.486465756136182925e+00 7.799550208672639151e+00 7.741210162450396837e+00 7.774325642936539715e+00 7.857198616107114120e+00 8.022607784581410328e+00
7.544517805644856523e+00 7.485009960159362485e+00 7.618048356042653957e+00 7.305371934954972168e+00 7.418480245265913986e+00 7.529639095797159065e+00 7.442880867193754746e+00 7.510409193795764438e+00
7.072403695692194070e+00 7.191454202796180972e+00 7.193957052595628454e+00 7.213183290469720177e+00 7.234472730288096898e+00 7.320475634578544444e+00 7.215412549640696227e+00 7.375731211875715232e+00
6.993603568833999695e+00 6.891575290641814178e+00 6.795445137593283391e+00 7.034847898476479067e+00 6.983244125715648565e+00 6.997953869047618625e+00 6.955159687266964319e+00 7.103255838999626981e+00
6.727876993218474766e+00 6.758074012528691554e+00 6.708024591924399260e+00 6.650838026889534405e+00 6.977569966376582222e+00 6.810068588893100738e+00 6.692895419675090274e+00 6.890031146845773335e+00
6.529606593851132068e+00 6.407514574759944459e+00 6.468494821599617417e+00 6.460648788743188042e+00 6.599660049110451787e+00 6.575915594785911367e+00 6.517347930224150154e+00 6.535472497069960696e+00
6.252140221809827203e+00 6.429065694118633267e+00 6.325064559361924132e+00 6.290884860220797847e+00 6.467344993017941412e+00 6.354582331730768807e+00 6.139938766891892108e+00 6.276925872093022996e+00
6.130436505334032837e+00 6.059994103773584939e+00 6.032698967319177541e+00 6.042804888362653060e+00 6.079761745505137149e+00 6.025455407551164377e+00 6.056421626227980859e+00 6.129310141013785795e+00
5.778514946831597499e+00 5.875237542229728938e+00 5.919920574650466172e+00 5.882805390676704604e+00 6.022052744708994432e+00 5.766788779145078259e+00 5.837205864043824022e+00 5.916009424603174693e+00
5.627783913464579513e+00 5.708778004649440518e+00 5.624268220600328938e+00 5.662772995086609029e+00 5.755999727165883151e+00 5.787444603214049188e+00 5.732690445866468032e+00 5.663770528070464216e+00
5.486779856018943136e+00 5.448978694095881536e+00 5.480644381776147434e+00 5.358233619429520367e+00 5.593822026736323672e+00 5.548940969511242827e+00 5.374450222370906971e+00 5.407032230853735300e+00
5.303680438609920778e+00 5.325856130191693794e+00 5.255632759320853609e+00 5.253839394865525314e+00 5.289917765763624935e+00 5.269967021399875939e+00 5.244007953047456816e+00 5.286753621769772593e+00
4.969280631421879590e+00 4.983560675914047167e+00 5.175379774305556069e+00 5.086821143306902826e+00 5.187266963230951156e+00 5.158547757851957627e+00 5.064861918604650626e+00 5.084016697632546489e+00
4.993239542765128824e+00 4.742255324498870550e+00 4.942620444726441242e+00 5.045671144005847708e+00 4.917581586695429330e+00 4.914752298583285217e+00 4.933661854722559248e+00 5.056203453023359273e+00
4.753202473570578235e+00 4.745984005098402569e+00 4.675346525853266932e+00 4.698987013411535685e+00 4.788615160734384091e+00 4.816338641826923173e+00 4.749939251393779038e+00 4.850672067342505223e+00
4.630485800192140289e+00 4.608847590117099102e+00 4.522716940324858825e+00 4.598586361569670267e+00 4.633030300627175357e+00 4.632585509173329896e+00 4.559705184455586924e+00 4.630824363796414822e+00
4.358337118459302495e+00 4.438040433038184851e+00 4.457069557147790739e+00 4.408025767236546599e+00 4.632495835646863291e+00 4.569165651114206028e+00 4.448871371219478732e+00 4.441748413187690758e+00
4.334226111258983494e+00 4.308327562326869753e+00 4.408550555889423350e+00 4.257872284020083775e+00 4.299846462673611036e+00 4.253624445061043424e+00 4.278052120597138241e+00 4.352372862208008897e+00
4.162447376943005040e+00 4.106338148029854196e+00 4.119898626062808766e+00 4.146395644892546528e+00 4.134436242908716252e+00 4.170648386101973415e+00 4.162449999999999761e+00 4.133834291935158944e+00
4.077559688722294240e+00 3.960332524251476638e+00 3.998031679525415161e+00 4.074877820207398749e+00 4.032818394422919894e+00 4.071473501182071963e+00 4.054014209897998988e+00 3.999484937532492346e+00
3.852795335874112492e+00 3.872175392297912300e+00 3.857969797356007646e+00 3.897569737865062667e+00 3.913175611755802308e+00 3.877313547036082664e+00 3.830405326374548558e+00 3.856901344007997778e+00
3.816602759512257581e+00 3.741966571184787593e+00 3.779098754492812073e+00 3.785649988231899687e+00 3.720193392063284143e+00 3.836387398942785687e+00 3.814699864182083289e+00 3.860484949667089438e+00
3.656098934942614509e+00 3.569481552879990360e+00 3.586944000912408725e+00 3.607719307749101212e+00 3.580784756557910953e+00 3.663874644364904842e+00 3.585599048845580672e+00 3.640986245314612013e+00
3.479594600366550328e+00 3.478149531550770224e+00 3.527939833603896069e+00 3.537230861244019309e+00 3.498906653697096303e+00 3.502884489629493281e+00 3.508854198362950427e+00 3.522292931836079610e+00
3.407890028625954137e+00 3.419307865900046650e+00 3.427216598705167705e+00 3.336043558268688258e+00 3.422805169982185092e+00 3.376178148618328212e+00 3.405764727117891244e+00 3.408391207093486308e+00
3.334565955596552556e+00 3.269583278082272670e+00 3.256496961601690998e+00 3.300763276457055362e+00 3.286330042514025607e+00 3.246320290838724532e+00 3.231487191476201559e+00 3.305951205330774023e+00
3.182008318572874472e+00 3.149038844982598562e+00 3.186784663472606027e+00 3.210010081226915890e+00 3.210365971519343553e+00 3.157027985724234043e+00 3.232484255510571280e+00 3.240998036555249318e+00
3.133052062651665359e+00 3.013646128440101712e+00 3.027578424396978996e+00 3.132563936146707917e+00 3.044205218663514678e+00 3.060415698198823531e+00 3.078632520592730959e+00 3.089098779869251299e+00
2.953804626064875372e+00 2.931146397158322259e+00 2.968158618823902195e+00 2.954394662685060347e+00 2.995013382991052353e+00 3.039351948431241457e+00 3.003786506851169769e+00 3.085163172792910746e+00
2.889089513583973812e+00 2.868229330863808269e+00 2.820205029274670316e+00 2.849093132345085433e+00 2.938161598317414303e+00 2.936589858883986270e+00 2.853245511968085069e+00 2.909584060327503607e+00
2.699766995614035103e+00 2.773179022087151502e+00 2.747556318826767985e+00 2.749368750673781836e+00 2.825235686144085268e+00 2.802710888053797422e+00 2.734863487536966620e+00 2.826512613551848574e+00
2.684974014578833668e+00 2.660458596336920500e+00 2.685860524373186564e+00 2.721431812603348543e+00 2.717464674495924548e+00 2.706608239210834377e+00 2.719089362628299256e+00 2.726208333878309187e+00
2.620488533423573685e+00 2.526944894651539375e+00 2.561694127778623820e+00 2.605910425266814379e+00 2.620219357782191505e+00 2.593596848330823601e+00 2.622879418935391893e+00 2.648343238350125972e+00
2.479340618860510492e+00 2.547617211231774093e+00 2.502270369879943335e+00 2.549257653709349647e+00 2.567324767821285381e+00 2.593028271144596886e+00 2.513390713455317282e+00 2.492978295794463506e+00
2.425263367349409283e+00 2.401229949260619279e+00 2.447691174989931717e+00 2.472900683476609185e+00 2.428005516482985460e+00 2.480898620748631878e+00 2.419572331911010288e+00 2.470234018618603589e+00
2.322725839836315309e+00 2.367441406250000213e+00 2.328589027002310186e+00 2.368916505018507923e+00 2.385721550413676173e+00 2.372075558806600259e+00 2.355582040313225267e+00 2.358470638419313925e+00
2.266233978940346727e+00 2.283439273492303023e+00 2.258803069832659105e+00 2.277028342064771671e+00 2.296709072090194592e+00 2.276272551940583533e+00 2.284288235607928819e+00 2.270918986966824704e+00
2.146336545040581356e+00 2.168185923165137474e+00 2.202282671573454031e+00 2.201732296784024712e+00 2.219735477486687092e+00 2.247934111306439497e+00 2.186611914283691949e+00 2.202066902870019049e+00
2.136075603428171821e+00 2.087235013386429028e+00 2.115449054980860222e+00 2.112462149320183613e+00 2.133385661682347667e+00 2.148018252237910541e+00 2.122851019965277697e+00 2.153735411987808046e+00
2.034687965376023921e+00 2.037640023386659394e+00 2.058824044889626670e+00 2.039099453853569166e+00 2.078838669972367992e+00 2.100781958938293670e+00 2.059126129483794809e+00 2.073134312961023795e+00
1.989850101045853137e+00 1.931373344315761464e+00 1.979843554408083017e+00 1.999399600057849780e+00 2.011234627284421705e+00 2.025364641462053417e+00 2.022632001427042248e+00 1.987634815031841473e+00
1.898913622434741599e+00 1.861355194627192899e+00 1.912118085158709402e+00 1.936131657206854761e+00 1.959556088060224077e+00 1.934060674327601648e+00 1.935263384449456892e+00 1.931567657513625136e+00
1.863358702645123266e+00 1.855702735876878506e+00 1.846660612683118208e+00 1.831458080278268508e+00 1.890260990398519914e+00 1.852747709854789315e+00 1.892091526318056438e+00 1.882436696839454804e+00
1.787586699373628907e+00 1.770213496767241157e+00 1.776216025080975092e+00 1.837372238707550398e+00 1.857696885945709253e+00 1.832445016450188424e+00 1.803438648897058849e+00 1.825430689956518027e+00
1.732336754401263779e+00 1.752210115131578982e+00 1.733273382199163493e+00 1.746650163517441845e+00 1.787092586867499167e+00 1.735068907712232544e+00 1.741082502179508662e+00 1.753563069857522416e+00
1.656765219792698973e+00 1.665926252092633897e+00 1.684123855476716392e+00 1.686203869405678457e+00 1.695223721590909172e+00 1.709512147235183521e+00 1.679072819129101557e+00 1.684699262397031383e+00
1.604340712229410659e+00 1.597415495941046704e+00 1.615259358302299386e+00 1.640169656445376711e+00 1.666907831218474190e+00 1.671276761084487639e+00 1.616198706948458463e+00 1.628365250960372101e+00
1.572134904035433101e+00 1.569780508322714319e+00 1.574152279142811750e+00 1.577755388448607077e+00 1.599367315573770432e+00 1.605135426653883091e+00 1.572585895497311759e+00 1.555714118562790294e+00
1.504410425101214477e+00 1.506824394926127519e+00 1.529287473311335521e+00 1.541116923792000604e+00 1.534524844039262481e+00 1.563127524952471425e+00 1.529438876694393157e+00 1.549448053685398508e+00
1.489223174366616886e+00 1.446189034771948823e+00 1.471285184125814327e+00 1.482889358802458535e+00 1.524512264315642351e+00 1.504047641871165686e+00 1.494034085358705743e+00 1.463285826334471240e+00
1.426009455697978989e+00 1.412525158393673763e+00 1.423093611344859122e+00 1.436861432851787246e+00 1.440234579914193569e+00 1.456364712041388731e+00 1.437055255084809469e+00 1.444820589782724207e+00
1.346797635396696613e+00 1.363245357963246418e+00 1.350980575770547976e+00 1.374870271078792339e+00 1.397272628356801993e+00 1.409385847454464047e+00 1.372100162477524865e+00 1.401555403567957381e+00
1.323450003197164548e+00 1.330392518184062567e+00 1.328848390002150825e+00 1.317711750618626221e+00 1.361382425121811401e+00 1.355157866940887468e+00 1.335108962014456724e+00 1.326486965098423676e+00
1.296283354763375861e+00 1.275479167031600358e+00 1.284327873816857091e+00 1.295061778914212924e+00 1.311367847145741505e+00 1.314022047656927761e+00 1.275397152444783577e+00 1.289615611042071786e+00
1.250761548524789379e+00 1.240660098209279472e+00 1.232990421660958846e+00 1.236602756550218452e+00 1.252805974985986559e+00 1.275557361871665352e+00 1.243171589530402521e+00 1.245119622470969523e+00
1.194852714883644529e+00 1.196556201879529047e+00 1.207373046874999911e+00 1.210060016991311604e+00 1.234836785368217171e+00 1.219367146938996171e+00 1.208271628476163428e+00 1.196049621853183975e+00
1.160841759122726025e+00 1.151506638460872756e+00 1.171129195001038070e+00 1.172823962229842198e+00 1.206457875206157215e+00 1.183765974269747723e+00 1.175749979423690084e+00 1.152929592747245158e+00
1.123675007884079147e+00 1.098490061408484486e+00 1.107047490601184014e+00 1.132940249555281831e+00 1.150807542067307621e+00 1.149747888803155149e+00 1.130849330816305676e+00 1.143599962131527148e+00
1.081527996340536646e+00 1.073917583341850612e+00 1.060536115810323698e+00 1.099058314732142883e+00 1.112306650045217005e+00 1.100892669882550301e+00 1.103494127516778445e+00 1.106482335113597948e+00
1.051769830943964479e+00 1.048962695893001840e+00 1.042943393184087908e+00 1.063109247852622063e+00 1.077363554414335622e+00 1.091210808325066228e+00 1.047012756767252695e+00 1.060875079470281257e+00
1.022932764886632873e+00 1.013152199559563593e+00 1.007447527726249348e+00 1.035856282508105908e+00 1.045207182485354158e+00 1.036934433888720308e+00 1.021077135491129440e+00 1.031617756334044067e+00
9.934240857627282262e-01 9.673034729434164536e-01 9.726850527421770920e-01 9.850916590418543617e-01 1.001057384574485676e+00 1.008016787177939966e+00 9.841614484973300048e-01 9.860317234392069752e-01
9.513463061403791832e-01 9.257407738933758345e-01 9.435085617185517970e-01 9.579813676227649788e-01 9.758074793721548401e-01 9.740256176626250761e-01 9.716830002120135923e-01 9.702660023293401270e-01
9.088221468606285658e-01 9.113258397902663788e-01 9.127159423828125062e-01 9.254312003139693044e-01 9.378477700001589534e-01 9.526568230019201167e-01 9.292702169528503919e-01 9.263965954526174329e-01
8.935189927982073455e-01 8.831202618900012569e-01 8.953903762552044565e-01 9.073525647105735725e-01 9.168621858970443794e-01 9.132835609676140942e-01 8.889993163102262175e-01 8.938999259387503393e-01
8.649579508346784129e-01 8.497420159804610629e-01 8.705581537444662121e-01 8.700594924271473074e-01 8.707873163794159765e-01 9.018175156483557720e-01 8.504610033678519088e-01 8.671188489624687135e-01
8.222019460825918946e-01 8.198386078287958068e-01 8.271202083711296504e-01 8.421989681923679472e-01 8.517941548413713315e-01 8.676122784419549872e-01 8.290566746005979537e-01 8.286023707542082839e-01
8.051023524764844286e-01 8.015074057960048792e-01 7.860500470966311770e-01 8.080202981267466944e-01 8.367976144275982575e-01 8.305041697296566827e-01 8.052853248849964896e-01 8.112655291639373489e-01
7.740139780504211586e-01 7.683991660688666014e-01 7.782212884842576450e-01 8.005732262397934340e-01 7.986315820088774053e-01 7.999454314580383141e-01 7.752915862874216746e-01 7.734543145273844456e-01
7.435675625216462414e-01 7.354174478577087948e-01 7.511654358709235479e-01 7.489638127619506758e-01 7.711827083087888779e-01 7.710091945202364183e-01 7.492112555035572719e-01 7.535537042282489661e-01
7.254850845723835873e-01 7.235520859479585010e-01 7.312899452433000436e-01 7.349050539349197830e-01 7.456012631956095982e-01 7.463604807445167744e-01 7.197447586233995942e-01 7.388294212878190326e-01
7.008661220377122580e-01 7.001038147522522515e-01 6.959300160220373010e-01 7.211425781250000444e-01 7.227659460616437936e-01 7.114749054359420510e-01 7.050559303977272929e-01 7.084653360935819766e-01
6.771197387947349711e-01 6.713016370028564994e-01 6.889067790340783759e-01 6.836522107384116476e-01 6.951299463375137933e-01 7.110814144736842257e-01 6.846465191755114477e-01 6.893234088729925935e-01
6.538858613824946042e-01 6.523720467678610913e-01 6.587818446161460839e-01 6.643349499163255789e-01 6.732249923577144912e-01 6.788864185640124393e-01 6.538878734764504985e-01 6.661557890448041030e-01
6.330375389055561408e-01 6.323025806920125058e-01 6.340635883632371739e-01 6.447944880823401892e-01 6.475331132787771615e-01 6.618848772682539572e-01 6.375679893224148742e-01 6.468339703388126249e-01
6.154706401209677491e-01 6.083538552989130599e-01 6.143070069667737609e-01 6.179612348304152070e-01 6.440449846873642636e-01 6.261935938337351848e-01 6.193341263523235440e-01 6.227864757595020784e-01
5.933993774081306460e-01 5.929251221916180814e-01 5.944440931391264948e-01 5.975084163708931362e-01 6.191812645574533702e-01 6.194989387883191867e-01 5.964558492033285031e-01 6.033658837002372488e-01
5.770691470381235089e-01 5.759132299879196060e-01 5.697156128453594315e-01 5.761758700284090873e-01 5.945555916172107214e-01 5.882857746922397491e-01 5.695374617114181692e-01 5.834180227854047773e-01
5.542932406253212596e-01 5.531299371208291404e-01 5.519130461314142311e-01 5.537692528214096521e-01 5.803980504297270304e-01 5.815905744326277382e-01 5.567781604301018650e-01 5.753323537587545777e-01
5.385475394652061709e-01 5.422755763576075916e-01 5.319093796029308319e-01 5.443669262564496680e-01 5.579358049551387255e-01 5.586913161427363717e-01 5.444133469831924366e-01 5.448918451000654972e-01
5.171760670242919744e-01 5.182653681742106500e-01 5.197972184108671234e-01 5.211706692703096389e-01 5.325979444545523300e-01 5.421614686632288960e-01 5.265417131417465813e-01 5.280196851071017328e-01
5.038455703883495396e-01 5.003491541382614205e-01 4.972849180163966820e-01 5.064733773086254054e-01 5.239647197666633671e-01 5.145887748756218238e-01 5.080472747398407929e-01 5.133303956665833390e-01
4.916410777792413200e-01 4.887042863590587705e-01 4.841059636128882127e-01 4.939972499631485880e-01 4.973184830854127103e-01 5.011747567849814677e-01 4.900407824730919626e-01 4.965373587101063468e-01
4.765028888617750535e-01 4.654053977064164238e-01 4.690846190461798737e-01 4.766451307863782683e-01 4.856422813265930949e-01 4.938085807341250910e-01 4.740356845080427872e-01 4.752873679184368427e-01
4.611629463224103387e-01 4.535725198014075588e-01 4.527004233459970273e-01 4.616423308026161854e-01 4.715850366215519340e-01 4.723258269362409778e-01 4.604014531015522271e-01 4.588008000973343159e-01
4.386115446483234148e-01 4.362860336472130229e-01 4.404102543590610597e-01 4.509913037460785978e-01 4.515744666710476141e-01 4.599982761251612540e-01 4.435984535500285819e-01 4.522782477363593845e-01
4.281769171203304025e-01 4.231460225259464081e-01 4.267207745585697154e-01 4.285841995903183488e-01 4.425253692013254581e-01 4.443086134233352191e-01 4.229294235641892219e-01 4.375885194840516412e-01
4.090584845532208025e-01 4.174144391003736243e-01 4.151083070632309857e-01 4.141676372563073416e-01 4.275164230979270896e-01 4.258896162351796799e-01 4.140711565096952818e-01 4.229581031076524722e-01
4.060455234887318521e-01 4.038132879103936146e-01 3.973220588069208414e-01 4.055165257947198065e-01 4.172036132812499964e-01 4.105862684187995271e-01 4.038062618968508155e-01 4.087970456125378793e-01
3.879798255633428172e-01 3.804493174104726649e-01 3.926116981760066071e-01 3.907099011117296516e-01 4.007089725018996851e-01 4.047252122001550600e-01 3.869483741554053946e-01 3.971267445525578088e-01
3.728513598060624323e-01 3.750347459502150760e-01 3.725294049172466204e-01 3.789749430642685435e-01 3.828968044752409927e-01 3.854082071855509106e-01 3.765388427950620009e-01 3.853279380815241573e-01
3.647764762594376542e-01 3.637056704915507810e-01 3.619817544772268025e-01 3.673883402122641306e-01 3.730306076807565208e-01 3.767044656431782212e-01 3.648284719636912810e-01 3.646954104240109351e-01
3.529308466497357855e-01 3.493937080506639425e-01 3.480855199829574476e-01 3.511438934878890472e-01 3.633383494194600827e-01 3.623034039004994766e-01 3.488041037018119739e-01 3.649676033918395346e-01
3.462818768379196110e-01 3.407525025133695817e-01 3.366721467808009294e-01 3.457888918738382666e-01 3.512181634212458992e-01 3.518313965749957362e-01 3.440730850589316381e-01 3.524962771278535856e-01
3.294604504705392345e-01 3.299753534611915007e-01 3.289907819273844014e-01 3.309793183297822239e-01 3.364561564127603877e-01 3.388987505925621924e-01 3.316686737055384304e-01 3.358569889373759776e-01
3.208650862387159020e-01 3.182683601544313290e-01 3.196899839112501973e-01 3.191853566167380807e-01 3.241047761878188549e-01 3.296247384323924279e-01 3.144397889001759316e-01 3.248390978475944046e-01
3.098153185796125864e-01 3.080568291660676361e-01 3.068205530207475107e-01 3.093688175857640110e-01 3.150224532606247796e-01 3.151924186511437243e-01 3.048434308409632143e-01 3.183215814000164290e-01
3.027400239515546376e-01 2.982641119706003208e-01 2.982746672096303064e-01 3.012738123130735968e-01 3.084451811541948363e-01 3.072893358096358551e-01 2.960596578929776124e-01 3.097080323371243504e-01
2.903112956433926417e-01 2.924023254801630944e-01 2.895532513411798181e-01 2.899423320924361391e-01 2.938254416525900581e-01 2.978826149576901394e-01 2.851977059733997177e-01 2.946653551061277909e-01
2.848864327495149174e-01 2.821809302242754836e-01 2.784050266842856836e-01 2.789764167285550545e-01 2.887083387507138332e-01 2.872998620122527158e-01 2.779004780945327213e-01 2.930710346192655358e-01
2.713230192315236322e-01 2.735721401229919691e-01 2.695438260284931942e-01 2.716343831761657279e-01 2.750658825642162686e-01 2.784687246065879473e-01 2.673013401196515648e-01 2.835613661411692799e-01
2.629794830793459326e-01 2.626884035681328888e-01 2.589121458441390189e-01 2.636742922339108675e-01 2.713362116988194961e-01 2.671287641656562850e-01 2.599429244289688246e-01 2.742977751907431094e-01
2.596615118226721086e-01 2.557902279302245452e-01 2.533424068285689001e-01 2.548351998523465944e-01 2.572177494359639272e-01 2.610947105777688959e-01 2.501126861572265936e-01 2.613151816444988507e-01
2.483101705765436429e-01 2.467209070064296239e-01 2.459695868419056186e-01 2.474848421671832499e-01 2.497690582039697182e-01 2.518639356429106524e-01 2.450175808050007731e-01 2.540937690193617038e-01
2.440307364763632525e-01 2.410676823426672055e-01 2.395330903260828592e-01 2.403850718539009834e-01 2.438051001956914876e-01 2.421209480626983768e-01 2.357896322468520656e-01 2.495140660796777710e-01
2.374265052656734654e-01 2.321143925511772454e-01 2.298781738646784867e-01 2.316067079721025879e-01 2.346993150183323273e-01 2.333223757833482737e-01 2.273734852653604699e-01 2.428191840603869389e-01
2.291845332242367639e-01 2.274468836244145642e-01 2.239287654344797318e-01 2.223485292003635483e-01 2.283986780116037674e-01 2.279234325076162915e-01 2.195294533717226104e-01 2.372555281466619537e-01
2.236634981946759859e-01 2.182737808906713706e-01 2.179215257185219135e-01 2.171791703703111198e-01 2.202937004474221083e-01 2.204178783381096629e-01 2.120503805979870593e-01 2.275506417257075753e-01
2.141540768936668060e-01 2.110950983736539499e-01 2.093985163349270928e-01 2.091934964712614253e-01 2.108071507985421200e-01 2.128717516417324429e-01 2.051260129081944328e-01 2.210442498719860649e-01
2.057997645837085776e-01 2.063609714372783566e-01 2.018778672371141503e-01 2.011816739832408274e-01 2.079289225498718863e-01 2.055616599372960263e-01 2.004981370214148073e-01 2.165825603958010659e-01
2.016162304910969760e-01 2.007196731418329771e-01 1.977751742417865610e-01 1.948367160523903630e-01 2.009507086691414979e-01 1.983129188622860528e-01 1.929999640104535508e-01 2.086864890307974230e-01
1.961416165972968140e-01 1.927676067671962035e-01 1.903192616041811946e-01 1.896365476012849549e-01 1.923392479889269591e-01 1.925842545619221302e-01 1.873274634266422767e-01 2.035353695183163281e-01
1.886116430392053844e-01 1.878443000164087273e-01 1.846514116993266674e-01 1.851947005495570564e-01 1.874240763831756529e-01 1.855294435603137837e-01 1.800131558481957716e-01 1.957742042351195422e-01
1.847587154535954568e-01 1.831945324919650453e-01 1.797599528961729698e-01 1.795816190706679694e-01 1.795130314215839518e-01 1.800743078618375348e-01 1.762620685835926682e-01 1.918419065829067294e-01
1.784672533954687890e-01 1.759582452753179760e-01 1.737026925109080855e-01 1.713367435430691033e-01 1.751361034629801416e-01 1.710435129924586239e-01 1.688517666963679498e-01 1.852002044454599816e-01
1.737413267341283152e-01 1.709002961018216138e-01 1.686099613861302415e-01 1.644756436110650089e-01 1.693462108099142716e-01 1.683902082772090469e-01 1.649396312187122182e-01 1.824693493989126558e-01
1.695239863652487911e-01 1.664411892508398938e-01 1.643810160617930061e-01 1.636754349025260347e-01 1.631843915951797508e-01 1.635189707036496243e-01 1.597522176484229839e-01 1.760934688443231977e-01
1.624851635632359736e-01 1.622917285118256336e-01 1.571039334380889829e-01 1.572287779606851010e-01 1.583567689048404337e-01 1.578295259725205069e-01 1.556998756091557412e-01 1.689791125008240913e-01
1.606285813103385529e-01 1.565627302618297634e-01 1.547211355917309517e-01 1.531531587512558468e-01 1.528491838394356039e-01 1.524055700442463190e-01 1.500936235700334742e-01 1.656922069456482627e-01
1.536069935043855306e-01 1.522485850449010469e-01 1.482081166830455099e-01 1.480348436094874043e-01 1.482100017381321744e-01 1.474888760174511981e-01 1.459212611931708092e-01 1.615742274693080516e-01
1.507862270679127814e-01 1.471604304816550024e-01 1.451177243114911697e-01 1.425003958027976081e-01 1.426314671752788865e-01 1.432534378653975426e-01 1.401545880318298132e-01 1.574911818349519210e-01
1.466377442255856756e-01 1.443502910275707429e-01 1.398114781086616798e-01 1.382968103400619153e-01 1.389656586925882287e-01 1.381167453531230160e-01 1.363973843783695961e-01 1.522003560912515430e-01
1.430827014032661770e-01 1.397284944947725649e-01 1.366137972395176647e-01 1.350194910495171041e-01 1.348564298847804432e-01 1.338424189419132049e-01 1.321097075849457514e-01 1.504268735561963832e-01
1.390351863690772183e-01 1.363204507830153289e-01 1.323766837201016122e-01 1.287549723117080713e-01 1.300857944989831094e-01 1.295624505723816100e-01 1.276192318609428999e-01 1.439323111899853125e-01
1.351994180144593938e-01 1.321151842103721330e-01 1.278662203140002451e-01 1.267071858754312552e-01 1.279879500113567659e-01 1.249637636636989069e-01 1.226052598099384022e-01 1.419572732883507549e-01
1.309228686258506746e-01 1.293523160587055354e-01 1.248800901564454391e-01 1.221447286377979058e-01 1.205615337966429584e-01 1.196262403125758350e-01 1.198511200158313278e-01 1.368458804334189982e-01
1.277439873673411053e-01 1.258116773497108820e-01 1.213323865552674158e-01 1.187184911764593981e-01 1.186605134138977169e-01 1.165421124445975148e-01 1.152386586836017246e-01 1.344179872719224456e-01
1.240693112933262399e-01 1.220736667949780946e-01 1.171702313751931818e-01 1.150410872800400330e-01 1.138015146736588851e-01 1.135371380386894086e-01 1.126431598323262007e-01 1.303632597356920442e-01
1.205977582701162343e-01 1.170837920811334948e-01 1.128690755592202249e-01 1.119747506863695147e-01 1.112098765959135815e-01 1.091640007665998363e-01 1.089561603770801412e-01 1.267082426126810435e-01
1.174163266425223978e-01 1.142040308178561975e-01 1.104753885986500817e-01 1.087587698601053809e-01 1.063156461879288389e-01 1.064733348404235946e-01 1.059560119636084319e-01 1.246748802307929144e-01
1.143556204773995832e-01 1.121560441553836746e-01 1.068289600201507150e-01 1.049433952288108540e-01 1.047105321344339590e-01 1.044444850584567847e-01 1.022185343608085911e-01 1.215504625019950130e-01
1.121417187010996380e-01 1.084612571436371492e-01 1.044806748807073360e-01 1.017808043841019472e-01 9.939625235765059408e-02 9.931021862944497403e-02 9.933440153263817241e-02 1.173110758733861003e-01
1.091180852213689961e-01 1.063614440478866940e-01 1.019540918935643581e-01 9.849754044663983077e-02 9.665908555436160399e-02 9.648915436069377405e-02 9.582213732802227768e-02 1.143378362943711368e-01
1.069688350861971587e-01 1.031611744950457349e-01 9.994879671938149135e-02 9.553234562908723138e-02 9.388491132951640172e-02 9.282704401277852568e-02 9.399820271533092242e-02 1.116288596108357678e-01
1.029984977137128332e-01 1.000994210895251590e-01 9.633036615271160785e-02 9.321053776144644365e-02 9.136790275365458402e-02 8.984036254544067179e-02 9.056440573283573714e-02 1.079194331726890804e-01
1.010570980407459879e-01 9.757461237269983434e-02 9.266041242402001110e-02 9.015276687345551154e-02 8.861114822616253384e-02 8.734394035987069760e-02 8.753886353255453667e-02 1.071105447403187250e-01
9.763891730809416691e-02 9.589215944594520202e-02 9.086589039785768207e-02 8.722277860353828960e-02 8.549274343564580714e-02 8.487102827471837418e-02 8.498547077963829188e-02 1.038472344619268822e-01
9.503534816803141383e-02 9.302069927867614996e-02 8.892139513004933271e-02 8.474245277834145662e-02 8.240684023883564080e-02 8.170614614658112951e-02 8.318537173063858536e-02 1.013072183920039615e-01
9.335497457207267424e-02 9.040157337192868126e-02 8.587088248108115662e-02 8.238865119008625948e-02 8.038759802141760835e-02 7.937650499794209058e-02 8.011257267245570912e-02 9.929714897491231929e-02
9.137375303422139161e-02 8.833079286238025574e-02 8.393386850533099408e-02 7.945707445351628262e-02 7.851825432820586093e-02 7.746070948652403199e-02 7.720661739965657688e-02 9.617691898414434948e-02
8.932910950832474717e-02 8.571969470778609268e-02 8.171114607633488125e-02 7.795624254484077864e-02 7.540793250141104853e-02 7.487652748423241633e-02 7.543363077679651751e-02 9.444277267043041380e-02
8.612618439844815788e-02 8.385864257812500333e-02 7.991993384962890745e-02 7.460824355529094287e-02 7.322862269788142642e-02 7.182485969799741465e-02 7.296526051140857227e-02 9.229163241749863134e-02
8.505240882011103065e-02 8.158250117556618830e-02 7.708798237002570386e-02 7.307049375785586165e-02 7.023335468845888496e-02 6.934341832671105099e-02 7.075644905213845925e-02 9.106219332347066653e-02
8.297659140138240186e-02 8.058039464525729167e-02 7.465568252855443732e-02 7.066369593900424795e-02 6.928298398596208219e-02 6.744461785578066693e-02 6.937408211572250460e-02 8.816774031608752560e-02
8.091921430364847068e-02 7.776479738454526724e-02 7.272280699955725736e-02 6.895076946987455102e-02 6.707990027421358026e-02 6.596628619281148798e-02 6.712167152634100631e-02 8.577226919031093189e-02
7.949107760411479318e-02 7.593989306893465796e-02 7.133876290781439311e-02 6.712429163641343843e-02 6.427527364249041586e-02 6.301538732913873619e-02 6.548503445945517976e-02 8.493081786279428613e-02
7.763880769248603098e-02 7.476455779110666167e-02 6.941550063586449104e-02 6.493161667047331331e-02 6.199910813044516578e-02 6.082440081103647478e-02 6.282204500865888608e-02 8.265721573976496372e-02
7.561703958575509421e-02 7.203651171482609861e-02 6.703145320744971492e-02 6.311192550058439266e-02 6.044809069939727220e-02 5.917290161888288241e-02 6.117128644670758592e-02 8.114963614226176902e-02
7.442035251276729602e-02 7.092807427757553962e-02 6.625470020248477865e-02 6.163202944316995002e-02 5.882173861685151967e-02 5.786298616664616035e-02 5.979843169439123113e-02 7.914974308183174434e-02
7.279571229805879840e-02 6.939622853943673564e-02 6.432974627208216944e-02 5.980701197387518209e-02 5.750791294368233497e-02 5.565799221370370392e-02 5.812658594439541054e-02 7.764771398271487490e-02
7.095992468086588512e-02 6.803725930232384922e-02 6.291867851381235943e-02 5.778938198681943250e-02 5.538572234815666850e-02 5.421642431466926204e-02 5.631302874315594065e-02 7.631347315049637203e-02
6.922595113059312744e-02 6.681821110184422985e-02 6.143599032171137564e-02 5.611206253289788282e-02 5.284070541720391895e-02 5.254690315196562655e-02 5.431593892199554352e-02 7.553474334714603555e-02
6.789388272601755425e-02 6.478420745704975559e-02 5.924346719398645988e-02 5.481617980407686025e-02 5.151218461864256332e-02 5.069723662923487223e-02 5.338599465110085290e-02 7.320189765791262904e-02
6.711252164594848357e-02 6.346072026128979360e-02 5.781948270839248200e-02 5.336204969104777623e-02 5.058824258173575533e-02 4.928673980538078592e-02 5.144067977490381777e-02 7.231445312499999722e-02
6.558278117570172372e-02 6.195519536209501132e-02 5.661200761616185656e-02 5.230448515581051505e-02 4.862489229421435022e-02 4.734793961036967008e-02 5.053957727151534712e-02 7.048233869242652438e-02
6.404631548491725168e-02 6.009092675634177677e-02 5.531668294120031110e-02 5.057150642496557880e-02 4.768449835913239621e-02 4.601256986073840038e-02 4.949126770070454845e-02 6.936275406887075501e-02
6.283513778187622967e-02 5.978082761481361834e-02 5.434785964172009903e-02 4.940727006143598443e-02 4.636931650720957365e-02 4.495665518920422682e-02 4.723355778409221023e-02 6.772269388841628546e-02
6.241247346394671047e-02 5.774583184409896874e-02 5.241503924374767837e-02 4.773470690530964150e-02 4.427905972137549662e-02 4.374523474730949296e-02 4.635908733042635316e-02 6.667198675761522308e-02
6.072394670126292360e-02 5.720895968613207844e-02 5.146916741807211482e-02 4.681951145493545158e-02 4.327166907440489763e-02 4.221005398533186209e-02 4.497511695739657422e-02 6.559793207954878191e-02
5.948570953317743049e-02 5.585761085185961955e-02 5.048158429924917701e-02 4.615772462755729499e-02 4.214391823295364492e-02 4.095114265704451195e-02 4.378957063434757435e-02 6.415442212637803565e-02
5.852994188445571205e-02 5.525925738663323150e-02 4.938629234401362839e-02 4.402424993398568881e-02 4.086550961702702101e-02 3.959846730612538029e-02 4.232499307580275816e-02 6.336296501741871257e-02
5.740321364570129953e-02 5.409059201956194912e-02 4.821787015664891207e-02 4.294460505194554883e-02 3.937485259027931339e-02 3.848324717411011342e-02 4.162937907849328240e-02 6.255172983175627532e-02
5.627761759419097620e-02 5.283962316680372584e-02 4.684989356661758281e-02 4.159603965710888251e-02 3.834417538659024710e-02 3.709768967300425269e-02 4.036693418307698428e-02 6.143212068688617272e-02
5.574127731882040637e-02 5.191074021810609951e-02 4.637001439144736864e-02 4.094375129042785583e-02 3.771067729552426973e-02 3.593063551838140274e-02 3.946143040680557407e-02 6.099720643682984833e-02
5.451035315006504123e-02 5.090734414306471306e-02 4.497866132845380893e-02 4.010491664113562116e-02 3.632268359738310970e-02 3.496405847731272332e-02 3.814575289140564873e-02 6.051080930642024208e-02
5.392256275870967175e-02 4.984921171953662911e-02 4.400268428091376471e-02 3.889289811115921591e-02 3.542788408089424246e-02 3.422777549514278289e-02 3.737527408259633949e-02 5.838458768979754715e-02
5.322995991415230971e-02 4.919586794443398664e-02 4.344476501677763114e-02 3.807155298704209545e-02 3.431920301580993621e-02 3.311178057673848374e-02 3.620638055316472564e-02 5.764012754686739098e-02
5.199224351303192299e-02 4.848953614751976698e-02 4.234950542648682759e-02 3.677229459452186627e-02 3.338337193833124106e-02 3.205840222218144658e-02 3.517273237120430857e-02 5.695275266690979360e-02
5.182932849248864798e-02 4.778234956279500678e-02 4.150773988816565396e-02 3.606119232755053416e-02 3.219257638416768430e-02 3.087912865553829947e-02 3.444196172184738058e-02 5.636005512045078741e-02
5.114808389777853598e-02 4.692760067509769289e-02 4.069054842586848630e-02 3.497354182259503064e-02 3.122532814926241851e-02 3.013634517493361809e-02 3.352898483320639750e-02 5.560702734642258144e-02
5.002879404330528440e-02 4.593983464624681184e-02 3.943218644577925480e-02 3.412493508006018278e-02 3.051649737192727377e-02 2.948635172592150439e-02 3.296752909734849968e-02 5.480331523835581947e-02
4.983209466110079255e-02 4.528634879845646471e-02 3.903407084303294611e-02 3.339204508953193956e-02 2.954132199637686529e-02 2.872411094614440302e-02 3.207152172997944362e-02 5.447519091212728315e-02
4.871926178225354648e-02 4.468282063802082871e-02 3.815041760314956398e-02 3.251300858747375316e-02 2.919530044367283847e-02 2.746690566569691752e-02 3.131992255996367269e-02 5.313832418984514722e-02
4.846980852385561478e-02 4.432950546653682822e-02 3.754857668977194113e-02 3.211808969870988406e-02 2.811917335607109700e-02 2.713483130139148283e-02 3.050640707878803093e-02 5.320691027722277561e-02
4.768393038941404899e-02 4.355464133047041303e-02 3.710328019815047756e-02 3.116295316720929867e-02 2.727125304546750700e-02 2.595986007953282604e-02 2.963987846876245391e-02 5.278707643296680352e-02
4.719672306883965218e-02 4.275936550564236188e-02 3.644825373971509463e-02 3.047330041001987747e-02 2.653309420753034373e-02 2.541673666873993029e-02 2.902161372051932989e-02 5.191369101070744674e-02
4.682212607186707343e-02 4.243241737572595734e-02 3.576167240260055835e-02 2.967679849308155898e-02 2.592589890607381251e-02 2.453062193148032241e-02 2.807056849931901035e-02 5.143332383673643315e-02
