nan nan nan nan nan nan nan 0.000000000000000000e+00
6.611071777343750000e+02 nan nan nan 9.913172607421875000e+02 8.786412353515625000e+02 nan 5.852313232421875000e+02
1.502516992187500136e+03 nan nan 2.773288085937500000e+03 nan 3.596010009765625000e+03 1.474319824218750000e+03 4.987367187500000000e+03
1.441812622070312500e+03 nan 2.072557779947916515e+03 nan 2.813353515625000000e+03 4.444440917968750000e+03 5.132865885416666060e+03 4.586276367187500000e+03
2.991704427083333030e+03 1.842554850260416515e+03 nan 2.897561523437500000e+03 nan 4.484009114583333030e+03 4.919383789062500000e+03 3.017987980769230944e+03
2.543363636363636488e+03 2.272873437499999909e+03 1.765702008928571331e+03 nan 2.981955965909090992e+03 5.164606119791666060e+03 2.795302901785714130e+04 7.497627272727273521e+04
2.174101562500000000e+03 1.816733072916666515e+03 3.377303906250000182e+03 3.019283691406250000e+03 3.539517089843750000e+03 4.179840820312500000e+03 1.237417578125000000e+04 3.964184722222221899e+04
1.651418619791666515e+03 2.136632486979166515e+03 2.693500976562500000e+03 2.784180524553571104e+03 3.515625000000000000e+03 4.154158653846154266e+03 1.737297869318181984e+04 4.088827777777778101e+04
1.553947162828947285e+03 2.392639508928571104e+03 2.585520182291666515e+03 3.163871995192308077e+03 3.914530133928571104e+03 4.115894531250000000e+03 1.863717908653846098e+04 2.858793622448979295e+04
1.733954993206521749e+03 2.128447866586538566e+03 2.522638786764705856e+03 2.771631103515625000e+03 3.362355859375000364e+03 4.079984375000000000e+03 1.386959201388888869e+04 2.947755821917808134e+04
1.633860906862744969e+03 1.456769639756944343e+03 2.390889026988636488e+03 2.763630095108695514e+03 4.001571231617646845e+03 3.996538707386363967e+03 1.592302173913043407e+04 2.797061038961039230e+04
1.461830994897959044e+03 1.803145073784722172e+03 1.992096874999999955e+03 2.305855468750000000e+03 2.650086410984848499e+03 3.575319940476190368e+03 1.106649107142857065e+04 2.004083801020407918e+04
1.355159451844262321e+03 1.680188071646341541e+03 2.326898437500000000e+03 2.608069467905405418e+03 2.576250000000000000e+03 3.612048564189189165e+03 6.665212384259259125e+03 2.357443181818181984e+04
1.294716651119402968e+03 1.681535823170731874e+03 1.564726102941176350e+03 2.276480064655172555e+03 2.797081770833333394e+03 3.495986979166666970e+03 9.811716216216216708e+03 1.983890000000000146e+04
1.257946711753731279e+03 1.523758184523809405e+03 1.739627777777777737e+03 2.224019531250000000e+03 2.155304947916666606e+03 2.950122767857142662e+03 8.400078547297298428e+03 1.489695524691357969e+04
9.287120378521126440e+02 1.304019241898148039e+03 1.893340757978723332e+03 1.818514322916666515e+03 2.283038296568627629e+03 2.587061250000000200e+03 6.417258125000000291e+03 1.324809765625000000e+04
1.116599272629310235e+03 1.171264003537735789e+03 1.508354311342592609e+03 1.771772321428571331e+03 2.461639122596153811e+03 2.781760970744680890e+03 6.684946078431372371e+03 1.084383375634517688e+04
9.562596982758620925e+02 1.214190848214285552e+03 1.418227285879629562e+03 1.602081414473684163e+03 2.297409179687500000e+03 2.386669034090909008e+03 4.559961458333333212e+03 1.176868172690762913e+04
9.732837114726027039e+02 9.623515625000000000e+02 1.186619667658730123e+03 1.635338478915662790e+03 1.717525130208333394e+03 2.416187500000000000e+03 5.331282986111110404e+03 9.462767786561264074e+03
7.940318587662337677e+02 1.044269661458333303e+03 1.422200358072916515e+03 1.609116776315789366e+03 1.768466206395348763e+03 2.259706249999999727e+03 5.384089285714286234e+03 9.143572131147540858e+03
8.799410377358491360e+02 1.009920711436170222e+03 1.251289903846153948e+03 1.452067123724489647e+03 1.771254494863013633e+03 1.781868430397727252e+03 5.049581325301204743e+03 7.979227635782747711e+03
8.565159040178571104e+02 8.630000000000000000e+02 1.144387113764044898e+03 1.344871299342105203e+03 1.614976175742574242e+03 1.928647892441860449e+03 4.453613970588235134e+03 8.574372015915118027e+03
7.817655396174862972e+02 8.020570853960396107e+02 1.165363354952830150e+03 1.453774655963302848e+03 1.653440104166666515e+03 1.857489583333333485e+03 3.778541015625000000e+03 7.805293532338308069e+03
6.759730357142857429e+02 8.003205111228813848e+02 9.308465653153152743e+02 1.234831534090908917e+03 1.497411502100840380e+03 1.870511792452830150e+03 3.744757127192982352e+03 6.991814606741573698e+03
6.420120283018867440e+02 8.037214912280701355e+02 9.203908440420559600e+02 1.271705752212389370e+03 1.250427455357142890e+03 1.673135766806722586e+03 3.749929276315789139e+03 5.791393922018349258e+03
6.543498019366197695e+02 7.381696875000000091e+02 9.284038048664122016e+02 1.104351371951219562e+03 1.391037636861313786e+03 1.645553052325581348e+03 3.285889160156250000e+03 5.311701940850277424e+03
5.651820746527777146e+02 6.952094884072580498e+02 8.124716651119402968e+02 9.478216059602649466e+02 1.179200148809523853e+03 1.511926640070921849e+03 3.056632352941176578e+03 5.227161467889908636e+03
5.827665734824280435e+02 6.356857910156250000e+02 8.153327312138727621e+02 1.022424577067669134e+03 1.196300110946745463e+03 1.471998549107142708e+03 2.776013995398773204e+03 4.822487606837607018e+03
5.498733277591973092e+02 6.540446428571428896e+02 8.635905133928571331e+02 1.008293674698795257e+03 1.250158370535714312e+03 1.304640916149068289e+03 2.614706925675675848e+03 4.300602491961414671e+03
5.082846856174699042e+02 6.020407247340425556e+02 7.020848958333333485e+02 8.463432821856288228e+02 1.084145891853932653e+03 1.495460808011049721e+03 2.434511147660818551e+03 4.115526747503566185e+03
5.030416825457317032e+02 5.426291721204188434e+02 6.866217060810811290e+02 8.985180027173912549e+02 1.131982142857142890e+03 1.316345655487804834e+03 2.272191666666666606e+03 4.096343406593407053e+03
4.527366573033707482e+02 5.550396205357142208e+02 7.046255414603959935e+02 8.653795189950980102e+02 1.040694283536585317e+03 1.243746341463414637e+03 2.196133578431372371e+03 3.880964012738853398e+03
4.625118033008657790e+02 5.405396663647343303e+02 6.808052536231883778e+02 8.525907512626263269e+02 1.047518906250000100e+03 1.207110716540404155e+03 2.274950185643564510e+03 3.602015682656826812e+03
4.213871753246752974e+02 5.069937499999999773e+02 6.424801883971291545e+02 7.771201308139534376e+02 1.010548728813559364e+03 1.119019496058558616e+03 2.182392208149779890e+03 3.312484822451317541e+03
4.100041605029585980e+02 4.937303957359812898e+02 5.943913821585903179e+02 8.086449203187250987e+02 9.548199127906976855e+02 1.115081198770491937e+03 1.890359713203463116e+03 3.038008004268943751e+03
4.049226754610655803e+02 4.359676136363636374e+02 6.000893554687500000e+02 7.444704623287670984e+02 8.818312274368231556e+02 9.985392376681613769e+02 1.846524999999999864e+03 2.724639919759277745e+03
3.995968031609195350e+02 4.639442816840277715e+02 5.644787248883927759e+02 7.101956845238095184e+02 8.218745223799126052e+02 9.872812500000000000e+02 1.721081468871595462e+03 2.647652195121951081e+03
3.626727514506769694e+02 4.058584635416667084e+02 5.593496309963099975e+02 7.038327737603306105e+02 8.665654588870431780e+02 1.020699553571428510e+03 1.681120467557251914e+03 2.595523669972948483e+03
3.408341279871323763e+02 3.925058072916667129e+02 5.189366459003215368e+02 6.513476180781759695e+02 8.343788231382978893e+02 9.487947573260073568e+02 1.469628720238095184e+03 2.479923044575273252e+03
3.049609649122807014e+02 3.803883120888157805e+02 4.876437601132686268e+02 6.052398208469055589e+02 7.736914698697069070e+02 9.184113095238095639e+02 1.415762419871794918e+03 2.304335893290218337e+03
3.307771939528023495e+02 3.906842488354037073e+02 4.816035770440252008e+02 6.436809815950920211e+02 7.719588658146964235e+02 8.806702302631578050e+02 1.463612211538461452e+03 2.235326923076923322e+03
3.279313684032476317e+02 3.713256928066037972e+02 4.531893882175226622e+02 5.877253394568689373e+02 6.963643767705382288e+02 8.687732394366197468e+02 1.398518601190476147e+03 2.251530589123867230e+03
2.970350961538461547e+02 3.453402525436046631e+02 4.528276282514450486e+02 5.846043541131105030e+02 7.330238247084547538e+02 8.832785790598290987e+02 1.317148131983240319e+03 2.034910413744740481e+03
2.808054144823066736e+02 3.240347020348837077e+02 4.310016268159806714e+02 5.573778326023391401e+02 6.840267632241813089e+02 8.430622329059829099e+02 1.270818137886597924e+03 1.955170608108108127e+03
2.867919608472400341e+02 3.308182785888078001e+02 4.302492121848739544e+02 5.602887013381995303e+02 6.828392361111111768e+02 7.931553353658536025e+02 1.230078786375661366e+03 1.938536835361947396e+03
2.763047178201811107e+02 3.219391793224298794e+02 4.221183090024330795e+02 5.070810215404699761e+02 6.670659013605442169e+02 7.788663847117794603e+02 1.165630431360201555e+03 1.810214133089133156e+03
2.559940217391304316e+02 2.990188965961098688e+02 3.695774248231131764e+02 4.996478450829384315e+02 5.931364272388059362e+02 7.486774941995358859e+02 1.106204920537897351e+03 1.741995862884160715e+03
2.532497883312807971e+02 2.755293402777778056e+02 3.646944520925110282e+02 4.863129684154175720e+02 6.243161599099098567e+02 7.264995699541284466e+02 1.090943694933920824e+03 1.723909745293466131e+03
2.403101554632426939e+02 2.865490395021644758e+02 3.822530219780219909e+02 4.885889369419642776e+02 6.102866847826087451e+02 7.111345430107527363e+02 1.064445071585903179e+03 1.582635164835164915e+03
2.355924427290836718e+02 2.702704951298701417e+02 3.490644489247312094e+02 4.445209651898733796e+02 5.710866195436507269e+02 7.029136663286003568e+02 1.061438083506224075e+03 1.526208840656432130e+03
2.320892333984375000e+02 2.509557617187499829e+02 3.322697010869565020e+02 4.406924358042635390e+02 5.264319313417190642e+02 6.506542091836735153e+02 1.003350174650698477e+03 1.485097297967278109e+03
2.175067191844300396e+02 2.442039930555555713e+02 3.231124244386873556e+02 4.163746204453441351e+02 5.317045454545454959e+02 6.478199662813102577e+02 9.691540345149253426e+02 1.486299337434926656e+03
1.972887286324786373e+02 2.328649088541666572e+02 3.112185924899193310e+02 4.087327586206896513e+02 5.478289153696498488e+02 6.417048420329670080e+02 9.250135946327683314e+02 1.370470752089136568e+03
1.997157294489611559e+02 2.306944707491582278e+02 3.165170611213235361e+02 4.318728347378277022e+02 5.140951041666667152e+02 6.426284305317324197e+02 9.368276785714285779e+02 1.311817084078712014e+03
1.963985162694775397e+02 2.272471203071672505e+02 3.040675176788685690e+02 4.087202776586620985e+02 4.982953629032257936e+02 5.956153584392013727e+02 8.451512650085762743e+02 1.281085357917570491e+03
1.902419001751313488e+02 2.116259892451298867e+02 2.753066942649434736e+02 3.740760250000000156e+02 4.829375000000000000e+02 5.836975644122383073e+02 8.176949040032679932e+02 1.213808953722334081e+03
1.809281461784638623e+02 2.144214730707395518e+02 2.800471586221121925e+02 3.655692110655737679e+02 4.777770567092651390e+02 5.765016945773525094e+02 8.341480846774193196e+02 1.196604838709677551e+03
1.752759368008948400e+02 1.988310111464968202e+02 2.845035258887171494e+02 3.527243481289809210e+02 4.484466028528528341e+02 5.455684241706161401e+02 8.078604431637520520e+02 1.155333492003046558e+03
1.702404426332852836e+02 1.928717003105589924e+02 2.547777009587020700e+02 3.270300819816642957e+02 4.356365489130434412e+02 5.409600520086083861e+02 7.956455604075691781e+02 1.090809195619335242e+03
1.586312166370106809e+02 1.780666105769230683e+02 2.429236486486486513e+02 3.459825310559006084e+02 4.259436631944444684e+02 5.235824329359165858e+02 7.364342994310100039e+02 1.060355595667869920e+03
1.559275488212526284e+02 1.819576771653543403e+02 2.421127148729447072e+02 3.195275829081632537e+02 4.126182939914162944e+02 5.054586759868420813e+02 7.069558797602256845e+02 1.024824137931034329e+03
1.487473086124402073e+02 1.701689897594278307e+02 2.306659044715447067e+02 3.101951553520115112e+02 3.930137928194993719e+02 5.089345421810699008e+02 7.107654336734693743e+02 1.019484506567867925e+03
1.416695823191933243e+02 1.629245086477987456e+02 2.158047577021822576e+02 3.014281250000000227e+02 3.844228436657681982e+02 4.741698902027027316e+02 6.769385972041612831e+02 9.919405383360522137e+02
1.326252553104575043e+02 1.586038740636704176e+02 2.112486884124087680e+02 2.911377983668341471e+02 3.811594174907292540e+02 4.699099130036630072e+02 6.528198757763975664e+02 9.724742363468064923e+02
1.324939763434579447e+02 1.532466011191677069e+02 2.033082887279597060e+02 2.813930183686176747e+02 3.788981311274509949e+02 4.619930866368287070e+02 6.516409176029962964e+02 9.376134878655880129e+02
1.270197220662549284e+02 1.519346016646848909e+02 1.989463224085365880e+02 2.651669611307420382e+02 3.555058434959349825e+02 4.492212528604118802e+02 6.424427631578947739e+02 9.200830357142857565e+02
1.204565696022727224e+02 1.439456827156743373e+02 1.856342370789779466e+02 2.647999009060022786e+02 3.498202080801943907e+02 4.249590782532238791e+02 6.122767349260523133e+02 9.054605918546733392e+02
1.200458144796380253e+02 1.404663279428904445e+02 1.795373389175257728e+02 2.617296912026066593e+02 3.307118092454834937e+02 4.244035263761468286e+02 5.981527469478357943e+02 8.564054750626916075e+02
1.126741966194548326e+02 1.317482103164225862e+02 1.829305294032444920e+02 2.478096268078512594e+02 3.273529143258427325e+02 4.106768990634755596e+02 5.574603152654867699e+02 8.361507979442791338e+02
1.121099864130434867e+02 1.243625079314720807e+02 1.742157012195121979e+02 2.381124360871905026e+02 3.043982787093496540e+02 4.009345043572985219e+02 5.637262976694914869e+02 7.980302298250196600e+02
1.033890708111702139e+02 1.197735866834170935e+02 1.634862288135593076e+02 2.307679096370143270e+02 2.973309491978609458e+02 3.761889564336373155e+02 5.457029136316338054e+02 7.919919974391805226e+02
1.020354985395645144e+02 1.166136321107784397e+02 1.576301927860696424e+02 2.194623317547357715e+02 2.989605582524271767e+02 3.674730894105894095e+02 5.289847113502935372e+02 7.870127608750314039e+02
1.004668617389298930e+02 1.120248752434274593e+02 1.567890162721893432e+02 2.190457394622092977e+02 2.809664567025440078e+02 3.551051577669902599e+02 5.230333250743310600e+02 7.542237770747140075e+02
9.271989992194470176e+01 1.083822877246925316e+02 1.466038392857142867e+02 2.066852909990574858e+02 2.676533067867035811e+02 3.460566820276497424e+02 5.108574814986124011e+02 7.661165082309297532e+02
8.982023416134913418e+01 1.037389098419540119e+02 1.416622352670349869e+02 1.964361073975044576e+02 2.651279508970727079e+02 3.348444828799249535e+02 5.008978658536585158e+02 7.240888564760793997e+02
8.494281679220203785e+01 9.938785747232472545e+01 1.405927135810243556e+02 1.922457131031220570e+02 2.489067814625850303e+02 3.321725579839429088e+02 4.832672261484098613e+02 7.126500557413601200e+02
8.440163866930171821e+01 9.952501062022089684e+01 1.302978409090909224e+02 1.887706422018348462e+02 2.436939421338155398e+02 3.162554133858267846e+02 4.782530339805825292e+02 7.109750108178277515e+02
7.929216015791720906e+01 9.180808951184640421e+01 1.268317555938037913e+02 1.777083333333333428e+02 2.284323132780082801e+02 3.028856810490693761e+02 4.450685085836909707e+02 6.900693153000844404e+02
7.601309376346402757e+01 8.752238901391162074e+01 1.239337381881676237e+02 1.690144386106623813e+02 2.306055249788314825e+02 2.974516577429983499e+02 4.453347808105872900e+02 6.690948491155047577e+02
7.083704594017093825e+01 8.413955937747819291e+01 1.172825737331749707e+02 1.632257481677524424e+02 2.179228422619047478e+02 2.802788500404203660e+02 4.282990107913669249e+02 6.536401826942380922e+02
6.868029027987897450e+01 8.316077564741036099e+01 1.154886947077409189e+02 1.597838684416601325e+02 2.100908541498791351e+02 2.741413279400157990e+02 4.277859787830263940e+02 6.382114585394814412e+02
6.673969072164948102e+01 7.838127192127825538e+01 1.081728629976580862e+02 1.535350592003105419e+02 2.057599507202426139e+02 2.683716954022988830e+02 3.934290374432677595e+02 6.058639439573007621e+02
6.439300876316745814e+01 7.296666026133743799e+01 1.050722597947761159e+02 1.498273788310762598e+02 2.022474236641221239e+02 2.624531593406593402e+02 3.967882177479492611e+02 5.983810543964232238e+02
6.325305855938416499e+01 7.331767047628156320e+01 1.018862220790378075e+02 1.439932655038759606e+02 1.952551424050632818e+02 2.537680060652008933e+02 3.901365523465703973e+02 5.847892902989179902e+02
5.858952490111470723e+01 7.079044495884772914e+01 9.642459291187739723e+01 1.353970112397820174e+02 1.867018509080800470e+02 2.400898653314916942e+02 3.739465835140997569e+02 5.703699963937973507e+02
5.739034331919406640e+01 6.651224237600536071e+01 9.217263772663876864e+01 1.314924991096866052e+02 1.775936442112389955e+02 2.397723994755244803e+02 3.697452356202356327e+02 5.472158484065461153e+02
5.437917541098286023e+01 6.406155239218328745e+01 9.011581370272064362e+01 1.265028120771312672e+02 1.767644477739725914e+02 2.266565808045166079e+02 3.548086466802167820e+02 5.361635843981169955e+02
5.230987413194444713e+01 6.182048244891232258e+01 8.529186605359521423e+01 1.210322013567174082e+02 1.648050595238095184e+02 2.239472150259067575e+02 3.356963396414342355e+02 5.144766081871345023e+02
5.077052696078431637e+01 5.978664005924950686e+01 8.293460115131578902e+01 1.184956279147235136e+02 1.617482370718603022e+02 2.101759029158382930e+02 3.367348823724320823e+02 5.004426654593348189e+02
4.717808585395661680e+01 5.612371299871299613e+01 7.925154456313774176e+01 1.145525244943110152e+02 1.578382951751690086e+02 2.083997891942535716e+02 3.244051086272040152e+02 4.806538763339611364e+02
4.508462186160441121e+01 5.456411242012779894e+01 7.654861057394802515e+01 1.092094093826405867e+02 1.474457778833966870e+02 1.979573933868973938e+02 3.154583591811414180e+02 4.710913077525450490e+02
4.336667044424297046e+01 5.217839961513790570e+01 7.457357913011695416e+01 1.036206467661691590e+02 1.444597054046072060e+02 1.928176294191919453e+02 3.158906156827668497e+02 4.734517315353968456e+02
4.281356725584182499e+01 4.977613283455674775e+01 7.020826875387476207e+01 1.018884502923976640e+02 1.389797302549751237e+02 1.849037278191184726e+02 3.032427418132201637e+02 4.537374334713188091e+02
4.100137730792138768e+01 4.833571912435824203e+01 6.769714027858809402e+01 9.416312387925880500e+01 1.326253429234665191e+02 1.810959689349112409e+02 2.862294600938967051e+02 4.254425054308471772e+02
3.941547636310905034e+01 4.623804317155755683e+01 6.441687411723164303e+01 9.543368774482372885e+01 1.297320729408352520e+02 1.730328383780696697e+02 2.820856017191977116e+02 4.220989827856024590e+02
3.686369912790697612e+01 4.386723938157166458e+01 6.186006560773481056e+01 8.929321398542600718e+01 1.238180351193781377e+02 1.692712743732590468e+02 2.744367543007768973e+02 4.146744234509585567e+02
3.587059156241682700e+01 4.357201350415513019e+01 5.953183379120878982e+01 8.705136772853185789e+01 1.203666579861111074e+02 1.661038082685904556e+02 2.676365575123830354e+02 3.931411290322580498e+02
3.405607593911916808e+01 4.171511901559978241e+01 5.755302043335161954e+01 8.331839975516867014e+01 1.144552765600825239e+02 1.634762499999999932e+02 2.571747333333333358e+02 3.820916565982010979e+02
3.328569304106910209e+01 3.898614560955961394e+01 5.610819988329875230e+01 7.914918099152964714e+01 1.140294062669929218e+02 1.521265649973361747e+02 2.537053826663201903e+02 3.746913504029113255e+02
3.133903556034482563e+01 3.769874197002141614e+01 5.324444513406156432e+01 7.662239724175231004e+01 1.071091069626639722e+02 1.480765141752577279e+02 2.445066468766133312e+02 3.626981101651186350e+02
3.110962637257405561e+01 3.678917296440760509e+01 5.041214057507987434e+01 7.236953352769678816e+01 1.054665190245815865e+02 1.426094527363183886e+02 2.376231310187531562e+02 3.506598287888395475e+02
2.895993169910179432e+01 3.472432659932660215e+01 4.886184990875912604e+01 7.165501412429378547e+01 9.994487950023685130e+01 1.392771659324522773e+02 2.297326526812313716e+02 3.410047621973699847e+02
2.774390764786281949e+01 3.343597359239653599e+01 4.849677203583453888e+01 6.795717703349282601e+01 9.608769069881888925e+01 1.385057545544067068e+02 2.236324245374878501e+02 3.322972801066150055e+02
2.687223551772962438e+01 3.171970827481273503e+01 4.514732774893818146e+01 6.456911142454160313e+01 9.263850207838480344e+01 1.340918457723193171e+02 2.196128850710900622e+02 3.265115393626991818e+02
2.544590398264984188e+01 3.124683227251296458e+01 4.329896298144669231e+01 6.339480592260500202e+01 9.127175374006544928e+01 1.275196684380776304e+02 2.094882333883129206e+02 3.188186650915534415e+02
2.517010198774179131e+01 2.961728538283062662e+01 4.173969843462246843e+01 6.005136195752538697e+01 8.635801844354476486e+01 1.214926009749303688e+02 2.069996626180836756e+02 3.074623822651045089e+02
2.348903182219280694e+01 2.837839673913043725e+01 3.984470807033363116e+01 5.980343432390632330e+01 8.199982702952029001e+01 1.201172291296625332e+02 2.009092362998188435e+02 2.961155320108205729e+02
2.257134495139798958e+01 2.726247462787550901e+01 3.820800781250000000e+01 5.612718006953790706e+01 7.966296086675291122e+01 1.156850175233644791e+02 1.956325823223569955e+02 2.944401870692484522e+02
2.173153299945115080e+01 2.629791108396385013e+01 3.722759635061391492e+01 5.357058627136752449e+01 7.713601593736116513e+01 1.141579988161859660e+02 1.904853169326241016e+02 2.801912068216380476e+02
2.091362457210098569e+01 2.523217864952103540e+01 3.515057510059296675e+01 5.110826999784389812e+01 7.363418440442079316e+01 1.103859572784810155e+02 1.841474704267004654e+02 2.849127709307267082e+02
1.999568203293736346e+01 2.437021419701986602e+01 3.373529449854952134e+01 4.935885825754444056e+01 7.194983376233376760e+01 1.070172147722435056e+02 1.826239264767490624e+02 2.706296693523071895e+02
1.935605932423990083e+01 2.326682314880470059e+01 3.225507511165245944e+01 4.695924473922674025e+01 6.887890786215436378e+01 1.021751004016064286e+02 1.745490273262901155e+02 2.634878085642317274e+02
1.908673716846758239e+01 2.249946840826245520e+01 3.153930526129943246e+01 4.593472433943089328e+01 6.709336094377511017e+01 9.881131037658616378e+01 1.729333931459765381e+02 2.562953001419590464e+02
1.834978755084253521e+01 2.150895072449384671e+01 2.966123074405960480e+01 4.329116478408636226e+01 6.326647090100541959e+01 9.636787773651289513e+01 1.695583193567482283e+02 2.496884668782229255e+02
1.735120562904453934e+01 2.046559375000000003e+01 2.889181627839814936e+01 4.249648229878511785e+01 6.177449661084529708e+01 9.241427834804296992e+01 1.621987625676720768e+02 2.431569513261439681e+02
1.670937857347055200e+01 1.977524296083398170e+01 2.739845761309305061e+01 4.073512297284095496e+01 5.893499719311377305e+01 9.076326350822239419e+01 1.578706017640364223e+02 2.385878909952606648e+02
1.582397838807096946e+01 1.912545728211009077e+01 2.637211377510831056e+01 3.818883904203057256e+01 5.693877781475846689e+01 8.936597890451517401e+01 1.554332059267647992e+02 2.348655834914611091e+02
1.521650827891791025e+01 1.853593806245500275e+01 2.546313912686839132e+01 3.682375945518958105e+01 5.577186939964157375e+01 8.478726005906237617e+01 1.517378935185185185e+02 2.282810752589604988e+02
1.497599823157110954e+01 1.746448645381417109e+01 2.434724403266331905e+01 3.563631243274748783e+01 5.293204969089546807e+01 8.269536070780398518e+01 1.485057128550619154e+02 2.230641107367270877e+02
1.414711305717939283e+01 1.722191992811501748e+01 2.380499485872675081e+01 3.333433828764685103e+01 5.059394960965223476e+01 7.986535714285714960e+01 1.458137932572244040e+02 2.166971961790199828e+02
1.389236111111111072e+01 1.639177083333333229e+01 2.290763132869884799e+01 3.355977622651356995e+01 4.983795080532213007e+01 7.735481701940035748e+01 1.418223764891380370e+02 2.136111330872011251e+02
1.387831695072561544e+01 1.579251135966445219e+01 2.173783844175095936e+01 3.151537102473498209e+01 4.832341995576726390e+01 7.501891559103260931e+01 1.383249160062026135e+02 2.105825301727880685e+02
1.305971349333558251e+01 1.523618534482758591e+01 2.113230640555744699e+01 3.064355114573029937e+01 4.528502626970227851e+01 7.173693629972564167e+01 1.309799789915966528e+02 2.044743584278284629e+02
1.237800599146421376e+01 1.444015119754041976e+01 2.007382913046975403e+01 2.892040013679890365e+01 4.500077542166720690e+01 7.103892149899732544e+01 1.301516937894387240e+02 2.022723892996593804e+02
1.221420754872811187e+01 1.408722546635841688e+01 1.896451446719918366e+01 2.837730339669554169e+01 4.273917099966454458e+01 6.881767763588736386e+01 1.284608675836923908e+02 1.947380107658429438e+02
1.194288889567057232e+01 1.374629078656998793e+01 1.836842211787564949e+01 2.649875318772622634e+01 4.089727991015132602e+01 6.746892115012886393e+01 1.272823940269749414e+02 1.914721593206631667e+02
1.122757622826443580e+01 1.311956932940426945e+01 1.764268746024173140e+01 2.620691742715337469e+01 3.935225665983606547e+01 6.411149728347714927e+01 1.230396505376344152e+02 1.869954148646484100e+02
1.089987095141700379e+01 1.252960609447900353e+01 1.698251892468944035e+01 2.491757138178175168e+01 3.785298711817340234e+01 6.127550697084917175e+01 1.170263786198398037e+02 1.851358188044831934e+02
1.079826634687034215e+01 1.227025242255603921e+01 1.656010510394042612e+01 2.458927243188224310e+01 3.702023684823091543e+01 6.090509490030675011e+01 1.172503712097530411e+02 1.815612925750640159e+02
1.063132718937125709e+01 1.186745188643292614e+01 1.580067247743267878e+01 2.293237844592547603e+01 3.553791029676258972e+01 5.840206185567010522e+01 1.153777769438607095e+02 1.773468451387835501e+02
1.032647171324288493e+01 1.135798956738131693e+01 1.503021469252531439e+01 2.203149162371133940e+01 3.439546783625731052e+01 5.767122181994625407e+01 1.118054952052742124e+02 1.772218338815789309e+02
9.998031460099385370e+00 1.135046338498936436e+01 1.455401760108976106e+01 2.114025476154768768e+01 3.369414588707365965e+01 5.527385162298988064e+01 1.096432352511682211e+02 1.713021904832383484e+02
9.886672179412618888e+00 1.120353336077634587e+01 1.422385817307692335e+01 2.060886625849377296e+01 3.196537261380322903e+01 5.312255026034133465e+01 1.076607999128160458e+02 1.659090843599164202e+02
9.629491713101872463e+00 1.073800090236893823e+01 1.359752470390981571e+01 1.989541939592431063e+01 3.078118431193946236e+01 5.229454507160910026e+01 1.036281044818726826e+02 1.672330982403647397e+02
9.288056016559671946e+00 1.027090954222408037e+01 1.303770076815642298e+01 1.933155610636210753e+01 2.974675656761412768e+01 5.015396957023362745e+01 1.002368225028376827e+02 1.620095197799873006e+02
9.151902936682773770e+00 1.011669948926592966e+01 1.273904368251661090e+01 1.845359258104738132e+01 2.895329035527762684e+01 4.834428997531541938e+01 9.872430343775991446e+01 1.597762665465382099e+02
8.964438653565263593e+00 1.021855769561331151e+01 1.243735114997278224e+01 1.777868859469074891e+01 2.803564989697802190e+01 4.728129715363511565e+01 9.697054134668130132e+01 1.558022159439036045e+02
8.752717750462595703e+00 9.754556759334969129e+00 1.212004174034276360e+01 1.712419728708791311e+01 2.675238017483922803e+01 4.594859899328858432e+01 9.396322986577180814e+01 1.521062394031875158e+02
8.429881840796021208e+00 9.391731119967575481e+00 1.182706079394141163e+01 1.655384186902609045e+01 2.600278627622377314e+01 4.397547123015873183e+01 9.167760939978846579e+01 1.511060434811515165e+02
8.299571376859285365e+00 9.212546140939595674e+00 1.150068176052764990e+01 1.589648279181302293e+01 2.554453881176770125e+01 4.245841761057173613e+01 8.879890986482972437e+01 1.464502787799278565e+02
8.022985503985600175e+00 9.049945320367573487e+00 1.110890479360852190e+01 1.521871480855855907e+01 2.425978468741757155e+01 4.213940258274824657e+01 8.859990394634019140e+01 1.448457200694042797e+02
7.908260051263864554e+00 8.930059244302528398e+00 1.082530662922061460e+01 1.460577141098730358e+01 2.347911134294385604e+01 4.074530889145496815e+01 8.473460701484894741e+01 1.416104138936426295e+02
7.789013098013541914e+00 8.518233056385362545e+00 1.060379882812500085e+01 1.436281145601336284e+01 2.295203617751780101e+01 3.874992130445730965e+01 8.418764126067303266e+01 1.387238578520706369e+02
7.595255487457240662e+00 8.297035727406319339e+00 1.015639542003428808e+01 1.370939087277006863e+01 2.173932317110405421e+01 3.791173533178824329e+01 8.067258173549656419e+01 1.350788704216681992e+02
7.279639675992348735e+00 8.200059625733855384e+00 9.925605439928675722e+00 1.353470475460122735e+01 2.158443671798331565e+01 3.705505340682610438e+01 7.907737658846529882e+01 1.333256122885237858e+02
7.245316798612737585e+00 7.973346925782196948e+00 9.596821896165939947e+00 1.285954266638533916e+01 2.011169421979067806e+01 3.541719005608787540e+01 7.682706420633002153e+01 1.296778589828071517e+02
7.056249540711346135e+00 7.891892403147699575e+00 9.335254137115839512e+00 1.250734764351420658e+01 1.990462608512177667e+01 3.478929878780604668e+01 7.545992569002123673e+01 1.280469094265467902e+02
6.954055407697707025e+00 7.749178958931134176e+00 9.283622573161011360e+00 1.212857791486551307e+01 1.924132302405498152e+01 3.334477174811142675e+01 7.325858667904385868e+01 1.274102368220015364e+02
6.760990894135304075e+00 7.659529233642743407e+00 8.902559472447036271e+00 1.168145301172405937e+01 1.831872754182375118e+01 3.232105502501136840e+01 7.107242827151854669e+01 1.247369089544483671e+02
6.515072109843245585e+00 7.395883882753234495e+00 8.701544046672722743e+00 1.148668739248853221e+01 1.774427782438478829e+01 3.100010709389993124e+01 6.856630086876999997e+01 1.228184827314214829e+02
6.498784999145494012e+00 7.203229694538288541e+00 8.593735067180121590e+00 1.122123442808607052e+01 1.751257848173515796e+01 3.056878087805973720e+01 6.797704545454546121e+01 1.188790820080366757e+02
6.341842129788942017e+00 7.103745227697209508e+00 8.257616370292886643e+00 1.063235167920694124e+01 1.663285212238147892e+01 2.959874370100784091e+01 6.606388858337000158e+01 1.179175956073064384e+02
6.146635773554603333e+00 7.041264031740765539e+00 8.189386961064672121e+00 1.051439062845762429e+01 1.622850433526011571e+01 2.907678970459995327e+01 6.432854897418927465e+01 1.158852135241146897e+02
6.012695932015224898e+00 6.866946842574578547e+00 7.915273674653078295e+00 9.979874559859155170e+00 1.550876701308292915e+01 2.775612394844693753e+01 6.224624009847998707e+01 1.141143945082055069e+02
5.931347501322052018e+00 6.804570312500000107e+00 7.852347936763129255e+00 9.815275083875025786e+00 1.520764409495871483e+01 2.720895799839228246e+01 6.101335669366872594e+01 1.121777703426124191e+02
5.729656210683581996e+00 6.556675645387772811e+00 7.599044237426186399e+00 9.456351310922540776e+00 1.472855363612836399e+01 2.628363504228329717e+01 5.820462778244435498e+01 1.107392433430002683e+02
5.677641055830351391e+00 6.457825613555442601e+00 7.477328661480686200e+00 9.206174242424243204e+00 1.403838027236117014e+01 2.542552397153542287e+01 5.733945516162669520e+01 1.082618886046875701e+02
5.599422837205715986e+00 6.351806591253791545e+00 7.192097299813779543e+00 8.804996865100315873e+00 1.354494438827098080e+01 2.472363658915122997e+01 5.563124089868941269e+01 1.070188321149225459e+02
5.435634664948453931e+00 6.306588619869869738e+00 7.074767200918713250e+00 8.663674898293312054e+00 1.324900193082177857e+01 2.382932963399630921e+01 5.382355827294686179e+01 1.051217674043454195e+02
5.351210192001846444e+00 6.142781477942645729e+00 6.883793340551572548e+00 8.405891815805349054e+00 1.276018714866492765e+01 2.290957674285997570e+01 5.274388872225554792e+01 1.022463340173164426e+02
5.187043385922330607e+00 6.078224522292994259e+00 6.785196085782843056e+00 8.180431768667062897e+00 1.240886449861138630e+01 2.229995024875621823e+01 5.089787670555665500e+01 1.014033016508254121e+02
5.012626927866653759e+00 5.948080418549813508e+00 6.819007618675522409e+00 7.899851673054246071e+00 1.180067403430902218e+01 2.175653001025991884e+01 4.975368456457925959e+01 9.860935686653770915e+01
5.045731507713551167e+00 5.800355294391151162e+00 6.549312439555125209e+00 7.853864304686017483e+00 1.139939950980392069e+01 2.103333551504189103e+01 4.796493630803313835e+01 9.713218716809888065e+01
4.872670295110815175e+00 5.757838754748684451e+00 6.362691982487027609e+00 7.646786404639175139e+00 1.126670693375868026e+01 2.003226762663798155e+01 4.602396947101856739e+01 9.535940858930874242e+01
4.793014740510502136e+00 5.707984817650846310e+00 6.284486089644513385e+00 7.314607745894076807e+00 1.104024236522653446e+01 1.965365591026349890e+01 4.450639028913829520e+01 9.356020696142991255e+01
4.667086598929979679e+00 5.539813674446781633e+00 6.208627571608509754e+00 7.103959667545677092e+00 1.044980218807129901e+01 1.907557475284462001e+01 4.422405347157502575e+01 9.081600388870884899e+01
4.600049083769633285e+00 5.459611923637689657e+00 6.097327873720759683e+00 6.859053899082568684e+00 1.021733680749209938e+01 1.827045607169321784e+01 4.182809614496768091e+01 8.998231981465339402e+01
4.508845074812967368e+00 5.436437171231633947e+00 5.919036721855801098e+00 6.707941866469108838e+00 9.872052556818180946e+00 1.774744981299567215e+01 4.136911493061813161e+01 8.796736673147353258e+01
4.448509026792050847e+00 5.388085197546454985e+00 5.923501258313859097e+00 6.586746301808761750e+00 9.602031138253174447e+00 1.737137022300255396e+01 4.014392454954955269e+01 8.640258492016826608e+01
4.317139664230735363e+00 5.258591089352930403e+00 5.730724566158101219e+00 6.346927695096992394e+00 9.233851199605609850e+00 1.677437684078309132e+01 3.932511625332152505e+01 8.413134692069118614e+01
4.212422302134861241e+00 5.161329293918324623e+00 5.630653493938861942e+00 6.209691922169811029e+00 8.958528715612718685e+00 1.613983865459192657e+01 3.782369864663629500e+01 8.208758214736475622e+01
4.143301705185409745e+00 5.116825604570083286e+00 5.510606905403131250e+00 6.064610075611042816e+00 8.699156777763562332e+00 1.568065139765159621e+01 3.718138156768782920e+01 8.027823089303579707e+01
4.027674441379754278e+00 5.068879484588176609e+00 5.481160866850683711e+00 5.913847319618113829e+00 8.359345299809918473e+00 1.531824700523030103e+01 3.585076232698961718e+01 7.903944601785102009e+01
4.010633866005810511e+00 5.007038767003981761e+00 5.321337541971268514e+00 5.767087153495179308e+00 8.006074869791666160e+00 1.475476979290949231e+01 3.501568579766536971e+01 7.756819620921102398e+01
3.849142885767316002e+00 4.901883885517126060e+00 5.311093853631239092e+00 5.602928753914619975e+00 7.789407950680271142e+00 1.425535252668445452e+01 3.387835644269436841e+01 7.519498109601562419e+01
3.802308406482107106e+00 4.798345780787873771e+00 5.188191477038714972e+00 5.474193114020549977e+00 7.512695632369799981e+00 1.366730841082696912e+01 3.277490146165216345e+01 7.386495944666309299e+01
3.708403003735840198e+00 4.733930407072368673e+00 5.151184162446475590e+00 5.380380536094722999e+00 7.385201834720620084e+00 1.353326769639934568e+01 3.219378908178377685e+01 7.140244442157266747e+01
3.644360228229492016e+00 4.670297121563364406e+00 4.986037769765829353e+00 5.195953988046166927e+00 7.170812972570784538e+00 1.307263024602026036e+01 3.142115751257504641e+01 6.888716809661286788e+01
3.595902505543676408e+00 4.572057656300879458e+00 4.983398593475483196e+00 5.110055772367194216e+00 6.920128054127916428e+00 1.262664341428111925e+01 3.042255370164869888e+01 6.867656050191816064e+01
3.470092639357445830e+00 4.528643637048192616e+00 4.857133304094694459e+00 5.014323758485534022e+00 6.801511035367170166e+00 1.205433446963691146e+01 2.905320414503696469e+01 6.622346542269912106e+01
3.380905145387569366e+00 4.491434426426484272e+00 4.810668750498723334e+00 4.904679169840060915e+00 6.489717234788464850e+00 1.175472636694305351e+01 2.858246405343989949e+01 6.482837985129822300e+01
3.359228897691705296e+00 4.416655925374274538e+00 4.724234275539512140e+00 4.741486394085936418e+00 6.313905289938555931e+00 1.148702458122992276e+01 2.801820800781250043e+01 6.387871407459261519e+01
3.242568936668213997e+00 4.343711587556732034e+00 4.648637820512820262e+00 4.684462527403991494e+00 6.103753958140253566e+00 1.108303602297172574e+01 2.724226254002134695e+01 6.142169253299859122e+01
3.206009587769012903e+00 4.308390140102440036e+00 4.553097152767333178e+00 4.516210497936984147e+00 5.905242970032840155e+00 1.056320142457678379e+01 2.601033859241493218e+01 5.947700555847667658e+01
3.141573421567902979e+00 4.244298503580533399e+00 4.473017105854170339e+00 4.460498947000604453e+00 5.741608708799516236e+00 1.045510551887496398e+01 2.563641881423820834e+01 5.757722577009767662e+01
3.059440218284399382e+00 4.155567306441421138e+00 4.375037987170856013e+00 4.372346949658703075e+00 5.508598645620810252e+00 1.002909979194531154e+01 2.487917248090481692e+01 5.673504744782592013e+01
2.973378266345317211e+00 4.081914757974777430e+00 4.320851106295620525e+00 4.286042268389880228e+00 5.367815745548961459e+00 9.797940548335279942e+00 2.396649663595144020e+01 5.444847839653463240e+01
2.894223416696653839e+00 4.003684978426021779e+00 4.250915200584671538e+00 4.182347110703386051e+00 5.242630333959988675e+00 9.442293904354816192e+00 2.332865713464578405e+01 5.334527381508498678e+01
2.825867367615273906e+00 3.975347683953900813e+00 4.133893338779352611e+00 4.181831878914033851e+00 5.095546989385066006e+00 9.142660994926918860e+00 2.262373028419828458e+01 5.252513780307670288e+01
2.756506319722539899e+00 3.826776945820541620e+00 4.090048642614119601e+00 4.019739271856757057e+00 4.861710042501410811e+00 8.893455912257746121e+00 2.173171731041814070e+01 5.061461616090082316e+01
2.694384398496240340e+00 3.737249039804468875e+00 4.020770775139664188e+00 3.932021046903525274e+00 4.807456864580389677e+00 8.494174519914652777e+00 2.148162980025319868e+01 4.930100827756252357e+01
2.614058886903510626e+00 3.690961486976647610e+00 4.044304104799723909e+00 3.875540455242657778e+00 4.583771467503084729e+00 8.245573988340192173e+00 2.045608236554679848e+01 4.805651126784792382e+01
2.579958518826888092e+00 3.627677244608792151e+00 3.924192413304780302e+00 3.840733473931682962e+00 4.514416853454267908e+00 8.049534771004312361e+00 2.030011886237897656e+01 4.629189436912008659e+01
2.505462071757713183e+00 3.556271742939688174e+00 3.826765748568311754e+00 3.758345389991756935e+00 4.354995209316038007e+00 7.857247423157115662e+00 1.955183935845213838e+01 4.516303349770447539e+01
2.429487529392005296e+00 3.500089212887438350e+00 3.710285138832590146e+00 3.653257195587259254e+00 4.294380698829614040e+00 7.523529052734375000e+00 1.895492247345787007e+01 4.396984010400837661e+01
2.326244575798574132e+00 3.392954062457580910e+00 3.648790235746326882e+00 3.646649491072635918e+00 4.125378370098039760e+00 7.367050052041364872e+00 1.820809866154253953e+01 4.337580433845235461e+01
2.262242046920481364e+00 3.341423777720140098e+00 3.570040356169224438e+00 3.533338126689407055e+00 4.016407354500470817e+00 7.153807513341143398e+00 1.793143119539316999e+01 4.192815291558163437e+01
2.209316417873437466e+00 3.241850371447028145e+00 3.538989443009416203e+00 3.463065660582719030e+00 3.966628628277153457e+00 6.874309169097175598e+00 1.744296957064075571e+01 4.054502191404461087e+01
2.128405272033842888e+00 3.168335227637835594e+00 3.479305030851270075e+00 3.418962876573741205e+00 3.875115707056008052e+00 6.684498819997431340e+00 1.677770069956055465e+01 3.958542798913043725e+01
2.060456440752575613e+00 3.021642461483481590e+00 3.341037022988688321e+00 3.300680681238847836e+00 3.709818316050134790e+00 6.436762197270629926e+00 1.616350367882277794e+01 3.868545891650004620e+01
2.019093823794432030e+00 2.993611280342125536e+00 3.247955470144733514e+00 3.299903158169067208e+00 3.653320436918715775e+00 6.285290504121750388e+00 1.596135275275910104e+01 3.786760498458212965e+01
1.919434710269760869e+00 2.951621911774009899e+00 3.243664042796342795e+00 3.219334329480684431e+00 3.567476715076502103e+00 6.085406727840625862e+00 1.537601625219518198e+01 3.738752082220197082e+01
1.879350506389130482e+00 2.841537962120260996e+00 3.160316973137935026e+00 3.171897104502398701e+00 3.479571143617020912e+00 5.903116974129290817e+00 1.503188720341077378e+01 3.655586402399025303e+01
1.797895843490979972e+00 2.774593117266591413e+00 3.070955727916466316e+00 3.177729761127688235e+00 3.396809935266505320e+00 5.757674949212017168e+00 1.449673510307392021e+01 3.541371081420648181e+01
1.747846305790570876e+00 2.653035564603041241e+00 3.004188164477798573e+00 3.059800002251170437e+00 3.331908402751778464e+00 5.617490350491385342e+00 1.402159115451067528e+01 3.474461695203917344e+01
1.683960863748421577e+00 2.565022204339532763e+00 2.926495139555102654e+00 2.997988381117604018e+00 3.222287349402026546e+00 5.491268024526832825e+00 1.358951560809998860e+01 3.420621136186303346e+01
1.600466635945576144e+00 2.512334320961151501e+00 2.826852868298264543e+00 3.014117443310826872e+00 3.148117872013034280e+00 5.226928079514014058e+00 1.329775375433768225e+01 3.288555884818007513e+01
1.532070878623188470e+00 2.401999948383671590e+00 2.770353497199292470e+00 2.886321426474042884e+00 3.153075248848062451e+00 5.062592139403231606e+00 1.281321458603800423e+01 3.218168711837408580e+01
1.494990750775104793e+00 2.358979059127170430e+00 2.696293437573685559e+00 2.900854932002825848e+00 3.092118506373476627e+00 4.945858068195111201e+00 1.254724435493355372e+01 3.162188682566223719e+01
1.454299932026124953e+00 2.256649169493508023e+00 2.645226777489505743e+00 2.811776343020215840e+00 3.009356239279588063e+00 4.800399573398784980e+00 1.222224994214971616e+01 3.100550622442761295e+01
1.391443303139581200e+00 2.194407032615026232e+00 2.572363461178604371e+00 2.723776145773843638e+00 3.061166269333643442e+00 4.606012359782485355e+00 1.176609400109044934e+01 3.040655599202796111e+01
1.337623521478592536e+00 2.086010929159897831e+00 2.478345712468016604e+00 2.736752384147045358e+00 3.089881623449830972e+00 4.515211418283108458e+00 1.142293414191793310e+01 2.942816179816827216e+01
1.276597372115004791e+00 2.027448118763857998e+00 2.390166038178406449e+00 2.704714863666592528e+00 3.067187679535792189e+00 4.361424567517635076e+00 1.116015270691610084e+01 2.901288648907411627e+01
1.213093557001732714e+00 1.923912190638450426e+00 2.339131108603588416e+00 2.680546557239295247e+00 3.045298082960253172e+00 4.261269980019980252e+00 1.083076323660963958e+01 2.820996411583076124e+01
1.174703823442261985e+00 1.843656738227527736e+00 2.235664376929650476e+00 2.637398321663920964e+00 2.989530062318354720e+00 4.141211461126005133e+00 1.047095940372051892e+01 2.764038010763128028e+01
1.113561838255781478e+00 1.770885028685057927e+00 2.183888992307902566e+00 2.565493453762015097e+00 2.997330307109109082e+00 4.010277975705754727e+00 1.025034120212882804e+01 2.724430307763983805e+01
1.082228651403743358e+00 1.667031607006854488e+00 2.139380979475578037e+00 2.533114135213744511e+00 2.896403870989668228e+00 3.970228757946076215e+00 9.972619735054347956e+00 2.659777533458207799e+01
1.035262338238814639e+00 1.606761065584909609e+00 2.040424622979277292e+00 2.500896914919751080e+00 2.847650824652777857e+00 3.812631337669985854e+00 9.631637586430423781e+00 2.597907843269490158e+01
9.865230344528811424e-01 1.516564669438166035e+00 1.997823713995862338e+00 2.414261602997183065e+00 2.819264979853924213e+00 3.697993398308690338e+00 9.431016793518617547e+00 2.559752772827619438e+01
9.505048384913086235e-01 1.465411457772634263e+00 1.893369702566096269e+00 2.364667951854455108e+00 2.768219048619132483e+00 3.598776754562533320e+00 9.044766578144720626e+00 2.500310476594841091e+01
8.911886576503305069e-01 1.396558674291237256e+00 1.860481287646552628e+00 2.282360525553553288e+00 2.654668171124973330e+00 3.501789001937984480e+00 8.924143038859011057e+00 2.450166937790255517e+01
8.498140664232097796e-01 1.309972332066557055e+00 1.802861678158248271e+00 2.232950305069655084e+00 2.635346348573182063e+00 3.387912428082370031e+00 8.659801947125362886e+00 2.433146960726012864e+01
8.054491781866562894e-01 1.239736743151561793e+00 1.722767366085132590e+00 2.142369090216611927e+00 2.569411527242420945e+00 3.275274665778857841e+00 8.370782810730100110e+00 2.363868556899607043e+01
7.782451302056422326e-01 1.187914302239467368e+00 1.642301311187697399e+00 2.072084072478459049e+00 2.491161686512990414e+00 3.204942140448160615e+00 8.004804274979690604e+00 2.324923728167187775e+01
7.376305811351639985e-01 1.128844774850238597e+00 1.582387752479057275e+00 2.029300656654438040e+00 2.435727621354324413e+00 3.125563984922326899e+00 7.936676047054050720e+00 2.274063086660916255e+01
7.122175749758890007e-01 1.055275521777157000e+00 1.513234890629730600e+00 1.925667441554865800e+00 2.352553412306393810e+00 3.057398381992394665e+00 7.721250936095855444e+00 2.228482194231106206e+01
6.749228449928275086e-01 9.810098568558512921e-01 1.436752313259159752e+00 1.873998831200787363e+00 2.295996349343165210e+00 2.954063350032441360e+00 7.575289093501984539e+00 2.188305663454595162e+01
6.362903633699543704e-01 9.187804256632092770e-01 1.346309748864514821e+00 1.780181638876454642e+00 2.234226349383555021e+00 2.881452040784941104e+00 7.316104243947677332e+00 2.141734094606586680e+01
6.082485024670649665e-01 8.857321565709896927e-01 1.311820011661373409e+00 1.703355368589743568e+00 2.152578086552657588e+00 2.823222629666537031e+00 7.108837157987643707e+00 2.108035235063065471e+01
5.735657519266188498e-01 8.231016627945967334e-01 1.235571817750628520e+00 1.641632459178474335e+00 2.105671904875717093e+00 2.734808777401211533e+00 6.913761844904273701e+00 2.064775246379605278e+01
5.487403536758289624e-01 7.726873300658271271e-01 1.178224055871393006e+00 1.575543450629246944e+00 2.035025864271116980e+00 2.673110861875723110e+00 6.732786885245902297e+00 2.032005257610960669e+01
5.274999093633683245e-01 7.262485189573459898e-01 1.106050320195301362e+00 1.480650739430364737e+00 1.967937612155270077e+00 2.592969158914636640e+00 6.553329190340908994e+00 1.997440884369827430e+01
5.042960766582283982e-01 6.910842547737333641e-01 1.059681777044293005e+00 1.429636962659649901e+00 1.907726357644783821e+00 2.530466842543900530e+00 6.408269507647281316e+00 1.967829632918886773e+01
4.755972986444531592e-01 6.530619133093905626e-01 1.000371613899568635e+00 1.356853663217232331e+00 1.830652615943700878e+00 2.497872443128627662e+00 6.206878014003524235e+00 1.937051151761517787e+01
4.574460111205471691e-01 6.073112947395049588e-01 9.427460941119243376e-01 1.304828135756080698e+00 1.782757988202220867e+00 2.417473164819944564e+00 6.000575779873922322e+00 1.914357011155692589e+01
4.382322763332874849e-01 5.686366894829339991e-01 8.864312144373193147e-01 1.239581936508862059e+00 1.716914129806384359e+00 2.344771849204692948e+00 5.874630054726139861e+00 1.876952578996814935e+01
4.247824847752744715e-01 5.435404049216497890e-01 8.415637904834817329e-01 1.173209443007791508e+00 1.672338703183951392e+00 2.289788415281416523e+00 5.764361391358868936e+00 1.852342553872169262e+01
4.022353414656266724e-01 5.119091508983606431e-01 7.834261654192631319e-01 1.127530466093907835e+00 1.596805099053217214e+00 2.246710081952449478e+00 5.611341273767285642e+00 1.812949356532714162e+01
3.903021907289817016e-01 4.804618026426174526e-01 7.407410630737011337e-01 1.071025938691373414e+00 1.568848496817522919e+00 2.166825215086715772e+00 5.439205792136843520e+00 1.783941915570593295e+01
3.710886357341882658e-01 4.537678088172007462e-01 6.974153483954577126e-01 1.013427863984250443e+00 1.496672300647976739e+00 2.123704193141980667e+00 5.329983554815437508e+00 1.760450259898252767e+01
3.659748961247213939e-01 4.310268128201448223e-01 6.624997764713003168e-01 9.699297977292770101e-01 1.443018503470691938e+00 2.075892313441098480e+00 5.210132663532839103e+00 1.738099133356915260e+01
3.508223476354113135e-01 4.085654810855262609e-01 6.231636619900742247e-01 9.236316425519732753e-01 1.398270685053380813e+00 2.011338033139332904e+00 5.020574665344030407e+00 1.723320621284379683e+01
3.400630551435944726e-01 3.918404585434020482e-01 5.842681685651370804e-01 8.791844828964193725e-01 1.334152874540642131e+00 1.944453650413864310e+00 4.933112523250280823e+00 1.685372847395212759e+01
3.321265669015030508e-01 3.712462743564581835e-01 5.537186645096802140e-01 8.303024577886709556e-01 1.292539878297539691e+00 1.911112020129051903e+00 4.776721565675975611e+00 1.663429309273269041e+01
3.274222357969056030e-01 3.566736386794135405e-01 5.197543967677815679e-01 7.982234926007556464e-01 1.258111659120310533e+00 1.856532901348295628e+00 4.694359691047196748e+00 1.643488279168886379e+01
3.136519756453267083e-01 3.446755773092369246e-01 4.973588857632094129e-01 7.537528151951156108e-01 1.206105511704650413e+00 1.807233895051194583e+00 4.540279727224576511e+00 1.632866997734058856e+01
3.078360089989877757e-01 3.311373954476761194e-01 4.694223686129865292e-01 7.211249921238344074e-01 1.163216025076932780e+00 1.781100906488549684e+00 4.406749797317217165e+00 1.604247579160915294e+01
3.017295283534406347e-01 3.211988137628353779e-01 4.449033765593967127e-01 6.781824146138345499e-01 1.119398478213665449e+00 1.707452769151138527e+00 4.321725680391509172e+00 1.585568134822167075e+01
2.978689455836123212e-01 3.120135560636681515e-01 4.246639381074234776e-01 6.620664675347367467e-01 1.087263522256728621e+00 1.675983353300556145e+00 4.224011763761087224e+00 1.564938942217983708e+01
2.913066338941820432e-01 3.030473768323314054e-01 4.052402818551710251e-01 6.238140596805281657e-01 1.045440875535495584e+00 1.627837505077172953e+00 4.126040730222294783e+00 1.556999451495827280e+01
2.892934102616196990e-01 2.973672861815124802e-01 3.830227722034822979e-01 6.000960110183513052e-01 9.955888898241103124e-01 1.589951246835701326e+00 4.024237613433803595e+00 1.525960380356672808e+01
2.831847465113718210e-01 2.939134611464448432e-01 3.669369443121378582e-01 5.718207120137019928e-01 9.627463379878534733e-01 1.550474483022207917e+00 3.950814754509017757e+00 1.516971540617375958e+01
2.851824995737382573e-01 2.876149850856744017e-01 3.536387785709924070e-01 5.387045858490009387e-01 9.323667888837228190e-01 1.502010295696786457e+00 3.842584692754203335e+00 1.478514860139860154e+01
2.790098205546899801e-01 2.828330762203530302e-01 3.388561887789498517e-01 5.179571424431498317e-01 8.954730861802768782e-01 1.458588850519965119e+00 3.743331195197289851e+00 1.470141744641118819e+01
2.794238315979768461e-01 2.754779106073462769e-01 3.282922211729913387e-01 4.989726774631496609e-01 8.693295179120358318e-01 1.425761909089122925e+00 3.641154328732747469e+00 1.457608711588083494e+01
2.737608548201837522e-01 2.756619471583404701e-01 3.154012142410818620e-01 4.760785229688352937e-01 8.294693587662338441e-01 1.382190391254596529e+00 3.532183772220490070e+00 1.441817398271341233e+01
