nan nan nan nan nan nan nan 0.000000000000000000e+00
6.902189941406250000e+02 nan nan nan 3.911270751953125000e+02 8.615649414062500000e+01 nan 6.331995391845703125e+01
9.096006835937500909e+02 nan nan 9.241583658854166288e+02 nan 1.156921752929687500e+03 8.455986328125000000e+02 1.740320475260416515e+03
1.067218872070312500e+03 nan 1.004116048177083258e+03 nan 1.273193115234375000e+03 1.267376586914062500e+03 2.389886718750000000e+03 1.273034667968750000e+03
1.653196289062500000e+03 1.296760579427083258e+03 nan 1.392076904296875000e+03 nan 1.650134928385416515e+03 1.025818033854166515e+03 1.086557842548076906e+03
1.578024325284090992e+03 1.390969433593750182e+03 1.101360281808035552e+03 nan 1.652366832386363740e+03 1.915963867187500000e+03 4.156651785714285325e+03 9.557375710227273885e+03
1.180822021484375000e+03 1.414250000000000000e+03 1.472075195312500000e+03 1.642857788085937500e+03 1.327173583984375000e+03 3.461406250000000000e+03 3.982216064453125000e+03 5.146565972222221717e+03
7.274243164062500000e+02 1.339853678385416515e+03 9.802790527343750000e+02 1.093920410156250000e+03 1.193021040482954504e+03 4.295497596153846644e+03 5.016525568181818016e+03 5.212094444444444889e+03
1.102060444078947285e+03 1.139706194196428442e+03 1.053367838541666515e+03 1.273988281250000000e+03 3.815001116071428442e+03 4.130409830729166060e+03 4.107938100961539021e+03 3.763147640306121957e+03
1.024320991847826008e+03 1.102292292668269283e+03 9.638837316176470722e+02 1.383844726562500000e+03 2.795232812500000364e+03 3.244026562500000182e+03 3.076316840277777828e+03 3.895021832191780504e+03
9.775143995098038658e+02 8.682542317708332575e+02 1.011020596590909122e+03 2.297816576086956502e+03 3.566740579044117567e+03 2.971875000000000000e+03 3.297826086956521522e+03 3.570157061688311842e+03
8.186303411989795222e+02 9.648344184027777146e+02 8.935646205357143117e+02 1.899155859375000091e+03 1.876229403409090992e+03 2.263265811011904589e+03 2.966121651785714221e+03 2.573182716836734471e+03
9.434769467213114922e+02 8.179483612804878021e+02 9.178820134943182438e+02 2.180951858108108354e+03 1.993661747685184991e+03 2.521507390202702936e+03 2.354032986111110858e+03 3.120795928030303003e+03
7.657309351679103884e+02 6.940714081554878021e+02 1.166276654411764639e+03 1.592498383620689538e+03 1.852084722222222354e+03 2.061079782196969973e+03 2.195988597972972912e+03 2.702379956896551903e+03
7.442277868470149542e+02 7.106485305059522943e+02 1.047422743055555657e+03 1.725158967391304259e+03 1.653740234375000000e+03 1.744856770833333258e+03 1.831854940878378557e+03 1.985044560185184991e+03
6.062821302816901152e+02 6.067391131365740193e+02 1.103378075132978665e+03 1.500018880208333258e+03 1.456720894607843093e+03 1.506082812500000045e+03 1.678274374999999964e+03 1.868755533854166515e+03
5.758535156250000000e+02 5.601725014740566166e+02 1.364675057870370210e+03 1.232551817602040728e+03 1.386951622596153811e+03 1.467833444148936223e+03 1.579525735294117567e+03 1.471141973350253693e+03
5.230077586206896285e+02 5.629497070312500000e+02 1.107130208333333258e+03 1.073036184210526244e+03 1.300222900390625000e+03 1.333917258522727252e+03 1.275805729166666652e+03 1.573408634538152455e+03
5.240909139554794365e+02 4.897414899553571104e+02 8.922036210317460245e+02 1.022471197289156635e+03 1.195405989583333394e+03 1.268709945436507951e+03 1.289098958333333258e+03 1.341000370553359517e+03
5.052637987012987537e+02 5.452283203125000455e+02 8.154868164062500000e+02 1.077093750000000000e+03 1.072153524709302246e+03 1.121106250000000045e+03 1.228523741883117054e+03 1.317500614754098251e+03
4.518069968553459148e+02 4.752731050531915002e+02 9.473765625000000909e+02 8.805563616071427759e+02 1.075188570205479436e+03 1.045448330965909008e+03 1.148340926204819425e+03 1.135315694888178768e+03
4.236003069196428328e+02 4.529648437500000000e+02 9.110359023876404763e+02 8.597373046875000000e+02 9.193364789603961071e+02 1.002049418604651123e+03 1.111386580882352973e+03 1.248306863395225491e+03
4.214877903005464646e+02 4.130225866336633658e+02 7.955629422169811278e+02 8.391449254587156474e+02 9.476434151785713311e+02 9.343527529761905726e+02 9.740498046875000000e+02 1.151776352611940183e+03
3.642159151785714357e+02 3.805362486758474461e+02 6.742019284909910084e+02 8.146930397727272748e+02 8.341364889705881751e+02 8.969223909198112779e+02 9.640339912280701355e+02 1.048476825842696826e+03
3.705731721698113006e+02 3.729305098684210407e+02 6.559738609813083485e+02 7.702370713495574819e+02 7.081930803571427759e+02 7.626219800420167303e+02 9.019331140350876694e+02 8.584756307339449677e+02
3.400287742077464941e+02 3.293354375000000118e+02 6.247593034351144752e+02 6.743498475609757179e+02 6.745847969890510285e+02 6.934789244186046062e+02 7.891051025390625000e+02 8.032948821626616791e+02
3.027065700954860858e+02 3.419150705645160997e+02 5.623538362873134702e+02 5.907216473509934076e+02 6.524151785714285552e+02 7.089231493794326298e+02 6.938347886029412166e+02 7.888408830275229775e+02
2.931515075878593848e+02 2.908056640625000000e+02 4.582007315751444594e+02 5.592970512218045087e+02 6.060892196745561478e+02 6.615655133928571558e+02 6.540761119631902147e+02 7.348768162393162129e+02
2.814523933946488228e+02 2.788154910714285961e+02 5.283212611607142435e+02 5.192929687500000000e+02 5.710304129464285552e+02 5.623295322204968443e+02 6.175066511824325062e+02 6.501908661575562292e+02
2.599169804216867874e+02 2.935827792553191671e+02 4.690460227272727138e+02 5.166857690868263262e+02 5.132923981741572561e+02 5.677461153314916373e+02 5.884217836257309955e+02 6.437342189728958601e+02
2.602098418445121979e+02 2.638781699934555149e+02 4.527538429054054063e+02 4.608678668478260647e+02 4.875693749999999795e+02 5.427318025914634063e+02 5.358116319444444571e+02 6.206530734890110352e+02
2.471734770014044784e+02 2.724401307397959044e+02 4.064943920173267315e+02 5.023871783088235361e+02 4.649437118902438897e+02 5.218115853658536025e+02 5.210097273284313815e+02 5.709189490445859292e+02
2.420341754599567139e+02 2.535621037137680958e+02 4.105027551328502113e+02 4.297368213383838906e+02 4.620925000000000296e+02 4.772949021464646648e+02 5.002403310643564396e+02 5.222786362238622360e+02
2.257350514069264023e+02 2.474060683139534831e+02 3.955058687200956911e+02 4.017563226744185840e+02 4.211487685381355845e+02 4.593719735360360232e+02 5.279660655286344308e+02 4.990157502863688705e+02
2.084731416420118535e+02 2.153944582359812898e+02 3.843680479074890286e+02 3.968360308764940214e+02 3.918164970930232585e+02 4.357720286885245855e+02 4.319207927489177337e+02 4.441445104055496813e+02
1.998405161372950829e+02 2.091754616477272748e+02 3.284111599392360858e+02 3.629978595890410702e+02 3.776059905234657208e+02 3.827103419282511254e+02 4.216831495098039113e+02 4.119688126880641903e+02
1.977092462883141764e+02 2.007976616753472001e+02 3.155684988839285552e+02 3.315196109693877702e+02 3.640950122816593648e+02 3.575122964348591381e+02 3.607993069066147882e+02 3.990625609756097560e+02
1.768512753868471918e+02 2.005288281250000182e+02 3.012413514760147564e+02 3.222932592975206489e+02 3.451983232973421991e+02 3.743264229910714107e+02 3.773341483778625616e+02 3.870377028854824175e+02
1.716348661534926521e+02 1.845572526041666777e+02 2.826538133038584988e+02 2.922510688110749584e+02 3.107863475177304622e+02 3.097925251831501896e+02 3.314527795493197004e+02 3.692458473507148824e+02
1.577912280701754355e+02 1.713082725123355203e+02 2.671042172330097060e+02 2.842501526872964064e+02 3.021778043566775409e+02 3.176127976190476261e+02 3.136372195512820440e+02 3.296854537186741823e+02
1.544302405973451187e+02 1.787848044448757605e+02 2.797306407232704828e+02 2.855185247315951074e+02 2.933871305910543015e+02 2.943871299342105203e+02 3.101973076923076746e+02 3.207215953689168373e+02
1.516996046177266635e+02 1.660257468553459148e+02 2.698733950151057570e+02 2.744374500798721783e+02 2.769245308073654428e+02 2.821596830985915858e+02 2.970117187500000000e+02 3.109920694864048301e+02
1.393571678321678462e+02 1.496933366642441854e+02 2.492039830202311919e+02 2.490925449871465105e+02 2.737845298833819356e+02 2.748691461894587178e+02 2.771705219972067198e+02 2.783686228962131963e+02
1.382087565530799509e+02 1.461255677688953369e+02 2.316877269975786930e+02 2.328675073099415158e+02 2.546309430100755549e+02 2.609449786324786373e+02 2.662242670747422721e+02 2.672399070945946278e+02
1.369400072207958772e+02 1.484958371350365098e+02 2.334033175770308048e+02 2.338558394160583873e+02 2.417335937500000114e+02 2.482251143292682798e+02 2.482585565476190368e+02 2.547838524983984598e+02
1.311755942755498268e+02 1.378036835572429766e+02 2.270349376520681233e+02 2.174482294386423007e+02 2.253282667233560232e+02 2.311992481203007515e+02 2.428459343513853810e+02 2.406161477411477279e+02
1.192513781055900637e+02 1.306596109839817075e+02 1.894470813679245111e+02 2.118394549763033297e+02 2.073363261815920282e+02 2.290876232598607771e+02 2.276209504889975506e+02 2.230772754137115896e+02
1.160609028633004982e+02 1.256087673611111057e+02 1.869262458700440561e+02 1.982233505085653178e+02 2.099966568130630549e+02 2.118863245412844094e+02 2.129358652257709537e+02 2.199299903100774998e+02
1.107356652819738230e+02 1.195954241071428612e+02 1.818979739010989078e+02 1.951815534319196388e+02 1.949370923913043612e+02 2.010026209677419331e+02 1.990870732378854768e+02 2.098476991758241752e+02
1.055296937250996052e+02 1.167103963744588810e+02 1.845514448924731141e+02 1.776048589135020848e+02 1.957345610119047592e+02 1.933448117393509165e+02 2.019190547199169998e+02 1.927771473001588163e+02
1.039293441772460938e+02 1.152777343749999943e+02 1.668831521739130324e+02 1.718437802810077528e+02 1.741137644129979094e+02 1.782941964285714391e+02 1.810345714820359149e+02 1.852853247397124221e+02
9.955757645968489555e+01 1.114229841820987730e+02 1.620659812176165815e+02 1.718522899797570744e+02 1.652667700602968353e+02 1.695966100674373820e+02 1.752746326958955194e+02 1.739678774254614382e+02
9.608256172839506348e+01 1.046494818793402715e+02 1.628165952620967687e+02 1.613341864224137794e+02 1.627342230058365828e+02 1.643246623168498104e+02 1.663815913370997919e+02 1.719954590297121513e+02
9.245572210930441770e+01 1.008144597011784498e+02 1.571926125919117680e+02 1.601357824204119993e+02 1.574236458333333530e+02 1.601785484562607280e+02 1.657481026785714278e+02 1.509562975178890838e+02
8.888856983272228263e+01 1.015066259598976188e+02 1.432439943843594108e+02 1.504612993138936474e+02 1.574758344534050138e+02 1.549474960299455404e+02 1.519452052958833690e+02 1.515378118221258035e+02
8.349437664185639107e+01 9.404026734983766289e+01 1.404860662358643140e+02 1.487470375000000047e+02 1.497365997516556320e+02 1.486760265700483217e+02 1.491053155637254974e+02 1.419805835010060377e+02
8.101766636859940718e+01 9.194231687098070438e+01 1.354431724422442187e+02 1.386665727459016466e+02 1.392633910742811452e+02 1.413583532695374743e+02 1.435670740927419331e+02 1.378249540628828242e+02
8.396768386465323886e+01 8.710625248805732213e+01 1.353891760046367949e+02 1.325386892914012833e+02 1.319348489114114216e+02 1.299796726895734480e+02 1.321453323728140106e+02 1.296813237814166087e+02
7.602684843299711304e+01 8.502087781444099335e+01 1.263100686762536924e+02 1.222941863540197431e+02 1.277057696040372576e+02 1.267379730093256853e+02 1.272958629002911266e+02 1.224356825906344426e+02
7.226734875444840611e+01 7.978705528846154493e+01 1.169812077702702737e+02 1.268972971661490590e+02 1.219580186631944514e+02 1.215745855067064127e+02 1.183572412873399742e+02 1.145989846570397077e+02
7.040630497888810169e+01 7.783555302657480013e+01 1.185270342862481385e+02 1.228159080038265216e+02 1.204613286838340542e+02 1.212050370065789480e+02 1.153007977785613463e+02 1.157286206896551590e+02
7.101318993506494337e+01 7.606743233907673130e+01 1.150334518970189635e+02 1.132275727370689680e+02 1.107268095355731248e+02 1.145594993141289422e+02 1.163198129251700550e+02 1.106856896261367496e+02
6.454343054589708117e+01 7.432159001572327384e+01 1.056883223684210407e+02 1.081193730221519047e+02 1.119440490229110594e+02 1.134320629222973054e+02 1.049138694733420039e+02 1.005779771615008116e+02
6.213547794117646816e+01 7.247091038545568153e+01 1.028184496654501174e+02 1.093438972204773876e+02 1.037995886124845413e+02 1.065127442002441995e+02 1.019923718944099420e+02 1.018239162295587761e+02
6.425978387850466333e+01 7.002392023959646394e+01 1.052766254722921957e+02 1.025089702677459513e+02 1.064170304840686327e+02 1.016596966911764781e+02 9.629695302746566199e+01 9.521711652146856864e+01
5.986952993402583445e+01 6.655034928656360194e+01 9.953890053353659084e+01 1.007987798144876308e+02 9.803452562427409589e+01 9.973420516304348382e+01 9.475633223684211259e+01 8.969371279761905669e+01
5.934022549715908923e+01 6.531270409325637161e+01 9.184438516260162544e+01 9.546329983012458342e+01 9.501402073207775345e+01 9.246500402989448730e+01 9.142491467576790853e+01 8.904383973044242850e+01
5.538274179864254165e+01 6.288775677447552681e+01 8.896452963917525381e+01 9.078711863151659145e+01 9.097555791710945527e+01 9.127345541857798139e+01 8.630121046059933576e+01 8.489985023683478005e+01
5.457723977819347283e+01 5.977682890951882655e+01 9.172570249130939146e+01 8.841249677169422228e+01 9.060914676966292802e+01 8.288636511446411248e+01 8.276173603429202785e+01 8.148018663781444104e+01
5.268462550951087309e+01 5.824682741116751572e+01 8.584257356839873410e+01 8.749310414424111570e+01 8.507390910823171737e+01 8.680022807734205514e+01 8.074885791843220773e+01 7.750227703055628581e+01
5.134623503989362092e+01 5.570129554020100926e+01 8.161787294366898493e+01 8.291796076175869246e+01 8.316626838235293917e+01 7.662401849037487978e+01 7.480079344432883204e+01 7.336013124199743629e+01
4.883914464949548062e+01 5.405434443612774231e+01 7.972877798507461478e+01 8.055754611166500467e+01 7.819137591019416789e+01 7.744905875374625737e+01 7.356308861301369006e+01 7.000859630374654330e+01
4.849069562961254576e+01 5.313537609542356677e+01 7.900785872781065677e+01 7.653728349079457871e+01 7.666889371330724146e+01 7.320630309466018559e+01 7.098905166005945944e+01 6.565610550012168289e+01
4.574560241971454388e+01 5.125186258278145601e+01 7.557037946428570763e+01 7.527721489161169188e+01 7.351294869575254154e+01 7.072355990783410107e+01 6.834377890841813041e+01 6.571336656619521932e+01
4.545929238833181074e+01 4.955119282806513326e+01 7.262159012430939242e+01 7.213827150178252623e+01 6.812770007082153256e+01 7.047134439493433433e+01 6.588580482158988616e+01 6.356083722287048232e+01
4.493835151750110413e+01 4.863619263145756122e+01 6.960437657430730951e+01 6.893102530747398760e+01 6.745810746173468431e+01 6.630159316458519925e+01 6.193979129858657018e+01 5.878182831661092678e+01
4.343496788537549236e+01 4.760635487468139360e+01 6.923107954545454845e+01 6.874108632193494373e+01 6.595513110307413740e+01 6.313705025153105765e+01 6.055663890114740155e+01 5.754238560147122428e+01
4.064745385189927873e+01 4.600274139603758528e+01 6.543831352194492013e+01 6.687225731382979177e+01 6.406865923236514959e+01 6.172649640439932028e+01 5.563181330472102815e+01 5.484935016906170091e+01
3.981449267557087524e+01 4.323479375511456624e+01 6.400766485209531709e+01 6.387212237479806731e+01 6.264033393310753439e+01 5.736753500823723328e+01 5.564141335814722567e+01 5.278539607180020710e+01
3.803105635683760966e+01 4.274805771708960833e+01 5.982991265835312333e+01 6.259807614006514598e+01 5.940962301587301653e+01 5.731050424413903954e+01 5.292081959432454141e+01 5.113121737602891415e+01
3.773371903366111724e+01 4.131897721613545826e+01 6.262654275276461391e+01 5.877426341033672941e+01 5.818078288678484711e+01 5.477279005524862043e+01 5.136555807145716557e+01 4.960046321492182386e+01
3.624978714101619914e+01 4.014529240549493494e+01 5.724001634465261645e+01 5.612572787267080088e+01 5.538624194465504047e+01 5.302589798850574709e+01 5.010783259266263201e+01 4.709229353316813160e+01
3.597438873501634760e+01 3.881173136049192607e+01 5.516759561567164383e+01 5.654534925160371017e+01 5.284868797709923882e+01 5.055867673992673872e+01 4.751789126584638012e+01 4.513202950353949205e+01
3.482953399926686444e+01 3.820556677983932303e+01 5.308245274914089862e+01 5.291406250000000000e+01 5.207875681258790479e+01 4.906809728013646321e+01 4.629670013537906215e+01 4.483403057949752224e+01
3.366878483459187521e+01 3.693552276234567699e+01 5.274960488505747236e+01 5.201650842983651302e+01 4.982166187916975275e+01 4.796368914019336671e+01 4.375355319052783898e+01 4.236341507392715755e+01
3.246164998674443325e+01 3.630131534852547048e+01 5.093222629009762414e+01 5.105738069800570145e+01 4.797118314150304741e+01 4.571955583479020646e+01 4.211609927234927397e+01 3.939251722652885235e+01
3.177230893669115019e+01 3.439507349225067401e+01 4.906734198739216879e+01 4.841680057510149027e+01 4.660386344178082396e+01 4.384933508292166948e+01 4.138012099847561132e+01 3.963254980665769978e+01
2.954621310763889142e+01 3.367524307844429643e+01 4.784402047270306468e+01 4.732682205493050986e+01 4.599059089781745513e+01 4.210765463082901761e+01 3.857373111719787317e+01 3.721452589807853428e+01
2.941032673149905108e+01 3.340645315585911845e+01 4.717991365131578618e+01 4.484286517321785226e+01 4.318531208025520840e+01 4.104886048293571577e+01 3.856268638170973873e+01 3.517148141669410677e+01
2.921668767186067583e+01 3.250060830920205746e+01 4.478621253188774887e+01 4.366556376422250452e+01 4.233255224339274037e+01 3.978926257026857627e+01 3.585392396095717515e+01 3.384757287743251908e+01
2.801684495560318311e+01 3.220202925319488685e+01 4.399126411664604319e+01 4.196938034841075904e+01 4.055330125158427990e+01 3.789360176529665836e+01 3.592283944633994963e+01 3.264545565779170033e+01
2.713906438878815308e+01 2.967762788646568239e+01 4.182719298245613970e+01 4.148059021299751237e+01 3.919564013585351603e+01 3.598237255366161946e+01 3.322702836165772311e+01 3.205780723260802745e+01
2.646684485470341741e+01 2.890224228896103753e+01 4.173037430254184699e+01 4.071731999269005797e+01 3.719125806514303179e+01 3.539671803448769083e+01 3.228674575500303234e+01 3.102952210230633057e+01
2.596903849017272492e+01 2.815538095407871921e+01 3.927660078763126705e+01 3.882029382098026815e+01 3.647076357625211074e+01 3.443871579142011541e+01 3.215143595950704025e+01 2.893389753801592690e+01
2.554970725783062591e+01 2.808372425225733338e+01 3.790919403248587827e+01 3.690025181869054904e+01 3.477724632033062591e+01 3.264783070388349273e+01 3.057289577363896527e+01 2.795576806800398018e+01
2.401344022529069733e+01 2.687492866283895765e+01 3.754476001381215866e+01 3.613307525224215055e+01 3.538166730288728701e+01 3.279446596448467943e+01 2.912026134156492674e+01 2.729704648860794336e+01
2.410113205350013388e+01 2.646892096606648437e+01 3.677576837225274886e+01 3.422772463642659346e+01 3.304189887152777771e+01 3.015465021503884557e+01 2.799882619014859486e+01 2.614312778086762989e+01
2.335686933290155309e+01 2.569302632463690017e+01 3.551902555883160062e+01 3.361500272034820824e+01 3.208968862815884648e+01 2.927030016447368510e+01 2.739887916666666712e+01 2.531082402000268416e+01
2.279048036179921866e+01 2.507158591232545675e+01 3.382579907935684815e+01 3.361505044843049461e+01 3.142183464178901176e+01 2.857493257192328073e+01 2.641619022869022970e+01 2.440606925851312425e+01
2.218259935978701947e+01 2.421234274625267702e+01 3.281362105883813030e+01 3.268702465859924189e+01 3.046616619891523570e+01 2.787069305734535973e+01 2.522316646231285731e+01 2.284156104876160853e+01
2.193488652323799926e+01 2.324453582094100312e+01 3.282883012180511173e+01 3.136991693999027930e+01 2.920073875523012319e+01 2.659362173507462401e+01 2.454925874303091859e+01 2.319168318008877705e+01
2.123334775760977777e+01 2.268650042087542218e+01 3.178260340632603587e+01 3.080510882126348449e+01 2.767632157449076402e+01 2.634054163607440202e+01 2.302915916708043653e+01 2.170664096104215091e+01
2.062075205019880642e+01 2.242910287836862437e+01 3.024363801707551858e+01 2.967047697368421311e+01 2.705861874077263707e+01 2.495051891001969580e+01 2.324169684152872506e+01 2.127580566997819389e+01
2.018762696995813855e+01 2.187803026977996268e+01 2.920395823501651833e+01 2.800874177244945784e+01 2.667525237529691040e+01 2.426788719296174079e+01 2.234546245556872179e+01 2.009325576968134897e+01
1.958130773997296004e+01 2.144750596711456936e+01 2.859197393142320465e+01 2.790013530851816981e+01 2.547578088475923508e+01 2.335091627195009067e+01 2.150687367459943289e+01 1.983354991139988144e+01
1.891731331533963356e+01 2.060115646751740215e+01 2.782839836556169644e+01 2.694645588065558428e+01 2.476630327822762112e+01 2.275054404596100355e+01 2.084147267206477849e+01 1.927024824833448235e+01
1.855357241341275198e+01 2.070583877775208137e+01 2.647829195784490253e+01 2.627894387980557056e+01 2.374809732472324697e+01 2.196045875888099630e+01 2.049722599637681242e+01 1.854059646922903326e+01
1.839064035878112691e+01 1.984298531235904406e+01 2.643734493771114913e+01 2.509658023497083690e+01 2.332505255498059427e+01 2.123198292167334245e+01 1.979119164319757118e+01 1.814485901433103621e+01
1.758663899560922061e+01 1.959840991488020023e+01 2.518047265802637469e+01 2.448616119123931512e+01 2.280121682030208774e+01 2.057727077055531595e+01 1.864099900265957288e+01 1.793562282750380277e+01
1.724225435922122429e+01 1.881874251613911042e+01 2.501039350381194382e+01 2.403004729948253626e+01 2.234919284690953845e+01 2.004831223628692172e+01 1.845782174165610456e+01 1.699332135837229174e+01
1.681200728941684730e+01 1.850957645643625682e+01 2.411683459386655670e+01 2.383988089086399143e+01 2.134532523595023790e+01 1.964737321732652120e+01 1.769529449884792527e+01 1.631094354923093093e+01
1.638924048573511172e+01 1.766674369428687186e+01 2.327286020604953265e+01 2.238436996576721683e+01 2.108139444903012816e+01 1.864944622238956029e+01 1.749717467492888900e+01 1.591254408060453507e+01
1.626736247544204161e+01 1.751609963547995363e+01 2.298328887964083833e+01 2.187109692581300635e+01 2.018604417670682949e+01 1.860038886614817955e+01 1.682134395218358236e+01 1.538886952443723466e+01
1.590300273581251211e+01 1.729390848302897865e+01 2.247189954188481664e+01 2.118625674730107988e+01 1.958539068542150119e+01 1.801531958561376001e+01 1.614048934490923415e+01 1.500546038278460870e+01
1.555405405405405439e+01 1.672506406249999955e+01 2.148515865662302460e+01 2.103928495159453504e+01 1.909856895434609214e+01 1.706291820558326933e+01 1.572575889404485849e+01 1.464230848634994508e+01
1.507100337097388909e+01 1.641199215705378123e+01 2.068367851232070720e+01 2.001950529992184613e+01 1.849178693394461348e+01 1.686355043559122890e+01 1.532737812974203351e+01 1.408815313981042650e+01
1.461896293412608472e+01 1.605077121559633113e+01 2.076734196534068388e+01 1.939050275200145634e+01 1.789680011411183003e+01 1.677703148131013933e+01 1.480931778501321183e+01 1.373233515180265663e+01
1.418251224347014983e+01 1.567599498290136673e+01 1.975123610098432181e+01 1.893462304911911076e+01 1.780446908602150557e+01 1.602730914313399779e+01 1.450742621527777665e+01 1.356429754102117613e+01
1.383103505444899461e+01 1.521189782176428018e+01 1.944778299982053227e+01 1.818104095677905363e+01 1.710139419023979102e+01 1.549937613430126859e+01 1.378787611525855894e+01 1.320613445952099063e+01
1.373693254475703363e+01 1.466196030795172156e+01 1.912236230329041575e+01 1.815547959683161494e+01 1.670525139726756692e+01 1.484044084821428555e+01 1.368367318498037832e+01 1.253799558862550789e+01
1.328451560621672733e+01 1.441628563596491119e+01 1.813399571528506371e+01 1.744675865518441427e+01 1.619871952687324779e+01 1.471903659611993120e+01 1.326725648213034248e+01 1.232682291666666607e+01
1.308208662040162018e+01 1.429287727193288937e+01 1.780257837024764456e+01 1.705545770759717072e+01 1.585296603861857712e+01 1.413996422809103137e+01 1.293627509045485802e+01 1.220816646044977105e+01
1.267875295258984281e+01 1.366669181034482605e+01 1.734664272928741724e+01 1.680865170623145488e+01 1.524724715411558762e+01 1.374714934842249470e+01 1.241857405462184971e+01 1.181495118935970723e+01
1.235759884890019578e+01 1.346465697024423847e+01 1.717485998833655003e+01 1.609171404753761792e+01 1.478689207954914053e+01 1.346727862842580059e+01 1.211882732065758894e+01 1.134913314156351127e+01
1.225265320449289597e+01 1.348804831991390252e+01 1.654207649983004558e+01 1.591785596126082680e+01 1.449184155904059068e+01 1.305196054354944302e+01 1.194286025024859121e+01 1.118746176902373435e+01
1.197665532430012902e+01 1.287817721469104626e+01 1.603533714175841851e+01 1.525256560546232265e+01 1.400456139659520893e+01 1.264567770417203540e+01 1.135608843127809742e+01 1.094803376465831057e+01
1.172474394069881853e+01 1.263159047467346241e+01 1.595258577846692205e+01 1.512597562439961507e+01 1.370171106557376994e+01 1.254087268296580326e+01 1.124444546269143075e+01 1.069424255165785631e+01
1.146346406882591040e+01 1.237845305209953217e+01 1.545506599378882129e+01 1.471614422780517906e+01 1.340756132366553466e+01 1.203342591492395286e+01 1.102663855514479430e+01 1.052781074875466949e+01
1.110031902011922433e+01 1.192996721279576633e+01 1.504102350294756363e+01 1.438728272784215534e+01 1.315277050356921151e+01 1.151249281058282214e+01 1.056340604485776780e+01 1.027015284350997071e+01
1.088485567926646702e+01 1.179566977896341484e+01 1.480223234776621588e+01 1.393069808391396514e+01 1.265429921687649717e+01 1.146785457095209182e+01 1.053358131942359677e+01 9.940343925375398015e+00
1.078176153959593009e+01 1.135077766079632511e+01 1.446201468508040655e+01 1.349713503313696528e+01 1.229706736688211777e+01 1.109819628993729523e+01 9.987498127060234765e+00 9.614615846478766770e+00
1.050534497405729262e+01 1.125201781373442600e+01 1.403781680169199753e+01 1.328409474355128950e+01 1.218592585626253921e+01 1.082317878945801226e+01 9.836706428884344433e+00 9.417172352549396663e+00
1.040381810664437268e+01 1.107111279953755556e+01 1.377178485576923173e+01 1.287643553581540345e+01 1.171700394640234855e+01 1.055430557564362104e+01 9.556700223408892469e+00 9.195323193573949894e+00
9.990309999642805749e+00 1.076353991449397185e+01 1.352284108340468016e+01 1.255496724890829796e+01 1.141181815793161469e+01 1.040843951839370973e+01 9.369179096488725378e+00 8.949488405642229694e+00
9.793963834986868733e+00 1.045696919418896265e+01 1.307462355970670309e+01 1.235684382006726523e+01 1.130990144092736216e+01 9.941576380876837149e+00 9.096592118331441768e+00 8.873856304209859047e+00
9.494570334707219672e+00 1.036736928670360136e+01 1.269385793016334318e+01 1.203920537198670004e+01 1.073688754123144662e+01 9.799954144953373358e+00 8.933349541689770135e+00 8.687792921373622690e+00
9.528745767494356755e+00 1.010267979922992332e+01 1.221413352272727337e+01 1.161559250136836319e+01 1.080889530391483433e+01 9.550117884087791609e+00 8.723728165283873182e+00 8.467169842228878807e+00
9.129860353885804969e+00 9.864794136685745229e+00 1.229983019076441764e+01 1.144297089629120912e+01 1.033855213357449010e+01 9.401106333892617073e+00 8.474042575503354158e+00 8.148898991183452623e+00
9.062175757724535430e+00 9.662826558700350787e+00 1.181536909121171774e+01 1.119307430250581170e+01 1.019407695669714897e+01 9.020829199735450388e+00 8.117026374933898225e+00 8.142931715810119542e+00
8.866857394366196132e+00 9.627118288590603257e+00 1.143494736174530679e+01 1.089238444845987530e+01 9.811747803107488508e+00 8.954145808050160582e+00 8.011633456264620534e+00 7.852931288947196720e+00
8.699567289148880889e+00 9.313759795128397911e+00 1.136085427762982647e+01 1.063041557182182117e+01 9.686941522685307504e+00 8.529657331369106643e+00 7.763820941325866087e+00 7.882633265856950011e+00
8.671123371808100444e+00 9.073891028049084539e+00 1.118907578858847529e+01 1.021017021896864563e+01 9.445211731790591259e+00 8.421178350333590856e+00 7.533178123399897785e+00 7.689301475248779383e+00
8.333154022419520857e+00 8.904894433034602486e+00 1.069959863281250101e+01 1.012813002660232620e+01 9.144644503433367433e+00 8.148238793754721598e+00 7.421060789176293859e+00 7.446842302677056935e+00
8.081955035316102709e+00 8.705313954200342152e+00 1.065497948812148010e+01 1.009719555252725520e+01 9.060513480092819094e+00 7.930365066174676514e+00 7.220372322855212133e+00 7.234185999538319756e+00
8.019348173720707962e+00 8.651703537793540733e+00 1.050041502705361474e+01 9.640698811349693642e+00 8.615546798331697786e+00 7.836051359304932795e+00 7.145416170271261080e+00 7.118792657881879649e+00
7.868296907925544481e+00 8.475361159956342760e+00 1.012555182631833617e+01 9.375620742404148444e+00 8.483014688392007230e+00 7.586475191341435220e+00 6.930158911421840706e+00 7.021540185257292954e+00
7.660841049382716150e+00 8.166824303874092195e+00 9.822843713061464754e+00 9.162432318351187988e+00 8.305749073125150872e+00 7.427375255040805868e+00 6.742117465793818987e+00 6.864183085958435626e+00
7.559082716717361095e+00 8.124200442372071507e+00 9.597681158904578069e+00 9.163747298270893182e+00 8.087170675830469335e+00 7.237036340297450465e+00 6.478656590856347819e+00 6.675816371128871829e+00
7.376799346282614245e+00 7.840071032374914317e+00 9.595003421804332078e+00 8.795669673198913685e+00 7.913624381479736236e+00 7.114101935538880817e+00 6.343242469967343311e+00 6.615706277784192402e+00
7.328659880705393981e+00 7.778523817492191128e+00 9.361562783897342754e+00 8.600105719610091626e+00 7.595509123322147893e+00 6.899585635852181653e+00 6.220627214791952575e+00 6.383236379514338310e+00
7.146119207160761100e+00 7.600340477195945965e+00 8.995279472116033403e+00 8.404666265571913542e+00 7.430285031392694250e+00 6.678497115708511345e+00 6.147004616477272698e+00 6.216507813826475548e+00
6.895940421398256248e+00 7.411766473027906699e+00 8.824880257652498727e+00 8.216690465729350024e+00 7.298645948180816134e+00 6.557530795072788798e+00 5.973318748625165320e+00 6.145777430191490254e+00
6.720858705835117242e+00 7.361479761114797959e+00 8.706125577430709583e+00 8.040025448107989803e+00 7.141420926661849577e+00 6.361601911652496000e+00 5.831548677752040000e+00 5.979160768051488439e+00
6.621110683416155496e+00 7.190543260916558488e+00 8.541762657198612274e+00 7.858362676056337648e+00 7.014634218717028524e+00 6.131821613459879750e+00 5.632677441259901663e+00 5.917628110586720780e+00
6.557976930195663634e+00 6.908430706521738962e+00 8.258087151661307246e+00 7.608121789159152826e+00 6.867457847810734428e+00 6.094506129421221274e+00 5.516740000799402743e+00 5.807324009635974171e+00
6.396963543850912259e+00 6.830819038264204224e+00 7.843183669313785522e+00 7.379293815274150958e+00 6.752280263328157339e+00 5.909506722383720323e+00 5.419268509161066838e+00 5.647221032164513765e+00
6.305566426804882774e+00 6.728823594862665125e+00 7.949347002414162588e+00 7.323483270202020279e+00 6.489967776335311633e+00 5.798594383051111301e+00 5.246929581595411562e+00 5.580699532155347420e+00
6.123822542921764089e+00 6.512533572421638439e+00 7.666070181564245800e+00 7.045260526663146727e+00 6.298945825960566403e+00 5.566392336021778853e+00 5.154512624817973787e+00 5.433774075328459574e+00
6.048765302835051649e+00 6.401915978478478486e+00 7.589332746654683604e+00 6.934737175034729084e+00 6.130653070197798371e+00 5.472590571816691174e+00 5.026849964774557478e+00 5.359922036472249296e+00
5.921754758362404836e+00 6.308409522382094181e+00 7.343207854191557082e+00 6.781775493917153064e+00 6.040496072575788133e+00 5.324734728282427554e+00 4.901299427614477011e+00 5.282084777413542653e+00
5.803005537014563231e+00 6.266379969894506630e+00 7.241466550439911387e+00 6.670480850168350351e+00 5.911489070868874762e+00 5.174787002487562404e+00 4.803674825736602649e+00 5.188194878689344591e+00
5.633346854344286392e+00 6.157818180143446618e+00 7.107468804942371321e+00 6.449234872494104209e+00 5.785646593090211454e+00 5.113217125512996120e+00 4.697185741805284032e+00 5.060462252176015419e+00
5.552367780449480428e+00 5.980584989232576199e+00 6.900608226547388924e+00 6.406684274805539481e+00 5.632804074754901968e+00 4.973746608434882255e+00 4.526296263966480993e+00 5.020458310200830887e+00
5.452118062161133594e+00 5.830649260909798848e+00 6.748995204781318868e+00 6.164054141947091559e+00 5.544727991884030871e+00 4.938398445139839943e+00 4.461876875820671273e+00 4.884102329455882519e+00
5.378945617876989438e+00 5.697906606420161779e+00 6.686636640262751285e+00 6.112063745617272836e+00 5.297957787707895605e+00 4.764787175234936889e+00 4.330931525822713013e+00 4.829755850188147015e+00
5.239746368734747861e+00 5.525180596196049621e+00 6.421154832991230244e+00 5.927773371279902115e+00 5.238199840036563693e+00 4.666753375069949250e+00 4.283891178355079710e+00 4.687436345539557792e+00
5.097442238921091828e+00 5.387995916484418224e+00 6.303349723592836185e+00 5.767123709862385539e+00 5.079962295501021963e+00 4.519707096378287936e+00 4.164370527469990257e+00 4.663512323943661997e+00
5.018247927634616801e+00 5.371979440640304304e+00 6.118842044633177046e+00 5.623327496408045967e+00 4.995281605113635948e+00 4.392404568650865038e+00 4.067514628198774851e+00 4.605566419496315511e+00
4.915288921109829623e+00 5.240312951019303611e+00 6.058896391335609977e+00 5.505201824100162789e+00 4.906832480332558255e+00 4.242788543756840447e+00 3.972295185810811091e+00 4.474341614274729650e+00
4.783027625832396268e+00 5.140883362833840842e+00 5.921407978675945927e+00 5.341866393597614504e+00 4.764858128834355888e+00 4.215324586906618265e+00 3.843654506200177234e+00 4.410484395768719423e+00
4.771109615009112126e+00 4.938941207533884992e+00 5.807170425597329988e+00 5.223588255789022305e+00 4.690032991693461994e+00 4.104189045148070036e+00 3.788835981298178002e+00 4.314496561779170847e+00
4.655971804063420372e+00 4.887294035352637955e+00 5.605808681198451993e+00 5.107907838051697347e+00 4.546250613058683498e+00 3.987559695934104642e+00 3.696011787609104537e+00 4.246620666405672040e+00
4.563378713402592268e+00 4.810206056825838239e+00 5.544835617113564652e+00 4.944267621029063697e+00 4.419482447187662366e+00 3.921753073856925731e+00 3.645021896626297497e+00 4.217825400145898129e+00
4.498348973466073986e+00 4.696799052339084568e+00 5.375896538167290295e+00 4.961028296100206347e+00 4.280531250000000121e+00 3.857633266575762665e+00 3.542827329343596787e+00 4.107063800709189749e+00
4.460307385261114810e+00 4.588579122672098443e+00 5.244697966755098584e+00 4.735599606477665979e+00 4.215577168367346417e+00 3.751385037941961098e+00 3.522168361469504294e+00 4.014365924529477603e+00
4.304286588453747342e+00 4.535480380175813231e+00 5.141462237438220839e+00 4.672169554814384895e+00 4.111480702894693806e+00 3.597585545707406407e+00 3.386886188208244608e+00 3.935904627609205342e+00
4.221826167952117181e+00 4.441819361636513364e+00 5.048142987277667970e+00 4.508692078416912885e+00 4.030825057689138013e+00 3.530229004705401241e+00 3.286675168668751201e+00 3.869085786331823762e+00
4.125965364645978184e+00 4.337473754982105412e+00 4.867506858885444210e+00 4.450650504946414010e+00 3.907016042269948475e+00 3.410009270984081020e+00 3.240970877109362380e+00 3.778370941426422380e+00
4.057594527104616766e+00 4.231821500529143520e+00 4.776757282183357489e+00 4.363298238971729859e+00 3.814617239761788348e+00 3.362457658210035394e+00 3.156651895410589770e+00 3.783788812739770080e+00
3.999570330888122083e+00 4.128262424698795563e+00 4.646781982572486314e+00 4.193691472543235932e+00 3.749404601203332188e+00 3.279557931663231507e+00 3.065391743353782950e+00 3.734189156870093118e+00
3.906947730523552043e+00 4.022273194786220252e+00 4.592974485317586897e+00 4.167874738194973006e+00 3.649707913266518666e+00 3.214370135520963956e+00 3.026107780912082656e+00 3.632506556794737218e+00
3.802606000586854051e+00 3.961305687633669415e+00 4.428262607223257596e+00 4.100961419355478199e+00 3.561899061539938405e+00 3.185257655939269128e+00 2.948045654296874929e+00 3.592920531443238641e+00
3.751414519498607270e+00 3.810503439391073943e+00 4.333735456019572219e+00 3.933716890780919240e+00 3.453544345651838210e+00 3.050769245543945463e+00 2.926634979131727654e+00 3.530833654285062018e+00
3.719012969575706595e+00 3.788396648557547319e+00 4.190743556361859135e+00 3.832004290135033742e+00 3.395933628153455341e+00 2.987369043795344403e+00 2.824831535283315986e+00 3.479276306523698903e+00
3.616531744125905057e+00 3.716061377568236068e+00 4.089289306969606130e+00 3.730298463943034104e+00 3.331161291389476808e+00 2.934408572068039511e+00 2.761602436328597143e+00 3.403315763523666604e+00
3.535616144463920474e+00 3.578511791926850538e+00 3.942066642354877359e+00 3.653470006677548731e+00 3.250479884691052312e+00 2.857057024632188913e+00 2.707311251468860203e+00 3.376417005690032003e+00
3.420414544976804638e+00 3.542924123701780115e+00 3.838034899635036634e+00 3.614060729105732506e+00 3.133334106083085935e+00 2.776249110141646881e+00 2.659841441787333505e+00 3.331565930031937128e+00
3.386783690176322636e+00 3.461009528507154709e+00 3.666235207100591698e+00 3.513642071464903260e+00 3.028057604994324414e+00 2.716632758841151851e+00 2.610601491773243410e+00 3.256050062434870274e+00
3.352994416426513080e+00 3.398910405585106265e+00 3.570558263181213832e+00 3.396804892097210704e+00 2.973791235816251710e+00 2.673147150383141657e+00 2.523821935419392481e+00 3.206110733328530138e+00
3.264064064287757638e+00 3.299804414945576525e+00 3.416934319180606749e+00 3.311192910793108624e+00 2.935410200338600006e+00 2.612122471353798492e+00 2.472579841424521252e+00 3.177280483162777891e+00
3.247184367167919472e+00 3.219365398044692572e+00 3.278673839036312376e+00 3.217750535388288480e+00 2.840656954206696838e+00 2.533229518581081141e+00 2.432730517653678426e+00 3.083102820095104057e+00
3.120252336469063525e+00 3.155132155071162181e+00 3.185404437154696566e+00 3.113831938077347150e+00 2.778139943696009695e+00 2.455320859053498062e+00 2.351041882690446450e+00 3.077440112678479167e+00
3.087838985930809521e+00 3.061200256600774328e+00 3.094267829079165644e+00 3.065708030096113923e+00 2.720305386867528430e+00 2.417501727900264186e+00 2.326685144363762170e+00 3.050336473609573495e+00
3.010197884666755641e+00 2.996436187944474749e+00 3.014704629124624891e+00 2.960474642378760457e+00 2.647508317890835627e+00 2.337038858622544790e+00 2.283361973862864769e+00 2.987710689083489246e+00
2.975336433490090471e+00 2.954660736133768228e+00 2.899486766990947206e+00 2.899205789648307885e+00 2.571123732648339821e+00 2.314768824084051602e+00 2.210979497043408237e+00 2.937790729578225957e+00
2.933273814925422052e+00 2.859148854265643802e+00 2.842664874122351026e+00 2.797193872159474903e+00 2.507212009803921671e+00 2.254569882319366059e+00 2.186915046050887934e+00 2.894473075392218764e+00
2.881102288138396084e+00 2.800531505317079617e+00 2.781640467235460434e+00 2.694371259171064903e+00 2.470409380469906768e+00 2.181041697172328764e+00 2.130387253441885065e+00 2.832529429821670330e+00
2.850093814058057173e+00 2.735828993055555269e+00 2.710201310325660362e+00 2.631587512558606790e+00 2.386481640675448546e+00 2.113676121486808945e+00 2.059870359276522844e+00 2.812689601458755462e+00
2.769346988109238072e+00 2.675447905956817696e+00 2.632242093858744969e+00 2.531169707091469601e+00 2.340133775546501038e+00 2.063478318456203553e+00 2.024612606226573686e+00 2.772714429266951441e+00
2.696307021977304874e+00 2.606416772554002392e+00 2.559007808528215744e+00 2.481042788522814124e+00 2.266717638078600050e+00 2.027412074336878423e+00 1.979004968410108756e+00 2.722725054746262696e+00
2.664303788373104442e+00 2.562800385050331364e+00 2.528050082887018490e+00 2.407701640289360512e+00 2.246518266658172891e+00 1.983336636017755117e+00 1.940483080679944239e+00 2.662903427694948810e+00
2.604831187040355989e+00 2.531306100136024195e+00 2.419459577947667306e+00 2.322775985592147041e+00 2.148791244246796683e+00 1.937130207685852756e+00 1.894875227358253866e+00 2.651305463667221751e+00
2.577949143452306746e+00 2.479389455969118750e+00 2.396989781493989113e+00 2.279947756489113075e+00 2.108254214252190284e+00 1.913679191266286717e+00 1.860464762651383941e+00 2.595663529269359060e+00
2.516740357219039215e+00 2.427746336395450122e+00 2.335660893242918590e+00 2.186796748725599482e+00 2.082419272410660049e+00 1.834735613918985653e+00 1.815535944361429621e+00 2.548122060107866460e+00
2.474256253448593235e+00 2.365501932777511751e+00 2.292671933630393788e+00 2.169621249924960971e+00 2.004955082756146201e+00 1.799766653459415222e+00 1.771496908938047676e+00 2.512474196724552300e+00
2.413658510462389550e+00 2.321080198274320328e+00 2.232149482102170346e+00 2.075439274789992794e+00 1.950458697861435109e+00 1.745682442650934529e+00 1.732871955181168211e+00 2.470633609177120160e+00
2.384975486470051642e+00 2.313002912916025000e+00 2.181047164764621904e+00 2.026629767044096475e+00 1.907271937417028829e+00 1.706526816056177065e+00 1.718564433259542890e+00 2.470687223120210607e+00
2.343055083786231840e+00 2.237047297147829017e+00 2.137768094044811384e+00 1.949635802061310930e+00 1.851844369351075104e+00 1.675596049799504828e+00 1.655778834238168296e+00 2.415102292336509304e+00
2.296562580740081572e+00 2.170445900912130188e+00 2.074898498290497439e+00 1.928776823560579334e+00 1.802254238509996442e+00 1.639490798448649089e+00 1.617193127609373171e+00 2.392490750315350745e+00
2.254185428415237613e+00 2.147154912124225046e+00 2.035548879139458922e+00 1.866143768335366548e+00 1.756908188607775756e+00 1.585127578599813125e+00 1.589843298044660402e+00 2.340543249978236151e+00
2.201641985319221728e+00 2.122625536910308419e+00 2.001795687471211505e+00 1.828299676970302601e+00 1.711070373371903708e+00 1.550854317026819418e+00 1.555405798037190035e+00 2.300392554374512510e+00
2.161021167231268691e+00 2.064685197406590955e+00 1.961437894579486141e+00 1.788238102709487576e+00 1.650557092023675176e+00 1.513709873102124348e+00 1.532686948289786910e+00 2.298115160489789144e+00
2.154307125021161173e+00 2.028768102134146378e+00 1.910383137269053178e+00 1.743835814536688122e+00 1.613343863107549181e+00 1.483546709669969710e+00 1.482378361500850339e+00 2.254999190414507915e+00
2.096926175106192947e+00 1.983026285385167009e+00 1.856581898473197212e+00 1.713446264899446403e+00 1.574946959796079904e+00 1.458947953088578053e+00 1.468796081781840623e+00 2.233821264151993002e+00
2.076953213187154201e+00 1.936532570277258225e+00 1.841698884937699843e+00 1.662147128981328992e+00 1.530379542882293942e+00 1.390876122305071405e+00 1.425828180364854481e+00 2.181627134247829503e+00
2.034330593480077720e+00 1.924000798133595369e+00 1.796211505355776561e+00 1.619216583457629088e+00 1.512223824133337002e+00 1.378249800658251978e+00 1.407617701875068628e+00 2.165032826673792155e+00
1.993112675467914263e+00 1.881436748585572749e+00 1.737385073968327642e+00 1.584516939765963306e+00 1.463913599442631774e+00 1.351550940514028909e+00 1.356088867187499991e+00 2.131799379699758301e+00
1.976145836104165499e+00 1.835748090617525419e+00 1.717281818752034228e+00 1.540834472069822159e+00 1.425802742721687943e+00 1.323712012461184306e+00 1.339404634493841950e+00 2.076943746628001186e+00
1.928117476453780732e+00 1.812551713351630678e+00 1.682696547448546465e+00 1.531109792362270516e+00 1.378260051140038911e+00 1.285677720455270734e+00 1.317001697252572434e+00 2.072458823177381060e+00
1.914758430416864776e+00 1.777734837576703697e+00 1.643822495463970856e+00 1.477021425240592656e+00 1.351359660493016923e+00 1.255010819243156162e+00 1.277245354241165476e+00 2.020258722203057022e+00
1.863784852489767996e+00 1.733904236469072213e+00 1.602156819740238713e+00 1.452367686341400566e+00 1.310929219146489633e+00 1.215228621608527071e+00 1.244000262805810442e+00 2.005712043790832677e+00
1.846358934456243217e+00 1.705405718788516767e+00 1.569649050814740265e+00 1.419273970226249126e+00 1.272070891825202166e+00 1.187921214399146219e+00 1.211842918158468230e+00 1.987752128202807889e+00
1.803152177440290771e+00 1.680532954109063004e+00 1.528213093471810113e+00 1.370335623847808382e+00 1.247089031897854028e+00 1.162310788490380498e+00 1.199041659426166140e+00 1.955270091750776817e+00
1.807366613490751117e+00 1.656296286332793244e+00 1.512232960771073165e+00 1.351740389793461672e+00 1.213944496625063652e+00 1.139568307270614422e+00 1.169321043136931193e+00 1.919659938855414083e+00
1.777618585993128386e+00 1.630334853157680897e+00 1.483052875517258729e+00 1.318766997541526598e+00 1.179120228453930830e+00 1.117159836182607391e+00 1.152012089132694372e+00 1.922829513166573800e+00
1.754460918566694838e+00 1.603629375408990088e+00 1.436766567955898743e+00 1.294342468775030008e+00 1.155204985045174659e+00 1.087527186999649675e+00 1.120531799956315355e+00 1.893717126247717264e+00
1.725026355980411541e+00 1.559243549095931769e+00 1.413266782407407440e+00 1.257682355745570746e+00 1.122868058089641741e+00 1.068937631014174494e+00 1.095874023437499956e+00 1.850507955479196109e+00
1.706068529599293671e+00 1.553749213062231904e+00 1.398303963477241840e+00 1.224933730136526400e+00 1.105278575805747066e+00 1.032334791769192961e+00 1.073603870253319048e+00 1.843820098353382120e+00
1.665523685048239333e+00 1.516344789466737009e+00 1.361006157887554524e+00 1.213939850931301523e+00 1.075887556902066944e+00 1.015033707831032528e+00 1.043157416090516820e+00 1.809928425919149042e+00
1.639951743650639671e+00 1.497266036656926591e+00 1.350004097332994979e+00 1.179755169412364024e+00 1.044752797114005816e+00 9.839361524733198916e-01 1.026158504157803186e+00 1.789285950940941339e+00
1.632441341865425555e+00 1.470280246046794526e+00 1.313643210753869583e+00 1.152885443583117953e+00 1.023835119453094578e+00 9.641941834084554186e-01 1.006256403688524648e+00 1.754461933219957359e+00
1.595974940481945215e+00 1.457448996593601942e+00 1.285786007966553512e+00 1.121623619581951781e+00 1.000890785854269049e+00 9.402261595332128685e-01 9.873057972301136909e-01 1.746286799479782381e+00
1.596325015095916955e+00 1.416147513361744270e+00 1.258662070556501922e+00 1.105702127187795591e+00 9.792965433998301883e-01 9.150327348812095085e-01 9.641861929994335334e-01 1.733621595618709321e+00
1.552048107774340879e+00 1.413864119956738552e+00 1.234714562429670037e+00 1.076875776415713526e+00 9.490653481195200358e-01 8.890201902148474611e-01 9.480446652137624053e-01 1.726750128492664293e+00
1.539752154677745066e+00 1.386981090867375865e+00 1.225656874681506414e+00 1.055794211077329070e+00 9.320467985438035674e-01 8.709088974492150692e-01 9.207266993835171442e-01 1.683474253194795711e+00
1.530880637524647980e+00 1.364956879856165095e+00 1.193970255769057021e+00 1.043909784573227695e+00 9.089719233188990888e-01 8.470792973822109939e-01 9.045460692777981260e-01 1.661990015123393061e+00
1.520265324794144668e+00 1.339388536788544526e+00 1.168272611735569733e+00 1.012574969494447474e+00 8.871571112657586911e-01 8.288495036814527150e-01 8.896416688041495213e-01 1.635662497714860164e+00
1.496025197544440299e+00 1.320427918276531942e+00 1.143219200843267558e+00 9.945654202655517251e-01 8.728865830846720408e-01 8.183189194209293804e-01 8.784136154419123210e-01 1.644513730025468190e+00
1.486432764634257220e+00 1.310348591303132082e+00 1.134077044436770487e+00 9.673645089879422398e-01 8.412308633743317277e-01 7.954847750953418783e-01 8.403536335191652551e-01 1.603454837381523390e+00
1.456275387740029625e+00 1.267599676961952637e+00 1.116120140862268073e+00 9.492823449389488077e-01 8.360389185510888055e-01 7.845625239647239235e-01 8.263177931641143559e-01 1.608655268469365129e+00
1.442421612067835257e+00 1.258534205820012408e+00 1.082690573691566183e+00 9.332284432870371349e-01 8.056084556798149832e-01 7.672305760075288639e-01 8.169171177061264055e-01 1.583598517089670921e+00
1.410442614223025304e+00 1.245423948053727914e+00 1.070754935645724215e+00 9.135664764468816035e-01 7.972093080027775613e-01 7.416881060252344948e-01 7.995542235327461889e-01 1.558957060767405034e+00
1.402104576471281172e+00 1.223444692569048753e+00 1.048367496737712123e+00 8.969552562872974422e-01 7.804637257743459733e-01 7.232709168606655803e-01 7.804854104485682287e-01 1.544843902306942462e+00
1.388238948531309136e+00 1.213110792066056431e+00 1.036349661984427684e+00 8.771400122549019018e-01 7.639666520461655397e-01 7.086723197021378429e-01 7.580436923520369463e-01 1.526875194220012499e+00
1.367550790893419466e+00 1.197885911803574510e+00 1.022340502387434125e+00 8.556694741813601901e-01 7.379490755713670191e-01 6.912786696047231727e-01 7.486224609541691777e-01 1.503436334576451650e+00
1.368069532218257223e+00 1.182686638481007302e+00 9.991322029481835010e-01 8.429858279608913874e-01 7.258957192247964540e-01 6.813115767651450883e-01 7.347156382415255260e-01 1.503134529658414653e+00
1.343452801442368338e+00 1.160263367924824207e+00 9.854376028903059082e-01 8.244162284455599510e-01 7.135512722894360449e-01 6.584508496036406422e-01 7.136631885950135423e-01 1.501862523267243787e+00
1.329484937891462382e+00 1.158075838698658488e+00 9.752099884144322939e-01 8.100710437571969624e-01 6.923812776594424623e-01 6.486059620859212504e-01 7.082739130771454894e-01 1.471623630066170474e+00
1.310427904537845967e+00 1.127293452024065612e+00 9.501159112644748106e-01 7.933887786343153392e-01 6.818958656832297960e-01 6.309454350261389788e-01 6.899256604648511537e-01 1.451839249061845694e+00
1.300119412629231697e+00 1.119617928667751006e+00 9.382365059744540714e-01 7.839028666338582196e-01 6.651487116228069763e-01 6.216537859844637470e-01 6.724678331358286965e-01 1.437371204043552231e+00
1.297376452461234120e+00 1.106042896981627388e+00 9.183430581926154135e-01 7.540903592559164981e-01 6.510472859660667577e-01 6.029204848777152126e-01 6.614220148932506982e-01 1.423283119268840657e+00
1.272743496986866285e+00 1.083131077238258300e+00 9.052346757908629193e-01 7.465700442459832775e-01 6.404327988102349600e-01 5.951955136586739581e-01 6.454617829408817453e-01 1.423927322973163712e+00
1.269468877878520363e+00 1.079721097192713142e+00 8.918961293047300565e-01 7.344780952544840424e-01 6.252141535942427053e-01 5.792568399767340503e-01 6.362654576786429539e-01 1.415911432317682239e+00
1.249142347794822694e+00 1.061251883716807232e+00 8.798341702688767807e-01 7.203185163998871987e-01 6.130974002586342397e-01 5.718476187286656298e-01 6.267624053407732099e-01 1.379933932792975382e+00
1.251445221430829369e+00 1.059443594066986627e+00 8.697883115678926025e-01 7.033718301493405711e-01 5.981852887059587731e-01 5.561625898277859914e-01 6.154831104924717300e-01 1.365525915826100611e+00
1.238839926677360426e+00 1.050698396589231587e+00 8.563423604897689723e-01 6.936400253042358521e-01 5.869739822303445820e-01 5.403636409758625359e-01 6.018715874371394214e-01 1.365238358259687423e+00
