nan nan nan nan nan nan nan 0.000000000000000000e+00
2.184566307067871094e+01 nan nan nan 3.284249114990234375e+01 2.881105232238769531e+01 nan 1.929603576660156250e+01
4.958187255859375142e+01 nan nan 9.109112548828125000e+01 nan 1.179227752685546875e+02 4.841742706298828125e+01 1.639393920898437500e+02
4.761003494262695312e+01 nan 6.813513183593750000e+01 nan 9.257075500488281250e+01 1.456006317138671875e+02 1.687519124348958144e+02 1.508813476562500000e+02
9.876871744791665719e+01 6.072708129882812500e+01 nan 9.510076904296875000e+01 nan 1.463426310221354072e+02 1.605882161458333144e+02 9.838948880709135381e+01
8.390678267045454675e+01 7.491990966796875284e+01 5.777553885323660410e+01 nan 9.791745827414773373e+01 1.675930379231770644e+02 9.225778459821427759e+02 2.475036576704545496e+03
7.165055847167968750e+01 5.999820963541666430e+01 1.107089233398437500e+02 9.846252441406250000e+01 1.153085327148437500e+02 1.358474121093750000e+02 4.078975830078125000e+02 1.308420030381944343e+03
5.430801391601562500e+01 7.043462117513020360e+01 8.855074055989582860e+01 9.131241280691963880e+01 1.151768909801136402e+02 1.348145845853365472e+02 5.708430397727272521e+02 1.347072656250000136e+03
5.131718364514802033e+01 7.884444754464284699e+01 8.483602905273437500e+01 1.036276573768028868e+02 1.274038085937500000e+02 1.342205301920572822e+02 6.129818584735577360e+02 9.488431919642856656e+02
5.747169030230978137e+01 6.999061936598558020e+01 8.263699879365809409e+01 9.124580383300781250e+01 1.097760620117187500e+02 1.318207275390625171e+02 4.579536132812500000e+02 9.766750856164383094e+02
5.355178174785539369e+01 4.795001898871527857e+01 7.865421364524148373e+01 9.027809740149456275e+01 1.305653866038603041e+02 1.294355912642045610e+02 5.253412024456521294e+02 9.205884740259740511e+02
4.827944634885203357e+01 5.936714680989582860e+01 6.566505301339284983e+01 7.533713378906250568e+01 8.608916311553031164e+01 1.153612583705357082e+02 3.672785993303571104e+02 6.607814492984692833e+02
4.454522605020491710e+01 5.474908298399390105e+01 7.546880548650568699e+01 8.511074746621622467e+01 8.336099356192129051e+01 1.162663508234797405e+02 2.191905924479166572e+02 7.918803267045454959e+02
4.311289864155783391e+01 5.536443645198171026e+01 5.103279383042278994e+01 7.420713227370688969e+01 9.090763888888889710e+01 1.126971102627840935e+02 3.275490656672297405e+02 6.580766163793102805e+02
4.174647271455224029e+01 4.995611281622023370e+01 5.694481336805555571e+01 7.315817128057065588e+01 6.913697916666666288e+01 9.517570568266368980e+01 2.794347022804054177e+02 4.896636284722221717e+02
3.052228900748239582e+01 4.294308358651620239e+01 6.219285031582446521e+01 5.939879353841145360e+01 7.452428002450980671e+01 8.325865234375000057e+01 2.126220703125000000e+02 4.418793131510416288e+02
3.681472252155172242e+01 3.880446178508254462e+01 4.972811776620370239e+01 5.824224728954081343e+01 7.980481896033654721e+01 8.918470536901595835e+01 2.224410615808823479e+02 3.556035850253807098e+02
3.134628906249999858e+01 3.968832833426338880e+01 4.636810076678240478e+01 5.245817913925438347e+01 7.425552368164062500e+01 7.658001893939393767e+01 1.502541178385416742e+02 3.846842369477911348e+02
3.187372244220890138e+01 3.170769391741071175e+01 3.868331473214285410e+01 5.331884177334337949e+01 5.591302083333333428e+01 7.771160404265872046e+01 1.765021701388888857e+02 3.122579360177865624e+02
2.591087440391639873e+01 3.389366048177083002e+01 4.669078572591145360e+01 5.230233175712719174e+01 5.678853447492732442e+01 7.280169503348214732e+01 1.774849457183441643e+02 3.003990778688524870e+02
2.922400132665094574e+01 3.310883996841755561e+01 4.075175030048077218e+01 4.733847855548469141e+01 5.636619087114726057e+01 5.732438520951704675e+01 1.685539580195783174e+02 2.612756839057507818e+02
2.787018403552827195e+01 2.835798997145433020e+01 3.723393609550561933e+01 4.359680818256578760e+01 5.203305809096534773e+01 6.139233966206395365e+01 1.484634306066176350e+02 2.859436546750662842e+02
2.529027920081967196e+01 2.636814955909653335e+01 3.787219929245282657e+01 4.706723946387614887e+01 5.348926362537201840e+01 5.928612816220238813e+01 1.243711344401041572e+02 2.571375155472636607e+02
2.218874720982142890e+01 2.630759235963983045e+01 3.042965230855855907e+01 4.020799893465908781e+01 4.845392512473739544e+01 6.005419461232310852e+01 1.253151127330043835e+02 2.323619030898876474e+02
2.078137160966981156e+01 2.597461151658442802e+01 2.986431257301401487e+01 4.115873893805309791e+01 4.018028913225446530e+01 5.334246980042016872e+01 1.246913805509868354e+02 1.898313861811926699e+02
2.114686434033890805e+01 2.388820703125000122e+01 3.010249806178434895e+01 3.573587557164634632e+01 4.457058337135036652e+01 5.216389595445736660e+01 1.100562286376953125e+02 1.774647932070240302e+02
1.843295796712239465e+01 2.245267018964213790e+01 2.631458430503731449e+01 3.075453681187913801e+01 3.822846137152777857e+01 4.796331657247340274e+01 1.016387077780330799e+02 1.716318950688073528e+02
1.882059954073482189e+01 2.008000564575195312e+01 2.671953181448699155e+01 3.320441729323307811e+01 3.838859386556952558e+01 4.712168666294643060e+01 9.203443131710122316e+01 1.617508279914529794e+02
1.765899025397157018e+01 2.112483258928571317e+01 2.791974748883928470e+01 3.260633353727409656e+01 4.056816755022321530e+01 4.150020623059005942e+01 8.621438186233108070e+01 1.415667830586816649e+02
1.651199818806475861e+01 1.937363385139627781e+01 2.286856652462121176e+01 2.723374929827844326e+01 3.478448143433988804e+01 4.745546659185082916e+01 8.040078467653508199e+01 1.358280804208274049e+02
1.619753060689786750e+01 1.759164860111256701e+01 2.210533282305743441e+01 2.864828623896059767e+01 3.606825334821428442e+01 4.179394531250000000e+01 7.626967230902778283e+01 1.342430996737637372e+02
1.473086925035112316e+01 1.807435576769770336e+01 2.285879969832920722e+01 2.793055395986519684e+01 3.327864900914634205e+01 3.950608326981707563e+01 7.267771043964461342e+01 1.275785131369426750e+02
1.498318494656385269e+01 1.727905863149154442e+01 2.180659108922101197e+01 2.757348139599116266e+01 3.329555908203125369e+01 3.841261245265151558e+01 7.548705329517326845e+01 1.180932791359163616e+02
1.352884030032467599e+01 1.633948719113372050e+01 2.045859188098086179e+01 2.493592387354651052e+01 3.213347457627118331e+01 3.562500879786036023e+01 7.269227526156387853e+01 1.085145600658648419e+02
1.338757974297337405e+01 1.594540719005548901e+01 1.924833080947136565e+01 2.615382221115537931e+01 3.039390897529069591e+01 3.545421362704918522e+01 6.200881020021645185e+01 9.839441868996799201e+01
1.304882712442366888e+01 1.394287553267045432e+01 1.919831678602430358e+01 2.364169966466894834e+01 2.817386690546029016e+01 3.110854295123318281e+01 6.185526577818627203e+01 8.907357227933800914e+01
1.279938749700670364e+01 1.482802836100260357e+01 1.807617841448102425e+01 2.263101881377550839e+01 2.635530883256004131e+01 3.081876169124119613e+01 5.603514865029183056e+01 8.712122713414633779e+01
1.175955973464700222e+01 1.299070719401041707e+01 1.775774763607011053e+01 2.262507667226239860e+01 2.764239319455980137e+01 3.214149693080356940e+01 5.503174573592556840e+01 8.590584141118124251e+01
1.080051018210018299e+01 1.248125000000000107e+01 1.658900535068327997e+01 2.060770816368078329e+01 2.637227809175531945e+01 2.940129922161172260e+01 4.818336787840135571e+01 8.143166526492851176e+01
9.711055715460526372e+00 1.197906253212376626e+01 1.555208965412621502e+01 1.925272928542345241e+01 2.439067907675081415e+01 2.903319382440476204e+01 4.602800105168269340e+01 7.403355522433305680e+01
1.047721930309734439e+01 1.247784840838509268e+01 1.536219259777908874e+01 2.032598015720859053e+01 2.450113724291134076e+01 2.726538728412828760e+01 4.855888521634615529e+01 7.315656887755102389e+01
1.038454229744587387e+01 1.184048250786163514e+01 1.448120338462990908e+01 1.844917662989217177e+01 2.196081992519475889e+01 2.676330325704225643e+01 4.609549967447916430e+01 7.286564152190332777e+01
9.599553376311188657e+00 1.093567604242369207e+01 1.428749322615606943e+01 1.827533037435732410e+01 2.311553332270408134e+01 2.724656116452991483e+01 4.384230425104748718e+01 6.508750438288919327e+01
8.839006696428571175e+00 1.037014415652252808e+01 1.350993350862590781e+01 1.734721651133040865e+01 2.119661130352644918e+01 2.643377181267806364e+01 4.196668109697164795e+01 6.281179793074324635e+01
9.058172536906289096e+00 1.040732398114355206e+01 1.358337436537114939e+01 1.766619620590024553e+01 2.153890109592013857e+01 2.478988185975609682e+01 4.042719184027777857e+01 6.213343309577193452e+01
8.831685726269405734e+00 1.009497526650116761e+01 1.327483224984793253e+01 1.611166724461488187e+01 2.100859640731292544e+01 2.443480772243107779e+01 3.798448815333753004e+01 5.763430059523809490e+01
7.975432477678571885e+00 9.404712528604118660e+00 1.147149197560436207e+01 1.560208086492891155e+01 1.830798643501243816e+01 2.326769141531322305e+01 3.653276617894254485e+01 5.579934526447990351e+01
7.941126029479679715e+00 8.785768229166666998e+00 1.134041914750826052e+01 1.516029635639721640e+01 1.949737383868243157e+01 2.216101858156536863e+01 3.629912926762114722e+01 5.477242957502768661e+01
7.662923177083333037e+00 9.023769362148268414e+00 1.194478021978022042e+01 1.502475411551339235e+01 1.881908118206521863e+01 2.193606350806451744e+01 3.414058197962555141e+01 5.103598901098901308e+01
7.315334365662350180e+00 8.439641250676407580e+00 1.085275327620967722e+01 1.358364031184071585e+01 1.776958937872023725e+01 2.154292120943204836e+01 3.484040294346473132e+01 4.858521787321334529e+01
7.270171642303466797e+00 7.994355773925780895e+00 1.034027027235671881e+01 1.344693064135174332e+01 1.623793423250786105e+01 1.998418765943877773e+01 3.254378352669660757e+01 4.711655614774416989e+01
6.808904186457367835e+00 7.479501732092336042e+00 1.000297691332037964e+01 1.288955651410678094e+01 1.655431789192950021e+01 1.984699956346339178e+01 3.138305299673507420e+01 4.668970731779460692e+01
6.145364991393637233e+00 7.270448472764756254e+00 9.671910439768144130e+00 1.262096915409482811e+01 1.694577988205253050e+01 1.949758184523809490e+01 2.972055967514124220e+01 4.373943100046425059e+01
6.198373630871724771e+00 7.109973432239057090e+00 9.767459644990807988e+00 1.334570312500000000e+01 1.554347330729166821e+01 1.948303829867066739e+01 3.038892299107142847e+01 4.132911728533095186e+01
6.126604928104949721e+00 7.120736288129266178e+00 9.404913523034526435e+00 1.251256465748284796e+01 1.524312906025985725e+01 1.816644807735934464e+01 2.724165817967410064e+01 4.019174688177874089e+01
5.924215500492556963e+00 6.561800870028409172e+00 8.549449717285945383e+00 1.155431406250000137e+01 1.478611987789735061e+01 1.760265700483091678e+01 2.610281352124183130e+01 3.762126823440643619e+01
5.692154849868223288e+00 6.655091313303858058e+00 8.604901505775577775e+00 1.107703237064549207e+01 1.439326764676517456e+01 1.757838977771132249e+01 2.672698777721774022e+01 3.767933978154349006e+01
5.504501581725390835e+00 6.194878645003980999e+00 8.660846032167697217e+00 1.081141769506369421e+01 1.339888032563813880e+01 1.644310327804107530e+01 2.571413888612877585e+01 3.590461669364052000e+01
5.332272576323846991e+00 5.991385323660713524e+00 7.833020775719026219e+00 9.972895914139632723e+00 1.334415487917313570e+01 1.591826017754662992e+01 2.537103689046579547e+01 3.358872262084592109e+01
4.903097545040036032e+00 5.618077674278846523e+00 7.423256044130067899e+00 1.035340416949728137e+01 1.291465115017361143e+01 1.589518617269001410e+01 2.348898693100995771e+01 3.209142035198555476e+01
4.795791915904292324e+00 5.568240188238188892e+00 7.320900043208146357e+00 9.645908900669642350e+00 1.244863756258941301e+01 1.516364617598684106e+01 2.225102201604372354e+01 3.148420797413792727e+01
4.633036782296651168e+00 5.227468582371586514e+00 7.021821143504404006e+00 9.438962037535919336e+00 1.196640316205533594e+01 1.512094371570644569e+01 2.259822491496598573e+01 3.187699456887840910e+01
4.436181165246870783e+00 5.030580532625785750e+00 6.620697609114248650e+00 8.995451567444620267e+00 1.142795811573450138e+01 1.436351087415540562e+01 2.116447522147269211e+01 2.996493933523654363e+01
4.139133348651960809e+00 4.964918119928214857e+00 6.358190531858272543e+00 8.653363251805904710e+00 1.126905564354140843e+01 1.401504788614163566e+01 2.066389994177018608e+01 2.948530787179882751e+01
4.123989782600759213e+00 4.734033572568568715e+00 6.094290553172228897e+00 8.511431740348692543e+00 1.126722388174019507e+01 1.379778537603900368e+01 2.008886596832084948e+01 2.812414193761667747e+01
3.931952894704520141e+00 4.577735420072829520e+00 6.011674685594512013e+00 7.883981154299174676e+00 1.047358630952381020e+01 1.330853788258009196e+01 2.001729486476608244e+01 2.768756975446428825e+01
3.788409978693181746e+00 4.526321503835053939e+00 5.631981117523229052e+00 7.839674538151189864e+00 1.029641460358444682e+01 1.262507785023446516e+01 1.880534965159271721e+01 2.732217120202168203e+01
3.689862419577206065e+00 4.317268424934440851e+00 5.384144450708762797e+00 7.646741243335308802e+00 9.827856211809244513e+00 1.254098650731078024e+01 1.856686364109323151e+01 2.598354999651713726e+01
3.509135374214991554e+00 4.083388069184754166e+00 5.508777746596176250e+00 7.243987280475207235e+00 9.615052229634832415e+00 1.204100343067117684e+01 1.743827131153208043e+01 2.492196586759534682e+01
3.463453209918478493e+00 3.879503588991116914e+00 5.271938999536055270e+00 7.027582371837997499e+00 8.982356373856708487e+00 1.197247221371187464e+01 1.745829540188029583e+01 2.404876844476364894e+01
3.248252316738696965e+00 3.683103015075377407e+00 4.838399839543868097e+00 6.842547270417945526e+00 8.695446189839572071e+00 1.107380517033941381e+01 1.665220148283038526e+01 2.362305337708066233e+01
3.139340636202203605e+00 3.592706920144086435e+00 4.709185031871890637e+00 6.557436090166998355e+00 8.802533373786406656e+00 1.092114623657592354e+01 1.633300972358121328e+01 2.346635537151118811e+01
3.094245263131341961e+00 3.406426389818646872e+00 4.640840729783037411e+00 6.379857262899709447e+00 8.182325747614969558e+00 1.035424188410194191e+01 1.603746941588206099e+01 2.240979975358968090e+01
2.845639530831846731e+00 3.394267938446073885e+00 4.376007719494047876e+00 6.008130964302544896e+00 7.774591701292704826e+00 1.012888104838709680e+01 1.569774984100370041e+01 2.272515686587062334e+01
2.818852552415679114e+00 3.224480756854645414e+00 4.262148581376611567e+00 5.740928500306372584e+00 7.585845284466477878e+00 9.685691618785178036e+00 1.548407682644534766e+01 2.161001130396732961e+01
2.670808872396987166e+00 3.036136866495617870e+00 4.200216631244751753e+00 5.645042166804635997e+00 7.294509991496598289e+00 9.601024998606154881e+00 1.483047151060070590e+01 2.076450494704570815e+01
2.658398694828722153e+00 3.041354144541206672e+00 3.878052201704545343e+00 5.478690738375729730e+00 7.082072749491410413e+00 9.244745529855643795e+00 1.456171737091791840e+01 2.074781277044569450e+01
2.479781029929577496e+00 2.837441039241217489e+00 3.754949205303356408e+00 5.185706172429077832e+00 6.644495996498962498e+00 8.738957903711929376e+00 1.367634455472102850e+01 2.016439930262045621e+01
2.388219988690219786e+00 2.675344513988338946e+00 3.677252914441248688e+00 4.926880868840872729e+00 6.714723023391194090e+00 8.599884485687809388e+00 1.369559682588916516e+01 1.949791233090530795e+01
2.241584034455128105e+00 2.583404710423275130e+00 3.491067893903404329e+00 4.782162147546824116e+00 6.279763454861111427e+00 8.050760724029910165e+00 1.297547352742805771e+01 1.903165623117847716e+01
2.193173591740734008e+00 2.526939118525896699e+00 3.446085419135071160e+00 4.643846815045027832e+00 6.033217289484286816e+00 7.901432702742699377e+00 1.282861914531625303e+01 1.848678538739362764e+01
2.105745970061671635e+00 2.439343899186476872e+00 3.221439930352263836e+00 4.422423937305900665e+00 5.832113802478203546e+00 7.668818097461685745e+00 1.207091380247730683e+01 1.776192873141441098e+01
2.019300677669814803e+00 2.299606522626825633e+00 3.134702950093283480e+00 4.273080772785994519e+00 5.692579615935114745e+00 7.568521062271062583e+00 1.197704459125652399e+01 1.735937500000000000e+01
2.007721036759988920e+00 2.275104829165072395e+00 3.030710373711340555e+00 4.115568980135658528e+00 5.614256782370780741e+00 7.182487620830174002e+00 1.163915275270758087e+01 1.692683929717586722e+01
1.882020293959007384e+00 2.236015330289780501e+00 2.863362256046456000e+00 3.935762410592642979e+00 5.289622810878428005e+00 6.873768506129143141e+00 1.145729675072306541e+01 1.615634860710422060e+01
1.806751088061152366e+00 2.067452683845090622e+00 2.731829399843096251e+00 3.766095892316595695e+00 5.020801376311780473e+00 6.832466947115384492e+00 1.105952496968122034e+01 1.570623923341946515e+01
1.729980981112277050e+00 1.987209104142099170e+00 2.658200532929661630e+00 3.626739708432002995e+00 5.048044199486301231e+00 6.401669735797459460e+00 1.065787892742208598e+01 1.545433338937457890e+01
1.702737087673611205e+00 1.946727775317237841e+00 2.524638535338298961e+00 3.460311233247848950e+00 4.644137589389053744e+00 6.292008632205311258e+00 1.019975696173638724e+01 1.468907685881370107e+01
1.624232215567678717e+00 1.855855774769585187e+00 2.472690622430098628e+00 3.367018341938707415e+00 4.622231651905641669e+00 5.923866954522862827e+00 1.014451571819085451e+01 1.420643058528152736e+01
1.535773277574091100e+00 1.775222208815958824e+00 2.343695192920918213e+00 3.256494572732301140e+00 4.472217187019821516e+00 5.906232920830730038e+00 9.641720250511649937e+00 1.367368957940991869e+01
1.485349618943279326e+00 1.691933219349041506e+00 2.282467379428372745e+00 3.145134438512377617e+00 4.210131124247465273e+00 5.583103778777811499e+00 9.321555618021092116e+00 1.323563650156617122e+01
1.436434605432154621e+00 1.639748348801314926e+00 2.222267195495248426e+00 2.977420028762437720e+00 4.089123874040165418e+00 5.504470979324495694e+00 9.318687807468693407e+00 1.311671702612626333e+01
1.420198928531306137e+00 1.602147830939440798e+00 2.092312552067188580e+00 2.903009068896198919e+00 3.906342008220615725e+00 5.230658807956496403e+00 9.014888284566403343e+00 1.292623516964813746e+01
1.355592928733621250e+00 1.525714010357244632e+00 2.012761689122666287e+00 2.688504872889270647e+00 3.726375650675295415e+00 5.073419008875739600e+00 8.478355156983568008e+00 1.201803041274438755e+01
1.314885044319170415e+00 1.475285859463177029e+00 1.911136122881355925e+00 2.704188999545327654e+00 3.604561577816850271e+00 4.944014692497144203e+00 8.410292800859597406e+00 1.161153569142125441e+01
1.238502395984738325e+00 1.418387315388074166e+00 1.844655478461671327e+00 2.540916545508688174e+00 3.458728983030261439e+00 4.765556450208913830e+00 7.986609929938956576e+00 1.131874305362600630e+01
1.218317733979904283e+00 1.392446924774930928e+00 1.788891333276098949e+00 2.453035729743767490e+00 3.352861328124999929e+00 4.627252271781354231e+00 7.903429954079526532e+00 1.105002628788932206e+01
1.165934539953044080e+00 1.351511807003092924e+00 1.740532754216950195e+00 2.372737116600924789e+00 3.191730343846699292e+00 4.550162417763157663e+00 7.570433333333333792e+00 1.060711588803866334e+01
1.142006829571381887e+00 1.273546327453678906e+00 1.690917208976270736e+00 2.252492983541977800e+00 3.114926378126698925e+00 4.282643045334975973e+00 7.433987623440748926e+00 1.039405401124252570e+01
1.078044527684457465e+00 1.215069593147751759e+00 1.595105259278798426e+00 2.193572222316117148e+00 3.001292393258072622e+00 4.155653743153995272e+00 7.099491401006711833e+00 1.022221281604747034e+01
1.075380350644790539e+00 1.212819085011884290e+00 1.531190199846911737e+00 2.090542480943270220e+00 2.958125286022489142e+00 3.988011845071516959e+00 6.882951584674353640e+00 9.890495204502219195e+00
1.006314763052020833e+00 1.136627388092231961e+00 1.508337016233272543e+00 2.057413799675783306e+00 2.788147926782330810e+00 3.840780877156755313e+00 6.653265035377358139e+00 9.411729407336855147e+00
9.686392751887114017e-01 1.105565560334456299e+00 1.458452878863035096e+00 1.925259326405502458e+00 2.687739334707185179e+00 3.826176442869892114e+00 6.533287754077409915e+00 9.195312500000000000e+00
9.438762725852622992e-01 1.054644066742743469e+00 1.366623637697616855e+00 1.842583014699400445e+00 2.581472684085510672e+00 3.723993084258384823e+00 6.257393179798578231e+00 9.000140031923617556e+00
9.044448556852748844e-01 1.039039478724658183e+00 1.346231312749530451e+00 1.809862497787871671e+00 2.533834763250935040e+00 3.518443899101779238e+00 6.099344294886899220e+00 8.758773257531009548e+00
8.902003622462607568e-01 1.000436847447795818e+00 1.280981130582412586e+00 1.726939869719529064e+00 2.391464061797121232e+00 3.343161976990483009e+00 5.963200770355375546e+00 8.437185920629451275e+00
8.482119621042907287e-01 9.520652128743640752e-01 1.217931941783137795e+00 1.720502569356219702e+00 2.278165359778597576e+00 3.345998652239675852e+00 5.731343144955842739e+00 8.147240792662307385e+00
8.202380525748143025e-01 9.414234290426252150e-01 1.165910875475084429e+00 1.610983327024450462e+00 2.242650093318779625e+00 3.220029918363373156e+00 5.551236527837954959e+00 8.125471775516901474e+00
7.996563271816684582e-01 9.143925362547288271e-01 1.160114394149329264e+00 1.523623318142361072e+00 2.138162769671812402e+00 3.133577607081360128e+00 5.481462627437942992e+00 7.769980175972191816e+00
7.696917121309371224e-01 8.684289464350791743e-01 1.082606702172013824e+00 1.483469710981295986e+00 2.085176796587187908e+00 3.012676976199894607e+00 5.263788220849176192e+00 7.714709280705482008e+00
7.454373650107991578e-01 8.403347091169546257e-01 1.050397990701408935e+00 1.451960210023511832e+00 1.998436075584513194e+00 2.922263920484780897e+00 5.180240626309174701e+00 7.463188794862404940e+00
7.252446388711735192e-01 8.115857586481969310e-01 1.006388495039078457e+00 1.384516568132047931e+00 1.924776877837391709e+00 2.820268182103413679e+00 4.911909380079236165e+00 7.224563129722922028e+00
7.076283153241650359e-01 7.864295585573612968e-01 1.002364558111380033e+00 1.350771722560975663e+00 1.899674479166666652e+00 2.704717160637535756e+00 4.829409181661948658e+00 6.872415109764753893e+00
6.828990155311833732e-01 7.632816764465065740e-01 9.446000380713854838e-01 1.267618538522091054e+00 1.790420850855568569e+00 2.676712572994038197e+00 4.747756295629439904e+00 6.777291842274890676e+00
6.562923784259612203e-01 7.334646484375000330e-01 9.233919245764343753e-01 1.232780485508020218e+00 1.741816032446172224e+00 2.578551075043169494e+00 4.548931596819412171e+00 6.612578785339550791e+00
6.315409400609871549e-01 7.135328499488503562e-01 8.850116512274733838e-01 1.188183479264361075e+00 1.658636949733345967e+00 2.481128713537588126e+00 4.468214298416160801e+00 6.341148548578199318e+00
6.078420475592204442e-01 6.886060242259174347e-01 8.548891203475778022e-01 1.114691544134370549e+00 1.593229959109927707e+00 2.483254230084196656e+00 4.354555964514911004e+00 6.328986302182163293e+00
5.978552063899253977e-01 6.712516856073388327e-01 8.336536325419248161e-01 1.103761542213232527e+00 1.568840655801971407e+00 2.351354498315799013e+00 4.222444661458332860e+00 6.176429009304244211e+00
5.766917872766195163e-01 6.380572425914000645e-01 7.840134510442839932e-01 1.053522052518606644e+00 1.510819481927922370e+00 2.290104993761342911e+00 4.174593442734887638e+00 6.034679930106547907e+00
5.633947660246163558e-01 6.224341400980653027e-01 7.646328949280222220e-01 1.001741577018066875e+00 1.424491844420910258e+00 2.173367919921874947e+00 4.043709446352123038e+00 5.751020268552095693e+00
5.506347572396101953e-01 6.081319387335525350e-01 7.440077523828262374e-01 9.920392656956767974e-01 1.415489047181372584e+00 2.142752769510582134e+00 3.936455687193412434e+00 5.637659944730133432e+00
5.390657546590237326e-01 5.836189747356692603e-01 7.164083959168991989e-01 9.383181730344523075e-01 1.373514222790489958e+00 2.094498841658882338e+00 3.826255330375603059e+00 5.557559952135973091e+00
5.173167252351525969e-01 5.726345299030172198e-01 7.049297094751534321e-01 9.267859856680679131e-01 1.293943516719570974e+00 1.964862169388717383e+00 3.727719603466386644e+00 5.366604343400972255e+00
4.950347920428430082e-01 5.533115110079118715e-01 6.643463095489462455e-01 8.819014814092425159e-01 1.284209858624918876e+00 1.962169300426136243e+00 3.584395627490867042e+00 5.279989238909196025e+00
4.890686781208704592e-01 5.349527475785235131e-01 6.375803373688179176e-01 8.656590559331889256e-01 1.226681744800402596e+00 1.871880052287983043e+00 3.493298068756214736e+00 5.090427409570997597e+00
4.833234945933023718e-01 5.179358695223833520e-01 6.216981719812580964e-01 8.148290967423494902e-01 1.185030654580115028e+00 1.824781594817171282e+00 3.440629453175176433e+00 5.037873407804286607e+00
4.578016386257381942e-01 5.004369487197355415e-01 6.033244436327132032e-01 8.065281311289224098e-01 1.128087538422131164e+00 1.749101150527325066e+00 3.317548595837406467e+00 4.833315500860964065e+00
4.509030237854250722e-01 4.825706375145800697e-01 5.740938743449146564e-01 7.688414247938502033e-01 1.099275216464825622e+00 1.698527791805291454e+00 3.238237325747073569e+00 4.803128101163605557e+00
4.306050466887108574e-01 4.708087773875311299e-01 5.739460139403311789e-01 7.468903228253210846e-01 1.064523442349472271e+00 1.685329694689417179e+00 3.223639223194748382e+00 4.744552343568159358e+00
4.246070359281436946e-01 4.525132342082698322e-01 5.416184312127064748e-01 7.022436974591033110e-01 1.020986360325801812e+00 1.585707424480745864e+00 3.137130659430351187e+00 4.590405425261641525e+00
4.180793531558766873e-01 4.380057038428407101e-01 5.228374724305763221e-01 6.913854674843519232e-01 9.958458522093336374e-01 1.580081186781502112e+00 3.013501554540006122e+00 4.507064308276016895e+00
4.018449066884682841e-01 4.356432404426845428e-01 5.062977008912568078e-01 6.663224484009447890e-01 9.807311539391659894e-01 1.506273934214934718e+00 2.933161084897049964e+00 4.358918552967512738e+00
3.890900164019336915e-01 4.260139978520003923e-01 4.995708465576171875e-01 6.378260922458947046e-01 9.229502942593612591e-01 1.454299021912062395e+00 2.894681665031967555e+00 4.189381787605359619e+00
3.823129169122374549e-01 4.146387321059363806e-01 4.737016512378710020e-01 6.250980826965065740e-01 9.008899911102158375e-01 1.458694230904240330e+00 2.794664283292891849e+00 4.155374523580536383e+00
3.745382557744564855e-01 3.984223262655030573e-01 4.649000455547310784e-01 6.111450195312500000e-01 8.760324982504307245e-01 1.385494033025670424e+00 2.707361574205448207e+00 4.061201497602425547e+00
3.662123948488132386e-01 3.877801868724030654e-01 4.518307234889776813e-01 5.855803876809712039e-01 8.429233578288207740e-01 1.338999502879868464e+00 2.644407792140282876e+00 3.932369815129253432e+00
3.533588511236887553e-01 3.853188358386619439e-01 4.416539789738704869e-01 5.632869426057061091e-01 8.170458447802197988e-01 1.320248333547668018e+00 2.609163938219967172e+00 3.936596634811764250e+00
3.498530961393900296e-01 3.692623958759198577e-01 4.290524753574707639e-01 5.458893157623626591e-01 7.883932720809887496e-01 1.272516647441275017e+00 2.565600356543623839e+00 3.803807169803323340e+00
3.371806418155930962e-01 3.601090380450384654e-01 4.179883527692243583e-01 5.349222004367411021e-01 7.653355508674017926e-01 1.215042162698412698e+00 2.447008186392781504e+00 3.720028796290140161e+00
3.282125075584934604e-01 3.544228777789429352e-01 4.095886323368531090e-01 5.115576937082038089e-01 7.498648085280820164e-01 1.198767208358616498e+00 2.363040599818039933e+00 3.617796306165956377e+00
3.247762431397049343e-01 3.436477830162701363e-01 3.898016836925765616e-01 5.007093885878065587e-01 7.148065267656951161e-01 1.163201518618355079e+00 2.383519165961188069e+00 3.523075768347149861e+00
3.137292672531919457e-01 3.314230078418481940e-01 3.859977944909875891e-01 4.817052694391357748e-01 7.012717787762392518e-01 1.120134227851552478e+00 2.304565242175499407e+00 3.495707507368320588e+00
3.094844827861523151e-01 3.248644433034603152e-01 3.756914062500000262e-01 4.658309154892817383e-01 6.757918054186800028e-01 1.084561311697305408e+00 2.240867595586388816e+00 3.391293674982718720e+00
2.953663575517864182e-01 3.141957997049504292e-01 3.601341200844201396e-01 4.561407658224417849e-01 6.528821236107718029e-01 1.067607476671139199e+00 2.157273134064650932e+00 3.318761542012927279e+00
2.868754214957705551e-01 3.092857405630809464e-01 3.550099505618236617e-01 4.479416099501534188e-01 6.367322867471172376e-01 1.034135165592301897e+00 2.121473683406647215e+00 3.284430493419043806e+00
2.877898362502926966e-01 3.056753132200460965e-01 3.464104182257649600e-01 4.223881839469797450e-01 5.970843430363939053e-01 1.010875697446833366e+00 2.076746628865667965e+00 3.207682018660516388e+00
2.782128389550264647e-01 2.949835899667070382e-01 3.342411843879284916e-01 4.148658784423032153e-01 5.956182909897215216e-01 9.774237315470474252e-01 2.013332762001651233e+00 3.123304492571309599e+00
2.720362333477129302e-01 2.916960312612087436e-01 3.272975851261814006e-01 4.055361056075888482e-01 5.853542472079037440e-01 9.362043717540132759e-01 1.957789338085982989e+00 3.051129477140506641e+00
2.658193654756407232e-01 2.841909355455484176e-01 3.168633235576350793e-01 3.888248638918781475e-01 5.596701777509425213e-01 9.117198491324181031e-01 1.929591825577327002e+00 3.022348007837307282e+00
2.554564698053538585e-01 2.770010162176483881e-01 3.094906327184590022e-01 3.803555549831565408e-01 5.387291142337807814e-01 8.882866158506111942e-01 1.840687134737940100e+00 2.995058700490168313e+00
2.517631976686225403e-01 2.675274273296734395e-01 3.020504298895322903e-01 3.748362350031851919e-01 5.295481503281963542e-01 8.631951730224006747e-01 1.829300426136363678e+00 2.885961553426906079e+00
2.481358163426244379e-01 2.632047568958058581e-01 2.946631644323937649e-01 3.605559069159160468e-01 5.046438400117144729e-01 8.271690513892777652e-01 1.787443524355202484e+00 2.907644704348545606e+00
2.434920839885572619e-01 2.602135671553583163e-01 2.885123780263555981e-01 3.492408139591171023e-01 4.914237599523399447e-01 8.267587279608130668e-01 1.747925801069931451e+00 2.810365276780288024e+00
2.342907975556407230e-01 2.528575430481247444e-01 2.790797846480648214e-01 3.402874881500541626e-01 4.797306097014137904e-01 7.824000308388158187e-01 1.714167829091736373e+00 2.747440804998391162e+00
2.295412996595716515e-01 2.449329940132472794e-01 2.791952936595659129e-01 3.306944661731364143e-01 4.683927016276890898e-01 7.745847777666130529e-01 1.649313824844116372e+00 2.720765650093682986e+00
2.238517148511218469e-01 2.419195729369194303e-01 2.668936761861128160e-01 3.161685634842117953e-01 4.483367098537784923e-01 7.508699767937367930e-01 1.611185496016642293e+00 2.668404997693119007e+00
2.194587837593401369e-01 2.334581687515895065e-01 2.602303828292650278e-01 3.080367148042929548e-01 4.370636206251324873e-01 7.285917128739870519e-01 1.575931960375390961e+00 2.636956709688364597e+00
2.145011198291482679e-01 2.287781070288801843e-01 2.492595967017121883e-01 2.999351106702085601e-01 4.227487716443377175e-01 7.137657645373244319e-01 1.541620618369045070e+00 2.573975121095547269e+00
2.082683382329252597e-01 2.244398695570570534e-01 2.457873674121854313e-01 2.934992071607089859e-01 4.102251510246737731e-01 6.852019143588528038e-01 1.513410829307568539e+00 2.554480736754549675e+00
2.038921917485378432e-01 2.203989737897182333e-01 2.406368035332039079e-01 2.872496834468630800e-01 3.986789448341196418e-01 6.739629301368504910e-01 1.477845446535692719e+00 2.486522938979530473e+00
1.998245031856796250e-01 2.166573348318695247e-01 2.375365747163067365e-01 2.780808380604451457e-01 3.894563601901904204e-01 6.450617032027362585e-01 1.439912536150385725e+00 2.416492035080040068e+00
1.944584404786138532e-01 2.098620147315287954e-01 2.310118305424643248e-01 2.672810584494152986e-01 3.754660696077255500e-01 6.368217117879128031e-01 1.397981133806262211e+00 2.372921829666344351e+00
1.903722850427935487e-01 2.034719492554571130e-01 2.233657453230778467e-01 2.641274559500094710e-01 3.639553653492647034e-01 6.063945041026037597e-01 1.367024206559429800e+00 2.353200130346625674e+00
1.838761616941524679e-01 2.004795962552357036e-01 2.168084350314468944e-01 2.566416127698891159e-01 3.516244170678715641e-01 5.860663267956679467e-01 1.338797760152879324e+00 2.294883713813117954e+00
1.809855821589196612e-01 1.948390171929612891e-01 2.109735833806269389e-01 2.494116792117433978e-01 3.394876435253775804e-01 5.816198053425004622e-01 1.284343438659168779e+00 2.240304195084665828e+00
1.757069239142868833e-01 1.890450556433453944e-01 2.091081537046323990e-01 2.436536313630156547e-01 3.333387190070841166e-01 5.620538433681915302e-01 1.264622589993010360e+00 2.212759247257071404e+00
1.727280541864365249e-01 1.873479404800551251e-01 2.063247948362116058e-01 2.350964691442087029e-01 3.198157766313440842e-01 5.424910973248193713e-01 1.221251641129962984e+00 2.155879930437675007e+00
1.694533356099046373e-01 1.817974365278659521e-01 1.989342648499616006e-01 2.285026024127828626e-01 3.073341175426136385e-01 5.254881404334895700e-01 1.202517838236619285e+00 2.112737621230275309e+00
1.651303120079067599e-01 1.784237430303423078e-01 1.949090513633605914e-01 2.208906796775585990e-01 3.051474953345699737e-01 5.135906432415177081e-01 1.176168619791666758e+00 2.117091031932697209e+00
1.619498590939310589e-01 1.790620728961283270e-01 1.907317047881535443e-01 2.138259542817894654e-01 2.916482509175065685e-01 4.978939275814275867e-01 1.156518489813994854e+00 2.058459964831635070e+00
1.578581966501779177e-01 1.702655993009868363e-01 1.864454386021499599e-01 2.114555973949399370e-01 2.841190448527933787e-01 4.795918578133263055e-01 1.109588943834311392e+00 2.014680441310876091e+00
1.534806262928327114e-01 1.688490593321138322e-01 1.791324406797046020e-01 2.049456442599349448e-01 2.789646904853292364e-01 4.719640475760165099e-01 1.086141737442238631e+00 1.984601161153160209e+00
1.507432422914699033e-01 1.634871740021528186e-01 1.773208848142306393e-01 1.995193053436021269e-01 2.669276106804583937e-01 4.519076333674286738e-01 1.067526931498702369e+00 1.947642437993477582e+00
1.467269926147773962e-01 1.622557054708236579e-01 1.749764409692706746e-01 1.938755886613830193e-01 2.605259806315103899e-01 4.404115860560124385e-01 1.045111619887709509e+00 1.924446242190468226e+00
1.439705072028178434e-01 1.588993763899858580e-01 1.688898940759202549e-01 1.873588756927847543e-01 2.541662099410076370e-01 4.340506789682704869e-01 1.006807792602211871e+00 1.863322310336948062e+00
1.397910932686423913e-01 1.541941602332710382e-01 1.652727356459791908e-01 1.856594572487673955e-01 2.433433495230101495e-01 4.125378981494935426e-01 9.783062470489818363e-01 1.842941860255671083e+00
1.357920767648579941e-01 1.505335857993677917e-01 1.622159653815670455e-01 1.795024140394542722e-01 2.398280641559873139e-01 3.995547929879296745e-01 9.712443562818825482e-01 1.817881426255660626e+00
1.339586943270888453e-01 1.459427636988825938e-01 1.575824349107070033e-01 1.738954901007316589e-01 2.282795359882762165e-01 3.924150505256069899e-01 9.337166323979799731e-01 1.759186906589273569e+00
1.312973374112764435e-01 1.444532617378297135e-01 1.569268361121925470e-01 1.704108767644260669e-01 2.244701562882403523e-01 3.768687869391283418e-01 9.154838412036303552e-01 1.745065674452525695e+00
1.262021426145947811e-01 1.414549996862449754e-01 1.491136874481897856e-01 1.665260829157911571e-01 2.176656043297786058e-01 3.686516082700769248e-01 8.743502641035472145e-01 1.692042061570476097e+00
1.236816138363116269e-01 1.367095130584820017e-01 1.490954543088443551e-01 1.615772860338918482e-01 2.130854616752990704e-01 3.555465526365965134e-01 8.724700588171916404e-01 1.677093217184398188e+00
1.206365403248483847e-01 1.352151928420027571e-01 1.429547785306047036e-01 1.556092227943653983e-01 2.032593523485503040e-01 3.477413649586010846e-01 8.429293060302734952e-01 1.634168210146618394e+00
1.174948481869970557e-01 1.298600605143721554e-01 1.394468020133989572e-01 1.527349508381841692e-01 1.983558482728992878e-01 3.362985340158266556e-01 8.238620865652157566e-01 1.606948842671839905e+00
1.160937099861424904e-01 1.289537320046512392e-01 1.372180467692510064e-01 1.491012218386627841e-01 1.935789885850499881e-01 3.231731078068318941e-01 7.992664143306851265e-01 1.583789106512431433e+00
1.132803480470481738e-01 1.260439043783040114e-01 1.341599705583732538e-01 1.461510702936121286e-01 1.887099246153991494e-01 3.160226628944718397e-01 7.858920668171855972e-01 1.533769252441773201e+00
1.101983772743664186e-01 1.234318883228330277e-01 1.298021993403089547e-01 1.412478140012891348e-01 1.821801750696772082e-01 3.058760211166220988e-01 7.577543337112587762e-01 1.522446059374652272e+00
1.072149146774880324e-01 1.201458215006027397e-01 1.288066067660812164e-01 1.404574791148727742e-01 1.752005285608308482e-01 2.962306370244962017e-01 7.450431989999268811e-01 1.473854323446275760e+00
1.061900849563692101e-01 1.169259464833954237e-01 1.256053899838642796e-01 1.341852277642920643e-01 1.706556131837045909e-01 2.871238243574638638e-01 7.089234714039374108e-01 1.427033737288440296e+00
1.030513532567093049e-01 1.143809043938386477e-01 1.221454368527082335e-01 1.318252176903198791e-01 1.658383638932101056e-01 2.782029711778948311e-01 7.028182892453481712e-01 1.413720525453038945e+00
1.011451354561463123e-01 1.124401811178656202e-01 1.187367927328466105e-01 1.279784426226772964e-01 1.622296197688875563e-01 2.760356515076832218e-01 6.723147645729977695e-01 1.397302459190538748e+00
9.880092250716075719e-02 1.090252924231843445e-01 1.171285107149092064e-01 1.251290129436701537e-01 1.565301167018402217e-01 2.644383480674342146e-01 6.609997697680757289e-01 1.354791107123987315e+00
9.483587919776119424e-02 1.060116651787256503e-01 1.140564976476174108e-01 1.204090757434423536e-01 1.487460652284296470e-01 2.569939758551955111e-01 6.346187288296695206e-01 1.333089357904696293e+00
9.337888567402127804e-02 1.050092313775444069e-01 1.114912705053839048e-01 1.213643777388587336e-01 1.508105916714449490e-01 2.527867485807309689e-01 6.254569448046334301e-01 1.308485393175843781e+00
9.210994206363946890e-02 1.003278569528258252e-01 1.097075891715809937e-01 1.163943029069068463e-01 1.441702212927476467e-01 2.426219547118812214e-01 6.034505208333333925e-01 1.277916303562319333e+00
8.972926551477997115e-02 1.004601997678340741e-01 1.064348554566105914e-01 1.119857332448573328e-01 1.414790602566174671e-01 2.326832475333378281e-01 5.898891593031850844e-01 1.244685611049201501e+00
8.606110908161875017e-02 9.667570244364649679e-02 1.035552411097386549e-01 1.120761998786859170e-01 1.350262331495098167e-01 2.257787810516972138e-01 5.708214875844818126e-01 1.228423828319347377e+00
8.555397504093344152e-02 9.492132725874562194e-02 1.015292133255292495e-01 1.077341292567013248e-01 1.327862681138077261e-01 2.196035388855671622e-01 5.615614450953136938e-01 1.202794210658601815e+00
8.286298769362063221e-02 9.244188412215358086e-02 9.879120375952293864e-02 1.059756238749581247e-01 1.286859148989409618e-01 2.142319257610532657e-01 5.413429196141347211e-01 1.173705471765225328e+00
8.022247039304439276e-02 9.018653052859128272e-02 9.701931011063766319e-02 1.021185440737811534e-01 1.249767338500234332e-01 2.072605904227138307e-01 5.259129224828745786e-01 1.148572838824728271e+00
7.935858363664893833e-02 8.804748612710450173e-02 9.366452130316232916e-02 9.937674750669131529e-02 1.208097749160549489e-01 2.005143783936923219e-01 5.086896880498240625e-01 1.124086322558633944e+00
7.647224139906474982e-02 8.605796821742005276e-02 9.126583333831451983e-02 9.797373461488342872e-02 1.196368690478086388e-01 1.965258340103836487e-01 5.014059378171381587e-01 1.100688042407095502e+00
7.526808997386981448e-02 8.395396940590203749e-02 8.923843210612389387e-02 9.642258221926457151e-02 1.151227518046787496e-01 1.880348998477125722e-01 4.899407447550802597e-01 1.081295229358518961e+00
7.378868783325301384e-02 8.184408369358837920e-02 8.759090297357169375e-02 9.429654583512732391e-02 1.117774476396276584e-01 1.838821491422105991e-01 4.752502592259330028e-01 1.063767185401243154e+00
7.135026132926773623e-02 7.922943042764185595e-02 8.522807252676052603e-02 9.240933619490550310e-02 1.089681236040657142e-01 1.794720658877893560e-01 4.599806521979445950e-01 1.041998441952931120e+00
6.913699978637882770e-02 7.808790822440800361e-02 8.280588881234365872e-02 9.012155559172019270e-02 1.061702467864719945e-01 1.740317729976795791e-01 4.458761656562384434e-01 1.015227734101760815e+00
6.809106399804958076e-02 7.556751198466186981e-02 8.162225809496417850e-02 8.683015587906318944e-02 1.028840366263292366e-01 1.689209510792255564e-01 4.345983911658004017e-01 1.003218008185282839e+00
6.537821680697020188e-02 7.310314329825742807e-02 7.880203167257340824e-02 8.567762648398287439e-02 1.013121129578506002e-01 1.629283459453566840e-01 4.253492347358501791e-01 9.825164677996287566e-01
6.531995690387228104e-02 7.183231571588161168e-02 7.743661268702092815e-02 8.371937316937544393e-02 9.885306980298913526e-02 1.571109851360714682e-01 4.088600831317125150e-01 9.534669884369192383e-01
6.302509087744732896e-02 6.953236845276938860e-02 7.587484491515120166e-02 8.298031685560902648e-02 9.710631984853750065e-02 1.558055835295063807e-01 3.982136589659531767e-01 9.489303275983455022e-01
6.192597169598414858e-02 6.795435401344455950e-02 7.393874695051962098e-02 8.030028247356801874e-02 9.325741243880431020e-02 1.505643141052331879e-01 3.885852690580527402e-01 9.144259089985781186e-01
6.035712213799505205e-02 6.652052828789312144e-02 7.169723335030660227e-02 7.857139670188463543e-02 9.421988339850563554e-02 1.457354657783851426e-01 3.774646657448060272e-01 9.129606691928309203e-01
5.904427869149966174e-02 6.475046777094453643e-02 7.067372709005451115e-02 7.789437108202763860e-02 9.451340048530862403e-02 1.413024824825366565e-01 3.694584339931421546e-01 8.867596368536322382e-01
5.751470106529682491e-02 6.360201613601718096e-02 6.771692712092233779e-02 7.691899077428784870e-02 9.236685204859315657e-02 1.370984377405595755e-01 3.603260965844671260e-01 8.780536552784974358e-01
5.613812199913893741e-02 6.152896777958075797e-02 6.649724156192535207e-02 7.622020110721952624e-02 9.006756334540155784e-02 1.328336377164502091e-01 3.482500443346052688e-01 8.582181962641519668e-01
5.506744884263178874e-02 5.949841874020107141e-02 6.566504536186114349e-02 7.458091874099052887e-02 8.830711864502990838e-02 1.296672122195109966e-01 3.355142346068403225e-01 8.456356170594191424e-01
5.310054512268388982e-02 5.814443345518514189e-02 6.394849921695676398e-02 7.254362459301803845e-02 8.699278920027675444e-02 1.265390667413137937e-01 3.306275418701306035e-01 8.229186471436596984e-01
5.261540866790608006e-02 5.643632889001468783e-02 6.315738563188236232e-02 7.257744595085903472e-02 8.443160770119630121e-02 1.230177889785867007e-01 3.181297235903532972e-01 7.987942447471292340e-01
5.142106546673005929e-02 5.558120253086608342e-02 6.094934149575851473e-02 7.059155974485478713e-02 8.173429048978365918e-02 1.190235216774079147e-01 3.091793076788029726e-01 7.898306308166981315e-01
4.966700557073125410e-02 5.441666183167850890e-02 5.982763661514692993e-02 6.777461184086107371e-02 8.058390878510403310e-02 1.161957063036844345e-01 3.006861783722949988e-01 7.877278273532463126e-01
4.896636106715109016e-02 5.250658882692230134e-02 5.803769409749222341e-02 6.685539430400491701e-02 7.790813067499409439e-02 1.119531931444578549e-01 2.909026188062026619e-01 7.656099695825814289e-01
4.770470085868631221e-02 5.080131609415270560e-02 5.605992771315679996e-02 6.521314155429325243e-02 7.621697054576813402e-02 1.091968972060723547e-01 2.862153512370821384e-01 7.525034006605357817e-01
4.710512460073167790e-02 4.992940647247489511e-02 5.458767243424620524e-02 6.299530090031553453e-02 7.473180863929694551e-02 1.062621371169816670e-01 2.772541101565743071e-01 7.379138239457558868e-01
4.592151423976181118e-02 4.854205669162826170e-02 5.337970015044638666e-02 6.186423795919641228e-02 7.224356739430864982e-02 1.034905556365878360e-01 2.672211029615255695e-01 7.275633154197806984e-01
4.547589660688681340e-02 4.761051875704185726e-02 5.232388231321985494e-02 5.926016852508869670e-02 6.959030143593988860e-02 1.008933768122063090e-01 2.614086408328467614e-01 7.103014544879617809e-01
4.443286435511377419e-02 4.668723431828421255e-02 5.118431427038914322e-02 5.855463973173341552e-02 6.753239144180796238e-02 9.586347474799154778e-02 2.525388297729058706e-01 7.070328355700441492e-01
4.372709649648845454e-02 4.507597755548109486e-02 4.965662381184403340e-02 5.713434490529260140e-02 6.610217711772115035e-02 9.475974002113979333e-02 2.471807669355341741e-01 6.924905268087209187e-01
4.276984229501076124e-02 4.410012904751067081e-02 4.739369552290235293e-02 5.531492458553764757e-02 6.439765636796608572e-02 9.161536577909762391e-02 2.391522604321676682e-01 6.842448402990463086e-01
4.213968189323133440e-02 4.332334070081093197e-02 4.662822580355956148e-02 5.369028280970232492e-02 6.210988100935285749e-02 8.945850762795275191e-02 2.333795382891814818e-01 6.725514779968202461e-01
4.132549970213863361e-02 4.195864951071565790e-02 4.522812295499516189e-02 5.173431972287735603e-02 6.143241942398191408e-02 8.671475773350914573e-02 2.281491626673286255e-01 6.578225922656077973e-01
4.055047155397258768e-02 4.108781699454517461e-02 4.437415468904830351e-02 5.049902163677334049e-02 5.903878731663778773e-02 8.393198957169083207e-02 2.195035970964876182e-01 6.418172246602491526e-01
4.016356202828830907e-02 4.059686280461445584e-02 4.323643925493860646e-02 4.939653643216455892e-02 5.689409671009815900e-02 8.216132926426014671e-02 2.141306333624638514e-01 6.362087265563246552e-01
3.943685407237939450e-02 3.939110055353969159e-02 4.220820899414154392e-02 4.716297259888678484e-02 5.545491275131634451e-02 7.958815349205665413e-02 2.086075753876657224e-01 6.285243999763537870e-01
3.896484204898770232e-02 3.857431647063064989e-02 4.085425673482455389e-02 4.617360962260524948e-02 5.381292757999669302e-02 7.794790118386996092e-02 2.056290087743108119e-01 6.190779029751332097e-01
3.851310751465768234e-02 3.777534874476864285e-02 3.915298816769622464e-02 4.428148654127308376e-02 5.202367454285879156e-02 7.503490237300482202e-02 1.963314016420522889e-01 6.105364532228296781e-01
3.809506587582916354e-02 3.728929772434464579e-02 3.837215183597007112e-02 4.366691767923215617e-02 5.027816225401689210e-02 7.328101780716181346e-02 1.917328421218828238e-01 6.070654683042651101e-01
3.743130767034381218e-02 3.611816203006486259e-02 3.766370233083735780e-02 4.198898770915928530e-02 4.873396248271288228e-02 7.167551659449776513e-02 1.854034720115291246e-01 5.994710840293531184e-01
3.701763240329083299e-02 3.541098822777827282e-02 3.604893164008125817e-02 4.077416279400075672e-02 4.798682049510559489e-02 6.950650950500836256e-02 1.829668774759176941e-01 5.878724152927263802e-01
3.613238902916260376e-02 3.507816491221580485e-02 3.551390896017480453e-02 3.958850830100558299e-02 4.670200041505877947e-02 6.778833570672730680e-02 1.759484969892876616e-01 5.838281478904189248e-01
3.635863896641289977e-02 3.444200485878076007e-02 3.490244633649379480e-02 3.837745491309901141e-02 4.560967490564408339e-02 6.503246296635226131e-02 1.721005666091539044e-01 5.781991355116629094e-01
3.561595201140140693e-02 3.337603100275589318e-02 3.390148458573145202e-02 3.700987829864182954e-02 4.357641112979921544e-02 6.364419253430378398e-02 1.668999729256107623e-01 5.671503901929882963e-01
3.552418963111642070e-02 3.281100794566368939e-02 3.305637787131211758e-02 3.614823275772983263e-02 4.206765159314401065e-02 6.212265244408769066e-02 1.631323173221221612e-01 5.619159019748186656e-01
3.498172054313748031e-02 3.221659342447916186e-02 3.218043728440635881e-02 3.539450324867039060e-02 4.119868543803841682e-02 6.046712423381579715e-02 1.594233171478481592e-01 5.537801162594455651e-01
3.464496063717367041e-02 3.216778037319158179e-02 3.127245743308911669e-02 3.426211878263533267e-02 4.005590604561313356e-02 5.839287813294856411e-02 1.545753271091519498e-01 5.477766994070183415e-01
3.494975104628095935e-02 3.132413378364091311e-02 3.047689829611216483e-02 3.310207258901824712e-02 3.873496822848408738e-02 5.729419499068501981e-02 1.501715468936822284e-01 5.428228757018709327e-01
3.460785844756905649e-02 3.116048296579360111e-02 2.983625888535995294e-02 3.218438367098944847e-02 3.757961942698227059e-02 5.527309196976278732e-02 1.472433216693692926e-01 5.328940796483750963e-01
3.399684026794681097e-02 3.071284517546095730e-02 2.947292297046498824e-02 3.158010893704369521e-02 3.674596144311886164e-02 5.399007959984268579e-02 1.420913541114936507e-01 5.325880401463332081e-01
3.389018301187344401e-02 2.994276401667869333e-02 2.867366214926127255e-02 3.068261097271302376e-02 3.562658760360899041e-02 5.273139517775878721e-02 1.372920239389424646e-01 5.202492421806375056e-01
3.372417521950796249e-02 2.977362497234312816e-02 2.830665989925986933e-02 2.955912837740582236e-02 3.453917846124317931e-02 5.129569422877846424e-02 1.343295515701143916e-01 5.149852667493796110e-01
3.357998606642188105e-02 2.936429027843822509e-02 2.751488571230097102e-02 2.900517401686895230e-02 3.367555480072463581e-02 4.958238602475936035e-02 1.314677532796567905e-01 5.103244358763709965e-01
3.324918161172207148e-02 2.884328069830612365e-02 2.687204154273537329e-02 2.822477485877009432e-02 3.279166686588382007e-02 4.852528947819353955e-02 1.267810932519818634e-01 5.039848651935655566e-01
3.372428991397542763e-02 2.847086788788242423e-02 2.665005391331956575e-02 2.769617232939730958e-02 3.179020497131845868e-02 4.724419142283704798e-02 1.251483992034313764e-01 4.982330506973542961e-01
3.291732483814416993e-02 2.811750398301176082e-02 2.570897491714297170e-02 2.659272288101628343e-02 3.097352605566756206e-02 4.630949660670462265e-02 1.204415178012274434e-01 4.947336075644696018e-01
3.306862042113405814e-02 2.762113624599169676e-02 2.559375087455731390e-02 2.615654130939270086e-02 3.023764159248150396e-02 4.465396503639038756e-02 1.182205139111289077e-01 4.981649210164835195e-01
3.311546864544633040e-02 2.762718041374670128e-02 2.533937831820570058e-02 2.544416180446007480e-02 2.920777836525696031e-02 4.385735733675429071e-02 1.151587877391390957e-01 4.923511625394838553e-01
3.310618553383204432e-02 2.715362710750356123e-02 2.457535982671829947e-02 2.472820415156492396e-02 2.839090679989851596e-02 4.269053253202608617e-02 1.104978037299296084e-01 4.872757472241770471e-01
3.390190598327094684e-02 2.722712358147677189e-02 2.414242685012740405e-02 2.436975380477708966e-02 2.773176632732910971e-02 4.129000383870588820e-02 1.086584722012416265e-01 4.892438710910945177e-01
