nan nan nan nan nan nan nan 0.000000000000000000e+00
-8.678663289174437523e-05 nan nan nan -1.943614915944635868e-05 1.227014872711151838e-04 nan -1.643114082980901003e-04
7.518482161685825207e-05 nan nan -3.050188145910699982e-04 nan -6.752619810868054628e-05 -3.485722700133919716e-04 -4.460352938622236252e-04
1.919831629493273795e-05 nan -4.114866896998137236e-05 nan -1.089197030523791909e-04 3.913920372724533081e-04 5.420115485321730375e-05 1.318802096648141742e-04
1.119187994239230905e-04 -8.992500928191777431e-06 nan -1.373553532175719738e-04 nan -3.468703168133894377e-05 8.616690562727549762e-05 -3.258951339655771122e-05
2.260678130286661154e-05 -1.504380488768219948e-04 1.113133704555886055e-04 nan -9.255033960057930975e-06 -8.028901841801901207e-05 1.056299218750000000e+04 3.276513920454545587e+04
-1.152974346041446552e-05 -1.186555277349220276e-04 -2.397347561782226238e-05 -7.557355274911969900e-06 -2.079135010717436671e-04 9.065061523437500000e+03 1.351859375000000000e+04 1.802681250000000000e+04
7.697212276980280876e-05 -1.318608507669220278e-04 1.294900963936621888e-05 3.723253861867955656e-05 -2.267027263190935928e-05 1.425102524038461706e+04 1.771892187500000000e+04 1.924064722222222190e+04
-2.505385169857426533e-05 8.404246597949947242e-05 -4.117661349785824165e-05 9.671000477213125858e-05 1.306083705357142753e+04 1.417870963541666606e+04 1.469589182692307804e+04 1.485979336734693788e+04
-1.742355474878264584e-05 -1.106938781539121552e-05 2.546543906004551699e-05 -1.554244227008894086e-05 9.458350000000000364e+03 1.147784687500000109e+04 1.148395312500000000e+04 1.540052910958904067e+04
1.873788606448500857e-05 -3.025598966309593746e-05 2.900355188599364447e-05 6.440062500000000000e+03 1.218011305147058738e+04 1.093243181818181802e+04 1.250630978260869597e+04 1.455943668831168907e+04
2.398687813963208589e-05 -5.761835281090397068e-06 2.224518019439918715e-06 6.643550781250000000e+03 6.541619791666666970e+03 8.306995535714284415e+03 1.169010491071428442e+04 1.065448724489795859e+04
-2.269723765613114309e-05 5.934251154341348912e-06 -8.735181340439753561e-06 7.458234797297297519e+03 7.291654513888888687e+03 9.451344594594595037e+03 9.284343171296295623e+03 1.352309090909090992e+04
1.805602336552605781e-05 -1.301865445495378634e-06 2.680742187500000000e+03 5.394452586206896740e+03 6.517243055555555657e+03 7.805374053030303003e+03 8.818751689189190074e+03 1.127077241379310362e+04
-2.087322550255860709e-05 2.104029824425067172e-05 2.210057986111111404e+03 6.066868206521739012e+03 5.975832291666666606e+03 6.715826636904761472e+03 7.560871621621621671e+03 8.533047839506172750e+03
2.239687158398225388e-05 4.544784746098297438e-05 2.677669215425532002e+03 5.146257486979166060e+03 5.237037990196078681e+03 5.800705625000000509e+03 6.755194999999999709e+03 8.253292968750000000e+03
-7.677214131851133928e-06 -3.191075762206653371e-06 4.647983796296295623e+03 4.307743622448979295e+03 5.080533052884615245e+03 5.770000000000000000e+03 6.299936274509804207e+03 6.706142766497461707e+03
-3.119620719346506825e-06 4.522657815998952425e-06 3.738841435185184764e+03 3.780954221491228054e+03 4.613004882812500000e+03 5.226264678030303003e+03 5.438433333333333394e+03 7.025557730923694180e+03
9.177473520426308599e-06 8.843718595536690592e-06 2.938538938492063153e+03 3.600108057228915641e+03 4.507144791666666606e+03 4.927687500000000000e+03 5.196104600694444343e+03 6.197225296442687068e+03
1.693151697709962937e-05 -1.289106730837374959e-05 2.337852539062500000e+03 3.837677357456140271e+03 4.030712209302325391e+03 4.461213392857142935e+03 5.199207792207792409e+03 5.973395901639344629e+03
-1.397060556922974953e-06 4.807162963032246454e-06 3.207756250000000364e+03 3.178374681122448692e+03 4.135284246575341967e+03 4.200469460227272975e+03 4.965884036144578204e+03 5.298988817891373401e+03
-1.210179678829652898e-05 -5.482664094485628998e-06 3.080083216292134694e+03 3.139413240131578732e+03 3.474206064356435490e+03 3.990832122093023372e+03 4.628083455882352609e+03 5.654099469496020902e+03
-1.799894873398900691e-05 1.455676778782122157e-05 2.760119693396226467e+03 2.942643061926605696e+03 3.578951264880952294e+03 3.695922023809524035e+03 4.065447916666666515e+03 5.322519278606964690e+03
-7.945691634501729741e-06 -4.413018745007151453e-07 1.990169763513513544e+03 2.911380113636363603e+03 3.112194852941176123e+03 3.650398879716980900e+03 4.299479714912280542e+03 4.927475842696630025e+03
-4.212027591354442102e-06 -5.018143207978522108e-06 2.369160192757009099e+03 2.846834623893805201e+03 2.731186941964285779e+03 3.246852415966386616e+03 3.830493421052631220e+03 4.082973050458715988e+03
-4.260617957620973557e-06 6.904311478137970269e-06 2.203421755725190906e+03 2.492410823170731874e+03 2.584619069343065803e+03 2.783250484496124045e+03 3.593662109375000000e+03 4.017799445471349372e+03
1.202022960771703039e-05 3.581053357676512512e-06 1.985832322761194064e+03 2.199770695364238236e+03 2.565750496031746025e+03 2.883824468085106218e+03 3.098392003676470722e+03 3.883363302752293748e+03
-5.050089966041592244e-06 -7.113259925972670317e-06 1.402299855491329481e+03 2.121125469924812023e+03 2.364754807692307622e+03 2.841785714285714221e+03 3.034625958588957019e+03 3.747032051282051270e+03
-9.147837340682247169e-06 -1.048611477017402574e-05 1.892429017857142753e+03 1.933205195783132694e+03 2.233753571428571377e+03 2.424822010869565020e+03 2.855089104729730025e+03 3.477867765273311761e+03
-1.086579798440258258e-05 1.353519690654022461e-07 1.699677651515151410e+03 1.981638847305389390e+03 2.016653792134831292e+03 2.330930248618784390e+03 2.757382309941520361e+03 3.266972895863053054e+03
1.420672427828809925e-06 3.099277266910719268e-06 1.617566385135135306e+03 1.748511548913043498e+03 1.943531785714285661e+03 2.318817835365853625e+03 2.562741319444444343e+03 3.211789491758242093e+03
-2.600478918783450309e-06 -4.039179267627851820e-06 1.262027073019801946e+03 1.958568780637254804e+03 1.816604420731707251e+03 2.256666006097560967e+03 2.395952818627451052e+03 3.064064012738853307e+03
-2.352460568470404703e-07 -3.074697929699927440e-06 1.523831068840579746e+03 1.654446969696969745e+03 1.902540625000000091e+03 2.071521780303030482e+03 2.372795482673267543e+03 2.783445879458794479e+03
-8.425805228863121473e-07 -1.146179775512495738e-05 1.473113785885167317e+03 1.561455232558139414e+03 1.717756091101694892e+03 2.017285472972972912e+03 2.522437775330396562e+03 2.750089633447881170e+03
-1.510876622161216326e-06 3.469446956867647880e-06 1.434584664096916413e+03 1.559724477091633389e+03 1.685339244186046471e+03 1.914429559426229616e+03 2.154442099567099376e+03 2.588282017075774093e+03
1.997138243779295915e-07 1.968629129061644712e-06 1.038211154513888914e+03 1.435946204337899417e+03 1.597618907942238366e+03 1.809678811659192888e+03 2.115517892156862672e+03 2.429212387161484457e+03
2.267439064651841748e-06 -1.544825459455346849e-06 1.175908342633928442e+03 1.297114583333333258e+03 1.542029203056768438e+03 1.631499559859154942e+03 1.946396157587548714e+03 2.263538292682927022e+03
-2.961634609639298773e-06 3.672767973815401757e-06 1.155191305350553421e+03 1.295049199380165419e+03 1.511720411129568220e+03 1.742784821428571377e+03 1.889785782442748086e+03 2.374977231740306252e+03
-1.706024704617448151e-06 1.683514565229415970e-06 1.052906752411575553e+03 1.184515981270358452e+03 1.337240913120567257e+03 1.494008585164835267e+03 1.743595450680272052e+03 2.205476661059713933e+03
-1.391245811981590237e-06 3.478999133221805096e-06 9.191142799352751354e+02 1.198946050488599440e+03 1.334218139250814374e+03 1.495400992063492140e+03 1.710602564102563974e+03 2.002965036378334617e+03
7.924982477089384424e-07 1.353249300896010642e-06 1.094609276729559724e+03 1.190603431748466392e+03 1.325111821086261898e+03 1.425560238486842081e+03 1.681164999999999964e+03 1.999145211930926280e+03
-1.024635519998725424e-06 -5.382280826053154517e-06 1.063847809667673801e+03 1.158088059105431284e+03 1.243089146600566664e+03 1.365224471830985976e+03 1.625834077380952294e+03 1.989163141993957652e+03
-2.577264265684814687e-08 -5.628348485198478011e-06 9.508665101156068431e+02 1.053170549485861102e+03 1.220464923469387713e+03 1.320499109686609700e+03 1.589528282122905011e+03 1.830252279102384136e+03
4.843644081306098663e-07 -2.404321580692085991e-06 8.079061743341404735e+02 9.643053728070175339e+02 1.138559351385390300e+03 1.292653757122507159e+03 1.469876127577319494e+03 1.775577533783783792e+03
1.723970440772286584e-06 -1.440215442293389235e-06 9.480857843137255259e+02 9.945238746958638103e+02 1.083087934027777919e+03 1.239633384146341541e+03 1.392232142857142890e+03 1.698850736707238866e+03
-2.015248467521633747e-06 5.161263501254196794e-06 9.057951642335766564e+02 9.548800587467362675e+02 1.029545493197279029e+03 1.192420895989974952e+03 1.389269678841309769e+03 1.618840811965812009e+03
3.357089893973392140e-06 4.528483559187816958e-06 7.206283903301886085e+02 9.359576421800948083e+02 9.926415578358208904e+02 1.209884860788863080e+03 1.365730440097799601e+03 1.553049497635933676e+03
-1.106254875159872809e-06 -1.125799026340246302e-06 6.903239262114537951e+02 8.578226713062099407e+02 9.784857826576576372e+02 1.110973050458715761e+03 1.265370044052863477e+03 1.521188953488372135e+03
-2.531955580903293911e-07 -2.240508117459036895e-06 7.581495879120878953e+02 8.604729352678571104e+02 9.129904891304347530e+02 1.089722446236559108e+03 1.223921117841409796e+03 1.529734065934065939e+03
3.248940832334092057e-06 -3.525343203505912516e-06 7.762865591397849130e+02 7.827839530590716777e+02 9.417868303571427759e+02 1.043903017241379303e+03 1.227534362033195066e+03 1.425332848067760779e+03
-1.842059077716839965e-06 4.270073259249329736e-06 6.510625000000000000e+02 7.854613614341085395e+02 8.794475890985324895e+02 9.789247448979592718e+02 1.142580838323353191e+03 1.395968393653941348e+03
2.242986844771431957e-06 -1.330364235856957599e-06 6.222847582037995835e+02 7.642544281376518711e+02 8.159671266233766573e+02 9.763964956647398594e+02 1.129479011194029908e+03 1.304021888310458962e+03
-3.674260476835829143e-07 8.556636304193589309e-07 6.925603578629031745e+02 7.245001077586206293e+02 7.962232490272373298e+02 9.053826694139194160e+02 1.068230696798493454e+03 1.318535167130919262e+03
-6.719341467100161172e-07 7.570394305418235820e-07 6.891625689338235361e+02 7.230522003745318216e+02 8.048053125000000136e+02 8.830485098627787011e+02 1.059515401785714175e+03 1.205648703041144927e+03
5.424608272439727896e-07 -4.208428783615599966e-07 5.756945715474209919e+02 6.940140437392796002e+02 8.285212813620071302e+02 8.725623298548093771e+02 1.012397834476843855e+03 1.221909869848156177e+03
9.812791594271524116e-09 3.066787030547857285e-06 5.465790589660743990e+02 7.052703999999999951e+02 7.564380173841059332e+02 8.557475845410627926e+02 1.002481311274509835e+03 1.143858450704225334e+03
-9.167260393578873635e-07 -7.141387023456945448e-07 5.989705548679868343e+02 6.504908811475410175e+02 7.297709664536740775e+02 8.293344298245614254e+02 1.007638104838709637e+03 1.132285320538995620e+03
-8.222917692095462613e-07 -1.592167125196213960e-06 6.089119976816074313e+02 6.317776671974522742e+02 7.020201764264264739e+02 7.771166074249605344e+02 9.373157790143085322e+02 1.101213728103579570e+03
-5.198849944843338406e-07 3.488975148995100262e-06 5.106863938053097058e+02 5.986585860366714087e+02 6.756658579192545631e+02 7.542731348637016708e+02 9.312787481804949721e+02 1.086533421450151081e+03
3.603480928627197672e-07 -1.430491236253426623e-06 4.796432432432432620e+02 6.153806288819874908e+02 6.550959201388889142e+02 7.661978390461996469e+02 8.192622688477952124e+02 1.031548375451263382e+03
-2.863510108089505883e-07 -1.162949801615764405e-06 5.402882567264574618e+02 6.006517857142856656e+02 6.701037195994277909e+02 7.203524671052631447e+02 8.817440056417489131e+02 1.027406896551724003e+03
1.780323840815240416e-06 -1.931153068268097617e-06 5.249059959349593782e+02 5.655102370689654663e+02 6.131268939393939945e+02 7.038745713305897880e+02 8.256315476190475238e+02 9.793241832266755864e+02
1.553578661063035589e-07 -1.651865324743513675e-06 4.487038671373555303e+02 5.517654272151899022e+02 6.299732564016172773e+02 6.920062500000000227e+02 8.087291937581275079e+02 9.346129690048940120e+02
-1.049387189590073720e-06 -1.135852086717046682e-06 4.262427007299270372e+02 5.418012719849245968e+02 5.927233467243510177e+02 6.775236568986568955e+02 7.799445652173913004e+02 9.502020981178648071e+02
5.878206716728544166e-07 2.549053301910246151e-07 4.974506454659949668e+02 5.316218866749688914e+02 6.059683670343137010e+02 6.844106457800512544e+02 7.580550873907615141e+02 8.915974642190417399e+02
3.619865733441980052e-06 -1.048249653213868823e-06 4.620090320121951208e+02 5.205658495288574841e+02 5.546269962253194308e+02 6.562084525171625273e+02 7.616366228070176021e+02 8.815046875000000455e+02
1.508712937886064730e-06 -2.201611344744411396e-06 3.890885598141695709e+02 4.923390430351076361e+02 5.528031212029161452e+02 6.075057883939037993e+02 7.415831911262798712e+02 8.405815265162614196e+02
1.165428650839363991e-07 -6.959701417174650566e-07 3.986061855670103000e+02 4.874262440758294019e+02 5.257576049415515627e+02 6.164359231651376376e+02 6.933911625971143167e+02 8.380655475062692403e+02
-1.061778666898568391e-06 7.613749274005918445e-08 4.541825391077636027e+02 4.546660963326446563e+02 5.292804775280899321e+02 5.775784989594172885e+02 6.623212112831857894e+02 8.095553827427644364e+02
-3.329530084991584543e-07 -7.558485190502278457e-07 4.041169141039237047e+02 4.640177610333691973e+02 5.071946138211382618e+02 5.891560457516339966e+02 6.756974973516948921e+02 7.896466440323845291e+02
1.471589363992531267e-06 1.940131889440905868e-06 3.729112662013957902e+02 4.457685966257669179e+02 4.972425133689839640e+02 5.274652672239109279e+02 6.135684833506763880e+02 7.814427016645325921e+02
-1.590533639030828619e-06 1.733076290233049409e-06 3.726653296019900381e+02 4.340713484546360519e+02 4.751215716019417528e+02 5.464003496503496535e+02 6.467175880626223261e+02 7.504690093034951133e+02
7.630748879611217298e-07 -1.546244627588447669e-06 3.960957223865877950e+02 4.241867126937984267e+02 4.731862769080234443e+02 5.231251820388349643e+02 6.259267839444994479e+02 7.414299707958140289e+02
1.843856692473660890e-06 -6.338626489064382363e-07 3.703059523809523625e+02 4.193913466069745368e+02 4.608768467220683078e+02 5.036888248847926093e+02 5.909231036077705994e+02 7.111476350568050293e+02
-3.130224413673988405e-07 5.509531289567435246e-07 3.477943715469613153e+02 4.024891934046345341e+02 4.428230642115203182e+02 5.105143644465291004e+02 5.873325429087624343e+02 7.006174445740957708e+02
6.132665794634903040e-07 -5.443203494956242181e-07 3.342156801007556624e+02 3.950888718070009418e+02 4.284942602040816269e+02 4.883386485280999523e+02 5.646588449646643539e+02 6.748445930880714059e+02
2.707450637952978871e-06 2.007581730362917258e-06 3.679817613636363376e+02 3.904585331526271830e+02 4.265139014466545859e+02 4.778697506561679802e+02 5.511751434245365999e+02 6.526791973171787049e+02
-1.850006907122592174e-06 -1.361135551645085766e-06 3.274468588640275470e+02 3.898233045212766115e+02 4.149484180497925081e+02 4.646591582064297654e+02 5.335302575107295979e+02 6.336398457311918264e+02
-5.763477815547054593e-07 -1.250340091902915229e-07 3.233374589153656302e+02 3.844245759289176476e+02 4.132967823878068998e+02 4.457241556836902987e+02 5.215406327543424823e+02 6.226878251821019603e+02
-7.122608785254832613e-07 9.607252444034998742e-07 3.064967339667458077e+02 3.648535728827361595e+02 3.950885416666666856e+02 4.392356507679870674e+02 5.089856614708233451e+02 6.090578197149167181e+02
1.385410488181593950e-06 3.233853453005927638e-07 3.466693325434438862e+02 3.590683241973375175e+02 3.940171232876712111e+02 4.340084846093133137e+02 4.894677241793434632e+02 6.015733722541064026e+02
9.165512019321212720e-08 4.399838601111994111e-07 2.953065476190475920e+02 3.464884510869565020e+02 3.797798047763457134e+02 4.167684386973180040e+02 5.024245461422087828e+02 5.784465783454060102e+02
-7.527730168211127518e-07 -2.438336811948290053e-07 2.850971548507462785e+02 3.428744877049180673e+02 3.685221851145038272e+02 4.133239926739926773e+02 4.765933538404175920e+02 5.545659463487331777e+02
8.897453203764566997e-07 1.895941979898098500e-07 2.795034793814432987e+02 3.267097141472868316e+02 3.548014240506329315e+02 4.118737680060651769e+02 4.582027978339349943e+02 5.444426920960938787e+02
3.177143878838283592e-07 1.049953779852112232e-06 2.988431992337164615e+02 3.178839833106267179e+02 3.424983320978502661e+02 3.936083390883977700e+02 4.582915762834417706e+02 5.394532095203750259e+02
-5.297130879084521777e-07 1.988479656594288479e-06 2.717505665969316624e+02 3.189273949430199764e+02 3.432705653351387696e+02 3.955964160839160968e+02 4.462247920997921256e+02 5.184869509043927565e+02
-1.169219300354140120e-06 6.559980635322891748e-07 2.680098291307232898e+02 2.991505835588633317e+02 3.438512842465753465e+02 3.750804516584333328e+02 4.383027608401084194e+02 5.229470830531271304e+02
4.596394218323338775e-07 2.489288029952825478e-07 2.581478029294274279e+02 3.048930757776307132e+02 3.360554315476190368e+02 3.600636334196891539e+02 4.097791334661354199e+02 5.086364243943191354e+02
2.352562573945160556e-07 5.403143559767078887e-07 2.813241981907894456e+02 2.908413557628247759e+02 3.221901443922095609e+02 3.652310304837640729e+02 4.177753893306825717e+02 4.810747036549225868e+02
9.079815337836760845e-08 -2.668993553551851385e-07 2.522950015943877418e+02 2.914479890960809598e+02 3.143643784572832942e+02 3.511715724547157720e+02 3.956204738664987417e+02 4.741837335216573024e+02
1.357555781780249835e-06 7.893027255710321769e-07 2.439084545173267315e+02 2.782187500000000000e+02 3.004150427756653698e+02 3.420028584672434704e+02 3.984260235732010074e+02 4.656003523884103288e+02
5.379243480561182472e-07 4.785265244849413190e-08 2.391760416666666629e+02 2.776597870024875760e+02 3.036690785587713890e+02 3.355550031565657036e+02 3.835489713774597362e+02 4.537882316886300487e+02
-1.216004839766304103e-06 3.935252989414618684e-07 2.490622675139491378e+02 2.773304824561403734e+02 2.956824860074626713e+02 3.313684530623926321e+02 3.659421619163128980e+02 4.479075990538143515e+02
-2.545293433311051154e-07 -5.201652741162727825e-07 2.292535370478412915e+02 2.641890877166766245e+02 2.887040130838491905e+02 3.223906434911242513e+02 3.764561326291079695e+02 4.302080376538739870e+02
-1.045208226612784236e-06 -2.622250525352311566e-07 2.316933968926553860e+02 2.552922146054840766e+02 2.743156177494199142e+02 3.161072958309537171e+02 3.654193409742119911e+02 4.374513799971546177e+02
1.207846054417449268e-06 -1.317690789913959607e-06 2.236658149171270793e+02 2.527908492152466238e+02 2.822208842309827901e+02 3.120099582172701957e+02 3.544575471698113347e+02 4.096716449013614465e+02
1.457537181570328994e-07 -1.336709232459108034e-06 2.314209649725274858e+02 2.472058518005540293e+02 2.666832291666666492e+02 3.027462888457269514e+02 3.340242157402311136e+02 4.014934302002224626e+02
1.155048454363729037e-06 -1.029790336022683502e-06 2.193054717498628747e+02 2.379409684439608270e+02 2.707233109850438382e+02 2.932767434210526289e+02 3.431894666666667035e+02 4.028168546113572006e+02
-1.050159335136413490e-06 5.982995406393398097e-07 2.082608272821576634e+02 2.426236920777279522e+02 2.652047648178357804e+02 2.852021843367074894e+02 3.266052494802494834e+02 3.822146802703404660e+02
-2.603945095643673216e-07 7.744817830007962572e-07 2.087198051142005966e+02 2.370692942130881704e+02 2.594719033804238393e+02 2.865494845360825025e+02 3.203460247805885501e+02 3.751019736842105203e+02
-5.977954125684421162e-07 1.062096883499697965e-06 2.149997004792332405e+02 2.333151421282798594e+02 2.475710970188284250e+02 2.776508084577114346e+02 3.153330587937151677e+02 3.746114457831325240e+02
-1.047383422243916185e-06 5.711367046491866699e-07 1.997616180048661931e+02 2.346467803030303116e+02 2.381214471814305966e+02 2.768646598139990260e+02 3.019522405660377444e+02 3.634023288681331678e+02
-1.798686010172408951e-07 -5.882162008258846939e-07 1.965744348244348316e+02 2.257436004784688919e+02 2.323375984251968589e+02 2.662367676021664238e+02 2.976442916260954235e+02 3.536027986430821670e+02
9.298519747608315082e-07 -5.916615251333135281e-07 1.911493334119867882e+02 2.130116067230841566e+02 2.352572446555819567e+02 2.571631435994331696e+02 2.946501777251185104e+02 3.352740159325210811e+02
1.261764344074748724e-06 -2.625201732615770518e-07 1.931289337717238368e+02 2.139644879660217214e+02 2.282282024310425470e+02 2.539047481515711695e+02 2.846719486333647637e+02 3.322970466627288602e+02
1.162375829145278850e-07 1.080663714843117105e-09 1.872578268876611389e+02 2.091148141735918671e+02 2.180199055330634224e+02 2.524958797585886714e+02 2.831462831758884704e+02 3.316960716747071274e+02
-7.390387737603737227e-07 7.154802217989967619e-07 1.784761327772768311e+02 2.090240278391515858e+02 2.199194245848708533e+02 2.493133048401421092e+02 2.721383038949275601e+02 3.231355387736699640e+02
1.559794936190791079e-07 -1.107223526636423304e-07 1.814840450802364842e+02 2.004094605204127220e+02 2.145672703751617121e+02 2.392126168224299079e+02 2.705725736568457478e+02 3.214022809320642864e+02
-1.347821479832956027e-06 -3.249546534101118057e-07 1.729731127785356932e+02 1.965325320512820610e+02 2.095463960462016644e+02 2.329192585019371506e+02 2.664863142730496293e+02 3.059396317618944181e+02
-2.378692302915037000e-07 -3.625534343743066024e-07 1.746278060144006758e+02 1.985136912462268413e+02 2.071203310478919377e+02 2.289854957805907247e+02 2.556995669623996434e+02 3.000058436039099092e+02
-4.372621341316797928e-07 4.231972085614226103e-07 1.708498238707003622e+02 1.998179257957833670e+02 2.071795634920634939e+02 2.253773148148148096e+02 2.562989369501466399e+02 2.948225646123260617e+02
3.194313760891848509e-07 -7.990578821946291159e-07 1.675723837799431521e+02 1.868867045912203082e+02 1.987560617003714469e+02 2.172066767068273236e+02 2.474212210483543117e+02 2.807510075566750629e+02
6.156931000016995171e-07 -1.641779020730422629e-07 1.660857798627925774e+02 1.821724593495935096e+02 1.958147339357429928e+02 2.187492325010233287e+02 2.397184593610998604e+02 2.792360322449807768e+02
-8.462537072834155280e-08 5.643614691672176851e-07 1.620391411598872367e+02 1.816232506997201028e+02 1.927911349574632709e+02 2.138711884284597318e+02 2.371271211523283284e+02 2.715056525188417140e+02
1.199822970369967719e-07 -5.620689596980810774e-07 1.590407441278398153e+02 1.801337556947608221e+02 1.886561627791068645e+02 2.046236329623944812e+02 2.338640999613302540e+02 2.699242203439230252e+02
-1.078685868069265404e-06 -2.039452393728708493e-07 1.519564867598381852e+02 1.728905089878859087e+02 1.860224550898203688e+02 2.025020066562255181e+02 2.279840193474962007e+02 2.631986255924170450e+02
4.050879650979547673e-07 6.847186099498644307e-08 1.567218639228042605e+02 1.674234443231441105e+02 1.796842192848991999e+02 2.023516839378238217e+02 2.242846357115892602e+02 2.641802656546489629e+02
8.638411301619081320e-07 -3.552447070479607243e-07 1.554413962814436729e+02 1.632447338184603609e+02 1.828955309139784902e+02 1.974273717238833399e+02 2.182634259259259011e+02 2.514188284902374164e+02
-2.472138303461708493e-07 4.975765940833591781e-07 1.504305231514716468e+02 1.643794947094691565e+02 1.768798121955788645e+02 1.951708484573502460e+02 2.127339994537509256e+02 2.468712548948183212e+02
-6.972800546921557703e-07 -6.096107957314039926e-07 1.439839167560801059e+02 1.628728862584549688e+02 1.674119721433640962e+02 1.876553348214285677e+02 2.079039867998572788e+02 2.425422120997700119e+02
-2.025923285925693380e-07 1.517895266021552845e-07 1.417956890521161313e+02 1.588007132915796831e+02 1.738265274859944043e+02 1.821228835978836003e+02 2.025243079887876547e+02 2.376342739099859500e+02
-4.071815453603023684e-07 6.163261514397943570e-07 1.400875479595395916e+02 1.558321554770317903e+02 1.647337317114664756e+02 1.791700917119565304e+02 2.008037991040661723e+02 2.346972953025961601e+02
-3.279736826502091789e-07 -6.833145844525303177e-08 1.399918385612001259e+02 1.551232484338938491e+02 1.606603327495621727e+02 1.726611368312757122e+02 1.999774369747899243e+02 2.309148264984227126e+02
-4.591759678296798307e-07 -6.043741679428408237e-07 1.349602939993565087e+02 1.505638466142270886e+02 1.601522259163152739e+02 1.762554520387700450e+02 1.923530803719694688e+02 2.239421159757414443e+02
1.628143847638480729e-07 8.570926610798554854e-07 1.306137618966689331e+02 1.488766542348411974e+02 1.594648503019121222e+02 1.670526051899148854e+02 1.927286211468345982e+02 2.202957752222494321e+02
-1.383486510538508093e-08 2.664861406997071565e-07 1.328677946891191652e+02 1.436574736755511594e+02 1.542292914564943374e+02 1.634278149162371108e+02 1.848249036608863207e+02 2.116434492519207424e+02
2.720782284568652884e-07 -2.720110565210345605e-07 1.341047630407124700e+02 1.423211955651617018e+02 1.518974487704917919e+02 1.650075103867050075e+02 1.872416503747148795e+02 2.130331771584174305e+02
2.979684568308143093e-08 2.152499747151164167e-07 1.268268633540372718e+02 1.397419659371146849e+02 1.477273410984264217e+02 1.573337690114068437e+02 1.814244454713493724e+02 2.054450498132004839e+02
8.185992319964083997e-08 -7.069250104825938937e-07 1.252587069500465304e+02 1.400540635765737534e+02 1.468234210117939256e+02 1.567284317484662779e+02 1.748181853704282389e+02 2.027777562262394326e+02
8.771359477147548756e-08 -4.732605458873255723e-07 1.243928052325581319e+02 1.366654801575280089e+02 1.423196193045563405e+02 1.582332284718010840e+02 1.721654157910537322e+02 1.987588730471712495e+02
-2.569251473624434426e-08 3.228366594607578138e-07 1.211832098719475965e+02 1.332572993372606618e+02 1.380160626346568051e+02 1.522936324275903246e+02 1.634802404854659983e+02 1.927543361244019025e+02
-2.981200041094219263e-07 -2.497844782889124517e-07 1.178801261829652987e+02 1.303376199760047882e+02 1.379881681713958130e+02 1.488083029332936462e+02 1.645613682827102764e+02 1.872250980537260432e+02
5.147091374906144275e-07 -2.700407392107317739e-07 1.181467848557692406e+02 1.290502371177803127e+02 1.323446218795888285e+02 1.461719427972230108e+02 1.619859779133972779e+02 1.871250270153446991e+02
1.997893506104579311e-07 -1.826250266658681616e-07 1.176438356164383521e+02 1.253030931586608574e+02 1.313380920683856345e+02 1.402572047879808963e+02 1.569922387953183147e+02 1.807674360618365483e+02
-6.108125440748084065e-08 -4.273197647919224245e-07 1.129302548882681521e+02 1.245316704035874409e+02 1.289200940281366741e+02 1.391385924430342982e+02 1.537125070942111336e+02 1.739284606163176079e+02
2.395737976589753043e-07 -7.130653233656923864e-07 1.062098387320044282e+02 1.230535120532003361e+02 1.282736651319406462e+02 1.349228092430060428e+02 1.531764624341558090e+02 1.711944694712038313e+02
-1.199909231373591418e-07 3.306618730288625839e-07 1.090199714207947892e+02 1.205462421319102333e+02 1.235766655219780148e+02 1.343349794238683330e+02 1.470963384530992926e+02 1.686065423105725642e+02
6.304917504512189228e-08 4.418808956721654844e-07 1.076734051958650724e+02 1.178555460164835154e+02 1.247966740353697759e+02 1.297790268456375600e+02 1.424822147651006503e+02 1.647682773821634612e+02
5.081052955071256076e-07 6.629203030247199123e-07 1.078018475366178421e+02 1.174584490441746283e+02 1.197820400753092969e+02 1.272810846560846585e+02 1.429284108937070243e+02 1.624311382221926578e+02
2.449985502349775981e-07 -5.363692191973228007e-08 1.002876395230847208e+02 1.139708018103215323e+02 1.183194249872643979e+02 1.260501786677453993e+02 1.412444112295295042e+02 1.588278943916038202e+02
2.442596033747159813e-08 -3.676346917275605782e-07 1.025434420772303525e+02 1.111219266141141162e+02 1.167998054603007176e+02 1.257147536359077264e+02 1.388165537900494826e+02 1.552549643339116869e+02
-2.797503122348345051e-07 2.914763562103246632e-07 1.005696877380045748e+02 1.096640645244882108e+02 1.146495953464845741e+02 1.222241547985629921e+02 1.341358006912442420e+02 1.511114597198453282e+02
2.038231071686266731e-08 8.214048622558595280e-08 9.897334374999999795e+01 1.075132547636723501e+02 1.087574787004069208e+02 1.195842514479979712e+02 1.358269085886489336e+02 1.495114371897191177e+02
-1.411498535457981165e-08 -2.090521797742179177e-07 9.275244917952485935e+01 1.092393613726461865e+02 1.097180019540791420e+02 1.163930074408392272e+02 1.339202925270403171e+02 1.460787626962142269e+02
2.248009511134674318e-07 1.927395476531346535e-07 9.756170068863747247e+01 1.036833435582822176e+02 1.069808022571148172e+02 1.181526376432486245e+02 1.280700604838709751e+02 1.452709185854760960e+02
4.495905487211798593e-07 3.669202847714826679e-07 9.567887487905176158e+01 1.053987973233662956e+02 1.070580399619410201e+02 1.134321103061462992e+02 1.247062545300797183e+02 1.409956418858203904e+02
4.682245323196850791e-07 -2.418642189380764666e-07 9.352412825059101920e+01 1.029643033884489967e+02 1.047427055702917755e+02 1.088681289006241002e+02 1.219491035621608859e+02 1.414662210444828361e+02
-2.929976991838420501e-07 -6.512994644161276762e-08 8.756931792302437145e+01 1.005798060758885697e+02 1.011261884306987326e+02 1.091387290486307933e+02 1.179708023903457956e+02 1.368953840277369807e+02
4.822831158789661672e-07 -2.976943512516969204e-07 8.973808319447751103e+01 9.652219500453104217e+01 9.988968985626766539e+01 1.081575005684401987e+02 1.182056945416375129e+02 1.331548409445182131e+02
-7.034805073042573147e-08 -6.868940350441249416e-08 9.083480013627072935e+01 9.679233084862386249e+01 9.774362416107382501e+01 1.062666923692026586e+02 1.163011759830818477e+02 1.311847428024113924e+02
-3.109556835340423984e-07 -2.500914175667472997e-07 8.864047391499887851e+01 9.707813561721404483e+01 9.738771404109589014e+01 1.023937794745115752e+02 1.142820525568181864e+02 1.277529854547512684e+02
-5.091887063992681834e-07 -3.470357882370138840e-07 8.341445303897819485e+01 9.483466058875218607e+01 9.633682469680265115e+01 1.035968784994400949e+02 1.115360756709195016e+02 1.252896087412394479e+02
-1.081615752227428839e-07 -3.576932734117864800e-07 8.596070721513419244e+01 9.323325127240541121e+01 9.580995720320142084e+01 9.946924732940919966e+01 1.100731028016765833e+02 1.224670736423401962e+02
3.242059135177367793e-07 -6.521526938308331258e-07 8.556905220078057539e+01 9.079268689057421682e+01 9.317141010761763198e+01 1.004309345340811035e+02 1.074367506957824929e+02 1.190978359969966789e+02
1.029753237509620346e-07 3.573636058717966101e-07 8.235538585209002349e+01 8.899392561333613116e+01 9.212737668405041802e+01 9.800117899249731579e+01 1.053913744404178203e+02 1.158053800856530984e+02
-1.469151353009293680e-07 -1.498308196924602790e-07 7.747976481368357327e+01 8.554014360313315990e+01 8.814293478260869108e+01 9.435118921775898571e+01 1.021186082528349459e+02 1.157998154495122662e+02
3.030612800914070308e-07 -1.617783343273528513e-07 8.120307135193132808e+01 8.529270202020201452e+01 8.890667390843577778e+01 9.356302591938499802e+01 9.995979535974973373e+01 1.117973064676097437e+02
2.924112082783899219e-07 5.727500821434571493e-08 7.988834574798261201e+01 8.252489440337909343e+01 8.434452730030334067e+01 9.212291369835131150e+01 9.975401107759516606e+01 1.111553601554112731e+02
-1.113820129755846140e-06 -1.087167614453786454e-07 7.661546335130816487e+01 8.239723903552292938e+01 8.392376121533442301e+01 8.815519274143940720e+01 9.736452043075684060e+01 1.076833316529717166e+02
-6.420708976406202853e-07 -2.244900465182823165e-08 7.317834030266826062e+01 8.282259199678263428e+01 8.277882202369002584e+01 8.648188962713209094e+01 9.592846430713856876e+01 1.060428031630048480e+02
-1.316393038384544017e-07 -3.030783923900431361e-07 7.631197510497899827e+01 7.808713978015448731e+01 8.278009075580241927e+01 8.774731343283582419e+01 9.290689267352185254e+01 1.066661205602801488e+02
-1.865644580685940475e-07 2.711733532668706331e-08 7.535252857003320059e+01 7.860825717374214605e+01 7.916320177543187242e+01 8.420615717217118856e+01 9.185113747553816665e+01 1.021683752417795006e+02
-3.230384941308705369e-08 -1.606154139791801209e-07 6.857100459381044288e+01 7.799082242458736403e+01 7.960536764705882717e+01 8.273119763899467216e+01 9.072927904064728466e+01 9.912984575649319652e+01
-2.243686793411899426e-07 -4.309174032639091548e-07 6.805680133432171885e+01 7.569684278350514717e+01 7.844563942578345461e+01 8.152365294347741553e+01 8.898379173700993761e+01 9.992112931734581593e+01
2.334490692120347471e-09 -2.322056501380128841e-07 7.406439576893353660e+01 7.607967337147074716e+01 7.515482818772701989e+01 7.934382485719550004e+01 8.577211337264600388e+01 9.757942144873000245e+01
2.534376635311109573e-07 -1.538610722850558626e-07 7.004413136779250237e+01 7.387135642305518957e+01 7.526695612431444715e+01 7.886292785860847232e+01 8.691084575955265734e+01 9.441407805194204172e+01
-1.614871745714576513e-07 -3.376078703825170279e-07 6.699541415387426468e+01 7.191154816513761716e+01 7.256554424614240872e+01 7.858214848091886040e+01 8.386432363804246393e+01 9.408622172776070158e+01
-2.388572305718914665e-07 -2.939333781429714757e-08 6.565660575533068766e+01 7.167773437500000000e+01 7.343816477272726218e+01 7.718214897260273233e+01 8.116014709857631715e+01 9.146669417190396700e+01
-5.832162853912037558e-08 1.138208227155818513e-07 6.581856125292108572e+01 6.908022973095800978e+01 7.137605042016807033e+01 7.495209321415541126e+01 8.120056306306305771e+01 9.201134153512144565e+01
4.474226519701276929e-07 4.047226761057932568e-07 6.617590114204139695e+01 6.997166978109983404e+01 7.059330631025416380e+01 7.369448956167705944e+01 7.924532772364925393e+01 8.820980837394772323e+01
4.715057547220926970e-07 -5.492118219708109908e-08 6.228522487702038291e+01 6.785802958833617993e+01 6.840382725973562117e+01 7.252703045126035875e+01 7.875962464961456533e+01 8.665759237498367895e+01
5.604207570262910338e-08 2.204508699846004891e-07 6.211480074903214899e+01 6.675134077721118331e+01 6.684957139201638654e+01 7.032476778829303043e+01 7.641217054595242075e+01 8.310769824698768105e+01
5.062401081688303227e-07 5.773322484823857638e-08 6.367914256922538385e+01 6.552261110172355529e+01 6.620540651460169101e+01 7.066542939092289544e+01 7.518260164359861619e+01 8.462678081016134968e+01
-7.589619409040169144e-08 -2.785448045806629237e-08 6.089183100986059571e+01 6.449749806301653621e+01 6.391790624999999437e+01 6.889954405999658604e+01 7.326691761123329627e+01 8.286560217822618313e+01
-3.336753646230975252e-07 1.287546877894521893e-09 5.898459003482009422e+01 6.303399538486896603e+01 6.516576318027210846e+01 6.656756587725149643e+01 7.149916219839141718e+01 8.057212077776392789e+01
-1.072823786875390277e-07 -3.046402087936443219e-07 5.917368204283360456e+01 6.188571014252568148e+01 6.453987880773009067e+01 6.706407754898705775e+01 7.144112333716537933e+01 7.872540553336901326e+01
1.521415351825305650e-07 7.518850141327436521e-08 6.040963129940711696e+01 6.255138684038020358e+01 6.141315724410746668e+01 6.564930441898528102e+01 6.951087090669739155e+01 7.808349114862082274e+01
-1.216491945096871159e-07 2.303908459208293776e-07 5.697137116514360144e+01 6.124701669414674399e+01 6.017330276705276759e+01 6.280842981186685847e+01 6.946747728379035891e+01 7.682933151709836750e+01
2.826652152904414923e-07 -1.916213445389690194e-07 5.636740836128414145e+01 5.944298986486486314e+01 6.059688060858215408e+01 6.264427870697973333e+01 6.718243698478123349e+01 7.446739130434782794e+01
-1.522827125991062468e-07 3.425838298586956454e-07 5.471650408698334189e+01 5.923357443025698643e+01 5.842016352977476146e+01 6.103983668939274310e+01 6.554405576529809707e+01 7.289941417807408186e+01
3.263132693541630320e-08 -7.610468142896533047e-08 5.635506104372805680e+01 5.767149181264279889e+01 5.624399857391855306e+01 5.989322590738423457e+01 6.502380112834978831e+01 7.270585659231578290e+01
-2.565111233291678122e-07 4.497159450558795981e-07 5.445880880298090432e+01 5.735447716822578457e+01 5.695288498463902016e+01 5.885786675845189109e+01 6.455365234375000227e+01 7.094624800684478316e+01
3.558048438058871191e-08 4.288730769504126329e-08 5.182904718555605683e+01 5.490170944209253179e+01 5.568694006796416573e+01 5.760228756914565906e+01 6.367213466229608088e+01 7.008327627524820969e+01
-1.908795438901456099e-07 1.337494194377399038e-07 5.216155624906000554e+01 5.619612715678920267e+01 5.664704153605015335e+01 5.702578030532043130e+01 6.141675723279868748e+01 6.848137159167731625e+01
-3.111223302516236614e-07 1.456785162695167864e-07 5.304896878275191341e+01 5.414232963130854870e+01 5.545650325068037745e+01 5.701997071769621073e+01 6.141955108827085752e+01 6.661058414725771115e+01
5.113320247485924690e-08 -1.002969229973269890e-07 5.111160981448234253e+01 5.342636147796409318e+01 5.414726027397260566e+01 5.654110008916629226e+01 5.914011089894241735e+01 6.633396967787373910e+01
-2.593385035679215232e-07 3.561848713753838708e-07 4.946052919708029805e+01 5.263702837086867703e+01 5.225874907270029723e+01 5.495944071261681785e+01 5.774925040222319694e+01 6.463863753166182846e+01
8.997366974447305407e-10 1.182716645092664635e-07 4.798508382642997816e+01 5.216303044615607831e+01 5.151585999574346886e+01 5.365002557357884427e+01 5.683050725678977244e+01 6.280571975277588592e+01
1.152650998658379872e-07 1.785433719079967757e-08 4.788516282676118863e+01 5.040275405636208461e+01 5.072951134699853526e+01 5.194986785156804387e+01 5.658000799534816139e+01 6.203178477501171528e+01
-1.747212164930879840e-07 1.530430326199285509e-07 4.739692904734901902e+01 5.059111134842660107e+01 5.088817367381489731e+01 5.145328193521007876e+01 5.507511516654854233e+01 6.141343259799582199e+01
-9.719974961901411265e-08 1.060360260229744972e-07 4.422349860335194904e+01 4.979417831063053512e+01 4.999949667985306689e+01 5.040737019914651995e+01 5.417401797017864595e+01 6.094015058119056505e+01
-5.602865257937959509e-08 2.395240822903470978e-09 4.849734116022099784e+01 4.877435199227905116e+01 4.930655251611133849e+01 4.979020061728395063e+01 5.242656055578597574e+01 5.797261740925511475e+01
-3.595528319606659237e-07 1.406595448198356760e-07 4.523132685134014963e+01 4.818003215322915622e+01 4.674380560189046463e+01 4.800635084851856504e+01 5.331645919778699749e+01 5.776348056170447620e+01
1.889406523666156250e-08 -3.011850971337285703e-07 4.242443158576492834e+01 4.757001305124330059e+01 4.712166020889488038e+01 4.863538303739574786e+01 5.131744738628648861e+01 5.690729042679816985e+01
-2.699672642733612518e-07 2.889616932474834016e-07 4.415686224834481521e+01 4.680432149966821243e+01 4.682573489384866861e+01 4.811375269396551602e+01 5.120026710119607571e+01 5.517750650052342110e+01
8.855573390438411867e-08 4.838146188413819790e-08 4.124268625666363164e+01 4.583780265115649399e+01 4.653201797385621319e+01 4.725064212328766899e+01 5.003970646700238234e+01 5.460271070350592026e+01
-9.670626021158635135e-08 1.992207204587511097e-07 4.257838163031771472e+01 4.500892167589136506e+01 4.431773428032852991e+01 4.600824059612131123e+01 4.888645916070955622e+01 5.382120842535518079e+01
-1.772921675265501376e-07 5.731399658975943964e-08 4.263418781061992746e+01 4.424572170127260051e+01 4.393793991347023109e+01 4.543881330372530414e+01 4.725804227941176094e+01 5.280549241185320852e+01
-8.313571347886793461e-08 -3.040212237303306880e-07 4.342564280190746473e+01 4.483165788797533224e+01 4.346518885008407551e+01 4.399011848189056906e+01 4.691857309034509882e+01 5.340045936853002218e+01
1.175723385901032481e-07 3.623926871263314145e-08 4.239119296517539226e+01 4.156404537343869521e+01 4.228635081420695485e+01 4.392844614941055426e+01 4.592831094049904550e+01 5.204850994953822152e+01
-1.714573135974985979e-07 3.724800784493987441e-09 4.246581707472583389e+01 4.067211587060904066e+01 4.205078672442348875e+01 4.256223050095117344e+01 4.604571546365596646e+01 5.108564071589789535e+01
-2.654165735859768236e-07 3.748681632170010013e-08 4.099783259773013810e+01 4.184608533882204284e+01 4.113687181241447632e+01 4.181668013426155994e+01 4.467499529603612274e+01 4.919192570009743548e+01
-3.097498560797558660e-07 3.241758981587268584e-07 3.982236026769115966e+01 3.745104333251322259e+01 4.069301861702127354e+01 4.152158371961914440e+01 4.354932340583291506e+01 4.877057757785899383e+01
-1.052947638184921901e-07 -2.591001880694487386e-08 3.925966154584733658e+01 4.003609893696381761e+01 3.930368715929739665e+01 4.078994551834523463e+01 4.342954074164430267e+01 4.758445055618545894e+01
2.205077560240418191e-08 1.296331657005518304e-07 4.114361319574734210e+01 3.810479949573778669e+01 3.832616529389741800e+01 3.944309633584081354e+01 4.290986363075404597e+01 4.701763556461177984e+01
-7.172287008636348394e-08 -1.448022570722177985e-07 4.029679442978774517e+01 4.088122412953494234e+01 3.869702928007540521e+01 3.937005120987063123e+01 4.135959845571445470e+01 4.761660464557949268e+01
-9.252000277293927416e-08 1.397074313718928297e-07 3.682397170708511425e+01 3.981399378585086168e+01 3.766579546825971647e+01 3.832185282088295253e+01 4.036635829244944773e+01 4.677857848419539977e+01
-1.600730780665065374e-07 2.242944173869967412e-07 3.585447376179245538e+01 3.754474982381959336e+01 3.657990828804347672e+01 3.765792693713881789e+01 4.044904402218812578e+01 4.524811583729093201e+01
-2.980285978172843779e-07 1.323626776357412387e-07 3.829975610115538842e+01 3.796012892970681918e+01 3.682874423281675291e+01 3.675497499707568494e+01 3.982017376220157701e+01 4.379459649740385174e+01
8.763680848716276505e-08 1.346827840899003015e-08 3.594824947527985159e+01 3.738671285000580724e+01 3.469727701543739329e+01 3.688260431276297169e+01 3.953147778549114832e+01 4.319446983546617957e+01
-4.723593084957937093e-08 -2.457294341916599207e-07 3.581585386918470704e+01 3.500167047401485121e+01 3.360940589021979008e+01 3.637914958432980228e+01 3.836394484618916323e+01 4.258871421969325155e+01
-1.474026095548840286e-07 1.610682975309759326e-07 3.689716945711425211e+01 3.633478329870729340e+01 3.479717094137541977e+01 3.494377814340145250e+01 3.723783580820675354e+01 4.270142286250640495e+01
2.000591097567031865e-07 -2.468844381121798686e-08 3.540243937644341798e+01 3.579026269119928827e+01 3.490836134091692600e+01 3.485355083417310595e+01 3.748234835600906933e+01 4.163161044154088586e+01
2.228251722716869564e-07 -3.777485437553070610e-08 3.350699320182770435e+01 3.570206050163823619e+01 3.304381415156147739e+01 3.505083805083805260e+01 3.646567147489656691e+01 4.064439900970819508e+01
3.301297259903987401e-07 -1.738900490886360651e-07 3.403019558385709331e+01 3.440842257001647653e+01 3.371705231388330049e+01 3.293981093610366173e+01 3.596070133429299176e+01 4.053606896169102924e+01
1.258520827509045518e-08 -1.472982914849572492e-07 3.287628087769154916e+01 3.456407786432438201e+01 3.327718794637952016e+01 3.308820236156351768e+01 3.516279628003950819e+01 3.993722765765025429e+01
1.206044306888937329e-07 1.263758932664778111e-07 3.358679268425643016e+01 3.291094426406926488e+01 3.296098423056008642e+01 3.246829447062692253e+01 3.465846807065217661e+01 3.883422577842929257e+01
-1.887598049158985866e-07 -2.894814679640924207e-07 3.194553542367364685e+01 3.097681242493722209e+01 3.249786992521367779e+01 3.183369137487953893e+01 3.398710971261884595e+01 3.795497707040733815e+01
-2.924454645291416392e-08 -3.246329146408378094e-08 3.334735041374920428e+01 2.955950346932387518e+01 3.147405266278568448e+01 3.089964498457610631e+01 3.412483425267847537e+01 3.844406468601218307e+01
8.637277558922244858e-08 -6.281429377756150186e-08 3.183022939346811597e+01 3.213903006055363676e+01 3.069915599075921264e+01 3.176998121309715373e+01 3.325506810054690732e+01 3.804939762233308187e+01
1.174636094861521480e-07 1.406022371513020180e-07 3.378261804883295838e+01 3.095124871266735411e+01 3.015549006132374643e+01 3.096328811369508927e+01 3.287628519455868314e+01 3.692788549838638090e+01
8.536703822633590370e-08 1.335994118745013913e-07 2.933787831835554272e+01 3.278547580391745697e+01 2.772972921141454705e+01 2.949362178485889885e+01 3.174451600767953607e+01 3.671302712206220775e+01
1.270059246651108717e-07 9.247077046237844530e-08 3.150028778266653262e+01 3.222161127611634868e+01 2.902506771538702068e+01 2.952944636946627810e+01 3.156536402018329568e+01 3.562678814495210133e+01
-7.360178571692167258e-08 9.890363487726840295e-08 2.801949024054632531e+01 3.109822288393309719e+01 2.952958800305654563e+01 2.883052495957962691e+01 3.059687246141348282e+01 3.556888299900846562e+01
-2.073534319023031100e-07 -4.050669586366324678e-08 2.969269151190956535e+01 2.898264101192296138e+01 2.921722676354828963e+01 2.833957127627170181e+01 3.092718157387688649e+01 3.506964457861890594e+01
1.465237936528902818e-07 1.260558887528566657e-07 2.761498385306287418e+01 2.645223330496595793e+01 2.810709144162033368e+01 2.803694461122785953e+01 2.976048115327009214e+01 3.451227078277837279e+01
-4.662984734652456902e-08 -1.106575287650243447e-08 2.802465402230187053e+01 2.901439468503937036e+01 2.655592535735856785e+01 2.820624126572170098e+01 2.995456349206349245e+01 3.396580326685092643e+01
-1.915409969902885258e-07 8.927083774766548407e-08 2.855906938538847939e+01 2.854286034019695606e+01 2.650853072517231368e+01 2.741196481299212451e+01 2.963461538461538680e+01 3.356985185367777547e+01
-9.948269074697984913e-09 -1.964679150039728414e-07 2.865794027888050621e+01 2.906142356071601540e+01 2.661470841535432896e+01 2.663637468403655362e+01 2.865819297342355654e+01 3.308297653028861163e+01
1.345022634601999850e-07 4.931127406802356027e-08 2.735755329176334172e+01 2.820234860248447006e+01 2.655221080305927472e+01 2.623738102105566838e+01 2.831714429027267244e+01 3.272152779451097615e+01
1.440736338198589548e-07 2.024240544440068001e-08 2.830056850754825248e+01 2.606629821035505756e+01 2.517407673219151221e+01 2.669012123987658924e+01 2.721787005785920854e+01 3.175015569235191393e+01
8.462931882126712989e-08 -1.288240640843507800e-08 2.682698839513161815e+01 2.564326148744670775e+01 2.687689483377408450e+01 2.574245812714122650e+01 2.717076822916666501e+01 3.128473338850792018e+01
-1.080070090482701066e-07 1.855465071442482539e-07 2.620724789418890666e+01 2.647938150425733284e+01 2.412995336964723592e+01 2.552768452436848534e+01 2.641599202228096743e+01 3.168858200118413038e+01
-2.130084480997609278e-07 -2.152098768979218459e-07 2.773056545386346627e+01 2.753812640633789499e+01 2.408753749423165402e+01 2.473333645384759549e+01 2.581860335713623300e+01 3.070135092514718167e+01
-1.038608506863667894e-07 -1.924488378242668152e-07 2.664842085147780892e+01 2.580445158329508715e+01 2.350867042674320118e+01 2.435143698060941730e+01 2.628241169926763732e+01 3.005190238189113572e+01
-1.964352646741894454e-07 -4.841230925813147706e-08 2.664971324060693547e+01 2.546361065764925513e+01 2.327183702502947327e+01 2.377636483259135503e+01 2.531558263876167558e+01 2.983962042574643192e+01
-9.023491122776068279e-08 1.148570926795560546e-07 2.555248352821083913e+01 2.482968945907218128e+01 2.378398477040581582e+01 2.319647777577016967e+01 2.495629274965800093e+01 2.969732181622905998e+01
-6.569295177435876342e-08 2.932350015793876042e-08 2.525174410728799756e+01 2.525636313516493558e+01 2.167829999775644012e+01 2.325093434798270664e+01 2.450797739264919883e+01 2.996503752620072447e+01
-8.350967186796001691e-08 2.001540347833761426e-07 2.345121034221548939e+01 2.356183781806897670e+01 2.293069051825677107e+01 2.334725154363025368e+01 2.464973748432742084e+01 2.910878856797150149e+01
1.865168028341817352e-07 -4.903712820611620204e-08 2.548204810851611768e+01 2.470827066006016537e+01 2.358098331570131378e+01 2.281300668273444288e+01 2.421656468531468320e+01 2.864017916390179153e+01
-1.776143563310084709e-07 1.346766838484261878e-08 2.321218031957038619e+01 2.314009589947090006e+01 2.232212152930806681e+01 2.233821412754650382e+01 2.353477555614406924e+01 2.813481882295719672e+01
4.121702148945596479e-08 -3.005736589170338466e-07 2.467037249127399789e+01 2.197233692300916275e+01 2.255541511153545642e+01 2.171007969944405858e+01 2.302452145286474305e+01 2.854883114479214257e+01
-2.097077644177793756e-09 7.296275430763568011e-09 2.294995650282731603e+01 2.403242487212276046e+01 2.086900237334850061e+01 2.161787727409898352e+01 2.294667304697638244e+01 2.858856817935665617e+01
1.346858234093318537e-08 1.101648652477553048e-07 2.211875263047138063e+01 2.082077614379084807e+01 1.975607323285702321e+01 2.126219909620231263e+01 2.242379526432658920e+01 2.737008958230642364e+01
-5.645597055636842628e-08 6.304352681313031428e-08 2.369233158326851907e+01 2.201702350965575050e+01 2.097497035360068907e+01 2.124457750607151851e+01 2.204254235299138287e+01 2.737375332978156450e+01
1.207885259050829553e-07 -4.979843637498327277e-08 2.257765836382200320e+01 2.180725119545726187e+01 2.072764128473096790e+01 2.060082924488054701e+01 2.210101297669491771e+01 2.698898795027636055e+01
-2.491428306235380582e-08 1.006728962968930129e-07 2.363497124281069972e+01 2.258607073846929580e+01 2.098257946210269154e+01 1.980206673097894665e+01 2.142324113460242785e+01 2.659323629062617655e+01
-6.421289848203420263e-08 2.216034674965790500e-07 2.108208038522012728e+01 2.265264126501069342e+01 2.000752621184548019e+01 1.875333592132504990e+01 2.102989618609069211e+01 2.626709057071960274e+01
-8.163139894160580306e-08 -8.972193934873678338e-08 2.353384770471464194e+01 2.302206772093799714e+01 1.946162267080745067e+01 2.031693687245871871e+01 2.159451162646107747e+01 2.655042191031036936e+01
-3.105533355913078895e-07 -5.381035806466531263e-08 2.314327873918417922e+01 2.274022412237532720e+01 1.745438851489187826e+01 1.944539500406173715e+01 2.078927703089244972e+01 2.652710225758166018e+01
8.735978934372921088e-08 1.780808577252908893e-07 2.246109719641270175e+01 2.130645808263136587e+01 2.054603330068560041e+01 1.807377153764494437e+01 2.078187034111165232e+01 2.630040130766583317e+01
-1.908973357002891905e-07 2.038235411920328927e-07 2.088654292688735481e+01 2.130302126661773343e+01 1.785188172043010724e+01 1.941404238413260686e+01 1.995462925851703417e+01 2.589337308708187990e+01
1.270337853633620057e-07 -1.790333169298161446e-07 2.142226298542701102e+01 2.151717865009440089e+01 2.009835904018759578e+01 1.797828507795100350e+01 1.969989866893514829e+01 2.516842157842157945e+01
6.545414729505187238e-08 -2.850914088821741863e-08 2.106985148318527834e+01 1.954042012740908163e+01 1.733070273778616865e+01 1.931384952766531882e+01 2.010614288561179563e+01 2.570134791505254412e+01
-2.378750929272800881e-08 -1.633756058046433850e-07 2.232418550402123714e+01 1.906805178432893655e+01 1.833718323874832379e+01 1.828095036938069740e+01 1.990394521447615972e+01 2.477282234732973620e+01
1.026040972393426303e-08 -9.113928612381529076e-08 1.963374309499727843e+01 2.053607681956470898e+01 1.844216356248541899e+01 1.747170115796885881e+01 1.930687422033369671e+01 2.534705982324949147e+01
