nan nan nan nan nan nan nan 0.000000000000000000e+00
4.431333772147993955e-12 nan nan nan 1.582846353986866461e-11 8.659612957262474708e-12 nan 1.948691902287080779e-11
3.136832113503906944e-12 nan nan 6.745240361631191615e-12 nan 9.174275054923963779e-12 1.020761860454078018e-11 8.490187719534247890e-12
1.293519653368380151e-12 nan 9.549789200165765487e-12 nan 7.691396131104255574e-12 1.183708426416574255e-11 1.387284962831950891e-11 6.333540462921671832e-12
3.493933441178764809e-12 9.795717477908045475e-12 nan 5.690922559586919505e-12 nan 8.954381796229721964e-12 1.255681901050446397e-11 1.208208106212155756e-11
3.686040740312858303e-12 9.521296251424616745e-12 6.988114452179315105e-12 nan 1.114260073098449766e-11 4.996978525406703397e-12 5.782049107142856883e+03 1.862609517045454777e+04
1.472601446166066363e-12 1.173854223700408772e-11 8.869644602116366627e-12 9.001296236155198471e-12 7.684881377090224674e-12 1.229794825002850089e-11 2.421527587890625000e+03 1.065863454861111131e+04
5.709956812927075021e-12 9.993415817088902031e-12 7.399779862934014681e-12 7.549161692591406813e-12 7.904792981799408465e-12 1.468723967232513069e-11 3.823373579545454504e+03 1.122695486111111131e+04
7.792164574401506963e-12 1.071404274823249459e-11 9.170162892924160758e-12 5.608804019520728958e-12 9.302806540973612141e-12 9.391321054152967918e-12 4.162306790865384755e+03 8.201500637755101707e+03
5.702576695878191153e-12 9.107111432503901779e-12 1.009540816956105710e-11 7.267311318698288503e-12 1.011248446092238915e-11 1.088212436828328675e-11 3.924092881944444343e+03 8.654714897260273574e+03
7.300020065561257985e-12 8.788628775353085340e-12 8.732518496191620046e-12 9.567030742498099407e-12 1.022041928213384973e-11 1.229702955624583714e-11 4.610865489130434980e+03 8.589145292207793318e+03
6.099352315730783274e-12 1.057532379568194675e-11 7.913774397699009142e-12 8.894182612628754082e-12 1.030147684327237735e-11 9.253373860802177046e-12 2.840034040178571104e+03 6.570551658163264619e+03
8.827474270681884752e-12 8.820334706518767390e-12 8.210639239210463502e-12 1.052063391359613872e-11 9.397059262415428381e-12 9.811546470179128095e-12 1.531343750000000000e+03 8.104411931818181984e+03
8.232984774853925330e-12 8.067214240799034518e-12 8.931155651638240893e-12 1.000335446660912948e-11 9.765106007759212127e-12 9.564340060682260560e-12 2.816754856418919189e+03 7.005011206896551812e+03
6.230162737283951315e-12 9.733999320867983169e-12 9.519675788401590189e-12 1.050258189595331789e-11 8.548770950393229341e-12 9.747134316604560626e-12 2.363733108108108354e+03 5.584670910493827250e+03
8.058406055120814995e-12 8.351227631242107650e-12 8.566267081021051251e-12 9.290172797715712250e-12 1.024383410341398272e-11 1.090962875593959292e-11 1.985859375000000000e+03 5.137333333333333030e+03
7.553114264304139027e-12 8.561148645348871413e-12 1.003553413209740646e-11 8.965884723997244710e-12 1.101822586160658761e-11 9.272283886323317373e-12 2.001050245098039113e+03 4.256258565989847739e+03
7.074412320319283467e-12 8.574670735355433567e-12 9.400106207827454482e-12 8.112799418612867947e-12 1.023980726599926783e-11 1.004696073811120797e-11 1.208060156250000091e+03 4.614279618473895425e+03
8.224720752251998960e-12 8.026823749324967776e-12 8.941922158631165977e-12 8.355249557818905463e-12 9.823286628574124147e-12 1.001688326641308925e-11 1.617603949652777601e+03 4.020253458498023519e+03
7.403108429312769713e-12 7.742187446702076027e-12 9.507527866844018512e-12 8.348618093142096904e-12 9.264780157528801354e-12 1.050155518100836974e-11 1.826652191558441700e+03 4.037351639344262367e+03
7.473948783415194507e-12 8.913596811010058373e-12 9.028110737629137526e-12 8.860156372753171883e-12 9.031775327628110972e-12 9.763327772512168367e-12 1.897829819277108527e+03 3.577359824281149940e+03
7.895693358387726289e-12 8.395582306287308325e-12 9.466161936707910377e-12 9.196360047749713540e-12 8.843189107280843238e-12 9.131138997375057067e-12 1.608623529411764594e+03 3.811066312997347268e+03
7.879531878219013665e-12 8.299982263638254276e-12 9.643405570935803836e-12 8.991728870142619196e-12 8.235830007392796323e-12 8.913465732703009131e-12 1.177236653645833258e+03 3.824251554726367885e+03
7.577170636961584664e-12 8.752348187068450145e-12 8.941502193315008891e-12 9.779867824668350219e-12 9.051072683125041398e-12 8.824346913560290340e-12 1.319510416666666515e+03 3.459833426966292336e+03
7.713715620128531698e-12 8.181284110214778255e-12 8.687690234914867773e-12 8.496214548029706273e-12 8.889196918231740415e-12 8.919615746285748503e-12 1.361710252192982352e+03 3.081250573394495405e+03
7.452686355370940805e-12 8.541944040985072025e-12 8.500013246270836453e-12 8.672529722368041998e-12 8.359399142080252544e-12 8.715401354958105823e-12 1.356015869140625000e+03 3.002746534195933236e+03
8.116582251983651630e-12 8.705770871223017867e-12 8.902295153118879421e-12 9.195687625637918427e-12 8.203762184568823121e-12 8.750979452502792082e-12 1.303111902573529505e+03 2.886513761467890163e+03
8.550878145417543963e-12 9.390313179813425393e-12 8.710065424209807899e-12 9.319141114600485870e-12 8.453462124910969662e-12 8.613060265005856632e-12 1.119465107361963192e+03 2.757240384615384755e+03
7.892493050785499445e-12 9.467244765914983937e-12 8.634800017860909011e-12 1.011929228497253055e-11 9.129819122932757577e-12 9.295268488665653154e-12 1.017516997466216253e+03 2.635104099678456350e+03
7.955321809604986914e-12 8.719998718370237937e-12 9.434558185200164765e-12 8.411844740390995170e-12 8.838088812611847176e-12 9.054922557617215668e-12 9.880889985380116514e+02 2.578538516405135397e+03
7.429731626677116585e-12 8.916492907601471320e-12 9.938736320422679775e-12 9.137921096131375363e-12 8.903780569978283620e-12 8.422866740119854847e-12 1.032218923611111222e+03 2.528013392857143117e+03
8.210056854088608825e-12 8.811005779860441810e-12 9.083196241359734354e-12 8.939525590367271197e-12 8.982368236743462567e-12 9.141361922169514401e-12 9.312935814950980102e+02 2.510949840764330929e+03
8.013971400870593086e-12 9.112654806802239689e-12 9.201618533150368177e-12 8.716531985535392887e-12 8.763357817187511242e-12 8.799555360466781439e-12 1.096255878712871208e+03 2.351689114391143903e+03
7.830923980455554812e-12 9.407658115056028122e-12 9.020248662837994657e-12 8.443025606817795988e-12 9.081885902451445715e-12 8.849787769471740249e-12 9.974494768722468052e+02 2.281397050400916669e+03
7.551074821305745158e-12 9.043750172419885750e-12 9.131614700813952174e-12 8.364558271344129343e-12 8.658051020313185799e-12 8.817713408253910207e-12 8.927821969696969973e+02 2.157367796157951034e+03
7.827093254041424518e-12 8.612526853307206682e-12 9.337252421865510351e-12 8.499830976047196014e-12 8.512332435398734389e-12 8.684831628148466698e-12 8.435666666666666060e+02 2.112737963891675008e+03
8.008188407849095340e-12 9.193661264382689880e-12 9.618546039012544361e-12 8.952133063567058441e-12 8.911629319008206645e-12 8.894654965614899964e-12 8.644483827821011346e+02 2.106708780487804688e+03
7.972520559053178739e-12 8.838842250706117414e-12 9.907913767818748809e-12 8.178691883522108668e-12 8.885438711861049239e-12 8.274416072952459749e-12 9.012086116412212959e+02 2.081036293958521128e+03
7.665153642529907982e-12 9.192361686653309139e-12 9.116306137989529918e-12 8.478585188256846605e-12 8.446420867689413260e-12 8.615725145938792912e-12 8.206806972789115662e+02 1.906517451640033642e+03
8.310678461199179532e-12 8.680811917247560250e-12 9.197354851829852111e-12 8.562319872300432801e-12 7.996892326762949679e-12 8.383805113987639099e-12 7.366984174679487296e+02 1.902887025060630549e+03
8.281334975356222684e-12 8.717002275284216326e-12 9.037014323448087754e-12 8.456105618044206626e-12 7.985629197308228387e-12 8.711055268930210805e-12 8.100434615384615427e+02 1.886891875981161775e+03
7.864043501493153582e-12 8.555382817282304979e-12 8.718214468578048438e-12 8.418662997819148525e-12 8.370843206508620297e-12 8.443578230965063182e-12 8.435616629464285552e+02 1.882059290030211514e+03
8.167546514794441777e-12 9.019004535452407325e-12 8.373295634248799501e-12 8.242454419650501418e-12 8.119962752071117717e-12 8.137379975292940877e-12 8.629888268156424829e+02 1.745762447405329567e+03
7.905209325354616137e-12 8.813949570196655259e-12 8.771619965215396578e-12 8.866068373297113278e-12 8.237483463329064119e-12 8.275410746025170777e-12 8.036792847938144178e+02 1.749556756756756840e+03
8.023799282962870510e-12 9.329430442566220750e-12 8.400087348392668608e-12 8.444382257515574121e-12 8.409045682000737220e-12 7.948625497637593633e-12 7.790181051587301226e+02 1.731423126201153082e+03
8.168686081156530167e-12 9.047342314579933353e-12 8.293034817933327580e-12 8.717000431604251570e-12 8.105317374693670684e-12 8.010162847691426454e-12 6.806085484886649510e+02 1.682119047619047706e+03
8.056383993329099295e-12 9.072792352136740303e-12 8.025389577211763579e-12 8.505773757786795316e-12 7.906498562548659327e-12 8.076606668843741768e-12 7.471914731051344916e+02 1.610531914893616886e+03
8.182827704973509125e-12 9.134938731373646663e-12 8.047096518261580667e-12 8.236637638888666793e-12 7.902768529667404791e-12 8.164383033042699838e-12 7.265859030837004866e+02 1.628739341085271235e+03
8.171456126720234149e-12 8.690818146909278478e-12 8.176217212431955991e-12 8.155755336953467986e-12 8.106514493494180186e-12 8.133217874572398451e-12 6.934168502202643367e+02 1.622217582417582435e+03
8.231169619294684233e-12 8.958444375927578090e-12 8.266836200056532797e-12 8.247800941983994024e-12 8.162704198633537558e-12 7.568839402421639042e-12 7.657039030082987665e+02 1.570108125992588839e+03
8.316822924792077742e-12 8.912568831102399344e-12 7.989461529773631687e-12 8.286246796384260588e-12 7.990050270608429087e-12 7.897836579740196307e-12 6.597881736526945815e+02 1.568464179474466846e+03
8.080578941014838733e-12 9.338459589518958790e-12 7.783396648364344668e-12 8.023835307381345369e-12 8.051782287704676266e-12 8.138958999373669699e-12 6.759946361940297948e+02 1.530469592995740641e+03
8.402884803503493779e-12 9.184913632134496962e-12 8.219554069635323751e-12 7.705456962147810920e-12 7.739952215678889039e-12 8.346260597583946355e-12 7.038126765536723042e+02 1.471339252553389088e+03
8.143024345755665048e-12 8.856575031905402474e-12 8.083946910568161216e-12 7.852715564779127298e-12 7.981951396137295884e-12 8.436733682549421622e-12 6.667255580357142435e+02 1.481808363148479430e+03
8.619835876750811570e-12 8.397467022088953173e-12 8.009454072430685631e-12 8.011178912929327718e-12 8.122041470286078672e-12 8.428650397109561001e-12 6.493900085763293646e+02 1.469271583514099802e+03
8.572497450174783725e-12 8.969031866407866642e-12 8.228159492828656770e-12 8.285476127412039013e-12 8.219882464166385754e-12 8.391893013379086016e-12 6.043935355392156907e+02 1.404650905432595437e+03
8.029431202925868622e-12 8.663666425925377549e-12 8.352878344992697406e-12 8.116820876626869831e-12 8.401013644062184192e-12 8.900087471899091383e-12 6.961734879032258050e+02 1.430668231931400669e+03
8.534446163283147034e-12 8.503918022699023096e-12 8.568084246561355273e-12 8.242002975369903942e-12 7.829457469408604592e-12 8.843793171895722062e-12 6.774144972178061153e+02 1.452996858339680102e+03
8.175396958833033567e-12 8.653760937651686476e-12 8.279770838139229716e-12 8.370818534491539703e-12 7.880299587473667565e-12 8.782724906022445528e-12 6.666954603347890043e+02 1.449631419939576972e+03
8.350613676226670275e-12 8.792687603650288263e-12 8.439461742061728474e-12 8.048289433110303454e-12 7.750439796123171811e-12 8.870591295783690390e-12 6.551876778093883331e+02 1.324917870036101021e+03
8.418301320714555913e-12 9.110231962226313853e-12 8.307561581024125670e-12 8.295290758152815221e-12 8.120021901730262977e-12 8.798097922716638456e-12 6.205317348377997178e+02 1.356749655172413668e+03
8.469785972294970056e-12 9.184982206974149943e-12 8.477240589716131437e-12 8.240228422978204801e-12 8.384620768145262826e-12 8.562176421304277516e-12 6.069629676870747517e+02 1.369440299764230303e+03
8.696898555974689417e-12 8.896317924123112028e-12 8.655046156306393244e-12 8.019610292298169548e-12 8.071052661187660942e-12 8.532599251778363782e-12 5.922296001300389889e+02 1.362906199021207158e+03
8.813458895157928306e-12 8.940891860971957643e-12 8.722506901674263225e-12 8.035428827070487145e-12 7.843116624504136603e-12 9.011524398760501428e-12 6.120697593167701598e+02 1.367587318728787295e+03
8.345477995060921683e-12 8.840606543028647670e-12 8.619815189081866971e-12 7.672203539420624915e-12 8.294449549852874342e-12 8.876520433719795179e-12 6.132199594257178887e+02 1.396509178593652678e+03
8.299991924648037031e-12 8.633325524947659592e-12 8.539723941542033955e-12 7.684127382289784405e-12 8.092612913511079919e-12 8.827816687668764583e-12 6.425953216374268777e+02 1.328832440476190641e+03
8.481367123765307924e-12 8.649201241810884325e-12 8.068051324459905683e-12 7.880954477159445882e-12 8.108097695339991221e-12 8.720664154332121466e-12 5.872893202502843906e+02 1.341231321418107200e+03
8.289266708935920270e-12 9.005585709943020491e-12 8.410911371734026126e-12 7.808843092949468946e-12 8.191459082654517127e-12 8.539644017408788280e-12 5.970575749167592221e+02 1.316308999721371038e+03
8.537972277037588510e-12 8.692925505414806710e-12 7.959949681494598925e-12 7.960954209900871216e-12 8.290085222540072638e-12 8.774783189340106610e-12 5.723682591261061816e+02 1.298139031647281627e+03
8.281378481517945258e-12 8.836587186738258750e-12 8.058808245445964679e-12 7.716248403299936330e-12 8.257737763683249385e-12 8.548314803532447642e-12 5.969370365466102157e+02 1.264522460172368937e+03
8.302672969943586182e-12 8.818395929725127620e-12 8.254086458305005625e-12 7.536425017339421362e-12 8.110699990414684541e-12 8.482973189142711604e-12 6.066921175858481092e+02 1.246284763124199571e+03
8.369840608635850566e-12 8.538319751826196456e-12 8.210325730506064507e-12 7.587988949925930643e-12 7.934668671835432954e-12 8.781703081445153226e-12 5.823206947162426559e+02 1.252014332411365331e+03
8.750210887967778552e-12 8.382493011952106220e-12 7.891615916519033019e-12 7.538546875457365686e-12 8.216940065958872654e-12 8.916423155369557207e-12 5.780754459861249188e+02 1.256173521538087016e+03
8.483763003239543318e-12 8.465918389952408578e-12 8.103206994292122222e-12 7.388539460845659406e-12 8.351983719376767480e-12 8.979762964957315494e-12 5.731148242368177534e+02 1.279477277996753855e+03
8.433373112580214124e-12 8.723616975663159554e-12 7.805743773876820779e-12 7.406674996041787330e-12 8.114165723756871842e-12 8.851996059232848620e-12 5.888438346883468739e+02 1.294210968494749295e+03
8.533434088335063726e-12 8.531231481814054820e-12 7.861873480805453118e-12 7.147063346906717263e-12 8.041682210536187787e-12 8.535944475783210223e-12 5.722502208480565287e+02 1.212882720178372438e+03
8.515196258057373448e-12 8.494450871010565380e-12 7.764467856542399166e-12 7.557848703284914965e-12 7.933503562755740686e-12 8.915797622886740820e-12 6.032379744042365246e+02 1.233439311986153143e+03
8.474917358208464695e-12 8.355275803110030190e-12 8.017522388964137266e-12 7.495360518223621294e-12 7.870345039584917060e-12 8.938961997754416737e-12 5.555068669527896645e+02 1.202463651732882454e+03
8.487749829895891767e-12 8.483704373668258187e-12 7.781391709198905954e-12 7.416154927643943559e-12 7.713527248487019389e-12 8.970966382342772862e-12 5.856202440033084713e+02 1.214362330905307090e+03
8.407835491458467639e-12 8.521517617897956170e-12 7.645423662508168454e-12 7.341544672226445342e-12 7.909097715377183563e-12 9.021059476534730263e-12 5.689033772981614447e+02 1.233565047179281237e+03
8.570951311263898428e-12 8.167376646619652478e-12 7.702587032302779889e-12 7.378237931871304819e-12 7.732693883545592061e-12 8.948084928458882380e-12 5.903614391513210649e+02 1.235608945181080571e+03
8.524749552965449104e-12 8.207878301853614603e-12 7.601130757864271013e-12 7.441042950888556822e-12 7.675302563508670911e-12 8.798377777724753381e-12 5.851103914523449703e+02 1.191837209302325618e+03
8.793207676301830945e-12 7.975164981395716231e-12 7.650415624388147192e-12 7.375080351603103405e-12 7.831852893101480554e-12 8.750824403726991276e-12 5.896325503355703859e+02 1.194963114754098342e+03
8.741207171581735951e-12 8.378108884203228347e-12 7.638414376000446340e-12 7.463620763630825463e-12 7.994306576307388174e-12 8.622406470055740132e-12 5.437228339350180022e+02 1.174668531083807011e+03
8.568119564757610755e-12 8.186747423857781669e-12 7.584275991398133648e-12 7.503163092350991690e-12 8.136260794496402631e-12 8.755817433891240684e-12 6.012196312364425239e+02 1.174451676884240896e+03
8.720534447342241171e-12 8.139933767240569447e-12 7.723528929386037243e-12 7.352922955532710438e-12 7.841398334833979457e-12 8.614068588189934729e-12 5.690738911988911468e+02 1.171192764857881002e+03
8.826577337746943116e-12 8.072934953054208148e-12 7.482959175986741837e-12 7.813584390839987314e-12 7.879257672495802747e-12 8.688331164845890944e-12 5.701173780487804379e+02 1.192151479488903760e+03
8.711203363592150839e-12 8.171763127010401182e-12 7.456962108014950556e-12 7.692100063751407890e-12 7.951740383139733106e-12 8.605191401126425730e-12 5.721019671314741117e+02 1.168575438596491267e+03
8.906479040121542238e-12 8.054992997675752439e-12 7.414807948922125516e-12 7.606054064764248408e-12 8.120000306797956375e-12 8.643179096372653291e-12 5.646655483764081964e+02 1.174630556470200872e+03
8.717152335203613743e-12 7.987183915831531852e-12 7.339818095712119296e-12 7.488902039585753375e-12 8.008616374723679858e-12 8.838397152748967505e-12 5.670960327455919696e+02 1.137873195229127532e+03
9.027299694319226015e-12 7.953557727227927159e-12 7.416234842960172534e-12 7.777121516737079156e-12 7.987693030597103069e-12 8.852886011138029729e-12 5.643618563895781790e+02 1.157873610023492574e+03
8.801759026132036747e-12 8.145201710741322986e-12 7.392251852879834945e-12 7.682683676631625306e-12 7.864983062669372932e-12 8.869068218338399566e-12 5.861220184853905266e+02 1.149597532945142348e+03
8.860699937571342271e-12 8.132457503076787584e-12 7.226248255834480111e-12 7.500410169490755831e-12 8.171217710201322314e-12 9.003132653947184859e-12 5.836631670709521131e+02 1.163617238320520528e+03
8.972191132463093092e-12 8.072678989752547014e-12 7.346492142744873326e-12 7.523576236343241618e-12 8.082533079639128215e-12 9.038136182928842333e-12 5.771442194835681221e+02 1.161692324402606801e+03
8.852670079336465002e-12 7.987066739116359333e-12 7.477845085142721128e-12 7.403091880737391356e-12 8.195495326463102863e-12 8.811598319458667779e-12 5.694581661891116937e+02 1.151952909375444506e+03
9.071501172980406769e-12 8.041347210563701723e-12 7.261503369138848228e-12 7.700832995697453294e-12 7.840986543497763953e-12 8.976510033584758380e-12 5.456150804661486973e+02 1.146255973881633736e+03
8.843382359765136501e-12 7.901048236721851988e-12 7.474492819553163499e-12 7.480245539632946206e-12 8.093855462397591377e-12 9.163180018678010597e-12 5.867363098514033481e+02 1.158916434927697537e+03
8.683607201174317773e-12 7.935007979119640739e-12 7.497744973795456565e-12 7.567287867539688898e-12 8.238374740865314521e-12 9.044062808602335601e-12 5.830613333333333230e+02 1.126496173983084873e+03
8.618170062857973575e-12 7.704727892804341742e-12 7.372971758250587848e-12 7.385890824921535999e-12 8.212050337669091917e-12 9.026129988462457787e-12 5.664325623700624419e+02 1.145342604626981938e+03
8.580881779301567286e-12 7.936073877523978409e-12 7.348624632784680036e-12 7.515117787130272810e-12 8.025810535278003059e-12 9.393884982603959966e-12 5.820644037170883394e+02 1.127979231166150612e+03
8.765682312340676439e-12 7.965433502668260007e-12 7.266540463654635606e-12 7.453522520056963514e-12 8.197007925981699042e-12 9.351619092147536859e-12 5.766510390268626907e+02 1.142729232720355185e+03
8.791716523123278285e-12 7.846129710348668468e-12 7.250235448504578027e-12 7.656645391324910878e-12 8.174830358408391915e-12 9.174272697381267539e-12 5.724402308838133422e+02 1.107909794764655089e+03
8.616983424572007806e-12 7.833313080636247972e-12 7.302270594090194065e-12 7.600604250179614289e-12 8.097335575455436212e-12 9.382690587058660586e-12 5.674906280428432410e+02 1.130800702689605032e+03
8.710996738295812853e-12 8.010324821261474119e-12 7.313243503519359518e-12 7.518314654956078448e-12 7.969331713412600854e-12 9.520277496591329324e-12 5.529220379146919413e+02 1.126376640112464884e+03
8.515289520023234612e-12 7.706909656007636412e-12 7.259218642406982676e-12 7.519118147578327092e-12 8.122539885509601273e-12 9.417368917957244187e-12 5.945764019792648014e+02 1.126229769639692904e+03
8.702452064311769011e-12 7.691445418180351134e-12 7.326326981137837478e-12 7.516823728556396404e-12 8.270950775870195272e-12 9.623791704743932010e-12 5.678003261358525151e+02 1.126211348495290622e+03
8.638643934071492956e-12 7.854414004792895443e-12 7.239475825748637409e-12 7.631393822954449842e-12 8.322200657184316250e-12 9.310301099247655656e-12 5.723014039855072497e+02 1.127790577096483275e+03
8.767136621067675266e-12 7.840603523523719238e-12 7.256800265803103526e-12 7.866987954350211315e-12 8.305996396638863754e-12 9.205765754599387377e-12 5.704611676776429476e+02 1.139213762170440759e+03
8.724919603726459683e-12 7.680823610593516352e-12 7.242084856116244280e-12 7.854573971290171285e-12 8.329868311974835391e-12 9.423751203979836127e-12 5.833095079787234454e+02 1.131022811210080363e+03
8.746794759031014189e-12 7.820187183733688762e-12 7.348634007770341457e-12 7.912103247024204054e-12 8.381976424627079425e-12 9.615220949495310412e-12 5.734318229826784545e+02 1.132527305567360827e+03
8.893018598938902167e-12 7.769439249429693332e-12 7.205280255112915966e-12 7.812962256397817894e-12 8.229834564916745172e-12 9.678733950719442111e-12 5.765636258902387681e+02 1.131807052422308288e+03
8.862138474588327364e-12 7.863594882400580575e-12 7.461549761238459206e-12 7.918888617290268765e-12 8.120000567748357645e-12 9.485357434798689864e-12 5.634282811865094800e+02 1.125404130982367860e+03
8.693287958082418152e-12 7.662224934009625439e-12 7.592681751908079608e-12 7.555091150703165851e-12 8.506687545359381635e-12 9.436644488974897597e-12 5.817853821269712853e+02 1.107367268302575667e+03
8.640855435995617151e-12 7.626715808672384128e-12 7.702625220427740521e-12 7.742432755606545506e-12 8.429737787759228549e-12 9.623423593929586705e-12 5.768027821625887555e+02 1.131276477588258558e+03
8.748598681768807789e-12 7.697875048506830227e-12 7.575448504492013141e-12 7.842406383453922610e-12 8.568801171008455577e-12 9.413197773059574683e-12 5.908331399845321812e+02 1.130288254153307889e+03
8.911688742901367468e-12 7.750438725032455038e-12 7.615789246430689178e-12 7.734346531298687610e-12 8.496254930472825940e-12 9.724286459161404066e-12 6.061913884673748498e+02 1.118138672985782023e+03
8.730372073107125682e-12 7.896025444088832875e-12 7.646321368727336806e-12 7.854226407214591036e-12 8.320978410339474361e-12 9.778428909587312629e-12 5.933130898452245674e+02 1.135868121442125130e+03
8.866181420882042178e-12 7.792565409042984788e-12 7.617505119817550626e-12 7.865442753892510447e-12 8.295231168631289943e-12 9.660742572183892849e-12 6.015993518518517931e+02 1.134291502429186949e+03
8.875682682406945912e-12 7.914757625705246531e-12 7.541072177651705107e-12 7.969070644886627202e-12 8.590132892919730108e-12 9.754027631972180611e-12 5.967067097596503800e+02 1.128900009106638663e+03
8.987647146634095407e-12 7.874371056202498208e-12 7.620500955743693611e-12 7.922917019657183705e-12 8.633300367479002243e-12 9.802966057951120887e-12 5.932246699964323398e+02 1.107684150008844881e+03
8.791512445243058950e-12 7.869071320480240371e-12 7.591325881225140124e-12 7.866638910682032173e-12 8.799990925810016692e-12 9.610307924726174627e-12 6.174669761737911813e+02 1.104031118143459935e+03
8.863940293873372555e-12 7.920703124028892941e-12 7.604291184258591778e-12 7.988192596600425007e-12 8.702986839755570119e-12 9.689749003172209996e-12 6.007135165403169594e+02 1.116461925848745295e+03
9.029651892630733031e-12 7.973000037964083539e-12 7.626240284045698801e-12 7.829539046626919864e-12 8.686408587945647931e-12 9.733395007525959064e-12 6.062536134453781642e+02 1.128733481115184532e+03
9.221012368344236869e-12 7.952135452821340888e-12 7.704860916304123736e-12 7.900111329671161930e-12 8.671674543607630365e-12 9.430302053211430063e-12 6.082628279641315885e+02 1.114549140151200390e+03
9.062446788300915796e-12 7.918821494226566934e-12 7.447254686940573549e-12 8.015714210803755476e-12 8.796230060636538994e-12 9.722691981358201703e-12 6.228008783559827179e+02 1.118745126824891940e+03
9.249497579892166197e-12 7.867416120286808677e-12 7.657937036369342137e-12 8.020499550970361363e-12 8.900891793268697284e-12 9.678342892293960164e-12 6.187778982016698137e+02 1.115942984229680633e+03
9.182604516370145290e-12 7.992228945128378311e-12 7.544178456948949430e-12 8.048479447927914320e-12 8.799482381365407391e-12 9.852832019245620417e-12 6.099338954056695457e+02 1.127185327566874776e+03
9.131009219087536177e-12 7.913040397462772715e-12 7.619096244184927134e-12 8.062146648320772484e-12 8.839637239816370375e-12 9.649762470568626736e-12 6.190006931608132845e+02 1.146737001867995104e+03
9.029613089695114494e-12 7.848125359772450035e-12 7.496060517232810974e-12 7.970133166036494281e-12 8.917072611718661252e-12 9.569184163533437174e-12 6.203408096280087420e+02 1.134827372177825964e+03
8.958166477408733355e-12 7.886038705520127463e-12 7.618708601574263198e-12 8.022734585455242553e-12 8.915489716059164554e-12 9.711220036465274516e-12 6.251176448513959940e+02 1.140722584559381175e+03
9.022478155311986564e-12 7.947454775274846063e-12 7.618011575276919985e-12 8.131124574174731442e-12 8.890892878116797502e-12 9.680044695876508590e-12 6.382024273299371089e+02 1.134867822966507219e+03
8.957373606688142880e-12 7.862378832665760613e-12 7.742934675033606514e-12 8.236800430545544079e-12 8.789971648545326253e-12 9.628104811997802102e-12 6.290135806074765696e+02 1.122205727817657134e+03
8.996386331122815227e-12 8.038227283591744695e-12 7.596482203959125536e-12 8.351549727356877616e-12 8.840899296706450358e-12 9.728823281649000560e-12 6.277176692821853976e+02 1.128101721777969942e+03
8.996904505708571656e-12 8.034537680216973278e-12 7.678582782295078457e-12 8.314443747757170457e-12 9.029591225202537272e-12 9.653606005937225579e-12 6.137947473594063013e+02 1.129480658260311884e+03
9.005354773332054235e-12 8.082625613025452908e-12 7.483139371966725465e-12 8.497302512842812634e-12 8.925875383185528608e-12 9.627747498386219312e-12 6.265822928490351842e+02 1.122570481630350514e+03
8.993251346074203081e-12 7.966966329497402223e-12 7.582852273985368312e-12 8.473349112042428495e-12 8.882432630723826951e-12 9.689342520255158148e-12 6.225966176878292799e+02 1.157312703583061875e+03
9.126424693062125291e-12 8.082770487630868797e-12 7.640618918421122392e-12 8.360089486216735384e-12 9.034082395473788438e-12 9.804520920184381503e-12 6.415979155238618432e+02 1.121408332766015519e+03
9.001925647758658514e-12 8.091708702799627233e-12 7.569845125535909350e-12 8.346400981828673039e-12 9.187320429257259018e-12 1.009160576133288211e-11 6.495022818791945838e+02 1.142298541878602919e+03
9.056872792684521251e-12 8.095940442105829886e-12 7.609245679180139496e-12 8.360509965093034177e-12 9.178444389079724254e-12 9.787374673212874671e-12 6.314621893178212986e+02 1.120448507413070956e+03
9.178060970171805258e-12 8.086500894701172317e-12 7.729911868155292476e-12 8.593101492312509600e-12 9.256990939905238319e-12 9.792351994599491176e-12 6.420774629581491126e+02 1.138073597900951199e+03
9.147595512133146764e-12 8.000759504391521707e-12 7.643921773104207273e-12 8.465071153216662109e-12 9.272018540858272377e-12 9.893967290387854476e-12 6.380104193800468693e+02 1.143411091832144393e+03
9.153301508257963615e-12 7.993917184710988830e-12 7.667396491207904361e-12 8.591724780591572109e-12 9.304538256041220357e-12 1.003653374591256050e-11 6.487512800819251879e+02 1.139834062242504842e+03
9.081160056036053332e-12 7.980192669097819222e-12 7.730006856832005672e-12 8.639867341732550815e-12 9.016205437953059707e-12 1.000240904121506951e-11 6.532088146659970107e+02 1.142225476025890885e+03
9.215571842102999929e-12 8.106592165717958896e-12 7.896131078022668223e-12 8.557134298582161508e-12 9.135476069916555407e-12 9.876871649844261684e-12 6.502192723697148722e+02 1.141280886426592815e+03
9.240161428393903165e-12 7.941613446443024509e-12 7.961086127104964777e-12 8.438180597339924718e-12 9.406708102456229753e-12 9.941903691819927307e-12 6.521555474095796399e+02 1.152284859219446844e+03
9.335624861418530151e-12 7.902737132867969791e-12 8.172766876524139585e-12 8.340716269728017173e-12 9.268738435607257128e-12 9.883533217004196577e-12 6.630183619231697776e+02 1.127576349367998546e+03
9.397458603306308183e-12 7.930136934528910040e-12 8.045849145850164524e-12 8.438112807460411293e-12 9.286467155634178054e-12 1.003824793065319705e-11 6.544065817409766623e+02 1.156276186506282329e+03
9.433821373436189071e-12 7.961568489339643530e-12 8.113008025960353916e-12 8.693637975162777011e-12 8.668505801166146329e-12 1.001955165567720328e-11 6.760770480389882096e+02 1.152033260856790321e+03
9.336262489913426933e-12 7.995599704674852639e-12 8.102895064170622224e-12 8.289260935513058751e-12 8.599644820734626063e-12 1.009270056241225617e-11 6.803102402612549895e+02 1.147034235898620182e+03
9.498748388943744773e-12 8.038216827243762387e-12 8.120615089597050050e-12 8.020575437241709553e-12 8.557237841513835318e-12 9.932265707222956444e-12 6.646588363054412412e+02 1.154927263507803218e+03
9.489471884722395593e-12 7.975384516964720756e-12 8.223901833368836238e-12 7.939717186215756066e-12 8.395339826676393341e-12 1.000396382246794108e-11 6.709529545454545314e+02 1.157806214273586420e+03
9.730296760009507404e-12 8.101589225407863425e-12 8.068359066572659317e-12 7.823653070833445864e-12 8.384567228925122357e-12 9.825775629243250811e-12 6.778738451385834196e+02 1.165545941173224492e+03
9.582117635637260970e-12 7.988045281395089800e-12 7.918356394392120696e-12 7.802013172374214916e-12 8.407771786234925855e-12 1.009641417294241062e-11 7.019744098830796020e+02 1.148603834042318113e+03
9.642515680916553846e-12 7.932261947251869204e-12 7.862574425010588376e-12 7.791623804562456887e-12 8.479939968901366474e-12 1.020342587144569247e-11 6.943787197602226797e+02 1.159966427115735314e+03
9.790246338521474067e-12 8.112864196865974851e-12 7.712770043926106153e-12 7.795892679572602469e-12 8.204955957499425716e-12 1.027337414852575074e-11 6.988112875719461954e+02 1.174201177730192740e+03
9.735237801706635938e-12 8.030291057303932417e-12 7.510180626444186436e-12 7.856936839843997650e-12 8.308307067403140230e-12 1.021017313449280881e-11 6.871877362452751186e+02 1.172093540732929114e+03
9.879879136096638826e-12 8.015981006584396562e-12 7.257091637210121123e-12 7.704624458067819353e-12 8.191129278318473771e-12 1.031144253714093958e-11 6.984725755995829104e+02 1.168408623479667995e+03
1.007992711494017331e-11 8.047706170716907720e-12 7.187380148247546485e-12 7.829115509127222650e-12 8.378285280472248013e-12 1.056604237579507348e-11 7.127411067193676217e+02 1.184008690762230799e+03
1.014717437223244589e-11 8.008102556120209221e-12 7.215918384975240491e-12 7.778869299710410401e-12 8.431412537513637340e-12 1.046031090329114688e-11 7.013814412238325531e+02 1.204368805767001049e+03
1.024182394273583348e-11 8.058442801939236233e-12 7.307298179973593403e-12 7.769076844642730482e-12 8.398731396939282392e-12 1.048193714821620201e-11 7.083036392721455741e+02 1.177565887593213574e+03
1.000786336219092046e-11 7.743427979502409805e-12 7.269811227710924110e-12 7.887574618887364210e-12 8.447201544344868953e-12 1.057134028739181123e-11 7.262773383428910847e+02 1.187420110055027635e+03
1.016395478600798676e-11 7.673508299378374086e-12 7.276911204453921924e-12 7.788056712460211681e-12 8.406787741951259889e-12 1.061254521605477770e-11 7.190232876712328789e+02 1.186691102514506838e+03
1.014219539278759647e-11 7.572013841659068116e-12 7.324045689720907256e-12 7.668323195175368117e-12 8.447671843093890824e-12 1.059707454223666802e-11 7.223569158158351229e+02 1.179450709664960868e+03
1.016474875776340667e-11 7.531215904606497290e-12 7.256864082551621980e-12 7.637039372378852030e-12 8.494068399792528582e-12 1.079434205926305587e-11 7.225577752766835147e+02 1.191290211627573626e+03
1.032428767659579669e-11 7.233382562694871602e-12 7.359507473640919804e-12 7.602227719414386082e-12 8.530863562026266937e-12 1.082164180349010659e-11 7.325371409549172768e+02 1.192616556914393186e+03
1.037801753259126350e-11 7.153262944998223661e-12 7.342294382527425475e-12 7.556909745210225824e-12 8.571926512091785776e-12 1.098480447725298711e-11 7.445571295433364867e+02 1.185073839174112209e+03
1.055476025702186664e-11 7.095978706112987792e-12 7.416619625137279410e-12 7.747768420713244027e-12 8.471497614659523652e-12 1.096310576798055391e-11 7.347483841181901880e+02 1.198915722347112023e+03
1.044620281412634701e-11 7.008830019978807037e-12 7.277323746223268693e-12 7.615615035146463736e-12 8.519917700637464836e-12 1.113851300707363266e-11 7.266220940710038576e+02 1.209053940407831078e+03
1.030609648564739035e-11 6.934866336043549633e-12 7.286929323872764815e-12 7.597143984821873074e-12 8.579905802656916991e-12 1.117988963799874157e-11 7.641886486486486092e+02 1.183727803157085418e+03
1.032426522069104056e-11 7.032344235525142158e-12 7.422762539446180710e-12 7.637939874212753061e-12 8.476058690250664104e-12 1.116321480468807802e-11 7.802355181576616587e+02 1.215045813026140877e+03
1.036307742059957245e-11 7.019979621952949278e-12 7.358121295835503162e-12 7.688320420558463741e-12 8.582202472800148844e-12 1.117590913167806989e-11 7.639899264190609074e+02 1.224575096835966406e+03
1.027469666751701230e-11 7.010325838710374958e-12 7.232559610968830737e-12 7.710970443333772109e-12 8.675471047033680835e-12 1.110641804018840638e-11 7.463525586171487021e+02 1.206827004219409218e+03
1.019857051141963197e-11 7.081744993351009682e-12 7.170166318375737555e-12 7.811515693986869669e-12 8.580873584405533504e-12 1.121234878558784285e-11 7.756512110726642959e+02 1.217931513903192581e+03
1.000076878068097275e-11 6.992518486378393285e-12 7.180436607234269306e-12 7.804308775597216317e-12 8.594960595094866128e-12 1.124365634780685550e-11 7.881779732701743342e+02 1.207144244163957865e+03
1.001542986456800100e-11 6.941454911884617288e-12 7.146791053355937060e-12 7.858230814225673437e-12 8.702925606175871252e-12 1.138965639614005790e-11 7.761843163538874251e+02 1.222361626989073102e+03
9.469749914827965400e-12 6.851638911542304840e-12 7.158705186390763265e-12 7.782345901652625994e-12 8.676397083054010030e-12 1.144898737238262057e-11 7.689313516176712255e+02 1.225585491374696176e+03
9.155046591297873262e-12 6.802475541920365708e-12 7.272516069081531149e-12 7.653350476036930846e-12 8.747896021469968004e-12 1.165523833111192462e-11 7.945407273325654387e+02 1.236526883491148510e+03
8.527514460208898356e-12 6.674927696592591832e-12 7.268256202873180554e-12 7.826306644981236008e-12 8.862822673673085090e-12 1.182136541913063003e-11 7.834727405484342171e+02 1.223957711543935375e+03
7.613933312841711567e-12 6.607031720455618506e-12 7.237202336823835623e-12 7.764664338645489078e-12 8.815292978096399762e-12 1.178085912301470781e-11 8.003604153455928554e+02 1.243677749360613916e+03
7.021088733332097813e-12 6.550697226961653532e-12 7.243012276725234158e-12 7.650842120646490030e-12 8.751500124533965808e-12 1.211243624117798456e-11 8.017888941324523557e+02 1.241596749378673621e+03
6.932192817356182070e-12 6.425795744301237230e-12 7.066019791126161588e-12 7.725218687647850582e-12 8.797418646662619374e-12 1.190712887765745517e-11 8.221690957530167907e+02 1.244752539997664371e+03
7.000700141308786176e-12 6.309376350297611178e-12 7.073850070627294512e-12 7.798592383357773891e-12 8.890220118360222565e-12 1.210441343812368215e-11 8.301373437500000136e+02 1.254152529848714494e+03
6.982915363585343001e-12 6.163149869424933105e-12 6.986982007308235350e-12 7.777502594511145117e-12 8.951243755416528374e-12 1.221329941503808268e-11 8.100753163592011106e+02 1.265498193160637584e+03
7.033955149720738571e-12 6.206087700923216513e-12 6.736180237129177330e-12 7.825544563443415648e-12 9.155801889981109771e-12 1.217221352598031960e-11 8.081738869734673472e+02 1.250971907158416570e+03
7.075821235275758934e-12 6.237792659260682509e-12 6.685872032016145979e-12 7.798185051931869704e-12 8.963296791612376226e-12 1.208086768988970770e-11 8.342283101571946418e+02 1.264183471074380350e+03
7.088380974469064643e-12 6.176872869865266812e-12 6.616950487769396601e-12 7.629429165399368271e-12 9.030258842578591360e-12 1.204510060491338860e-11 8.504332403055228724e+02 1.250370315453905050e+03
6.999914645538451991e-12 6.097390709711693850e-12 6.530249755379525720e-12 7.632716986154743096e-12 9.147455493371328493e-12 1.207239915511606407e-11 8.494290624542927617e+02 1.273598472890128733e+03
7.086888303018601104e-12 6.160086880610107411e-12 6.574353722265209913e-12 7.531132397132644456e-12 9.146319217198815320e-12 1.215239486159417307e-11 8.425927575801121066e+02 1.253209098422508987e+03
7.040952771188338600e-12 6.098296021038343364e-12 6.520836743118217229e-12 7.356136890755114862e-12 9.148700668031954081e-12 1.207178531962894092e-11 8.648156708823956933e+02 1.275552112980509492e+03
7.138162423212661147e-12 6.123024684729731512e-12 6.419941980920527600e-12 7.334662628706770476e-12 9.099500185203635808e-12 1.228767113993611368e-11 8.566324592487596874e+02 1.294459261357600781e+03
7.116132562871601355e-12 6.139399851319629531e-12 6.391885158965433589e-12 7.408604897158396456e-12 9.202922810489412855e-12 1.226571921318956037e-11 8.695424813616542679e+02 1.279335540683339332e+03
7.027511624112225520e-12 6.134685776735285550e-12 6.409882078769794189e-12 7.345932799349894586e-12 9.234087906615670466e-12 1.240639878591255299e-11 8.652742983547628910e+02 1.295747324961293543e+03
6.898617068067282025e-12 6.143397282915626412e-12 6.334152262599168493e-12 7.375807980791450830e-12 9.279694055154813810e-12 1.247242874041472445e-11 8.944806362378976701e+02 1.302416712783619232e+03
6.964051940225092714e-12 6.154142597907719094e-12 6.431497821359731773e-12 7.324828780642869528e-12 9.367181603606684167e-12 1.240347829825755232e-11 9.034670739986422632e+02 1.288143921101853493e+03
7.022859761724824825e-12 6.072696571932280141e-12 6.359873999026466103e-12 7.349939870764790846e-12 9.273168696358844056e-12 1.250760701906213381e-11 8.918127939793039332e+02 1.304413872285820389e+03
6.999673163040762064e-12 6.113249477996518847e-12 6.432737120826161203e-12 7.294907663041781013e-12 9.419008376449842576e-12 1.265081071206932678e-11 8.972157434402331546e+02 1.304550864041925252e+03
6.949679548725764689e-12 6.059588802431617515e-12 6.379640667832995417e-12 7.257469235494546788e-12 9.465250090825788637e-12 1.280899634699620302e-11 9.231707042626422890e+02 1.315865774466822813e+03
7.030988339021740467e-12 6.101391915389419033e-12 6.483571897169043314e-12 7.273807425248285258e-12 9.506989309473206866e-12 1.287557789995728221e-11 9.148961397058823195e+02 1.299905017334990362e+03
7.017109950146309335e-12 6.138992440244491236e-12 6.454368193694616925e-12 7.246909707018269336e-12 9.510841072002730142e-12 1.293443304341554457e-11 9.246618844513378690e+02 1.319860507246376983e+03
7.049578346403517039e-12 6.118692507342202420e-12 6.436141796323871131e-12 7.267753227343484110e-12 9.423086749924070364e-12 1.306663690056521838e-11 9.288712092130518840e+02 1.318476752673839201e+03
7.016904912778778575e-12 6.054370958589915962e-12 6.467506402344819259e-12 7.212757558262746573e-12 9.663080658257004147e-12 1.311538435102429546e-11 9.375496004059367579e+02 1.322052706869695157e+03
6.955792265432649191e-12 6.101631775930650423e-12 6.396023461458998877e-12 7.223721248222372460e-12 9.622628632736551787e-12 1.307587664312573117e-11 9.642276091319617990e+02 1.326855957506993036e+03
7.023406107413228626e-12 6.080849886168892537e-12 6.401140726520796941e-12 7.310439346724944898e-12 9.550532969116148182e-12 1.327020277677868846e-11 9.592651384083044377e+02 1.336914503482960072e+03
6.967766198245334374e-12 6.161798008740945482e-12 6.439656830398439810e-12 7.155817320432060026e-12 9.437172115172123637e-12 1.328405048551753969e-11 9.725417784825567651e+02 1.346489381914013393e+03
6.984068784167614705e-12 6.162943597091526387e-12 6.380620443092996836e-12 7.217783367290698801e-12 9.367961070820801438e-12 1.325755326922267663e-11 9.718430211032950865e+02 1.340185760773699030e+03
6.985692938600638499e-12 6.168602851007105541e-12 6.404444016195731113e-12 7.121563788320345432e-12 9.455136175205013010e-12 1.348196111530320269e-11 9.728791611585146484e+02 1.341749114698997573e+03
6.918704763186199952e-12 6.211027165491218400e-12 6.396031271583881485e-12 7.224343069804943912e-12 9.326746364255374536e-12 1.347299288053613685e-11 9.824568625104702733e+02 1.355077705938697136e+03
6.937930208868268595e-12 6.168412956760668773e-12 6.402409839187436218e-12 7.148946222410663754e-12 9.460045433417470742e-12 1.348022337175038261e-11 9.816022660214799771e+02 1.350337984130261702e+03
6.899704898826691330e-12 6.114072697733458844e-12 6.496583878156332180e-12 7.170911404478918653e-12 9.625321400363452606e-12 1.346115441725935003e-11 1.019559214394919422e+03 1.361418287424095752e+03
6.903444811108571004e-12 6.174170881994401198e-12 6.485990848881074238e-12 7.137085185916243450e-12 9.620127069644178051e-12 1.362114078482076231e-11 1.019146014115469143e+03 1.370235802791561355e+03
6.950633030958137896e-12 6.058104745868075443e-12 6.466244091686417684e-12 7.169542578760394200e-12 9.769856022896385051e-12 1.353523061134744521e-11 1.012537649219467426e+03 1.369629877819820422e+03
6.879341753252429183e-12 6.121135212119375315e-12 6.565182483758386959e-12 7.206556681045195496e-12 9.874280223490129149e-12 1.373773875577880096e-11 1.010114939922919916e+03 1.369254223789749176e+03
6.838995283096846055e-12 6.109229899496104990e-12 6.487080413514290742e-12 7.165756546965549296e-12 9.765732670804591793e-12 1.376239571924046131e-11 1.036608730158730168e+03 1.374651160171209767e+03
6.946663231230460539e-12 6.032936379307248465e-12 6.450887869251088862e-12 7.335927067857306065e-12 9.953627594809988225e-12 1.391090141414484384e-11 1.040713183495471412e+03 1.390588110934935685e+03
6.875209586276738722e-12 6.048066437591365552e-12 6.445505992916905508e-12 7.347103973473680859e-12 9.929930837401689055e-12 1.416829041141751890e-11 1.078200420772893494e+03 1.391512885239535080e+03
6.921107543305798534e-12 6.122539376695359499e-12 6.522946184118407713e-12 7.411471797198462002e-12 1.005448341513047124e-11 1.433090326345465015e-11 1.072903544387139391e+03 1.402477130094001041e+03
6.881767502852592765e-12 6.119833227324884442e-12 6.509271776432477301e-12 7.421083661005491644e-12 1.008720468642486226e-11 1.440502508060373349e-11 1.058168586956521722e+03 1.410083122947036827e+03
6.944935496981148534e-12 6.069661455813676405e-12 6.515181195286079441e-12 7.405163282439102421e-12 1.016559296379797300e-11 1.456702843203227343e-11 1.089706892826274952e+03 1.409828001079039495e+03
6.991278078710549033e-12 6.075330817119757463e-12 6.549972295689630009e-12 7.435847522953216145e-12 1.029677612878129326e-11 1.491660557675221215e-11 1.106859234114776655e+03 1.423513046253690618e+03
6.872145444415183217e-12 6.043343813679122694e-12 6.545913813873500796e-12 7.451141587624089413e-12 1.037528041242573270e-11 1.488286719366879713e-11 1.106239798064787692e+03 1.416275448466192529e+03
6.844952934353040543e-12 6.069828168151194897e-12 6.459699387086541445e-12 7.575712982896457513e-12 1.022033387175806526e-11 1.488946231884655695e-11 1.127265316882843081e+03 1.431748432293443329e+03
6.929081035354941734e-12 6.099270089262040280e-12 6.527839270634901433e-12 7.530840539232989989e-12 1.003230964600876498e-11 1.462733945445499388e-11 1.110632004981320051e+03 1.430249605708819217e+03
6.963982131237609049e-12 6.072841040984389676e-12 6.540757816783534648e-12 7.628909020734508973e-12 1.015363644814129357e-11 1.446408661945676109e-11 1.112922665019050555e+03 1.434429360248606599e+03
6.950287176188084450e-12 6.088658980817713762e-12 6.573272781473979457e-12 7.600630627780089066e-12 1.014694408758979182e-11 1.472823408189318975e-11 1.149836311941510985e+03 1.448691226196832076e+03
6.797298835595118828e-12 6.048194740245617439e-12 6.687522379046934619e-12 7.629299300629867153e-12 1.020679258809602872e-11 1.490764110119514866e-11 1.166829530473582736e+03 1.454888933989547922e+03
6.816170853419718245e-12 6.076485936793318931e-12 6.693433755361449324e-12 7.581635404031794794e-12 1.023513953848287402e-11 1.471549150921052404e-11 1.171153469795307046e+03 1.454386410827308509e+03
6.863709266777951563e-12 6.029906190971060201e-12 6.678235821771614276e-12 7.657411362911296740e-12 1.032468663502654194e-11 1.471854735870078511e-11 1.188424999999999955e+03 1.470730011702895808e+03
6.925137898128673616e-12 6.031989818485328179e-12 6.782918684052278885e-12 7.617620318147902977e-12 1.035883292765909918e-11 1.481466358162525773e-11 1.173033483014447484e+03 1.463578189706172452e+03
6.862267168738654319e-12 6.077793074534371484e-12 6.736481074345941871e-12 7.751434800162912742e-12 1.027546062236012404e-11 1.486599086749929367e-11 1.200899087967049127e+03 1.469724462660713698e+03
6.774982281275562406e-12 6.027210409885790144e-12 6.846011941581333916e-12 7.736701548561902508e-12 1.041886610978186895e-11 1.512854993134861378e-11 1.208176948365886574e+03 1.491621406713091346e+03
6.912448249372777269e-12 6.022663806751401590e-12 6.781689803012166327e-12 7.725676969100696631e-12 1.038376685358397860e-11 1.528804353112962197e-11 1.227295949855352092e+03 1.483049941315959586e+03
6.966748045559838725e-12 6.086678796577332395e-12 6.778910210894857195e-12 7.770065868679452629e-12 1.037012829635373474e-11 1.516592071230593534e-11 1.246219318181818153e+03 1.493633672262946220e+03
6.797884368739582297e-12 6.067005753815442454e-12 6.765766948520814075e-12 7.777213583533748721e-12 1.049927354598366652e-11 1.545107840255924625e-11 1.264316182024169166e+03 1.493003860272350494e+03
6.843597558726607475e-12 6.159641717340666573e-12 6.742905975178748249e-12 7.826588263870458826e-12 1.057636992905734156e-11 1.553261320350310648e-11 1.259093573217101039e+03 1.517692271750303689e+03
6.901522728670535832e-12 6.061073329979615618e-12 6.735781867518981442e-12 7.887452192576999866e-12 1.057958885538330506e-11 1.546275622163911477e-11 1.261234634282006027e+03 1.516397615789595875e+03
6.806158109300000376e-12 6.177943982552933364e-12 6.814065047599749897e-12 7.873632757391126372e-12 1.054590144542380356e-11 1.562117462733491318e-11 1.282163766257556290e+03 1.522674182534772399e+03
6.837043729785684378e-12 6.145728818583121392e-12 6.757591104687943446e-12 7.905625365243581446e-12 1.065569954696069374e-11 1.563225216049542734e-11 1.318513451892384865e+03 1.519343890678914931e+03
6.900691034979990574e-12 6.136269663238261798e-12 6.742662981931309829e-12 7.902149270931063624e-12 1.076240838449496901e-11 1.587730011506236105e-11 1.338629002911208318e+03 1.542354707115328210e+03
6.881526670412397112e-12 6.170053004435762965e-12 6.798032297200333686e-12 7.967228319291542191e-12 1.073513291589571150e-11 1.583211413397677407e-11 1.334729894322048949e+03 1.536723834278159984e+03
6.783868047777931894e-12 6.128232886622512913e-12 6.787040357149770286e-12 7.996409724037535872e-12 1.072115715042071696e-11 1.597279644220315178e-11 1.350575196954943749e+03 1.558309577527095826e+03
6.796546396037412375e-12 6.102500961111725217e-12 6.779300815096896038e-12 8.037208915254221865e-12 1.090687546155459383e-11 1.614471162801268904e-11 1.368084922316384109e+03 1.572477184294304834e+03
6.850586332743303239e-12 6.114080002517814329e-12 6.792670750097103656e-12 8.045370493062960020e-12 1.098359440220835672e-11 1.626532311664244799e-11 1.387431237464027163e+03 1.577340388928812672e+03
6.863285276454469505e-12 6.128590897957802498e-12 6.835654153776741313e-12 8.160181709093234281e-12 1.089401834605571236e-11 1.627003672521630787e-11 1.402629725754823085e+03 1.575247915087187266e+03
6.864982042701002369e-12 6.167954727426249265e-12 6.831476648868782017e-12 8.100239201251027240e-12 1.086784456477094165e-11 1.652352157940988034e-11 1.404345887778632004e+03 1.573823449990356039e+03
6.818201026802191440e-12 6.109568743964110197e-12 6.789811532707657029e-12 8.159297064840939005e-12 1.097954779655100212e-11 1.638785150161746278e-11 1.427250149355637177e+03 1.592227426744805598e+03
6.811303538132878279e-12 6.150471475269526976e-12 6.829394835369386113e-12 8.178562278122444385e-12 1.110242438849994178e-11 1.652059876840758600e-11 1.454688305084745934e+03 1.601239448550433053e+03
6.814936414570263021e-12 6.112887379089177775e-12 6.804017344170196647e-12 8.214987923349396156e-12 1.118695712089799133e-11 1.677481190798213415e-11 1.458026785714285779e+03 1.614372861504998582e+03
6.857939608883753302e-12 6.118276618840977270e-12 6.818741827013677827e-12 8.167320560423406592e-12 1.109741855123436043e-11 1.680472466035232184e-11 1.490308747005864461e+03 1.614869148056244740e+03
6.847136631577284549e-12 6.054059154238660936e-12 6.811345532263270095e-12 8.256839832474447318e-12 1.124772380134351038e-11 1.686591548154582017e-11 1.519130896128657923e+03 1.622143014118964402e+03
6.868221026712010399e-12 6.168700548128543520e-12 6.922564632044058640e-12 8.253225457968773437e-12 1.119387692380523636e-11 1.695166797798287897e-11 1.498027786858450554e+03 1.636613258422358513e+03
6.846072946683766499e-12 6.109351578145993360e-12 6.793614085460662239e-12 8.364375128253655528e-12 1.123913441002886145e-11 1.714508637408973452e-11 1.521692918489709882e+03 1.627229408311572570e+03
6.881196981647110385e-12 6.141752034108127846e-12 6.829412217667596148e-12 8.227646767135454049e-12 1.134272165550667755e-11 1.716152121173429819e-11 1.542558396793587008e+03 1.647100752061616504e+03
6.898440665779726918e-12 6.099695155293742236e-12 6.855276746818017118e-12 8.368252737843534386e-12 1.135017875038319111e-11 1.742967095642867054e-11 1.567191833466773460e+03 1.663219020979021025e+03
6.912118972074105107e-12 6.166241140295153187e-12 6.824962478981202361e-12 8.314427195993550445e-12 1.137879381536745391e-11 1.757062476427714143e-11 1.592624312475089710e+03 1.659440650018872702e+03
6.934112070201339688e-12 6.129446236184591125e-12 6.829238336527576427e-12 8.408621165962519918e-12 1.152384497872847616e-11 1.744407210457556087e-11 1.643974905897114013e+03 1.680823520212682752e+03
6.959346210140842585e-12 6.163965133335913482e-12 6.882192664078439235e-12 8.413212330651340337e-12 1.144813592154294948e-11 1.767250373373456744e-11 1.611860907531576686e+03 1.680925007283674859e+03
