nan nan nan nan nan nan nan 0.000000000000000000e+00
2.022769625409370775e-11 nan nan nan 5.220639198721954699e-11 5.587555071406846707e-11 nan 3.889754490726815561e-11
2.011842914484418672e-11 nan nan 3.068038878506484934e-11 nan 1.906720094313474334e-11 1.633943674805848900e-11 5.618457551056128850e-11
1.067862291648236095e-11 nan 3.407280013689728548e-11 nan 2.484257591306437973e-11 2.790618777726017186e-11 2.005792522815260181e-11 5.366756691826957137e-11
2.600696278702111663e-11 3.730233945805257221e-11 nan 3.005781387677153305e-11 nan 4.792100050110548182e-11 2.602585276919218782e-11 2.454584185479929606e-11
1.344471629986672656e-11 3.335392795289493894e-11 3.346525041208232351e-11 nan 3.818975691238790660e-11 2.775398892188955124e-11 1.054333258928571377e+04 3.345424147727272793e+04
1.317581981019610993e-11 2.981196154136808739e-11 2.902217355327252335e-11 3.391645991834835172e-11 2.415175871794961182e-11 9.028436523437500000e+03 1.401695507812500000e+04 1.832167013888888687e+04
1.830751753898832867e-11 4.444393926957464245e-11 3.523968616914174845e-11 3.300182944381597536e-11 2.360541055553126790e-11 1.450728846153846280e+04 1.811543750000000000e+04 1.946037500000000000e+04
2.594748684920115026e-11 3.236848091146627985e-11 3.074602146953726887e-11 2.724138009186232926e-11 1.370613839285714130e+04 1.443492187500000000e+04 1.472391346153846280e+04 1.489741454081632583e+04
2.245508609972731753e-11 3.272100539237936264e-11 3.086298863533777327e-11 2.641310087314607813e-11 9.792654687500000364e+03 1.159637421875000109e+04 1.192341493055555475e+04 1.557953424657534197e+04
2.581218245681197187e-11 2.863572959002327545e-11 2.704140951563390149e-11 6.654130434782608063e+03 1.229950183823529369e+04 1.129830113636363603e+04 1.286366440217391209e+04 1.473359577922078097e+04
2.605595104755918273e-11 3.141290622683041289e-11 2.964550509838253451e-11 7.102597656250000000e+03 6.822784090909090992e+03 8.387127232142856883e+03 1.199208928571428442e+04 1.087778571428571377e+04
2.684975010995048600e-11 2.630546458166735432e-11 2.751517195905121917e-11 7.744169763513514226e+03 7.591052662037036498e+03 9.811114020270269975e+03 9.541597222222220807e+03 1.379923863636363603e+04
2.643426439598741370e-11 3.560950721284908779e-11 2.741269761029411711e+03 5.703582974137931160e+03 6.737661111111111495e+03 8.136484848484848953e+03 9.091907094594595037e+03 1.151576896551724167e+04
2.740790016169644701e-11 3.187828572543643049e-11 2.355905381944444343e+03 6.402240489130434980e+03 6.150560937500000364e+03 6.840863095238094502e+03 7.727768581081081720e+03 8.833270061728395376e+03
2.595684230935206483e-11 3.054217784031825866e-11 2.791763297872340445e+03 5.388560221354166060e+03 5.426745710784313815e+03 6.050728750000000218e+03 6.998322500000000218e+03 8.485441406250000000e+03
2.652898207624675415e-11 2.922989732856009827e-11 4.930180555555555657e+03 4.478007971938774972e+03 5.298487980769231399e+03 6.021073138297871992e+03 6.459379289215686185e+03 6.900736675126902810e+03
2.627025646825916016e-11 2.619098390547033418e-11 4.001366608796296077e+03 4.058974232456140271e+03 4.790082031250000000e+03 5.441292613636363967e+03 5.619784375000000182e+03 7.243557228915661653e+03
2.438537956036987158e-11 3.051516975613058466e-11 3.172416666666666515e+03 3.876544427710843593e+03 4.738178125000000364e+03 5.167795634920634257e+03 5.380836371527777374e+03 6.435226284584980021e+03
2.742678811335446891e-11 3.057742577657525933e-11 2.507171549479166515e+03 4.092781250000000000e+03 4.356268895348836850e+03 4.677126785714285688e+03 5.399959415584416092e+03 6.229685655737705019e+03
2.939027637612869136e-11 3.085429311571706047e-11 3.448123798076923322e+03 3.480025510204081456e+03 4.406009417808219041e+03 4.444306107954545951e+03 5.268446536144578204e+03 5.516520367412140331e+03
2.837483158488328590e-11 3.228676300674001441e-11 3.284360252808988662e+03 3.424414268092104976e+03 3.729538056930693074e+03 4.188891715116278647e+03 4.838362500000000182e+03 5.872055039787797796e+03
2.762675091730049635e-11 3.210192947550591224e-11 3.037281839622641201e+03 3.127337442660550550e+03 3.865802827380952294e+03 3.903844642857143299e+03 4.232787760416666060e+03 5.590455223880597259e+03
2.950959603660001773e-11 3.497150591712498123e-11 2.210806024774774869e+03 3.137761931818181893e+03 3.311350840336134297e+03 3.917818396226414734e+03 4.573339912280701355e+03 5.178279213483146123e+03
2.994768039424910041e-11 3.421564006781376851e-11 2.653904789719626024e+03 3.127681139380531022e+03 2.969279575892856883e+03 3.544576155462184943e+03 4.051372532894736651e+03 4.356188360091743561e+03
2.648572128439546948e-11 3.607549814432786790e-11 2.430785543893129670e+03 2.768703506097561331e+03 2.837780793795620411e+03 3.003858527131782921e+03 3.850801757812500000e+03 4.304733364140480262e+03
2.766026913687053367e-11 3.399174848405275425e-11 2.235643656716417809e+03 2.449834437086092748e+03 2.805867063492063153e+03 3.106806737588652595e+03 3.346189797794117567e+03 4.141327981651376831e+03
3.088801064406722451e-11 3.507056797746876953e-11 1.584626986994219578e+03 2.401214285714285779e+03 2.604234467455621143e+03 3.104964732142856974e+03 3.263578987730061272e+03 3.999186752136752148e+03
3.058188410796296209e-11 3.428683876498845234e-11 2.114719866071428442e+03 2.185781626506024168e+03 2.433618750000000091e+03 2.709527562111801217e+03 3.055421875000000000e+03 3.751021704180064262e+03
2.840760023466455732e-11 3.332428659260667950e-11 1.934365151515151410e+03 2.230565119760479320e+03 2.266989817415730158e+03 2.575606526243093867e+03 2.950929824561403166e+03 3.523877674750356618e+03
2.813243405168533388e-11 3.741954041563995433e-11 1.877338175675675757e+03 1.983678498641304259e+03 2.184786428571428587e+03 2.559303353658536707e+03 2.799959548611111131e+03 3.444408653846154266e+03
2.828444844131231491e-11 3.407559268766840329e-11 1.474906559405940698e+03 2.221721507352940989e+03 2.012771036585365891e+03 2.483175914634146466e+03 2.629667892156862763e+03 3.320494267515923184e+03
2.828223465908529686e-11 3.653818847053098808e-11 1.780294987922705332e+03 1.885502367424242493e+03 2.156074999999999818e+03 2.328505839646464665e+03 2.630555693069306926e+03 3.027158671586716082e+03
3.071380956203324205e-11 3.539534763477118132e-11 1.718103169856459317e+03 1.803230813953488450e+03 1.966197828389830420e+03 2.236065033783783747e+03 2.776381057268722543e+03 2.991503436426116878e+03
2.908049256145314243e-11 3.609820645930705527e-11 1.700929102422907590e+03 1.808503984063745065e+03 1.926777616279069662e+03 2.193102459016393368e+03 2.405237554112554335e+03 2.852956510138740668e+03
2.660021929499612711e-11 3.781845947514738849e-11 1.244811631944444343e+03 1.702549372146118685e+03 1.838691335740072191e+03 2.056795263452914696e+03 2.367077205882352700e+03 2.702203610832497361e+03
2.659528451020280668e-11 3.544877354618354602e-11 1.400826171875000000e+03 1.530609800170067956e+03 1.789520196506550064e+03 1.858237896126760688e+03 2.207816391050583661e+03 2.543411951219512048e+03
2.725601390834729053e-11 3.660589461181492308e-11 1.379175968634686342e+03 1.536776601239669390e+03 1.772286752491694415e+03 2.003704017857142844e+03 2.145987118320610534e+03 2.636047790802524560e+03
2.801011057083341574e-11 3.554789647826813648e-11 1.287465635048231434e+03 1.446289902280130264e+03 1.570301529255319110e+03 1.720941163003662950e+03 1.988066964285714221e+03 2.427713414634146375e+03
2.848909879934294067e-11 3.592338707205187821e-11 1.155119639967637568e+03 1.473279926710097698e+03 1.594454397394136777e+03 1.717848809523809450e+03 1.956621394230769056e+03 2.267264551333872078e+03
2.858090558715273713e-11 3.721003629443544447e-11 1.347606132075471805e+03 1.447587998466257659e+03 1.572998901757188378e+03 1.665335115131578959e+03 1.907961153846153820e+03 2.240836538461538566e+03
3.055802250842854525e-11 3.577556699522849091e-11 1.327471865558912441e+03 1.400641174121405584e+03 1.485981232294617712e+03 1.588953521126760734e+03 1.876902529761904589e+03 2.235301359516616230e+03
2.917828837907891276e-11 3.665259310529362473e-11 1.198467033959537503e+03 1.314000482005141293e+03 1.475635750728863059e+03 1.552976495726495841e+03 1.842287360335195672e+03 2.061221598877980341e+03
2.996798266072922848e-11 3.594390934762127140e-11 1.022393916464891049e+03 1.200214729532163574e+03 1.387365554156171356e+03 1.534797364672364665e+03 1.725021262886597924e+03 2.031447972972973048e+03
3.017560071450031093e-11 3.933509263105762787e-11 1.206785539215686185e+03 1.249416666666666742e+03 1.319734895833333439e+03 1.493401829268292659e+03 1.644232142857142662e+03 1.931848174247277257e+03
2.953243571783360129e-11 3.630878360173848562e-11 1.157305352798053491e+03 1.201623286553524849e+03 1.255645408163265301e+03 1.458661654135338267e+03 1.630177267002518875e+03 1.863895909645909569e+03
2.875392567249765543e-11 3.744607370177323200e-11 9.545825471698112779e+02 1.187194016587677879e+03 1.242937733208955251e+03 1.460489849187935079e+03 1.624077933985329992e+03 1.795990691489361552e+03
2.980182712540764859e-11 3.774763810169032643e-11 9.020479074889868798e+02 1.108327957708779422e+03 1.244574887387387435e+03 1.366344323394495405e+03 1.492107378854625722e+03 1.770340254706533642e+03
3.117229334679424353e-11 3.663539889923602010e-11 1.010396840659340683e+03 1.121761718750000000e+03 1.161741576086956456e+03 1.336937903225806394e+03 1.464215859030837237e+03 1.778651098901098976e+03
3.043679518249377426e-11 3.609017269738685994e-11 1.039203225806451655e+03 1.032720332278481010e+03 1.195262152777777601e+03 1.303097109533468483e+03 1.468660529045643216e+03 1.672437268395976844e+03
3.017665978211070410e-11 3.618309725913111835e-11 8.842923666007905013e+02 1.054038759689922472e+03 1.141780136268343767e+03 1.239880867346938885e+03 1.394153692614770307e+03 1.647531358453148187e+03
3.014829535231700441e-11 3.754123303946688859e-11 8.535478195164075714e+02 1.007227353238866385e+03 1.080208024118738422e+03 1.235766859344894101e+03 1.385361940298507534e+03 1.545309985802176925e+03
3.019838341613455887e-11 3.707323337209800229e-11 9.567905745967741495e+02 9.675921336206896513e+02 1.043428988326848184e+03 1.153842261904761926e+03 1.318590630885122437e+03 1.549606545961002894e+03
3.091771062796099710e-11 3.727362451610571002e-11 9.515534811580881751e+02 9.893869382022471655e+02 1.068055416666666815e+03 1.132918417667238373e+03 1.307089955357142799e+03 1.448120751341681625e+03
3.185138719634830582e-11 3.711272320936093485e-11 8.223099001663894114e+02 9.426139579759862954e+02 1.098096550179211363e+03 1.133146551724137908e+03 1.251050921955403055e+03 1.461980477223427215e+03
3.141736258190088997e-11 3.501642266189277014e-11 7.698712641357027451e+02 9.759254000000000815e+02 1.000098923841059559e+03 1.115505636070853370e+03 1.253647875816993519e+03 1.372418108651911325e+03
3.079639354775489634e-11 3.691580231926657167e-11 8.503498349834983401e+02 9.013256147540984102e+02 9.854402955271565361e+02 1.088101475279106808e+03 1.272964717741935374e+03 1.366160065332788918e+03
3.242797297568916596e-11 3.700274623155750608e-11 8.540017387944358234e+02 8.863124004777070013e+02 9.670784534534534487e+02 1.045042851500789766e+03 1.194104829093799708e+03 1.356623191165270327e+03
3.169363074897988572e-11 3.729288789441225707e-11 7.364927175516223770e+02 8.495785437235542759e+02 9.345291149068322056e+02 1.001295373027259757e+03 1.200406841339155790e+03 1.349845166163142039e+03
3.144165766020722357e-11 3.630670055197417507e-11 7.072899493243243114e+02 8.736552795031054757e+02 9.133006076388888914e+02 1.023845566318927013e+03 1.070268136557610205e+03 1.266866064981949421e+03
3.058511454891411231e-11 3.663905457827615553e-11 7.921029521674140597e+02 8.542928890306121730e+02 9.296354613733905126e+02 9.782470394736841399e+02 1.146781205923836296e+03 1.263536034482758623e+03
3.103749261854362223e-11 3.653448126314204116e-11 7.811554878048780211e+02 8.341900143678160475e+02 8.797081686429512501e+02 9.618257887517146401e+02 1.076101275510204005e+03 1.225567446951835564e+03
3.236915974016185795e-11 3.716449091170829104e-11 6.688814586007702019e+02 8.332712025316455993e+02 8.866887634770889690e+02 9.430866554054055086e+02 1.053528446033810269e+03 1.187044127243066896e+03
3.039878298248106583e-11 3.819805007740515772e-11 6.586005930656934879e+02 8.079924623115578015e+02 8.664519468479603574e+02 9.394154456654456453e+02 1.040244565217391255e+03 1.200294353594569657e+03
3.075701272071404684e-11 3.641843335237152425e-11 7.570686397984886753e+02 7.970943337484433187e+02 8.743414522058823195e+02 9.507430466751918630e+02 1.005510221598002545e+03 1.153735376477909085e+03
2.941341923283486458e-11 3.493856703489038546e-11 7.258028201219511857e+02 7.845329063604240218e+02 8.141456155632985201e+02 9.344658895881007084e+02 1.021955555555555520e+03 1.129891369047619037e+03
3.073687970811534016e-11 3.593902710194963697e-11 6.058248403019744046e+02 7.579184597961495911e+02 8.248163730255163273e+02 8.624614595545134534e+02 9.946337457337883734e+02 1.086245458540873187e+03
3.029137724966216593e-11 3.695829242230707456e-11 6.365116623711339798e+02 7.551039691943128673e+02 7.910547290116896875e+02 8.799622993119266994e+02 9.493748612652608472e+02 1.092579757592644228e+03
3.052622991963056146e-11 3.501300783474034658e-11 7.281554171494785805e+02 7.082055785123967553e+02 7.882757022471911341e+02 8.278296696149844820e+02 9.111551438053097627e+02 1.062543481200973702e+03
3.127484744610505601e-11 3.527667949068937055e-11 6.504840933191941303e+02 7.280372712594186169e+02 7.699433434959350961e+02 8.450439814814815236e+02 9.227615863347457434e+02 1.042325672499347093e+03
3.142560065599993526e-11 3.569059732289495123e-11 6.058792372881355277e+02 7.114702198364009291e+02 7.583678475935829510e+02 7.879357902735563357e+02 8.690455254942768306e+02 1.025811843790012745e+03
3.052457254328866335e-11 3.550368604122697442e-11 6.087269278606964917e+02 6.995704137587238165e+02 7.340915048543688499e+02 8.095420204795204882e+02 9.028304794520547603e+02 9.939896278601961512e+02
3.200848852062281891e-11 3.648632796953417038e-11 6.679007642998027450e+02 7.000575339147286513e+02 7.279689334637964748e+02 7.777764563106795777e+02 8.881285926660059431e+02 9.995124117790215905e+02
3.144287249043932119e-11 3.626189982156022749e-11 6.210559523809523625e+02 6.891860273327049526e+02 7.328349492151430695e+02 7.636792626728110918e+02 8.391208371877891068e+02 9.598394968699280980e+02
3.067244584523118488e-11 3.650702898774090789e-11 5.937088512891344863e+02 6.740278520499108481e+02 7.067605642115203182e+02 7.748845567542214212e+02 8.514451219512194484e+02 9.625128354725787858e+02
3.128026976415051070e-11 3.668273884731343915e-11 5.757764483627204299e+02 6.652218543046357127e+02 6.865727040816326507e+02 7.583349687778769521e+02 8.223907354240282075e+02 9.208204013377926458e+02
3.116586479447987298e-11 3.655079524233494156e-11 6.400394886363636715e+02 6.579662218515429686e+02 6.939450723327305468e+02 7.324963910761155148e+02 8.012476831421006409e+02 9.075303980960622994e+02
3.100862479483182637e-11 3.576733970728835499e-11 5.806002043889844799e+02 6.532888962765957785e+02 6.804339211618257650e+02 7.271837986463621064e+02 7.798126609442059589e+02 8.750684171597632712e+02
3.096589938366437401e-11 3.566352959449211911e-11 5.698119350862776855e+02 6.569136207592891878e+02 6.836304508890769966e+02 7.018551276771005405e+02 7.809533705541770132e+02 8.656190426638918325e+02
3.082226895364725530e-11 3.541006346190756849e-11 5.517832541567695444e+02 6.373171824104234702e+02 6.550721726190475920e+02 7.036453112368633356e+02 7.674189148681055030e+02 8.655930536036941021e+02
3.227462741506315069e-11 3.476009033509044444e-11 6.203518957345971785e+02 6.334106793265466422e+02 6.598037369057211663e+02 6.991611089187056223e+02 7.439966473178542401e+02 8.549763506827626998e+02
3.153594028036598362e-11 3.539298931008646937e-11 5.434739461358313974e+02 6.281811432453415591e+02 6.520818802122820443e+02 6.841934865900383329e+02 7.631903838880484727e+02 8.239918032786885078e+02
3.130703945672585235e-11 3.568090839443616425e-11 5.336444029850746347e+02 6.173712580185317620e+02 6.335052480916029936e+02 6.774609890109890102e+02 7.260863161819537481e+02 8.056169895678092416e+02
3.193836462814195860e-11 3.590921796079248836e-11 5.270621993127148244e+02 5.884462209302325846e+02 6.230001758087200869e+02 6.831125852918877399e+02 7.127993231046931442e+02 7.838681459746928795e+02
3.146126868554035233e-11 3.556106544730789935e-11 5.730774425287356735e+02 5.879683242506811212e+02 6.117170126019273084e+02 6.483121978591159404e+02 7.251038503253795398e+02 7.828816263974035792e+02
3.134178388717743146e-11 3.465130238151594497e-11 5.208795327754532991e+02 5.878244301994302532e+02 6.122401828029790067e+02 6.680501748251748495e+02 7.029950623700623282e+02 7.662840654608096429e+02
3.190378636336409560e-11 3.595244258038616203e-11 5.211434970139349616e+02 5.769833812584573707e+02 6.240905821917808680e+02 6.435359915314044201e+02 6.963614922086720753e+02 7.718033792871552805e+02
3.111248049315741678e-11 3.681719574343981822e-11 4.994469041278296118e+02 5.723764063534083562e+02 6.112731068121693170e+02 6.289670903497409427e+02 6.640664840637449515e+02 7.643983291562238946e+02
3.111292711975237785e-11 3.565119876587090427e-11 5.584388157894736651e+02 5.623745836109260381e+02 5.951399429147078308e+02 6.264232107355865082e+02 6.769280152418820080e+02 7.315551531116232127e+02
3.176855892788260637e-11 3.561383306093130940e-11 5.058210299744897611e+02 5.699915060050569764e+02 5.913327443146895348e+02 6.160742504684571941e+02 6.559445450251888587e+02 7.216407721280603482e+02
3.195645721235237425e-11 3.486645916960499272e-11 5.006169554455445336e+02 5.557351008557457135e+02 5.696808064005069809e+02 6.163575401730530530e+02 6.634865074441687511e+02 7.159277995301488318e+02
3.235380869564782950e-11 3.601605764391218270e-11 4.968391812865497172e+02 5.539553016169154489e+02 5.761921884229178659e+02 6.013794191919192826e+02 6.505853458556946407e+02 6.997207324547961207e+02
3.179834559567364263e-11 3.569431292980992851e-11 5.117050139491630034e+02 5.522286549707602035e+02 5.732138526119402968e+02 5.967924298797938718e+02 6.216631670709521131e+02 7.019268923713779031e+02
3.126583764572129705e-11 3.599658949568175926e-11 4.881443990665110277e+02 5.411818962940824349e+02 5.619285664040518213e+02 5.900443047337278131e+02 6.434380868544601526e+02 6.840856625633598469e+02
3.179986204754335006e-11 3.667769474140561778e-11 4.908447033898304994e+02 5.335678511471741103e+02 5.407103393271461300e+02 5.953651841804683045e+02 6.289974212034383072e+02 6.917125480153648596e+02
3.199037314119735206e-11 3.561550439675285562e-11 4.883365331491713164e+02 5.279063200672645735e+02 5.592481607440311109e+02 5.863493036211699518e+02 6.196030799112097611e+02 6.647876493470407695e+02
3.170267691934444762e-11 3.581295211139890910e-11 5.058648351648351422e+02 5.247774930747922326e+02 5.386283333333333303e+02 5.782934586570477222e+02 5.951657952669235101e+02 6.533882091212458363e+02
3.214383416893889137e-11 3.610514935259918074e-11 4.817992663192540022e+02 5.177382004896627450e+02 5.466307374935533971e+02 5.652664473684210407e+02 6.115170666666666648e+02 6.568972345281246135e+02
3.100725864682331355e-11 3.538292179837103407e-11 4.681715508298755140e+02 5.235813403089188114e+02 5.456971179989124039e+02 5.510779168886521120e+02 5.870375519750519970e+02 6.392531842994540057e+02
3.160509221924060742e-11 3.545697259472968659e-11 4.723956057596822120e+02 5.145884261763116001e+02 5.328247351160443941e+02 5.603297036082474278e+02 5.805561435209086767e+02 6.266157120743033602e+02
3.207617442569060368e-11 3.511413858635620515e-11 4.863894435569755501e+02 5.170569120505344927e+02 5.276879903242677301e+02 5.505851990049750384e+02 5.770227445514444753e+02 6.277734939759036479e+02
3.174341517076649255e-11 3.574395998040210967e-11 4.552608272506083154e+02 5.246629429892142298e+02 5.172983183325437722e+02 5.479084067547724999e+02 5.619810700099304768e+02 6.113288066855105853e+02
3.121718655608744449e-11 3.553186576107313577e-11 4.592510822510822663e+02 5.027123803827751090e+02 5.081138348917322674e+02 5.414204825209257024e+02 5.591088120740020031e+02 6.062322510298037059e+02
3.195460979736075947e-11 3.635942982399366430e-11 4.577351934874941435e+02 4.948754113775270298e+02 5.114165083135391683e+02 5.226764289088332589e+02 5.558673578199052372e+02 5.839457591377694143e+02
3.199319373343625860e-11 3.537756435959286147e-11 4.679682362611554822e+02 4.948534686172723127e+02 5.096275128564749934e+02 5.301507624768946698e+02 5.461436145146088847e+02 5.823225634967512860e+02
3.184407703289188512e-11 3.553554460227966543e-11 4.547811061233886107e+02 4.986375807940904679e+02 4.998152834008097329e+02 5.292994428969359433e+02 5.479026653171390535e+02 5.868022053756030800e+02
3.172235521302630195e-11 3.534898183601572794e-11 4.417435752930567787e+02 4.948957136544410105e+02 4.971945341328413406e+02 5.216608570159858118e+02 5.403512228260869961e+02 5.772360798016230774e+02
3.178953920644404051e-11 3.592463689330668886e-11 4.527950802364865126e+02 4.845791834903544100e+02 4.988352738249245704e+02 5.047654094348019385e+02 5.346994150779895563e+02 5.767950443058746259e+02
3.198036639751020626e-11 3.606915336207842220e-11 4.448890404729422130e+02 4.765848290598290760e+02 4.834683474011550288e+02 5.132131941455014612e+02 5.354008754432624073e+02 5.590221594612208946e+02
3.242432405392579558e-11 3.661083135482493178e-11 4.461555484963998310e+02 4.864685748167313477e+02 4.816298096602537839e+02 5.031190928270042377e+02 5.191878960709758530e+02 5.550462175945601757e+02
3.244360844293769393e-11 3.540096251462098447e-11 4.393895565685867837e+02 4.888021909880115459e+02 4.897710210210209993e+02 4.984916985951468860e+02 5.203309593632174028e+02 5.525535732970597564e+02
3.222635948646701835e-11 3.598088511810821002e-11 4.362354344295574720e+02 4.777058497784937572e+02 4.798856273215022838e+02 4.906659638554216940e+02 5.091314506298252809e+02 5.313257934508816334e+02
3.186268502916289162e-11 3.524907255060277276e-11 4.360740012106537620e+02 4.644646341463414387e+02 4.771063755020080634e+02 4.970871878837494933e+02 5.036896482005660687e+02 5.272801155952139425e+02
3.190698003868609121e-11 3.580407074874917463e-11 4.333435360451067595e+02 4.712345561775289866e+02 4.738351701469451314e+02 4.887068021892102934e+02 5.015755722178374185e+02 5.242317036890123063e+02
3.159451670806483394e-11 3.475349785730941144e-11 4.295017327685791315e+02 4.667872057706910027e+02 4.719226475279106694e+02 4.859174021488871631e+02 5.030029002320185896e+02 5.226987758670941275e+02
3.179844088949234818e-11 3.529125099888396540e-11 4.204149503493931661e+02 4.610702422821415212e+02 4.713140437874251916e+02 4.782635571652310205e+02 4.955253698786039536e+02 5.178030331753553810e+02
3.194382873229216668e-11 3.594227105543581566e-11 4.293765261914139160e+02 4.608887827510917532e+02 4.613541270445036275e+02 4.781883789785343879e+02 4.930370894677236606e+02 5.208837760910815859e+02
3.277178727394944719e-11 3.615196678935885503e-11 4.309475027342325575e+02 4.462202221371122164e+02 4.641418458781362233e+02 4.744273255813953369e+02 4.897381944444444457e+02 5.100214043450362169e+02
3.180326590314935216e-11 3.601142329622518504e-11 4.224765793251974060e+02 4.481843615494978508e+02 4.604546646684151483e+02 4.796960072595280735e+02 4.793767297887837344e+02 5.019545578726891790e+02
3.170545529524337847e-11 3.618433711064528217e-11 4.150408619456366068e+02 4.597285065859736619e+02 4.473318843151171222e+02 4.646870982142856974e+02 4.771968872636460901e+02 4.948293826286927128e+02
3.246647791948154252e-11 3.601133551200562725e-11 4.180787425673312327e+02 4.454682498260264651e+02 4.622744222689075855e+02 4.635656525573192539e+02 4.709797652417659037e+02 4.896872362869198128e+02
3.187084645769269369e-11 3.565219578646428332e-11 4.163082926403906185e+02 4.451382508833922316e+02 4.545280707723715636e+02 4.580232252038043157e+02 4.663252929014472556e+02 4.922625683771815943e+02
3.232514374277555586e-11 3.531650496950469998e-11 4.163676270030684918e+02 4.478426475436861551e+02 4.443657618213660498e+02 4.524206104252399996e+02 4.746454621848739635e+02 4.876564071958393924e+02
3.287417642402886566e-11 3.568184298655058998e-11 4.072633928571428328e+02 4.420115424076607269e+02 4.487504054492377463e+02 4.549690842245989302e+02 4.623101959481899712e+02 4.756611281880867068e+02
3.270115786277521845e-11 3.618451116969193227e-11 4.010098572399728027e+02 4.428243503368623806e+02 4.467915129151291467e+02 4.455256221349050634e+02 4.670043089161418379e+02 4.772331783704428858e+02
3.173955774130968898e-11 3.525638685299286505e-11 4.075888115284974447e+02 4.432173000987166915e+02 4.412878310214375688e+02 4.424674613402061709e+02 4.537134714193962282e+02 4.668543469470279206e+02
3.233066890905158034e-11 3.533629754950082981e-11 4.167569974554707528e+02 4.352459974383605186e+02 4.369763934426229639e+02 4.453543464365612294e+02 4.583190778755295014e+02 4.732773506327086466e+02
3.242586111449089566e-11 3.594215120793192069e-11 3.945149456521739353e+02 4.350719019728729791e+02 4.378624652884911939e+02 4.398675538656527237e+02 4.589349199014171745e+02 4.675267356787048811e+02
3.194692690551338183e-11 3.525818795634797028e-11 4.032199813838038835e+02 4.391348653304102641e+02 4.347312228429547076e+02 4.402867331288343848e+02 4.462117067833697774e+02 4.612017223989448667e+02
3.179495788408857675e-11 3.557828719982441946e-11 4.092406670746633495e+02 4.353146016358679162e+02 4.358596372901678251e+02 4.421495603395997591e+02 4.452521765235665043e+02 4.580174048232974542e+02
3.190047259595641398e-11 3.578649467964262226e-11 4.060076310303752507e+02 4.295414580265095310e+02 4.247078331794398309e+02 4.362229770080621165e+02 4.365129607431825320e+02 4.493945873205741464e+02
3.227801448775049383e-11 3.597996690416234542e-11 3.887120017206767670e+02 4.265097105578884111e+02 4.267059329320722441e+02 4.311153960690887743e+02 4.356164573598130687e+02 4.427326278398579120e+02
3.180693626480520014e-11 3.553744045424610705e-11 3.978802584134615472e+02 4.291461636466591472e+02 4.177890602055800287e+02 4.294469192941856477e+02 4.304626562045917240e+02 4.418061739067790086e+02
3.222741246447156894e-11 3.588573477872980498e-11 4.050382063356163940e+02 4.247697598253275260e+02 4.265795613789237564e+02 4.232306234203875306e+02 4.282303739651727597e+02 4.379504523758637333e+02
3.217303918982721685e-11 3.560212399879734730e-11 3.968981494413407631e+02 4.259401975896860790e+02 4.177508613264427595e+02 4.281656331122007373e+02 4.308993331441543546e+02 4.275310274310697309e+02
3.186321246646310926e-11 3.487991699101187865e-11 3.837547065337763001e+02 4.229894014962594042e+02 4.232496564046179515e+02 4.181892484914975512e+02 4.259683947879124162e+02 4.332774967080185888e+02
3.191028839534708444e-11 3.517662582195199589e-11 3.966492923244420581e+02 4.228414066776135769e+02 4.209819711538461320e+02 4.156686213991769705e+02 4.230373354360943949e+02 4.224331472530465135e+02
3.172568995189221914e-11 3.553149029051247411e-11 3.961037132752992420e+02 4.216787087912088055e+02 4.183515876205787549e+02 4.170166442953020010e+02 4.153489261744966257e+02 4.231630044082739914e+02
3.191534703445757238e-11 3.577442332282490561e-11 3.959640812250332829e+02 4.237168044432963256e+02 4.140595077998924012e+02 4.114277777777778056e+02 4.182012162876784487e+02 4.156175121335017479e+02
3.235984273895699659e-11 3.591113887987436952e-11 3.759731100963977610e+02 4.190203661172655529e+02 4.132492040244523537e+02 4.130642529665587404e+02 4.207042500649856720e+02 4.160020662512299623e+02
3.184383233373218198e-11 3.583615490065894239e-11 3.911867509986684013e+02 4.125872747747747553e+02 4.143780664732261130e+02 4.155724047141424080e+02 4.125561344100026417e+02 4.133198701882912474e+02
3.242647270691316278e-11 3.546348511342915282e-11 3.896361068799187706e+02 4.145412023840373195e+02 4.149193538189175570e+02 4.102393507826533323e+02 4.090280017921147078e+02 4.066606135513721938e+02
3.226605787754614788e-11 3.619582171122085700e-11 3.945131250000000023e+02 4.112243256619648264e+02 4.002058748728382511e+02 4.028037333165449354e+02 4.126769211451532442e+02 4.064464274492553386e+02
3.239536184108146350e-11 3.555984646535339442e-11 3.668019226059270181e+02 4.113438119425173340e+02 4.076464948705422557e+02 4.021439985362283664e+02 4.114655235988200843e+02 4.022614958448753555e+02
3.243067242034542336e-11 3.528931006947747571e-11 3.871719134284308552e+02 4.079705521472392888e+02 4.014212769872423792e+02 4.069997820129546540e+02 4.044513074291299972e+02 4.044350149636597394e+02
3.216918934465500708e-11 3.561574179459334041e-11 3.924731494920173986e+02 4.125359898721968079e+02 4.029947668886774750e+02 4.035669548960037787e+02 3.996323991302246554e+02 3.965938117773916929e+02
3.214691498171116878e-11 3.549441397242593458e-11 3.852543144208037802e+02 4.114621564974382864e+02 4.026291294911984551e+02 3.953806409025443713e+02 3.964587461665487353e+02 4.013715238492229105e+02
3.232580428054343033e-11 3.533760435553368248e-11 3.691775222045092164e+02 4.074576428914505186e+02 4.002647193585337959e+02 4.039123288479697749e+02 3.993205500116036433e+02 3.971478227654698685e+02
3.220782762070558839e-11 3.567607889988763405e-11 3.781206855510592959e+02 4.073272825101948342e+02 3.980585237983034972e+02 3.980623010459299280e+02 3.958053417308141206e+02 3.912502165002021002e+02
3.209117618943728770e-11 3.610293956794689406e-11 3.876089598001362901e+02 4.055729931192660729e+02 4.024076062639821316e+02 3.949301462188713572e+02 3.916134545038866008e+02 3.900742013634570640e+02
3.230283520069507341e-11 3.571104573213462720e-11 3.780096694400719457e+02 4.036379671574179042e+02 3.998722602739725858e+02 3.912132270379519809e+02 3.925819318181818289e+02 3.878155809610051392e+02
3.233771110744580345e-11 3.562456123694245333e-11 3.679776756221096434e+02 4.024485391036906776e+02 3.997972712238147892e+02 3.982314669652855628e+02 3.899686812582490347e+02 3.868808840571712153e+02
3.228717754730280308e-11 3.556987936761512409e-11 3.864226242850858171e+02 4.034074463376853714e+02 3.953644397510004183e+02 3.924589601046435519e+02 3.922765828369733185e+02 3.792553726313462903e+02
3.241857467372476047e-11 3.616767585812524376e-11 3.849932241977450076e+02 4.011258938244853880e+02 3.941692867693606104e+02 3.975318701466782159e+02 3.877443802183686898e+02 3.759172208516571914e+02
3.201326961909018625e-11 3.600912572951727091e-11 3.774024115755626667e+02 4.018798752358985098e+02 3.966601477618427225e+02 3.895255091103965697e+02 3.870528671924962509e+02 3.765193254817987167e+02
3.228148961301917436e-11 3.602170154776081276e-11 3.673224648747709011e+02 3.987687935161009705e+02 3.923220496894409735e+02 3.889374471458773428e+02 3.836036591768165067e+02 3.775086475085684015e+02
3.176033602956109135e-11 3.637633583072792371e-11 3.798564645922746763e+02 3.939238383838383584e+02 3.997666384061042777e+02 3.881269738209016964e+02 3.807397810218977838e+02 3.703444693845591473e+02
3.259286045536193577e-11 3.574247218834167417e-11 3.828417132216014807e+02 3.984416314677930018e+02 3.878739130434782396e+02 3.881307246081823905e+02 3.835556220095693902e+02 3.748125095853994821e+02
3.258263597072260976e-11 3.625688053647239490e-11 3.719383612941881552e+02 3.945340841436793085e+02 3.896763611337683528e+02 3.860749948738978787e+02 3.775438808373590973e+02 3.744545798255784916e+02
3.254959382036380840e-11 3.598776272987078527e-11 3.594852150537634543e+02 4.022400462497486728e+02 3.900125978719132718e+02 3.792324226497421478e+02 3.733841731653669171e+02 3.664938441519443018e+02
3.235178614754085224e-11 3.649612247233568518e-11 3.786211007798440278e+02 3.902385125767478371e+02 3.892722674072604718e+02 3.906593034825870632e+02 3.733412349218904751e+02 3.722840920460230336e+02
3.235893978715704571e-11 3.596598942774214935e-11 3.815586540339909902e+02 3.934375491352201379e+02 3.837595969289827167e+02 3.782769200703536967e+02 3.753520303326810108e+02 3.647728481624758388e+02
3.230242441391285288e-11 3.606165188094203315e-11 3.609373549323017301e+02 3.949728704230695939e+02 3.887422058823529483e+02 3.767810357958873055e+02 3.744832883837411259e+02 3.589677995558559473e+02
3.221857729929004223e-11 3.602924258049643134e-11 3.563367772424017517e+02 3.913796926667963021e+02 3.853223869393882524e+02 3.801314296890279820e+02 3.717047927218157497e+02 3.623658816223187955e+02
3.199156394046407823e-11 3.645243178519712052e-11 3.814930448222565360e+02 3.993842037276250494e+02 3.816417033072070240e+02 3.735155242306983610e+02 3.679655221609282876e+02 3.598779868297272060e+02
3.190101325374122427e-11 3.606521047829871857e-11 3.788232879268520605e+02 3.954261631192314894e+02 3.862884369287020263e+02 3.768042109681029501e+02 3.736721808014911517e+02 3.518536873292902669e+02
3.259217544731037172e-11 3.621867473938381974e-11 3.601012426900584842e+02 3.921973394495412890e+02 3.794722996839561233e+02 3.797313356798814539e+02 3.667605724838411447e+02 3.558721154287287618e+02
3.240865285771653254e-11 3.644823629078062666e-11 3.613947415973979105e+02 3.938022629310344769e+02 3.829240909090908644e+02 3.747737923576063395e+02 3.627865606415570596e+02 3.555687480218836072e+02
3.295593527591278283e-11 3.594365096617492554e-11 3.755849811252920745e+02 3.884179240138156501e+02 3.804802431610942222e+02 3.781034294053264944e+02 3.670256981981981994e+02 3.518357908544031716e+02
3.237262445771732530e-11 3.633225723223892789e-11 3.765223947180585355e+02 3.929896778786260825e+02 3.822876862401402036e+02 3.748741337491337617e+02 3.648529672276350766e+02 3.523342490031014904e+02
3.282481259331877378e-11 3.632000792552302459e-11 3.589821679550245790e+02 3.908038593481989551e+02 3.813566898892461268e+02 3.728594218226687644e+02 3.639770935529081726e+02 3.512020933977455570e+02
3.254005009379676390e-11 3.658128986163458394e-11 3.649637266453459006e+02 3.890366625637418565e+02 3.844629819174343766e+02 3.686016912022432734e+02 3.591671230532260779e+02 3.448903606072469188e+02
3.256170830711539716e-11 3.600999467919387477e-11 3.804406326673677086e+02 3.898442886110171912e+02 3.766954380508035456e+02 3.735175468196389374e+02 3.642363754325259606e+02 3.485688722966014552e+02
3.226776517038002380e-11 3.642012917010202101e-11 3.742684461067664188e+02 3.861470385674930981e+02 3.782704999999999700e+02 3.682503408897221675e+02 3.603186855016072059e+02 3.444074253873105818e+02
3.267340101710813139e-11 3.671298464585580332e-11 3.557830790913612873e+02 3.898543761331795281e+02 3.771387755102040273e+02 3.692187291527685034e+02 3.581441856568364415e+02 3.424404212887947097e+02
3.246111849572518195e-11 3.698696937144503532e-11 3.634196869851729730e+02 3.871790686112031494e+02 3.791691778578447156e+02 3.709361507804716211e+02 3.566227623583511672e+02 3.417349417431759093e+02
3.233893889667393877e-11 3.664994623576196994e-11 3.764426054018445598e+02 3.936671583087512545e+02 3.744971155431020406e+02 3.732452536824877711e+02 3.551219351653776926e+02 3.446350349938246040e+02
3.240082167943145476e-11 3.652027139749573841e-11 3.733567640339425679e+02 3.917245671887881713e+02 3.773401705276705229e+02 3.675725196977006135e+02 3.560996673697874826e+02 3.398728906599438915e+02
3.205536657105821478e-11 3.665366053294639764e-11 3.622653729436192407e+02 3.845835663249456502e+02 3.764336759667156116e+02 3.674565776777098449e+02 3.540611921369689412e+02 3.390806825447570532e+02
3.331599424394620813e-11 3.673595888887875445e-11 3.589595928439235308e+02 3.879163568773233806e+02 3.810371027460660116e+02 3.699529094656730877e+02 3.566875098316816093e+02 3.370036687837784370e+02
3.578395463268180890e-11 3.681983936103690408e-11 3.792615703798276741e+02 3.861440974866717397e+02 3.778447948027254029e+02 3.647381883604505788e+02 3.536775191976179258e+02 3.382807038031842808e+02
3.640663969217398837e-11 3.716668647151729842e-11 3.676881695388914864e+02 3.880451086094815309e+02 3.787419354838709751e+02 3.619996940492580961e+02 3.560014062500000023e+02 3.377813168436199476e+02
3.584642139844780189e-11 3.825121789325469658e-11 3.594632832650584078e+02 3.813568188690656484e+02 3.776152687673771879e+02 3.628876382913337011e+02 3.533598109467906738e+02 3.384697782342424830e+02
3.643751089320980362e-11 3.862704271133512948e-11 3.610936607008572423e+02 3.886834208552137966e+02 3.748754291685326052e+02 3.637326178960096286e+02 3.515718782791186072e+02 3.327782618493202449e+02
3.638887696986901018e-11 3.942868986714949418e-11 3.784227803563408088e+02 3.845127682079178157e+02 3.779207363169035716e+02 3.642181811399582330e+02 3.492837817412333834e+02 3.331927873779113725e+02
3.629249697210268618e-11 3.979313142256425654e-11 3.946580640335128578e+02 3.856447173171093823e+02 3.756541824540950643e+02 3.672686877693565179e+02 3.513864571092831852e+02 3.301924602439114551e+02
3.555993011728256199e-11 4.017487061785143891e-11 7.409561313868613297e+02 3.864924319976601055e+02 3.755206973293768442e+02 3.664958382009345428e+02 3.473451806347813431e+02 3.322290664806724863e+02
3.617729540832106933e-11 3.997041553027216355e-11 1.199260073260073113e+03 3.836246911786077476e+02 3.749719069239500300e+02 3.602919406692971052e+02 3.483617258226756803e+02 3.256451543354055502e+02
3.597251807989042101e-11 3.970453141994876693e-11 1.679962191699896493e+03 3.859512524907486863e+02 3.756856515373352750e+02 3.621654604796367494e+02 3.493962421863643044e+02 3.280950030622906297e+02
3.629084015247374842e-11 4.009068526035296708e-11 1.963104479727813896e+03 3.859739427595044958e+02 3.734628950338600362e+02 3.623347361720187223e+02 3.441122253720765229e+02 3.315890018058850615e+02
3.612649395929017788e-11 4.038514525898424402e-11 2.246940921787709158e+03 3.871100617890746207e+02 3.765180135631534313e+02 3.629664651493599195e+02 3.460829933886622598e+02 3.270060936949630559e+02
3.641098403872022057e-11 3.918429641986638960e-11 2.634190055248619046e+03 3.893196608300013395e+02 3.751084601672836811e+02 3.603067901234567785e+02 3.408698672749895877e+02 3.244229829692069416e+02
3.562636647399842097e-11 3.983783081932849325e-11 3.021056369162752162e+03 3.889776310330521483e+02 3.725916041145399049e+02 3.593017109472805259e+02 3.449549792531120147e+02 3.264644438295517261e+02
3.607769494753498436e-11 4.019148447071447789e-11 3.181277883828742688e+03 4.485888858359664368e+02 3.715906671159029884e+02 3.618290287866558970e+02 3.467103190767141996e+02 3.223641217480020487e+02
3.570736307686742081e-11 3.954255713273093526e-11 3.172300229698689236e+03 7.142609157266091415e+02 3.752054980947197009e+02 3.624041285021551744e+02 3.484480580567127959e+02 3.233137811096477776e+02
3.587795882280896341e-11 3.956295779950585493e-11 3.160291769600832140e+03 9.626178141485188462e+02 3.755072549019608346e+02 3.617451651893634335e+02 3.447293267956533214e+02 3.211807356794586781e+02
3.580338166426294020e-11 3.993361856698612925e-11 3.337459343026386705e+03 1.226188441240828979e+03 3.712958125757371590e+02 3.588404919953143235e+02 3.443844982790574818e+02 3.231973827339552372e+02
3.612443809668522881e-11 3.961969403143101410e-11 3.179697358095736035e+03 1.449189819156061503e+03 3.742324034611907564e+02 3.569539307967651780e+02 3.413393513655461788e+02 3.172794858376398111e+02
3.613797514207452395e-11 3.998746037201422772e-11 3.217182111096791232e+03 1.764103288797533423e+03 3.719494243952916577e+02 3.611856537374775371e+02 3.444892077032441762e+02 3.216185300207039290e+02
3.612914173448470843e-11 4.038131557219314486e-11 3.203969496695475300e+03 1.942920469028804519e+03 3.757950378253622716e+02 3.593070861096873045e+02 3.461278950735764965e+02 3.191598908248436715e+02
3.617114672521655163e-11 4.096235051233417061e-11 3.338271614384085751e+03 2.141252969421278522e+03 3.739448337367817317e+02 3.567422954977806171e+02 3.421756945325383867e+02 3.194328448358076002e+02
3.611451292794474222e-11 4.034971431870796404e-11 3.190436822194199067e+03 2.406773907536415663e+03 3.713346498320686351e+02 3.561263053207359235e+02 3.420225163070747385e+02 3.161990445359398905e+02
3.615539759691143708e-11 4.058066015339254412e-11 3.225861940760936704e+03 2.570437200147619478e+03 3.713965894868585451e+02 3.586771485843146934e+02 3.401816300049431447e+02 3.179865054821478907e+02
3.586158035029076262e-11 4.016385041489372275e-11 3.230742678828612497e+03 2.841543702598532491e+03 3.701007874015747916e+02 3.597827505540507218e+02 3.419378506952915586e+02 3.165958385683204028e+02
3.613489194375223096e-11 4.070459138924247729e-11 3.295869418386491361e+03 2.988875015007803995e+03 3.712383002620741763e+02 3.576485683086629592e+02 3.403327779834629041e+02 3.149475685046075455e+02
3.620526226646336326e-11 4.118392100088630004e-11 3.214887156733421307e+03 3.233287557828098215e+03 3.766591257216919644e+02 3.592131049353138792e+02 3.394046989544526127e+02 3.155427345297400734e+02
3.623396197454134527e-11 4.113371703866684655e-11 3.196027579648121900e+03 3.378143881453154791e+03 3.714036024619840646e+02 3.594852038975099049e+02 3.376030872322604068e+02 3.170433429118774029e+02
3.618887175970823400e-11 4.091207829753768862e-11 3.221788915094339700e+03 3.455913084331689333e+03 4.878832112476370639e+02 3.546736643472107744e+02 3.394412840788386916e+02 3.117304209315359458e+02
3.612401389992777751e-11 4.146936800939612905e-11 3.304600094317378080e+03 3.450466501825032537e+03 6.187546433218975608e+02 3.531525324599368787e+02 3.373637539691873712e+02 3.113444806242482628e+02
3.642818904162051535e-11 4.099132927921250569e-11 3.193873134328357992e+03 3.480528871848495328e+03 8.268872498570611924e+02 3.527292543244507215e+02 3.386378572255003974e+02 3.125948753663561774e+02
3.601417109729983776e-11 4.134915429532899936e-11 3.225502994011976170e+03 3.470678926327812860e+03 9.308121293173624053e+02 3.570226625669058080e+02 3.385045339761248897e+02 3.116205482221773195e+02
3.576580535822302185e-11 4.137621773529114491e-11 3.215339637334519921e+03 3.443420360110803358e+03 1.136339346110484712e+03 3.564954393257129368e+02 3.358057129902516635e+02 3.118385858126173389e+02
3.614619789833760447e-11 4.212314754210119588e-11 3.258644341801385508e+03 3.453706051873198703e+03 1.266548546478225944e+03 3.561736367707983391e+02 3.356892573696145519e+02 3.095044492002703578e+02
3.608221474293933524e-11 4.200900545401482283e-11 3.228066644377577177e+03 3.461720031634843508e+03 1.446053723520419226e+03 3.585405150405150607e+02 3.370121323940512070e+02 3.105089710423099518e+02
3.623133685308626416e-11 4.171618994545626959e-11 3.209820928437534349e+03 3.433982646897309223e+03 1.573670020120724530e+03 3.561541554959785572e+02 3.393881076292769308e+02 3.104757413520486011e+02
3.595156659295016149e-11 4.152630137690768454e-11 3.189392501912777334e+03 3.490607888631090646e+03 1.724032963410614229e+03 3.570179695982627663e+02 3.387982278064304182e+02 3.110304475321329960e+02
3.638042033996114221e-11 4.262547031452850808e-11 3.276346271260357753e+03 3.472552380952381100e+03 1.833399456226209850e+03 3.590432376150811251e+02 3.356339673913043384e+02 3.101454244373862821e+02
3.626170726141252792e-11 4.274171797096249892e-11 3.218982532277313567e+03 3.433325908942024398e+03 2.009619658119658197e+03 3.556877610022486351e+02 3.391678370786517007e+02 3.082971135689236348e+02
3.623598165033546152e-11 4.254048037666036426e-11 3.223712709526840626e+03 3.468171953255425706e+03 2.122272962483829360e+03 3.546992341240293172e+02 3.371942293412538447e+02 3.114683086416469564e+02
3.604037336498722322e-11 4.303308413550259086e-11 3.202611715914981687e+03 3.455217560553633120e+03 2.281209702824739907e+03 3.567003220611916277e+02 3.360612116112747003e+02 3.087598980999893570e+02
3.631264853064234590e-11 4.332198691419350034e-11 3.229112616973217428e+03 3.438595468589083339e+03 2.397416790019031396e+03 3.569194573643410990e+02 3.380449752188126240e+02 3.088064702332537763e+02
3.619365018209113290e-11 4.335022398567910377e-11 3.191063733085425156e+03 3.453768932648999453e+03 2.507926562340186138e+03 3.557133968551494263e+02 3.350708800332088231e+02 3.078752488559092058e+02
3.609364963363913650e-11 4.315895807092553752e-11 3.229826665302363836e+03 3.474362146661204406e+03 2.632666736118345852e+03 3.559281392221762417e+02 3.354755946864380576e+02 3.063601201941597765e+02
3.670180483457833522e-11 4.350742546598673747e-11 3.215822851900927162e+03 3.489260212873796263e+03 2.803844727457972567e+03 3.566429870654810088e+02 3.374520461007310814e+02 3.066392596547428298e+02
3.583389538446547094e-11 4.414096651061236645e-11 3.250236778360920198e+03 3.456572302048303300e+03 2.836223635079220912e+03 3.573872474362879075e+02 3.359218132035290409e+02 3.083714039271399088e+02
3.561259449625527137e-11 4.428489754954807449e-11 3.202600666061156517e+03 3.454119343211854357e+03 3.022501985702938782e+03 3.556666666666666856e+02 3.333932601098352393e+02 3.057002476671753470e+02
3.604615634250842580e-11 4.354520507779504287e-11 3.215348267622461208e+03 3.467359055118110064e+03 3.063094825850614143e+03 3.599970053902974314e+02 3.361387400793651068e+02 3.071953636612634000e+02
3.638683599690075356e-11 4.332585033733376881e-11 3.221235407808272157e+03 3.457147518153784858e+03 3.232893699640811974e+03 3.582443405511810965e+02 3.371053543537680639e+02 3.047435910076908385e+02
3.624649736642349656e-11 4.433585315459434626e-11 3.227247320365224368e+03 3.465129366231253243e+03 3.351648818897637739e+03 3.587799436126774140e+02 3.352118760419731416e+02 3.044287979701871336e+02
3.600097704761119797e-11 4.388168711115114685e-11 3.218296210363495902e+03 3.460095885093167453e+03 3.404837476099426567e+03 3.644674550523988046e+02 3.372696770450589838e+02 3.064999879520975696e+02
3.627956806410363377e-11 4.429900038983366228e-11 3.223168354672272017e+03 3.467715570868025679e+03 3.476221876216426608e+03 4.484276899344388880e+02 3.369884522661523647e+02 3.031483867877074658e+02
3.596760939818562710e-11 4.414214215848828793e-11 3.210125106142088953e+03 3.460021601136902063e+03 3.428701171137136043e+03 5.695171298058622824e+02 3.347808712121212125e+02 3.029323953653345711e+02
3.634123413890888185e-11 4.540318026320908418e-11 3.234691652470187364e+03 3.463272658467360543e+03 3.457147330692322157e+03 6.217276270072306943e+02 3.356574537386707107e+02 3.038100651272942514e+02
3.615570517832101472e-11 4.558952853670416570e-11 3.216266316579145041e+03 3.439515469716857297e+03 3.452958744808490792e+03 7.597375959558136174e+02 3.338989613280162985e+02 3.054043313708999108e+02
3.633092945107000079e-11 4.555454273508163675e-11 3.240295747243583719e+03 3.479919229004130102e+03 3.465024183683071442e+03 8.382046168051707582e+02 3.358907944748308410e+02 3.029653037085140568e+02
3.630342859404692505e-11 4.501516622124016742e-11 3.200713150289016994e+03 3.492946268656716256e+03 3.461917112541942515e+03 9.346588759042848551e+02 3.323098094889173808e+02 3.027120139318530505e+02
3.616490642585849593e-11 4.594647813033059305e-11 3.209525241276911402e+03 3.471905427189682996e+03 3.444589307076470050e+03 1.023449092058903261e+03 3.350093023255814160e+02 3.017701149425287213e+02
3.635707596482323621e-11 4.590281264894353959e-11 3.230439808543303570e+03 3.459892309105945060e+03 3.475194471865745527e+03 1.127757474783861653e+03 3.376647561863173337e+02 3.049606707385787558e+02
3.586578322179449996e-11 4.611164588617657096e-11 3.223272792086267145e+03 3.446724709637379419e+03 3.454798224155114440e+03 1.223594297648233805e+03 3.380993641411427575e+02 3.019866006408389580e+02
3.617787320435091008e-11 4.612624155826090742e-11 3.172469940502619465e+03 3.458164572642010171e+03 3.418926562637750067e+03 1.325690096406660814e+03 3.376887226697353412e+02 3.037526211015261879e+02
3.639443682294315195e-11 4.681463934260958931e-11 3.216638084338409953e+03 3.445099118165785057e+03 3.439185544292640316e+03 1.371500442869796416e+03 3.330000000000000000e+02 3.047310311284046520e+02
3.620134170063429635e-11 4.678402850307368811e-11 3.220704712041885159e+03 3.477570119802678164e+03 3.483176113184619226e+03 1.468170604586518493e+03 3.349168919508153976e+02 3.059835804969404194e+02
3.564334112669471991e-11 4.681564168430393849e-11 3.258717355371900794e+03 3.449847911338448284e+03 3.427940852218041982e+03 1.562503879979306703e+03 3.357173198373561718e+02 3.041622874472002422e+02
3.602528188410121789e-11 4.677672945569695084e-11 3.179589225589225862e+03 3.427616209150326540e+03 3.459441954849074136e+03 1.660411054140957731e+03 3.375881373302588031e+02 3.009543515998371390e+02
3.638032035797550141e-11 4.754068191304936953e-11 3.217907527439288060e+03 3.491877749790092366e+03 3.433509616213885238e+03 1.677589146637634940e+03 3.351090509516088218e+02 3.039009270111880596e+02
3.569894000289688884e-11 4.740385386025961081e-11 3.239486769335489043e+03 3.451311075057637936e+03 3.438528666163015259e+03 1.813318941979522151e+03 3.370705084745762861e+02 3.030804303170199887e+02
3.602031356001832413e-11 4.753424368384460701e-11 3.258239226473284816e+03 3.453653364697975576e+03 3.442623724812410728e+03 1.853084472779129328e+03 3.347909366576819821e+02 3.024721211360689495e+02
3.591667274942027306e-11 4.787202484558440265e-11 3.127347898047004492e+03 3.457110708998190603e+03 3.423939118206634248e+03 1.953939544513457349e+03 3.348146320310564192e+02 3.011917080231596628e+02
3.636597521760368557e-11 4.862109259698992192e-11 3.233728370554177218e+03 3.472028707335392028e+03 3.475092670807453032e+03 2.019928138743672889e+03 3.371735679350078954e+02 3.031331660896067319e+02
3.602625957088679974e-11 4.824979681215386856e-11 3.263842439225381440e+03 3.443463910761154693e+03 3.422406201550387323e+03 2.095116490658001567e+03 3.343738966982674015e+02 3.041439438987881658e+02
3.617300647714891906e-11 4.875816053036009020e-11 3.219518461662761638e+03 3.443677176093060552e+03 3.438141038197845319e+03 2.190344275681855379e+03 3.392427483390050043e+02 3.011135604542417923e+02
3.608656215736703462e-11 4.842561489877433127e-11 3.138272287052473075e+03 3.439356333088655447e+03 3.467188211867781774e+03 2.246388799485033815e+03 3.345147494989979577e+02 3.027042563058249129e+02
3.617597638711595297e-11 4.942462806665423159e-11 3.230658633884229857e+03 3.437336689741976443e+03 3.456031050376000621e+03 2.318319280941775105e+03 3.349203362690152517e+02 3.031491508491508284e+02
3.597485819058709117e-11 4.958030711576750797e-11 3.245484137055837436e+03 3.430665591484557808e+03 3.451102194949256500e+03 2.366260061919505006e+03 3.378453168593064788e+02 3.019861731926812922e+02
3.606032208214978930e-11 4.923300940185101667e-11 3.237496369173108633e+03 3.443738401861908187e+03 3.435384251596121885e+03 2.458857591952215898e+03 3.412668993099121622e+02 3.025027758229728647e+02
3.629591430957996989e-11 4.957947384077434152e-11 3.121420679996887884e+03 3.460659333801388584e+03 3.455474920289291731e+03 2.551569517252170954e+03 3.360585919226571150e+02 3.024090317568224009e+02
