nan nan nan nan nan nan nan 0.000000000000000000e+00
2.346126464843750000e+03 nan nan nan 1.273407104492187500e+03 2.886729125976562500e+02 nan -7.698980712890625000e+01
1.711651953125000091e+03 nan nan 1.372756835937500000e+03 nan 1.837635009765625000e+03 1.351230957031250000e+03 1.742802408854166515e+03
1.756309448242187500e+03 nan 1.410856933593750000e+03 nan 1.879154418945312500e+03 2.077201171875000000e+03 2.670609375000000000e+03 1.753883544921875000e+03
2.416595703125000000e+03 1.408868815104166515e+03 nan 1.812896240234375000e+03 nan 1.911067871093750000e+03 8.983674316406250000e+02 1.190002403846153811e+03
2.064121093750000000e+03 1.753503710937500045e+03 1.581975864955357110e+03 nan 2.105345525568181984e+03 2.248705403645833030e+03 3.365392020089285325e+03 6.060026278409090992e+03
1.423140136718750000e+03 1.902901041666666515e+03 1.873607421875000000e+03 1.796580078125000000e+03 1.585197875976562500e+03 2.943848876953125000e+03 2.774550781250000000e+03 3.354233289930555202e+03
8.700817057291666288e+02 1.679768229166666515e+03 1.284305826822916515e+03 1.261174665178571331e+03 1.426596679687500000e+03 3.256393629807692378e+03 3.607692116477272975e+03 3.548785416666666606e+03
1.336840357730263122e+03 1.354739397321428442e+03 1.103594156901041515e+03 1.504178485576923094e+03 3.054655970982142662e+03 3.114168619791666515e+03 2.993899639423077133e+03 2.597725446428571104e+03
1.241832370923913004e+03 1.312350961538461661e+03 1.227088350183823422e+03 1.614972167968750000e+03 2.289068359375000000e+03 2.540432421875000273e+03 2.288832465277777828e+03 2.766963827054794365e+03
1.175899586397058783e+03 9.898462456597221717e+02 1.193908025568181756e+03 2.043281250000000000e+03 2.948759191176470722e+03 2.310111505681818471e+03 2.445087975543478024e+03 2.560206777597402834e+03
9.914791135204080774e+02 1.193832573784722172e+03 1.053404241071428487e+03 1.645770117187500091e+03 1.538196969696969745e+03 1.820546316964285552e+03 2.236662946428571104e+03 1.854824936224489647e+03
1.094833760245901658e+03 9.267073170731707705e+02 1.008984463778409122e+03 1.886916385135135215e+03 1.658707899305555429e+03 2.014801097972973139e+03 1.809927083333333258e+03 2.292890625000000000e+03
8.907167677238805936e+02 8.123923399390243958e+02 1.062924402573529505e+03 1.365704067887930933e+03 1.550355902777777828e+03 1.657626420454545496e+03 1.686027238175675848e+03 1.971769612068965444e+03
8.497793260261194064e+02 8.144715401785713311e+02 1.001772743055555566e+03 1.503850883152173765e+03 1.385528125000000045e+03 1.426926339285714221e+03 1.423158467060810835e+03 1.464099440586419632e+03
6.544200044014085051e+02 6.973952546296295623e+02 1.036762632978723332e+03 1.304909667968750000e+03 1.235162071078431381e+03 1.232650781250000136e+03 1.304215156250000064e+03 1.390233886718750000e+03
6.198390355603447688e+02 6.171705483490566166e+02 1.210379195601851734e+03 1.067727200255101934e+03 1.175245267427884755e+03 1.186893783244680890e+03 1.235271369485294144e+03 1.108636500634517688e+03
5.550049568965516755e+02 6.103097098214285552e+02 9.849907407407406481e+02 9.335500959429823524e+02 1.108979248046875000e+03 1.090288589015151501e+03 1.004271484375000000e+03 1.186288152610441557e+03
5.566233946917808453e+02 5.210386090959821104e+02 7.895240575396825307e+02 8.916684864457831736e+02 1.016312955729166674e+03 1.032767733134920491e+03 1.012917317708333258e+03 1.013060585474308255e+03
5.363620637175324646e+02 6.063783854166666742e+02 7.458571777343750000e+02 9.415763432017542982e+02 9.103373909883721353e+02 9.277272321428571331e+02 9.718978287337663460e+02 9.900859631147541222e+02
4.974282625786163976e+02 5.123139960106383342e+02 8.354885817307692832e+02 7.628163265306121730e+02 9.221805436643835492e+02 8.634616477272727479e+02 9.047987575301204970e+02 8.595414337060702792e+02
4.406095610119047592e+02 4.896080979567307736e+02 8.075422226123595237e+02 7.470190172697367643e+02 7.818879950495049798e+02 8.203869912790697754e+02 8.792195772058823877e+02 9.446369363395225491e+02
4.339029200819672383e+02 4.352654702970297080e+02 7.017914209905660528e+02 7.285887327981652106e+02 8.024924665178571104e+02 7.672289434523810314e+02 7.738735351562500000e+02 8.811651896766169330e+02
3.807886160714285779e+02 3.989793432203389898e+02 6.141613175675676075e+02 7.120390625000000000e+02 7.128111869747898481e+02 7.336996609669811278e+02 7.645353618421052033e+02 7.921688904494383223e+02
3.788585495283018645e+02 3.872214226973683822e+02 5.767091851635514104e+02 6.706161504424778741e+02 6.043882533482142208e+02 6.272791491596638025e+02 7.129568256578946830e+02 6.510584145642202429e+02
3.566858219630281610e+02 3.329270312500000273e+02 5.570812857824427056e+02 5.854587144308943607e+02 5.698710652372262757e+02 5.688823885658914605e+02 6.312238769531250000e+02 6.127204251386322085e+02
3.098153211805555429e+02 3.436051852318548185e+02 4.989100396455223745e+02 5.173022040562914299e+02 5.571328125000000000e+02 5.838373781028368512e+02 5.514397977941176805e+02 6.003825114678899126e+02
2.930615515175718997e+02 2.990460205078125000e+02 4.088363439306357918e+02 4.874318021616541046e+02 5.185407729289941017e+02 5.461959263392857338e+02 5.275006710122700042e+02 5.693426816239316395e+02
2.869250365802675447e+02 2.837637276785714562e+02 4.699724330357142890e+02 4.518108057228915868e+02 4.856587611607142776e+02 4.663208462732919202e+02 4.933558910472973480e+02 4.997839630225080327e+02
2.592960749246988144e+02 2.943323844747340559e+02 4.148721117424242379e+02 4.503982035928144114e+02 4.348823735955056122e+02 4.638794026243093640e+02 4.787220394736841627e+02 4.998969329529244305e+02
2.686171875000000000e+02 2.671035667539267138e+02 3.967188344594594582e+02 4.017711871603260647e+02 4.157358035714285620e+02 4.520222942073170884e+02 4.322778645833333258e+02 4.839773351648352104e+02
2.478552273525280896e+02 2.694844347895407850e+02 3.678435566212871208e+02 4.409688265931372371e+02 3.977943978658536821e+02 4.335319359756097697e+02 4.166948529411764639e+02 4.528056130573248197e+02
2.396854031385281303e+02 2.509136096014492523e+02 3.624766757246376869e+02 3.737848800505050804e+02 3.939703125000000341e+02 3.949562815656565817e+02 4.011685875618811679e+02 4.087991236162361588e+02
2.229141977813852691e+02 2.492171511627906852e+02 3.493861767344497480e+02 3.483282703488371794e+02 3.593001853813559592e+02 3.824350365990990781e+02 4.311286825440528787e+02 3.914178479381443481e+02
2.067792159763313578e+02 2.034840464369158610e+02 3.394562224669604120e+02 3.490248070219123520e+02 3.383937136627906739e+02 3.637707479508196684e+02 3.526631493506493484e+02 3.530767409284952123e+02
1.997912557633196684e+02 2.007317471590909008e+02 2.911656358506944002e+02 3.179785602168949481e+02 3.223672157039711124e+02 3.219240470852017779e+02 3.475873774509803980e+02 3.272230754764293010e+02
1.939492187500000000e+02 1.931652425130208144e+02 2.767112165178571104e+02 2.872730654761904816e+02 3.116181086244541234e+02 2.980983164612675864e+02 2.958664883268482413e+02 3.148722560975609781e+02
1.739981866537717679e+02 1.929482812500000080e+02 2.657290705719557309e+02 2.811432076446280917e+02 2.970030627076412202e+02 3.167622209821428214e+02 3.104536617366412088e+02 3.132063514427412088e+02
1.633257123161764639e+02 1.775011718750000114e+02 2.475567725080385912e+02 2.535901364006514882e+02 2.650990414450354820e+02 2.630331959706959424e+02 2.743508184523809632e+02 2.977389350294365045e+02
1.539890076754385859e+02 1.657688887746710407e+02 2.378807392799352840e+02 2.487013945439739473e+02 2.603660168973941609e+02 2.694998015873015902e+02 2.614458133012820440e+02 2.631896220695230113e+02
1.498931139380530908e+02 1.717276300465838403e+02 2.464797562893081988e+02 2.475851706288343621e+02 2.515660443290734634e+02 2.498452148437500000e+02 2.591546634615384619e+02 2.621341002747253128e+02
1.464699763193504793e+02 1.557381461281446491e+02 2.361825906344410839e+02 2.411383785942491897e+02 2.381994732648725233e+02 2.397241857394366207e+02 2.475346912202380736e+02 2.510462613293051390e+02
1.368000874125874020e+02 1.389763353924418539e+02 2.192481484826589622e+02 2.173176614717223458e+02 2.346417638483964936e+02 2.310165153133903289e+02 2.340155813547486048e+02 2.287680355890603039e+02
1.312211357306684079e+02 1.354476971293604493e+02 2.026688483656174355e+02 2.012824835526315610e+02 2.187522040302266930e+02 2.224033564814814952e+02 2.248210172358247405e+02 2.180336993243243455e+02
1.291756458600770259e+02 1.379145472171532845e+02 2.038811712184873954e+02 2.013351201338199701e+02 2.089466579861111200e+02 2.114081745426829286e+02 2.070329447751322505e+02 2.101186138693145153e+02
1.273730999353169580e+02 1.287379161799065344e+02 1.971047939476885631e+02 1.903009954308093938e+02 1.933837868480725604e+02 1.978430059523809348e+02 2.041825409319899052e+02 1.982928685897435912e+02
1.154472049689441064e+02 1.192883652745995420e+02 1.674035414209905639e+02 1.843589677132701468e+02 1.798214785447761130e+02 1.968888486078886331e+02 1.928176764975549986e+02 1.851421210106383057e+02
1.092151708743842420e+02 1.155450173611111069e+02 1.631771234856828414e+02 1.719333177194860980e+02 1.810998029279279251e+02 1.812941155389908374e+02 1.818553138766519908e+02 1.828569179125138362e+02
1.047065237915407891e+02 1.082082741477272663e+02 1.579317994505494482e+02 1.669668666294642776e+02 1.678167629076087053e+02 1.707905913978494539e+02 1.697765349669603552e+02 1.774073489010989135e+02
9.889426668326693459e+01 1.065343361066017280e+02 1.582268313172043008e+02 1.538932621308016735e+02 1.694520709325396695e+02 1.652036479462474574e+02 1.720228539937759251e+02 1.624500231604023384e+02
9.692503356933593750e+01 1.038223632812499915e+02 1.436093441205533452e+02 1.473192223837209269e+02 1.512578616352201379e+02 1.522332589285714448e+02 1.554482441367265437e+02 1.580111241943480422e+02
9.336853423308619426e+01 1.016537020961934275e+02 1.398494980569948041e+02 1.482156503036437130e+02 1.422707270408163254e+02 1.468018274325626180e+02 1.530998717350746290e+02 1.495783246568859397e+02
9.184047067901235550e+01 9.410698784722221433e+01 1.395029296875000000e+02 1.389904633620689651e+02 1.396711758268482413e+02 1.402218978937729048e+02 1.425687088041431139e+02 1.454808785979572860e+02
8.598704974028906634e+01 9.055641045875420048e+01 1.350480526194853041e+02 1.376849543539325964e+02 1.353750260416666720e+02 1.371669704116638115e+02 1.427314174107142719e+02 1.308678024373882067e+02
8.384441596012833031e+01 9.056855268771330714e+01 1.234956062811980075e+02 1.288891241423670522e+02 1.367533602150537604e+02 1.330482078039927387e+02 1.311344607632933048e+02 1.320118221258134383e+02
7.678949348730297686e+01 8.496726613230519831e+01 1.195038746970920869e+02 1.286123249999999985e+02 1.288640314569536542e+02 1.284316248993558816e+02 1.290695720996731950e+02 1.222245472837022078e+02
7.393744117093373802e+01 8.194013766077169691e+01 1.159046771864686463e+02 1.186314933401639280e+02 1.196570986421725138e+02 1.230495788476873997e+02 1.246127016129032228e+02 1.196873213556553708e+02
7.765792202647277520e+01 7.923545108479299870e+01 1.159725053129830030e+02 1.143012539808917296e+02 1.132747513138138089e+02 1.117626382306477097e+02 1.156405877384737693e+02 1.125193259710586489e+02
7.111547640489912681e+01 7.492054663237577472e+01 1.088137675147492587e+02 1.052253283674188964e+02 1.099805900621117871e+02 1.103192700860832218e+02 1.109670214701601196e+02 1.066704116314199382e+02
6.622214190391458999e+01 7.181072115384615984e+01 9.926254222972973196e+01 1.087708171583850856e+02 1.063412109375000085e+02 1.056854158904619965e+02 1.025635001778093880e+02 1.000787116425992735e+02
6.589155414320900661e+01 6.929186659284776795e+01 1.007516816143497778e+02 1.057020687181122298e+02 1.051345001788268974e+02 1.045428659539473699e+02 1.030464562764456957e+02 1.009310452586206850e+02
6.597390849282297154e+01 6.584962715377113796e+01 9.706784595189701292e+01 9.711507722701149703e+01 9.541619318181818699e+01 9.992633316186555703e+01 1.012149978741496597e+02 9.567741663859885648e+01
6.018500086926286485e+01 6.606728085691823082e+01 8.920945322528882571e+01 9.198089398734177280e+01 9.665447060309973892e+01 9.889661106418920156e+01 9.240478706111834128e+01 8.781669045676999019e+01
5.681322508169934338e+01 6.454575335518102008e+01 8.608354242700730197e+01 9.223011542085427550e+01 8.920476668726821856e+01 9.321183417277167393e+01 8.956290760869565304e+01 8.935114547979019051e+01
5.881657965829438695e+01 6.112487192622950971e+01 8.829947260705289125e+01 8.704481242216687065e+01 9.238733149509803866e+01 8.933497842071612638e+01 8.520593398876404478e+01 8.342798109831984732e+01
5.444813307130825564e+01 5.913212971908441773e+01 8.375443025914634632e+01 8.571056021790340651e+01 8.427008021196283494e+01 8.748424985697940315e+01 8.481508589181287050e+01 7.827628348214285836e+01
5.444700816761363171e+01 5.781606451245443168e+01 7.672419425087107925e+01 8.121844033125708506e+01 8.144331903098419900e+01 8.013736444900351330e+01 8.077708155574515558e+01 8.031460591854673225e+01
4.995887832296380537e+01 5.469809877622377314e+01 7.519745489690721740e+01 7.711580827902844248e+01 7.817628354144527236e+01 7.912126397649082321e+01 7.650997155937847083e+01 7.463146942045138132e+01
5.025412546766434474e+01 5.253385280465480633e+01 7.618832379779837538e+01 7.423126775568182723e+01 7.759025632022472507e+01 7.321943288241415360e+01 7.230630358130531476e+01 7.166626656748715618e+01
4.768697350543478564e+01 5.092764514593908842e+01 7.101450656150583995e+01 7.402950921689988206e+01 7.292582888719512368e+01 7.502298645152505685e+01 7.080646682997881669e+01 6.783156094933403324e+01
4.663344830452128065e+01 4.744769943467337470e+01 6.764931767198403634e+01 6.955993577453988053e+01 7.187506684491978604e+01 6.645375031661600929e+01 6.524093554890738744e+01 6.480172455185659430e+01
4.430073353690918481e+01 4.737277788173652482e+01 6.608120335820895264e+01 6.808325024925223090e+01 6.625347390776698830e+01 6.748481206293706691e+01 6.552047150195694769e+01 6.180727071284888297e+01
4.373829566420663895e+01 4.627116297468354844e+01 6.480334689349112409e+01 6.390930838178294238e+01 6.596202299412915693e+01 6.360577973300970456e+01 6.238187174801783641e+01 5.832151603188123090e+01
4.142695207961641302e+01 4.397616707071901487e+01 6.244508184523809291e+01 6.306734507540056711e+01 6.370075167359187418e+01 6.098182603686635872e+01 6.108131215309898465e+01 5.825324600046371160e+01
4.097355358363719091e+01 4.334425886015325347e+01 5.948472749769797474e+01 6.033201036096256331e+01 5.756702962700661175e+01 6.143667551008442729e+01 5.817517784552845228e+01 5.644484028588098568e+01
4.049368630926007739e+01 4.253890394372693606e+01 5.740508238874895142e+01 5.764892162369914530e+01 5.744547193877550484e+01 5.773164306422837200e+01 5.448755314156360186e+01 5.241900083612040362e+01
3.924577637790952878e+01 4.062113357582838091e+01 5.641404119318181642e+01 5.710826079024186441e+01 5.579221292947558908e+01 5.527581610892388397e+01 5.377798157546337166e+01 5.049702171678926987e+01
3.644776995305164746e+01 3.962422130310457646e+01 5.344111714716007100e+01 5.590012397495566887e+01 5.460223029045643273e+01 5.414899600782571554e+01 5.025702789699570872e+01 4.825577187235840881e+01
3.512965182033606482e+01 3.720461781403437129e+01 5.284721009654888491e+01 5.389362883683360650e+01 5.339768337214225369e+01 4.996420986923394025e+01 4.994833669354838435e+01 4.646943938605619451e+01
3.341077056623931441e+01 3.695870712727993634e+01 4.877443339271575695e+01 5.176996386400652028e+01 5.057406374007936734e+01 4.957789763540824168e+01 4.724973770983213228e+01 4.522626292411162297e+01
3.352969577344931906e+01 3.510167143924302735e+01 5.124063549071880175e+01 4.903830082713390937e+01 4.940271517425463088e+01 4.779432221783741142e+01 4.495725643014411332e+01 4.364242158123886384e+01
3.194013772551546282e+01 3.417527888737334507e+01 4.617582089188134375e+01 4.659185146545030420e+01 4.691432311410159173e+01 4.561831297892720727e+01 4.420579909701210397e+01 4.099042425181090010e+01
3.150097620777334129e+01 3.301310290161413974e+01 4.467514284048507278e+01 4.684028643977192274e+01 4.464262285305343170e+01 4.394789377289377086e+01 4.218184890007457000e+01 3.953468470566318871e+01
3.086321251832844581e+01 3.186232486132363917e+01 4.294887779209622636e+01 4.356321463178294806e+01 4.358128955696202667e+01 4.264380271512509779e+01 4.020302910649819239e+01 3.928812408307353365e+01
3.013660216648687395e+01 3.139632094478737656e+01 4.219273826628352708e+01 4.281834340940054062e+01 4.187164682171979280e+01 4.145113410738949966e+01 3.890482363973246294e+01 3.707088442120447525e+01
2.855207781018027546e+01 3.131717598022788351e+01 4.089489626917712428e+01 4.201583366720085877e+01 4.081888964116452456e+01 4.006940286276223873e+01 3.712411209286209157e+01 3.407901055124892054e+01
2.795905473941937913e+01 2.900486175454851789e+01 3.948291825646980868e+01 3.960797953315291409e+01 3.959078017979452113e+01 3.816018106033874346e+01 3.650940569952574322e+01 3.463395784297242841e+01
2.590050184461805571e+01 2.826839053230058951e+01 3.825249667110519880e+01 3.876279936714096408e+01 3.912291253306877792e+01 3.579115224255181715e+01 3.437453052373837892e+01 3.192393483709273383e+01
2.549515239563567448e+01 2.802435298716260448e+01 3.770200709292763008e+01 3.641448929880080243e+01 3.654557903794493257e+01 3.584895315606361521e+01 3.346278060801855503e+01 3.033344480572933577e+01
2.534290024442407585e+01 2.708299650096525113e+01 3.568846161511478954e+01 3.603408956226296311e+01 3.586552848417332484e+01 3.433360497345408646e+01 3.144879565491183726e+01 2.885206028327056060e+01
2.444622627066748421e+01 2.714053264776357821e+01 3.491680847772277474e+01 3.420087102689486613e+01 3.393216294359949359e+01 3.263261936032137811e+01 3.124509053194789132e+01 2.788650156617071119e+01
2.301560611211846563e+01 2.454643651779986868e+01 3.267545687134502685e+01 3.388006014847636749e+01 3.306892350856467999e+01 3.113951033775252952e+01 2.867013267740011884e+01 2.695623994406987478e+01
2.267155201467944892e+01 2.398530800042348687e+01 3.298363395071295656e+01 3.308689692982456165e+01 3.110883570429104594e+01 3.059709949198625978e+01 2.813636105215282157e+01 2.648920987950916839e+01
2.233856880955926272e+01 2.340896632558471069e+01 3.108390916715285712e+01 3.135124962641960167e+01 3.051660101294316263e+01 2.988525795118343353e+01 2.782522969850352013e+01 2.485287834902244697e+01
2.192869960846867627e+01 2.324000731870767211e+01 3.019808880649717509e+01 2.961647051622831839e+01 2.902949173433874464e+01 2.843575099942889750e+01 2.677160189828079950e+01 2.374238422962014283e+01
2.053388444767441712e+01 2.224984435528500271e+01 2.989801450276243244e+01 2.923634126261210753e+01 2.975024725846752105e+01 2.818932146587743759e+01 2.553090966634295356e+01 2.271667911225340220e+01
2.074814928799574432e+01 2.217233379501385215e+01 2.910907881181318757e+01 2.767806007617728881e+01 2.743652994791666799e+01 2.544851640538290738e+01 2.397189305861309805e+01 2.153393093020022064e+01
1.986064807318652825e+01 2.110166336067778303e+01 2.775310700082282267e+01 2.695830641322089249e+01 2.668841864363073668e+01 2.519522203947368411e+01 2.365448750000000189e+01 2.080433195730970652e+01
1.969411668839634899e+01 2.052089067534908651e+01 2.640387140171161917e+01 2.712212724215246595e+01 2.585561531402936097e+01 2.424865351957911486e+01 2.283624001104470125e+01 1.992992713478034617e+01
1.899612544371196776e+01 1.983471209180942196e+01 2.548305222815292836e+01 2.624781131692807179e+01 2.513740855196770951e+01 2.375844474871134082e+01 2.124709804143004632e+01 1.863360664989679805e+01
1.848001787538304441e+01 1.882531768039980591e+01 2.563333666134185407e+01 2.504199693270165028e+01 2.376033358394351325e+01 2.283161147388059575e+01 2.069280996578813969e+01 1.879502219403931562e+01
1.779731162674650591e+01 1.846155941859067084e+01 2.467005778588807985e+01 2.463681304571135300e+01 2.254262457070108994e+01 2.233223583578071825e+01 1.973757913356504545e+01 1.765573729568636807e+01
1.737704049142643825e+01 1.809194725998556308e+01 2.352538029100529116e+01 2.360263157894737063e+01 2.195549912340058896e+01 2.074224519940915812e+01 1.961897136684518017e+01 1.738267620244729983e+01
1.678086139497660767e+01 1.771709313553370890e+01 2.237992567248702258e+01 2.191376314938881009e+01 2.201028058194774317e+01 2.024833011041568298e+01 1.801349229857819978e+01 1.607044429475164193e+01
1.638425247859396094e+01 1.722405778524280962e+01 2.193856417332080966e+01 2.189462526545540300e+01 2.092834341397849585e+01 1.950092782463031327e+01 1.756103101437323133e+01 1.552602813053750808e+01
1.570706815114709975e+01 1.647707004060324820e+01 2.124648941068140218e+01 2.104409770313942829e+01 2.012104103407557432e+01 1.904140008414577423e+01 1.770745122019793172e+01 1.521208433838731899e+01
1.545197889091109644e+01 1.655378953226179561e+01 2.054134496167718638e+01 2.095380509832081373e+01 1.938293682253228667e+01 1.817081344360568451e+01 1.699413354846014457e+01 1.454868370998647364e+01
1.522507099169943245e+01 1.573714479025710489e+01 2.000930703652871756e+01 1.970889412292507714e+01 1.892055101875808631e+01 1.756159254005340387e+01 1.603696889893847555e+01 1.391646496553987511e+01
1.430260016465422623e+01 1.581040977038671791e+01 1.913272368121873512e+01 1.912506677350427253e+01 1.841439221457130060e+01 1.704519680908308388e+01 1.527827183067375927e+01 1.356241089371062358e+01
1.412115893774069342e+01 1.501837775926697205e+01 1.904813075762388763e+01 1.876589956608452070e+01 1.779429748260335487e+01 1.633216145833333499e+01 1.501704755492184162e+01 1.271955515565235828e+01
1.375083862041036653e+01 1.477133886072019919e+01 1.831077755905511850e+01 1.850634785810252225e+01 1.698479729729729826e+01 1.620029134738186372e+01 1.431742576979472226e+01 1.221660497541069468e+01
1.346750052061640979e+01 1.393170710089141018e+01 1.767553383830694358e+01 1.741243266713652815e+01 1.669980396203054340e+01 1.486885040160642646e+01 1.402095502336448618e+01 1.181793450881612095e+01
1.325013046414538209e+01 1.370453308525718938e+01 1.727598807001614034e+01 1.695151803861788764e+01 1.603371925200803361e+01 1.511983537146950418e+01 1.324163465426607367e+01 1.121800297226728915e+01
1.304821264284330873e+01 1.354902118896387364e+01 1.691560423378977163e+01 1.629828381147541094e+01 1.540193892594741065e+01 1.464172601886239278e+01 1.259140378354380374e+01 1.093564759148155474e+01
1.241261568566806339e+01 1.313983281249999990e+01 1.615320712601078057e+01 1.631820810791571930e+01 1.497899845494417903e+01 1.348096340176515717e+01 1.239708405839133931e+01 1.035330822525016892e+01
1.202774725438345627e+01 1.264291760035074041e+01 1.524410111713865490e+01 1.526219958968347079e+01 1.469970703125000178e+01 1.340231316072826928e+01 1.186387844982928641e+01 9.769673430094785616e+00
1.160932928699509148e+01 1.234012614678899133e+01 1.545392809669161061e+01 1.465302179994541554e+01 1.398319079260175002e+01 1.337432486352701666e+01 1.137402528076632713e+01 9.651697402751423738e+00
1.109422370569029859e+01 1.205098654607631303e+01 1.470424575054684624e+01 1.436919223956338598e+01 1.384052699372759854e+01 1.265418223975636636e+01 1.097177372685185048e+01 9.317327579292326689e+00
1.106219459698436403e+01 1.166608482465654362e+01 1.429837524676956306e+01 1.376090051111908252e+01 1.329398885350318515e+01 1.217370406079854739e+01 1.061443349417334403e+01 9.039440283216464422e+00
1.087725711888016100e+01 1.115836605875044363e+01 1.410402556106938476e+01 1.363564241055535931e+01 1.281645338005677814e+01 1.167637276785714207e+01 1.029910614743132413e+01 8.467819216566423890e+00
1.048229408165893872e+01 1.104972861842105125e+01 1.326926208901713977e+01 1.303866970033054962e+01 1.260910282081582601e+01 1.127447227733686219e+01 9.874332077785563655e+00 8.160156250000000000e+00
1.029079414339351928e+01 1.092097796880461225e+01 1.307530465207534043e+01 1.275131818683745522e+01 1.210308831660428730e+01 1.092546545940896685e+01 9.602789428626808288e+00 7.935821095988538687e+00
9.915503864729204864e+00 1.043633081896551573e+01 1.261323463603818595e+01 1.240716055679195584e+01 1.172696201838879126e+01 1.061934558256172778e+01 9.098121060924370340e+00 7.559164917085855251e+00
9.641786872127379837e+00 1.004288275068799408e+01 1.240818301560489090e+01 1.191255824640902894e+01 1.115926299464806881e+01 1.008221925133689822e+01 8.834190001245433521e+00 7.229305344977984049e+00
9.315466788486949312e+00 1.014292502889827752e+01 1.189253165363698095e+01 1.167892930903111903e+01 1.101823135063736991e+01 9.878443230189915880e+00 8.552395798806761817e+00 6.952304308376152875e+00
9.176602045694986387e+00 9.616474473912358434e+00 1.142878936609455920e+01 1.110744179828891021e+01 1.051387630044136223e+01 9.525644204051223696e+00 8.193033854166666075e+00 6.690431661949049591e+00
8.962258807004593208e+00 9.449466390570245622e+00 1.147459943543257133e+01 1.094170018812039658e+01 1.014124743852459076e+01 9.271919443112816239e+00 7.966338027451938864e+00 6.485442445539003842e+00
8.662941548582995921e+00 9.189898425349921851e+00 1.097533724767080798e+01 1.069153629778051773e+01 9.918768440489046156e+00 8.835693668805449263e+00 7.729415771333949969e+00 6.335617654498754803e+00
8.529859817436662439e+00 8.664181681973847304e+00 1.061434416692522476e+01 1.044833914030692235e+01 9.727894892535692506e+00 8.561994344325153605e+00 7.239808826977180090e+00 5.954020870509737051e+00
8.268827189371258157e+00 8.585947027439024382e+00 1.031970289550183573e+01 9.868495105649802923e+00 9.111932914605814560e+00 8.320971043056397676e+00 7.100166991894326429e+00 5.714152320643106187e+00
8.122150240561863299e+00 8.279954895673812487e+00 1.009374069386539752e+01 9.558833072533136743e+00 8.837318333525699288e+00 8.066019007539564356e+00 6.769807508615523162e+00 5.472138765325956555e+00
7.808550359909382621e+00 8.139680188392585336e+00 9.826278857183824655e+00 9.268509579334132553e+00 8.802339719475494206e+00 7.806635971932698759e+00 6.552692163770443834e+00 5.411444650521719524e+00
7.825685723502471269e+00 8.039710074796804662e+00 9.551077035757211675e+00 9.073275366293884758e+00 8.532814794419969928e+00 7.469809331609776670e+00 6.349857417901772827e+00 5.020295840537425391e+00
7.480298524789255943e+00 7.721529383936080571e+00 9.336984294734588019e+00 8.852639419577876367e+00 8.218301678986827952e+00 7.250591257722549976e+00 6.195755200899229820e+00 4.767139969366673391e+00
7.218770517216223759e+00 7.496179757176699709e+00 8.985442126396646856e+00 8.641251226177129041e+00 7.995774117140396875e+00 6.988550529997114680e+00 5.991990192253121350e+00 4.642146071327832857e+00
6.962903949332006626e+00 7.434115304709141725e+00 8.698777512458471861e+00 8.317258070102521827e+00 7.670486659909291127e+00 6.753639476481075654e+00 5.954137571042418031e+00 4.504276868632614672e+00
6.891879191010490402e+00 7.155366903877887097e+00 8.224028859893849130e+00 7.905624615147783807e+00 7.524277236435439775e+00 6.579307591735253702e+00 5.559351215373012245e+00 4.339424377935870325e+00
6.612320950634416938e+00 6.943487666939220482e+00 8.256174977897170919e+00 7.901753519917582125e+00 7.156276167269560062e+00 6.364401216442952425e+00 5.430995176174496564e+00 4.125380160647677208e+00
6.613818244304792593e+00 6.712963979329910735e+00 7.888891894141144334e+00 7.671142388917592037e+00 6.983395810919848401e+00 6.206731047453704520e+00 5.167122843402961685e+00 3.941358204241739216e+00
6.377839319797288020e+00 6.673897860738254195e+00 7.606287259005580559e+00 7.419426865205349664e+00 6.549255961856851549e+00 5.997092962007820383e+00 4.873776948758772321e+00 3.851605546900623622e+00
6.204673839676009273e+00 6.478657241314198956e+00 7.449972432589880178e+00 7.121305876188688266e+00 6.628341590279609896e+00 5.744261593373871655e+00 4.842547294217244058e+00 3.822718605407750214e+00
6.119674623581377482e+00 6.252300901577760861e+00 7.386781722042397469e+00 6.837108160307074911e+00 6.361640802826252106e+00 5.611806257217089922e+00 4.640035962301586991e+00 3.616154300960258361e+00
5.868837226941748142e+00 6.107021720189195868e+00 7.064052246093750043e+00 6.707771707188814325e+00 6.039756922367751635e+00 5.450738557668093343e+00 4.457468765695630886e+00 3.440386545198894197e+00
5.703507063220575546e+00 5.860751706771980984e+00 7.006234883970120286e+00 6.702768346599355276e+00 6.064192167653883914e+00 5.131068553305683899e+00 4.323895149643560032e+00 3.234313202139119880e+00
5.576706158835485816e+00 5.852013515166340163e+00 6.833976689313821851e+00 6.262892062883436139e+00 5.686417060230617437e+00 5.116282464499252391e+00 4.152424891556695918e+00 3.183282166142429759e+00
5.393692563217045155e+00 5.712938470167353344e+00 6.547515175223754369e+00 6.108531487370388646e+00 5.559853246164367491e+00 4.868989541949053645e+00 4.059386985835950590e+00 2.968633933385251389e+00
5.323509149029982623e+00 5.433397964588377427e+00 6.246477449024822270e+00 5.989424742373079091e+00 5.410765689052326799e+00 4.681246811989917767e+00 3.880738197393253319e+00 2.846278025069969519e+00
5.199681211979410911e+00 5.432514907639885315e+00 6.124097497010931868e+00 5.907130876260806573e+00 5.200654621277204903e+00 4.554570386272427385e+00 3.612286783476444718e+00 2.798305784289240261e+00
4.986953161077118502e+00 5.174009862463210041e+00 6.027403259640562005e+00 5.635923163513820278e+00 5.023882981856738539e+00 4.507540714529331360e+00 3.546988214733496569e+00 2.652045160137982638e+00
4.974032172083909131e+00 5.074584797523426616e+00 5.867926520270270174e+00 5.487330669438073905e+00 4.836688601090604500e+00 4.289894708847383775e+00 3.395332325960219499e+00 2.527099458068060134e+00
4.842265295659109015e+00 4.944210128096846901e+00 5.623120221497639015e+00 5.342793123584371529e+00 4.672691923515981394e+00 4.099262874045587424e+00 3.353219105113636189e+00 2.452912321721659517e+00
4.601592968570773046e+00 4.786905092974071962e+00 5.495225790024223400e+00 5.139575495661247828e+00 4.664125378996692994e+00 4.006552264137738462e+00 3.254856389889463575e+00 2.432808016251862604e+00
4.534117371520342665e+00 4.747068368447246556e+00 5.346013322151342173e+00 5.073726903075901795e+00 4.411742892674522132e+00 3.816401140451274987e+00 3.048867764863225194e+00 2.303546117963095607e+00
4.387576985091985016e+00 4.625508758241460683e+00 5.236384025368603368e+00 4.837288817036836441e+00 4.345610393806710547e+00 3.644058556676013971e+00 2.950329325893812804e+00 2.264516769682505704e+00
4.377849434822844721e+00 4.449426800271739424e+00 5.096641378617363216e+00 4.705143242818200733e+00 4.252986133746197162e+00 3.588132201232582918e+00 2.895468050522276737e+00 2.179965203426124098e+00
4.215726731232963154e+00 4.287908936865413523e+00 4.769794530136428179e+00 4.523629582789381764e+00 4.094803797877847096e+00 3.523584913451374145e+00 2.790286381772364876e+00 2.049268389137885560e+00
4.109122997132182320e+00 4.204639019582909754e+00 4.807916024007510281e+00 4.445251736111111462e+00 3.942713576992369795e+00 3.349327545514751758e+00 2.612267824556830043e+00 1.959190423213446719e+00
3.969351579366711569e+00 4.075571916076845547e+00 4.620841577436374692e+00 4.180116486272439147e+00 3.829400752022244614e+00 3.212831788749236583e+00 2.535180019047742928e+00 1.866223368565001595e+00
3.916940238402061958e+00 3.988231199949950234e+00 4.501724148691831573e+00 4.136206728145465306e+00 3.631990068693923490e+00 3.103687629754459998e+00 2.478237281099033851e+00 1.775113463792408197e+00
3.822387870664888165e+00 3.954923561151078903e+00 4.380462682945041486e+00 4.037241730343857249e+00 3.581366222897008900e+00 3.015829144560690178e+00 2.378724450422415426e+00 1.701216937340473301e+00
3.698480734223301258e+00 3.804295630971337605e+00 4.234798743376324559e+00 3.896236414388987601e+00 3.462336961912318767e+00 2.829801383706467721e+00 2.312652171494957720e+00 1.695311718359179709e+00
3.590626197432704281e+00 3.755837498771861238e+00 4.141181673056260948e+00 3.740481586576258177e+00 3.383390565019193996e+00 2.805433328854797459e+00 2.180609405577299320e+00 1.574986211013056137e+00
3.534289517069802766e+00 3.594585087118245870e+00 3.979220185565763845e+00 3.755286147078353398e+00 3.289179687499999893e+00 2.718705746025323666e+00 2.122980278366403351e+00 1.557613887346722015e+00
3.452225072529249594e+00 3.462685533557373851e+00 3.904708059210526105e+00 3.599103712799065935e+00 3.142958927566147587e+00 2.699104152405632728e+00 2.060596518300975344e+00 1.436418610865618728e+00
3.349883294480549889e+00 3.370509537113686616e+00 3.796385964064914909e+00 3.570009745801808521e+00 3.042539181980023155e+00 2.573820711258522298e+00 1.939157574127354122e+00 1.430196267932737575e+00
3.254156669443401650e+00 3.287764464840892575e+00 3.669659465968464485e+00 3.354180033316067178e+00 2.906698111860146483e+00 2.415002812558291190e+00 1.919399646143988836e+00 1.306808441304800672e+00
3.153968189042632542e+00 3.188741570985966778e+00 3.551375182748537807e+00 3.253981508027522729e+00 2.850296908405372420e+00 2.370300270354761096e+00 1.857519982109879786e+00 1.297830729286140405e+00
3.097983845363442956e+00 3.174539865998548649e+00 3.437788698274304444e+00 3.165485952092313315e+00 2.756892755681818130e+00 2.315151222850576840e+00 1.792082821792214897e+00 1.260291062163720222e+00
2.987082552452981155e+00 3.048765052769258244e+00 3.372590104260291266e+00 3.074455922786766049e+00 2.708824611959145479e+00 2.174815375889274094e+00 1.665495847409909969e+00 1.232652179259577707e+00
2.915047254713309499e+00 2.991128142364222864e+00 3.287799799808172718e+00 2.978550731891795422e+00 2.618810254163014939e+00 2.159635315152893309e+00 1.608276821302037307e+00 1.193249646931767938e+00
2.869490638288640039e+00 2.857282292400105561e+00 3.219577298730674553e+00 2.891275929995711813e+00 2.506634972869774547e+00 2.049650792404812183e+00 1.584187283746496089e+00 1.051720368466292355e+00
2.824288129765205380e+00 2.807494878641854541e+00 3.071314869655782154e+00 2.784734509627220245e+00 2.443239428735926477e+00 2.015169750043813490e+00 1.513981072437104114e+00 1.041992569815998859e+00
2.691026927534987401e+00 2.757715616841418527e+00 3.014350300122678128e+00 2.691429352188238866e+00 2.340866381544842056e+00 1.903556420828412143e+00 1.498549179552335575e+00 1.007196826456831618e+00
2.652428704762006539e+00 2.643253683331951098e+00 2.898543756375382419e+00 2.715349517906336274e+00 2.249739420572916426e+00 1.909591318497528389e+00 1.413792379937827803e+00 9.803867960867913567e-01
2.648808252657554707e+00 2.602290781146075815e+00 2.860237730061349737e+00 2.556484008004368036e+00 2.234743702168367374e+00 1.821303883578635707e+00 1.379808523060489289e+00 9.342324573362000839e-01
2.497267141606178242e+00 2.562997748418501587e+00 2.786813349464579925e+00 2.480184715000414375e+00 2.167799378940795663e+00 1.699402970358684817e+00 1.298979444874979627e+00 9.063791415352627778e-01
2.434881083293163329e+00 2.502297491776315663e+00 2.691642188271986313e+00 2.403166994428056480e+00 2.073803143542937377e+00 1.681007697422258751e+00 1.260953826929406052e+00 8.664923676152737064e-01
2.408185114465559717e+00 2.425713413301203936e+00 2.581930534024151402e+00 2.376667482481451099e+00 2.006888567557512992e+00 1.605722351614005339e+00 1.211464365213775762e+00 8.335286749532387907e-01
2.349466452096697466e+00 2.364163367999023269e+00 2.559957911575626799e+00 2.270192758086750473e+00 1.951778143610295446e+00 1.566276680353409390e+00 1.167727860454977895e+00 7.690574860633792031e-01
2.294365021379256575e+00 2.263489112700803219e+00 2.449743479140962243e+00 2.210725045963310098e+00 1.898848041933431041e+00 1.517343390776121792e+00 1.110236501101148354e+00 7.485234254802950460e-01
2.212217386991535584e+00 2.195621149021455221e+00 2.422009343580433960e+00 2.171537331016755168e+00 1.824652330751861840e+00 1.462730207192584508e+00 1.075962972349553404e+00 7.126952288674140989e-01
2.158237663830203434e+00 2.149496710777574204e+00 2.305850702530662932e+00 2.100883226226811562e+00 1.775518433179723576e+00 1.428006563599510503e+00 1.033103637695312438e+00 6.856180482635242379e-01
2.117791088768957053e+00 2.070124279027987679e+00 2.245002062471551874e+00 2.006324032119368272e+00 1.704181057161337609e+00 1.359914600299631182e+00 1.050351779877839675e+00 6.662708262010726967e-01
2.098530870653672498e+00 2.067865061953901851e+00 2.170513922441344334e+00 1.944904585521380458e+00 1.661746389386475453e+00 1.335695721073911768e+00 9.402594368348075049e-01 6.396372143299782209e-01
2.014650169249667222e+00 1.988637135854079085e+00 2.100065562303488509e+00 1.874583581236778373e+00 1.624836402895373455e+00 1.257117453278872032e+00 9.427381005800331559e-01 6.271412471825695834e-01
1.954690980590855887e+00 1.930210627369536081e+00 2.026192154305056725e+00 1.824830858621457219e+00 1.551958049083722146e+00 1.231290171273591971e+00 9.168052807818007910e-01 5.957582573233679568e-01
1.883327255182661641e+00 1.880264454284124476e+00 1.956059534671533040e+00 1.805043106994004054e+00 1.507704991190652821e+00 1.202238136362806520e+00 8.416676093772853529e-01 6.019273710812744760e-01
1.842734852914717614e+00 1.834706388755716455e+00 1.883770213660538095e+00 1.725268033125635814e+00 1.426630476952681637e+00 1.154779305152162872e+00 8.210936517683935509e-01 5.435375838828201411e-01
1.809074714067002931e+00 1.797831892730496373e+00 1.802608897319450509e+00 1.648003564884002348e+00 1.401107247437774594e+00 1.127344193451113918e+00 8.118387370075592635e-01 5.087781207217999535e-01
1.769426358919121922e+00 1.732766792623151142e+00 1.731509549103345647e+00 1.608539019115762692e+00 1.383796502451326127e+00 1.072825397421842020e+00 7.543552888022678760e-01 5.065771437692540013e-01
1.754246246195846792e+00 1.676144051152234526e+00 1.678617918557960831e+00 1.563346829579764119e+00 1.307785788711500530e+00 1.064555434855085414e+00 7.535390603020818423e-01 4.656350786478513637e-01
1.667533536104687908e+00 1.662235004361268365e+00 1.616591850828729360e+00 1.497204551134013295e+00 1.269016120980734907e+00 9.915722924168381969e-01 7.271009392713949637e-01 4.437792649557027458e-01
1.655703342707129933e+00 1.585642668302460701e+00 1.545684451851340180e+00 1.460296542231364958e+00 1.241983879795663048e+00 9.691507315864514860e-01 6.826633817427385509e-01 4.370261077796416260e-01
1.596301949420662281e+00 1.556039622367341391e+00 1.519702754295064073e+00 1.402915949349154978e+00 1.212349172422506838e+00 9.274514818948412787e-01 6.839402208503054803e-01 4.435954038960211454e-01
1.540829694323144095e+00 1.523449979183659542e+00 1.429404599040670076e+00 1.361517086927670706e+00 1.157845087523816208e+00 9.155921936035156250e-01 6.229040850524123485e-01 3.880497875721811707e-01
1.529996942441591790e+00 1.460002693599836920e+00 1.410063050562345710e+00 1.327706397732652421e+00 1.121993719362745168e+00 8.661455579128055637e-01 6.357263989199575249e-01 3.986308755058211029e-01
1.484658484800873257e+00 1.413026920754441695e+00 1.371812104536887400e+00 1.268178970507787495e+00 1.076536228667362316e+00 8.491322156058831450e-01 6.278827597547657069e-01 3.573453260457527536e-01
1.477795359303709422e+00 1.388125681322674332e+00 1.322358734346390063e+00 1.227729273065974347e+00 1.027833103286839744e+00 8.048117226857681716e-01 5.721752262916884879e-01 3.477388812287400821e-01
1.430387286848294748e+00 1.337647896317953888e+00 1.291700691334257023e+00 1.171779401255781172e+00 1.015566135930021874e+00 7.761785476335730793e-01 5.326884007044074831e-01 3.427960571541796564e-01
1.357820040433024511e+00 1.291006194409148655e+00 1.236851035245615238e+00 1.146796038586541000e+00 9.620531152832094701e-01 7.412111877722962205e-01 5.211286763235765118e-01 3.313246066600019080e-01
1.339948979889075131e+00 1.291925863874554103e+00 1.212208326359665911e+00 1.106277246019711891e+00 9.688776536023696595e-01 7.308370818801521729e-01 4.852627390428770893e-01 3.299151110543758203e-01
1.317987483391014125e+00 1.261303559565987609e+00 1.160990946169609073e+00 1.066932196010133005e+00 8.956946458281502821e-01 6.920726895628729336e-01 4.773222391652031660e-01 2.998336617904736601e-01
1.289197064264394843e+00 1.225666480000941583e+00 1.150821479195067498e+00 1.026646256842785210e+00 8.895227310505318119e-01 6.879634450952142322e-01 4.713507372733100054e-01 2.814820529452878306e-01
1.265173381505972694e+00 1.192919488579552434e+00 1.126691520643302802e+00 9.783314950694702583e-01 8.655866709569957074e-01 6.626695577982639751e-01 4.618246018464869374e-01 2.673366851614929485e-01
1.215447373513273366e+00 1.141779427613459408e+00 1.073916314884302725e+00 9.755445487903710022e-01 8.206855510186572555e-01 6.191177571812059854e-01 4.306670152065593116e-01 2.706304433981630564e-01
1.185129145120557892e+00 1.124641880513829184e+00 1.047721689875884321e+00 9.246239746925979386e-01 8.004205190659243740e-01 6.125765527671298560e-01 4.141851131080248605e-01 2.434413052000179989e-01
1.157843854515050230e+00 1.116191390056851862e+00 1.012382561742154019e+00 9.077670095527604621e-01 7.701804059558291504e-01 5.895651600843557771e-01 4.002773918945196074e-01 2.640021897823874308e-01
1.133878462786835684e+00 1.058767379033447309e+00 9.950840212264151496e-01 8.631997550908797612e-01 7.477748128101370240e-01 5.728598089765892798e-01 3.825017703292812876e-01 2.392918615509129487e-01
1.103008196015387243e+00 1.026658529409608223e+00 9.622946363438752426e-01 8.430920017771988961e-01 7.142337594640955079e-01 5.410670290384840264e-01 3.654827363320298783e-01 2.343620943293657777e-01
1.090521690499482110e+00 1.014351550619955633e+00 9.375014233945020425e-01 8.128083881578946901e-01 6.969811990780445665e-01 5.186578680165965238e-01 3.679202890887133814e-01 2.298583311342894953e-01
1.052698366550017139e+00 1.007889623980780414e+00 9.222460465187414247e-01 7.942694576313534816e-01 6.701120429156006697e-01 4.990430110109896344e-01 3.450790979754935761e-01 2.146453121389474694e-01
1.018419245331359635e+00 9.498230107949930945e-01 8.941332483625820116e-01 7.713802263677285165e-01 6.472373300098647197e-01 4.923011560443366630e-01 3.349462425700663326e-01 2.120743739644959935e-01
1.001823622044466955e+00 9.453993296147450431e-01 8.620249124927829021e-01 7.442300331827753634e-01 6.204860213432149552e-01 4.696759356455044165e-01 3.162274349844104715e-01 1.990212897884869880e-01
9.674001037474849740e-01 9.143984392244233206e-01 8.448226624317396460e-01 7.273965115170601958e-01 6.021658403172089891e-01 4.628046649531024626e-01 3.032282799745611435e-01 1.897034796691145775e-01
9.432373460252285735e-01 8.918167737099791381e-01 8.207391336558605976e-01 7.069682909459088505e-01 5.737569950955734299e-01 4.276627582348916379e-01 2.848637462282693211e-01 1.755353146715234736e-01
9.385997144051266838e-01 8.616211363853416572e-01 7.791391669342278004e-01 6.870461913738813431e-01 5.771817013583672162e-01 4.054011540614820830e-01 2.841718647124986674e-01 1.765076033188084093e-01
9.086496281751336168e-01 8.472998806577086706e-01 7.704522340411034120e-01 6.550546092904491191e-01 5.549217900353452526e-01 4.154624821898290632e-01 2.645205025050951231e-01 1.780779626504940538e-01
8.926889929244028465e-01 8.302057427565774361e-01 7.627095101103937846e-01 6.441674514139098529e-01 5.328001364683493390e-01 4.002385828247135846e-01 2.612698224462510765e-01 1.488096843809010028e-01
8.723951788123710527e-01 8.059190030170325647e-01 7.290629599976129471e-01 6.264907251017320933e-01 4.939953407988357248e-01 3.867761948529411797e-01 2.524123486726954635e-01 1.532070637700481408e-01
8.602593599751676701e-01 8.014411051546184162e-01 7.212068975991445807e-01 5.919993047483239623e-01 4.980505154461566386e-01 3.618531256290257181e-01 2.484023527884413329e-01 1.400472229800777402e-01
8.341067399517262393e-01 7.676440681378866593e-01 6.877316145329138708e-01 6.000021120301235467e-01 4.735175826681116140e-01 3.531838713259043971e-01 2.284001068112016253e-01 1.418054688934878016e-01
8.063121072703615111e-01 7.484623854926304443e-01 6.716556491936525042e-01 5.681869140829579612e-01 4.543161125920527899e-01 3.322712720390112451e-01 2.361588278169105548e-01 1.240540647542467123e-01
7.885175821813343866e-01 7.412753916250639508e-01 6.478262616072342217e-01 5.521952852954731261e-01 4.387598968642567043e-01 3.375175959027202910e-01 2.139199828158789007e-01 1.239127192845172892e-01
7.723413522398470121e-01 7.178258557828640640e-01 6.382822354213382177e-01 5.339544792194627076e-01 4.273261390410086347e-01 3.124783391806032484e-01 2.127714304300365455e-01 1.189835626255307255e-01
7.792837458920479632e-01 6.986025112003756421e-01 6.179451540106479790e-01 5.241042653877510116e-01 4.092820841532950338e-01 3.062473327717280536e-01 1.995706135597302422e-01 1.239008283414303191e-01
7.484967824972798001e-01 6.836270787715191810e-01 6.042249115387526848e-01 5.095607893534741528e-01 3.965881687009779610e-01 2.908069339944210907e-01 1.993487795650274452e-01 1.105235413787118842e-01
7.254930925690047383e-01 6.529793249309392422e-01 5.893482252308591685e-01 4.872647022637795478e-01 3.865195347889823219e-01 2.903058430372205123e-01 1.832387651715959853e-01 1.046311545249122288e-01
7.174135429183627899e-01 6.482755349618529728e-01 5.801197430964920576e-01 4.778886258299760992e-01 3.698917704060892264e-01 2.792168324387918066e-01 1.832056846156896734e-01 1.012598277313707940e-01
6.953551131146236131e-01 6.430997333085340939e-01 5.585330298326468546e-01 4.671190886550556365e-01 3.642397182194266891e-01 2.709887832976861644e-01 1.717727420212440126e-01 1.026957356318158460e-01
6.786158466671916578e-01 6.119607668494922992e-01 5.463878044488350572e-01 4.524191151494564855e-01 3.484061304971319273e-01 2.576122769895923814e-01 1.635405791840915668e-01 9.667216344372726866e-02
6.692980074110432831e-01 6.144438643329039884e-01 5.396139508288744224e-01 4.443746298987941712e-01 3.383490657843518656e-01 2.515583854819465892e-01 1.554301042106135400e-01 9.267548651988670450e-02
6.479833255033354833e-01 5.920156064869668278e-01 5.142714119551372587e-01 4.234233442385125779e-01 3.246786235006611232e-01 2.381140596747716165e-01 1.633242173628373650e-01 7.979666763345352742e-02
6.374827993636490442e-01 5.740627648803917626e-01 4.985875612223168440e-01 4.206834459259697345e-01 3.181771561011483285e-01 2.325929958212038517e-01 1.495046241045718538e-01 9.143821232978092961e-02
6.164092616049582363e-01 5.703786266810871863e-01 4.861732706125750370e-01 3.987109393311691341e-01 2.967321884373557705e-01 2.183487746983828193e-01 1.382707172893675174e-01 8.277455451009251008e-02
6.108087770123714622e-01 5.506441506994775859e-01 4.845345181772908183e-01 3.857087540156034500e-01 2.982379787334148991e-01 2.091873521179593576e-01 1.396287016489756172e-01 8.428842823378830673e-02
6.079139403345256154e-01 5.434617735986495557e-01 4.643878826516211755e-01 3.762668894298041300e-01 2.895877997613811594e-01 2.093602546489519434e-01 1.441583418544777062e-01 9.074139378143546153e-02
5.987368570591262706e-01 5.209674230570064957e-01 4.598088706964550409e-01 3.657216504763343701e-01 2.791425094681719843e-01 1.964947149697353068e-01 1.291507914030437798e-01 7.261863892078562754e-02
5.832763096176083462e-01 5.206552041690860611e-01 4.335086436320328973e-01 3.584764153381420626e-01 2.699008240879924858e-01 1.856988252755200630e-01 1.253777383196301998e-01 7.431181936219545536e-02
5.693690096698756919e-01 5.121705903942953553e-01 4.294182294915783182e-01 3.478168602879244675e-01 2.533456135824386224e-01 1.860986465569099968e-01 1.111623472623365499e-01 7.106432008370398845e-02
5.603321195475806649e-01 4.925687973108668904e-01 4.193334746303614136e-01 3.407142921330295615e-01 2.618883979243806781e-01 1.797942072126972046e-01 1.149808767676152865e-01 6.156289637075591792e-02
5.389510099326894066e-01 4.815038734765521022e-01 4.122036869167620687e-01 3.218802100556658052e-01 2.428399332718157999e-01 1.671380555766995291e-01 1.110420442570400762e-01 6.038059899863481433e-02
5.331338446884142934e-01 4.790782620614034704e-01 3.967866747791230497e-01 3.145814751805849352e-01 2.341495073873253174e-01 1.630791935181766794e-01 1.051878616014977758e-01 5.425077851092093006e-02
5.307491493821475670e-01 4.633257754274441309e-01 3.816267772672901626e-01 3.107103846973571781e-01 2.312173852562560139e-01 1.588851315622844540e-01 1.039104024393870535e-01 5.498108220851835592e-02
5.153336944133837250e-01 4.580939224740848137e-01 3.827112679529671713e-01 2.999995532066993542e-01 2.261926869200241164e-01 1.552294340537281603e-01 9.384243106931634826e-02 5.182358150744197783e-02
5.109418727919894376e-01 4.486172274867847309e-01 3.723411438077953717e-01 2.909031276238455144e-01 2.182537175910952976e-01 1.436660341078008496e-01 9.236593914691261509e-02 5.503574832678476136e-02
5.018416084822000522e-01 4.405843997735734430e-01 3.582680685250574371e-01 2.852935491338271512e-01 2.134322306776210987e-01 1.379873646811006771e-01 8.988008143538135652e-02 5.380254775252270999e-02
4.899371764423685049e-01 4.296164965852994899e-01 3.572038843044094136e-01 2.737381069898345287e-01 1.993816476398490856e-01 1.336452732769377594e-01 8.871301615013267583e-02 5.876661018151064370e-02
4.835876416095674091e-01 4.285483522974287696e-01 3.524327106090698325e-01 2.691772681824724511e-01 1.941206963070766789e-01 1.385193755661231763e-01 8.725826307224127110e-02 5.548505633206678861e-02
4.719075813209357428e-01 4.116088988329060783e-01 3.431420110887096753e-01 2.587039402825878631e-01 1.873524844720496629e-01 1.270293594346423582e-01 8.075568961195908613e-02 4.601764036357369747e-02
4.630013667519764509e-01 4.098543463826896383e-01 3.303806300216316494e-01 2.533345059772801888e-01 1.830596089606283117e-01 1.246837079863931663e-01 7.246611421503401651e-02 4.344108694335797188e-02
4.617426001453723283e-01 4.000570142050114963e-01 3.234452007756322134e-01 2.410887594639991860e-01 1.729965085419727377e-01 1.261140236799261072e-01 7.500616879386698410e-02 4.381667177473633906e-02
4.522972641547209349e-01 3.851901239145058553e-01 3.204988662975311597e-01 2.415558924129353469e-01 1.774972348230286767e-01 1.112191378590682428e-01 6.758047344689378788e-02 4.821724427006673919e-02
4.594069931371860815e-01 3.854009900259678933e-01 3.091223006390946826e-01 2.360007092216016567e-01 1.666807487921484476e-01 1.088374323272947863e-01 7.024262965059548114e-02 4.350682520604395864e-02
4.451584393850870902e-01 3.843907668943542522e-01 3.025805478168622775e-01 2.295297899992944368e-01 1.617282882137026923e-01 1.066228217469933348e-01 6.824374634129633244e-02 4.517083664693714168e-02
4.385410055147785369e-01 3.724015482356039519e-01 2.951003433791090647e-01 2.218427257079130799e-01 1.586196862130034579e-01 1.088019199845026985e-01 6.360341913278308446e-02 4.349162213376730340e-02
4.301258082323352050e-01 3.672510057736384503e-01 2.937464175739613603e-01 2.148535392410679534e-01 1.532465330094680833e-01 9.877875056235818629e-02 6.096161521579701592e-02 4.678731138316985505e-02
