nan nan nan nan nan nan nan 0.000000000000000000e+00
4.084861328125000000e+03 nan nan nan 3.533804199218750000e+03 1.301497924804687500e+03 nan 2.100759887695312500e+02
2.722566406250000000e+03 nan nan 2.908804687500000000e+03 nan 2.785660400390625000e+03 1.801849609375000000e+03 3.219514973958333030e+03
2.396103515625000000e+03 nan 2.184194661458333030e+03 nan 2.475228515625000000e+03 3.569900390625000000e+03 4.091966471354166515e+03 3.370603027343750000e+03
3.051092122395833030e+03 1.604374837239583258e+03 nan 2.396742187500000000e+03 nan 2.899183593750000000e+03 1.864044596354166515e+03 1.797094050480769283e+03
2.583572443181818471e+03 2.080803515625000273e+03 1.660480050223214221e+03 nan 2.438501775568181984e+03 2.984504231770833030e+03 7.809842075892856883e+03 1.537208806818181802e+04
1.664775024414062500e+03 1.933398003472222172e+03 2.629446875000000091e+03 1.957355834960937500e+03 2.056461181640625000e+03 2.691100585937500000e+03 3.853426269531250000e+03 9.409032986111111313e+03
1.087820556640625000e+03 1.914016276041666515e+03 1.673417968750000000e+03 1.678160714285714221e+03 2.057399680397727479e+03 2.325833834134615699e+03 5.011751775568181984e+03 1.027537430555555511e+04
1.446066200657894569e+03 1.747222377232142662e+03 1.551452799479166515e+03 1.727926682692307850e+03 2.230442522321428442e+03 2.298029296875000000e+03 5.334750600961539021e+03 7.743755102040815473e+03
1.289550951086956502e+03 1.621691856971154039e+03 1.650548483455882433e+03 1.810553222656250000e+03 1.913219921875000182e+03 2.286298046875000182e+03 4.274913194444444343e+03 7.881823630136986139e+03
1.317308670343137237e+03 1.077235894097222172e+03 1.614716619318181756e+03 1.578510190217391255e+03 2.370199218750000000e+03 1.877281960227272748e+03 4.700645720108695969e+03 7.807025974025974392e+03
1.129730389030612059e+03 1.298930338541666515e+03 1.242819642857142753e+03 1.364580273437500182e+03 1.211780658143939490e+03 1.647785156250000000e+03 3.582886439732142662e+03 5.709026785714285325e+03
1.061443391393442653e+03 1.102500762195121979e+03 1.436167347301136488e+03 1.392497888513513544e+03 1.375370225694444343e+03 1.807143158783783974e+03 2.414345920138888687e+03 7.176819128787878981e+03
9.142172924440297948e+02 1.152267721036585499e+03 1.034370863970588289e+03 1.151587553879310235e+03 1.315567534722222263e+03 1.568973248106060737e+03 3.307354518581081265e+03 6.076400862068965580e+03
9.935111940298506852e+02 1.059616257440476147e+03 1.024538541666666788e+03 1.252490319293478251e+03 1.182177604166666697e+03 1.427021205357142890e+03 2.785525971283783747e+03 4.512064043209876218e+03
7.353699383802817238e+02 8.362136863425924957e+02 9.785527759308509985e+02 1.054901855468750000e+03 1.107557291666666742e+03 1.064394375000000082e+03 2.226152656249999836e+03 4.223568359375000000e+03
7.614071928879310462e+02 7.843335790094339472e+02 9.495290798611110858e+02 8.957932079081631400e+02 1.220132436899038566e+03 1.208584940159574444e+03 2.346533088235294144e+03 3.489904187817258389e+03
6.846720905172413723e+02 7.682684151785713311e+02 8.944034288194443434e+02 8.880259046052631220e+02 1.056497558593750000e+03 1.059459517045454504e+03 1.743907682291666561e+03 3.809801957831325126e+03
7.688533818493150420e+02 6.270800083705356656e+02 6.947912946428571104e+02 8.659326054216868442e+02 8.603755208333333258e+02 9.778747519841268740e+02 1.973180121527777601e+03 3.231956768774703505e+03
6.296569602272727479e+02 7.512007812499999773e+02 7.630245768229166288e+02 9.000634594298245474e+02 8.767691678779069662e+02 1.045890625000000000e+03 1.998213879870130086e+03 3.153236475409836203e+03
6.047237617924528195e+02 6.947845744680851112e+02 7.635340745192307850e+02 7.349606983418366326e+02 9.367812500000000000e+02 8.534442471590908781e+02 1.932314006024096443e+03 2.794771964856229715e+03
5.949468936011904816e+02 6.259291616586539249e+02 7.211769662921348072e+02 7.489326685855262440e+02 7.534084931930692619e+02 8.932105741279069662e+02 1.788901838235294008e+03 3.040386936339522435e+03
5.715591273907103869e+02 5.601468904702970804e+02 7.044989681603773306e+02 7.486516628440367640e+02 8.423712797619047024e+02 8.171715029761905953e+02 1.516475097656250000e+03 2.890265547263681583e+03
4.908180357142857133e+02 5.392426509533897843e+02 6.394839527027027088e+02 7.062928977272727025e+02 7.387926733193277187e+02 8.799498820754716917e+02 1.539480263157894569e+03 2.653766011235955375e+03
5.072495872641509322e+02 5.435773368969297508e+02 5.643534608644858963e+02 7.058203816371681114e+02 6.901300223214285552e+02 7.735992647058823195e+02 1.505293859649122624e+03 2.189337872706422331e+03
4.863402288732394254e+02 5.028860312500000305e+02 5.645843869274808640e+02 6.066255081300813572e+02 6.951911496350364814e+02 6.966568556201550564e+02 1.383637695312500000e+03 2.070978512014787611e+03
4.312652994791666288e+02 5.086388923891128684e+02 5.001578824626865298e+02 5.499760451158940668e+02 6.357477678571427759e+02 7.299642065602836283e+02 1.315468979779411711e+03 2.004574082568807398e+03
4.446765175718849719e+02 4.562720947265625000e+02 5.008895411849710513e+02 5.806043233082706365e+02 5.983691290680473003e+02 7.021425223214286007e+02 1.143410180214724051e+03 1.937174358974358938e+03
4.354214308110367710e+02 4.710680357142857133e+02 5.159271205357142662e+02 5.640200018825300958e+02 6.508162946428570876e+02 6.543592779503105703e+02 1.072775126689189165e+03 1.765365353697749242e+03
3.759739740210843593e+02 4.432657912234042215e+02 4.615355113636363740e+02 5.419801178892215603e+02 5.949908268960673468e+02 6.824673687845303220e+02 1.062803271198830316e+03 1.733804743223965716e+03
4.214762766768292863e+02 4.071098658376963613e+02 4.583669763513513544e+02 4.819299847146738784e+02 5.460706249999999500e+02 6.232114138719512084e+02 1.030932812499999955e+03 1.714146119505494653e+03
3.629790423103932540e+02 4.385677216198979522e+02 4.640177908415841443e+02 5.305872395833333712e+02 5.480406249999999773e+02 5.919727134146341996e+02 9.442930453431372371e+02 1.646109076433120890e+03
3.837622429653679887e+02 4.120380812198067702e+02 4.465720863526569815e+02 4.752571022727273089e+02 5.735781250000000000e+02 5.887523674242424931e+02 1.030700495049504980e+03 1.528183733087330893e+03
3.741904423701298583e+02 3.874938953488372135e+02 4.458467404306219919e+02 4.614772892441860677e+02 5.276963718220339388e+02 5.589485501126125655e+02 9.843495319383260949e+02 1.458791809851088374e+03
3.538030078895463930e+02 3.806036068925233167e+02 3.920348981277533653e+02 4.759681274900398193e+02 4.944476380813953256e+02 5.467534579918033160e+02 8.355041937229436826e+02 1.333439167556030043e+03
3.559994236680328186e+02 3.439203124999999659e+02 4.129143880208333144e+02 4.419356449771689199e+02 4.838289147111913735e+02 4.943019899103139210e+02 8.264188725490196248e+02 1.202161609829488498e+03
3.329463900862068613e+02 3.572569986979166288e+02 3.826697474888392776e+02 4.268910767431972886e+02 4.815570414847161373e+02 4.775761993838028161e+02 7.697461089494163389e+02 1.205388536585365955e+03
3.123838249516441010e+02 3.359100520833333690e+02 3.839077490774907915e+02 4.218641206095041412e+02 4.709115448504983306e+02 5.035226004464285552e+02 7.994330271946564608e+02 1.222875563570784379e+03
2.979725988051470722e+02 3.133629166666667061e+02 3.637432676848874280e+02 3.989070897801303204e+02 4.419550642730496293e+02 4.603673592032967008e+02 7.009170386904761472e+02 1.171032169890664363e+03
2.783927083333333599e+02 2.993865388569078618e+02 3.505209597491909790e+02 3.795403094462540707e+02 4.280359324104234702e+02 4.521216269841269764e+02 6.793901241987178992e+02 1.027399757477768844e+03
2.800832181047197764e+02 3.167378687888198669e+02 3.371666175314465477e+02 3.910656393788343621e+02 4.245644968051117871e+02 4.212287212171052602e+02 7.218194230769230444e+02 1.070451432496075313e+03
2.798046346414073469e+02 2.913053016902516106e+02 3.286657854984894129e+02 3.827617811501597203e+02 3.965260711756374121e+02 4.257498679577465168e+02 6.775760788690475920e+02 1.035873678247734233e+03
2.734271416083915938e+02 2.877239053415697754e+02 3.263554010115606729e+02 3.657998875321336527e+02 4.150713374635568584e+02 4.325743856837606813e+02 6.678420041899441912e+02 9.611882889200560385e+02
2.651437581913499457e+02 2.645180777616279215e+02 3.169140246670702368e+02 3.533906935307017534e+02 3.919383658690176162e+02 4.304853098290598723e+02 6.442036082474227214e+02 9.200408783783784656e+02
2.633756017329910151e+02 2.704960082116788271e+02 3.251752450980392268e+02 3.399986313868613479e+02 3.729546875000000341e+02 4.048399009146341427e+02 6.133786789021163486e+02 9.136516655989750006e+02
2.515839262613195615e+02 2.741939982476635578e+02 3.021636253041362465e+02 3.347087548955613556e+02 3.800463789682539755e+02 4.134134163533834112e+02 5.755025188916876004e+02 8.504476495726495386e+02
2.475778338509316825e+02 2.537381292906178487e+02 2.733246241155660528e+02 3.356160026658768061e+02 3.473052316542288622e+02 3.981496519721577556e+02 5.720761002444987753e+02 8.286102245862883819e+02
2.389613608374384341e+02 2.497743749999999920e+02 2.747921943832599254e+02 3.187722831905781504e+02 3.622234656531531414e+02 3.529630877293578237e+02 5.732647990088106553e+02 8.123085548172757626e+02
2.289256356998992885e+02 2.496454951298701417e+02 2.820820054945054949e+02 3.203449358258928328e+02 3.517268342391304259e+02 3.710312836021505518e+02 5.269160242290749920e+02 7.869480769230768828e+02
2.247106106822709251e+02 2.420161323051948159e+02 2.707362399193548299e+02 2.936117484177215147e+02 3.458100818452380736e+02 3.621443331643001784e+02 5.427873768153526726e+02 7.499614213869772357e+02
2.297794494628906250e+02 2.312859700520833428e+02 2.573157732213438749e+02 2.944614219961240451e+02 3.246232311320754889e+02 3.616531887755102161e+02 5.228286551896206902e+02 7.399180094199305131e+02
2.183063890176088933e+02 2.300168145576132019e+02 2.522347797927461102e+02 2.853918901821862164e+02 3.286698167903525132e+02 3.449030286608863207e+02 5.072494169776119293e+02 7.179292475153810074e+02
2.019069919278252598e+02 2.193973524305555429e+02 2.442615612399193594e+02 2.871490032327586164e+02 3.251770428015564107e+02 3.462987065018314752e+02 4.831276483050847332e+02 6.986652158774372765e+02
2.004397865853658516e+02 2.171294981060605949e+02 2.443472828584558840e+02 2.899790203651685374e+02 3.116941406250000455e+02 3.313429995711835545e+02 4.912583705357142776e+02 6.529838439177101463e+02
2.003751288955087091e+02 2.143670808447099034e+02 2.498031146006655661e+02 2.705228076758147608e+02 2.995859375000000000e+02 3.312324750453720412e+02 4.502571826758147608e+02 6.498804229934924024e+02
1.979620731173380079e+02 2.029653256899350708e+02 2.332416447899838658e+02 2.579082000000000221e+02 2.936342870447019777e+02 3.190449879227053316e+02 4.264074499591503127e+02 6.185327464788732641e+02
1.930503812123494072e+02 2.070962620578778228e+02 2.358645833333333428e+02 2.569201331967213378e+02 2.893015175718849719e+02 3.247365929027113225e+02 4.514323588709677324e+02 6.062470396080033197e+02
1.852738860924683024e+02 1.950371218152866390e+02 2.258409003091190073e+02 2.550239351114649935e+02 2.759402683933934100e+02 3.073544628751974415e+02 4.357301271860095540e+02 5.856079588728104000e+02
1.845605412463976904e+02 1.887854595302794962e+02 2.161558351769911610e+02 2.409504143159379339e+02 2.801981269409937454e+02 2.942630918220946796e+02 4.240091430131004699e+02 5.685422960725074972e+02
1.701619773131672844e+02 1.775477644230769272e+02 2.051811655405405475e+02 2.530320021350931370e+02 2.735953125000000341e+02 3.003175763785395134e+02 3.906274004267425539e+02 5.336712545126353007e+02
1.711568657635467900e+02 1.782471292650918713e+02 2.060307361733931373e+02 2.338823541135203925e+02 2.600860604434906804e+02 2.928218338815789252e+02 3.949943141748942139e+02 5.401200000000000045e+02
1.660994531784005517e+02 1.746085013003901167e+02 1.987804242886178940e+02 2.372627065373563084e+02 2.586587615283267496e+02 2.887911951303154865e+02 3.901797619047619037e+02 5.329851380936341911e+02
1.606848270166898374e+02 1.720023781446540738e+02 1.989861801989730168e+02 2.214323378164557141e+02 2.494958305256064932e+02 2.843687500000000341e+02 3.735590052015604670e+02 5.055049347471451711e+02
1.591485294117646845e+02 1.705880149812734032e+02 1.841330596107056010e+02 2.224109610552763741e+02 2.497397829110012140e+02 2.744594780219780432e+02 3.638369565217391255e+02 5.108095880900956445e+02
1.573172094042055846e+02 1.654166535308953314e+02 1.850856423173803478e+02 2.142950653798256440e+02 2.426921530330882320e+02 2.732667439258312356e+02 3.479840823970037604e+02 4.937700295581829550e+02
1.499819799270073020e+02 1.585604191438763166e+02 1.861244664634146204e+02 2.095424396348645359e+02 2.414489692218350854e+02 2.641012585812356974e+02 3.607796783625731223e+02 4.785575892857143572e+02
1.503229403409090708e+02 1.610714611178614746e+02 1.760805749128919899e+02 2.061930209513024010e+02 2.392381530984203835e+02 2.571996812719812056e+02 3.373642633674630247e+02 4.803503515968356510e+02
1.442180429864253597e+02 1.544702068764568708e+02 1.660501610824742329e+02 2.021940721267772574e+02 2.270489837938363280e+02 2.518926677178899354e+02 3.308636931187569417e+02 4.550668709947061075e+02
1.392934426777124486e+02 1.510784028504183993e+02 1.696736674391657118e+02 1.919911221590909065e+02 2.280625702247191100e+02 2.412389112903225907e+02 3.241906803097344891e+02 4.374468487963213192e+02
1.363661684782608745e+02 1.464878807106599083e+02 1.612281614528101841e+02 1.932956472012917004e+02 2.088308085619918870e+02 2.525075231481481808e+02 3.199871557203389898e+02 4.255423413423870898e+02
1.312657746010638391e+02 1.403260050251256530e+02 1.617857365403788492e+02 1.876510097137014554e+02 2.131353776737967962e+02 2.350349860688956483e+02 3.063402055150884848e+02 4.085920614596670362e+02
1.313006671534784857e+02 1.392822012225548747e+02 1.537317164179104338e+02 1.834820226819541347e+02 2.117058252427184470e+02 2.370038086913086772e+02 3.012753180039138670e+02 4.094673120442544700e+02
1.293369320802582934e+02 1.331723466407010790e+02 1.504145710059171677e+02 1.754887960271317695e+02 2.065079806751467686e+02 2.251277305825242649e+02 2.921221196729434837e+02 3.916858420540277166e+02
1.237315454950936697e+02 1.343890432828760595e+02 1.482451339285714198e+02 1.763941299481621172e+02 1.965210064635272431e+02 2.258104838709677438e+02 2.955224329324699397e+02 3.936615464873637507e+02
1.189144755583409250e+02 1.274185674090038276e+02 1.437273106583793663e+02 1.692722398618538193e+02 1.912119039187913074e+02 2.205882094277673673e+02 2.840671860885275350e+02 3.903475204200700546e+02
1.195921300398759399e+02 1.256779722094095888e+02 1.436347869437447571e+02 1.664244323557237522e+02 1.875183620323129219e+02 2.156431896743978598e+02 2.800009938162544358e+02 3.636702619843924253e+02
1.167079490557751456e+02 1.242838917799490304e+02 1.358931534090908997e+02 1.628534586113427736e+02 1.853483273056057783e+02 2.113733595800524938e+02 2.747565092674316247e+02 3.581278667243617519e+02
1.098067381562099882e+02 1.209244281045751706e+02 1.329440081755593894e+02 1.595827931072695094e+02 1.791655601659751085e+02 2.017798752115059244e+02 2.657629828326180359e+02 3.517489961961115341e+02
1.101797581861266622e+02 1.142812244271685813e+02 1.297975939811010733e+02 1.547743083602584875e+02 1.838421755927180357e+02 2.020445325370675391e+02 2.666362179487179560e+02 3.417089750260145706e+02
1.051650707799145295e+02 1.119582424662965963e+02 1.289093180918447956e+02 1.467238650244299834e+02 1.716009920634920718e+02 1.977942603071948042e+02 2.526011690647482055e+02 3.394018018470187030e+02
1.029455370650529460e+02 1.132538595617529893e+02 1.262530608214849934e+02 1.430114403876272604e+02 1.691206184528605831e+02 1.942717048145224794e+02 2.546146417133706734e+02 3.325496981990896188e+02
1.023606176362297475e+02 1.090828258963367148e+02 1.189746291959406648e+02 1.425191915760869392e+02 1.663696929492039374e+02 1.887340517241379416e+02 2.455663057866868542e+02 3.241750381242851518e+02
1.001951961496549330e+02 1.024547703689469671e+02 1.218409981343283590e+02 1.370126737348539052e+02 1.646753578244274934e+02 1.853104166666666686e+02 2.428540734526472704e+02 3.161501257451564584e+02
9.556177258980937950e+01 1.053799014919663364e+02 1.175713273195876383e+02 1.334499515503875955e+02 1.580246791490857845e+02 1.800401227255496508e+02 2.331041516245487344e+02 3.168055886667889354e+02
9.453310409924486635e+01 1.010988940329218053e+02 1.131609195402298838e+02 1.334118273160762840e+02 1.543940187175685708e+02 1.771253129316298214e+02 2.336290446493130730e+02 3.017005499459069711e+02
9.349460940261576525e+01 1.000475033512064300e+02 1.097266496687587107e+02 1.292073873753561202e+02 1.497667780974949210e+02 1.745995738636363512e+02 2.256155145530145489e+02 2.950555555555555429e+02
9.121699020636586397e+01 9.388093834231806056e+01 1.088378815527538137e+02 1.242759852841678025e+02 1.503422517123287605e+02 1.726600983592095986e+02 2.231334264905148927e+02 2.921235499327505067e+02
8.888191189236111711e+01 9.582923739288067111e+01 1.061505700732356985e+02 1.204801042356055660e+02 1.404515542328042272e+02 1.640331525259067291e+02 2.182618069389110076e+02 2.818822890559732741e+02
8.647804000632511645e+01 9.083900798222514084e+01 1.015829255756578959e+02 1.207343229513657548e+02 1.420377560443250502e+02 1.613593853545394268e+02 2.151561050364479684e+02 2.730202708264734497e+02
8.263072868927589809e+01 8.928957528957528211e+01 1.012043706154336604e+02 1.156673810840708114e+02 1.351911397510755819e+02 1.590823118363522610e+02 2.076189389168765729e+02 2.666291588198367890e+02
8.165033680342926914e+01 8.627423123003194405e+01 9.687581219059406124e+01 1.137468100550122188e+02 1.344197164131812201e+02 1.578946712762669904e+02 2.062561259305210797e+02 2.653324393108848653e+02
8.172890223632516893e+01 8.502918537524053022e+01 9.637722953216373867e+01 1.090997162624378092e+02 1.333343362374483263e+02 1.500991161616161662e+02 1.975881410256410220e+02 2.568746169169475593e+02
7.944935215698022546e+01 8.279173136645961506e+01 9.311253293552385912e+01 1.087174524853801216e+02 1.283817824937810883e+02 1.468141635661133364e+02 1.984224530018192922e+02 2.575938054405677349e+02
7.555728856462179976e+01 8.068776739874500947e+01 9.050768487456241473e+01 1.032444149731022094e+02 1.236306802194710315e+02 1.462909763313609517e+02 1.899144659624413123e+02 2.493637943519188696e+02
7.601525793938515108e+01 7.969122107787809739e+01 8.654210805084746028e+01 1.029414871292669318e+02 1.206285346577726187e+02 1.425739220445459807e+02 1.916771489971346512e+02 2.376368971404182560e+02
7.532230650436046915e+01 7.635815578306585394e+01 8.534299033149171976e+01 9.925686659192824379e+01 1.187685140199888991e+02 1.407544655292479092e+02 1.826784128745838132e+02 2.350324048346762709e+02
7.349720521692840691e+01 7.688543975069252667e+01 8.420204326923077076e+01 9.713320637119115020e+01 1.172304340277777754e+02 1.355732519422863618e+02 1.806305723720418257e+02 2.356684858175750890e+02
7.069319948186527824e+01 7.678426741527702859e+01 8.284373285792649710e+01 9.553451441784548592e+01 1.109737541903042910e+02 1.362414062499999829e+02 1.774409833333333495e+02 2.259253926701570663e+02
7.011106584093872129e+01 7.174555249731471918e+01 8.028039094917012619e+01 9.289388702042849388e+01 1.102603826808047813e+02 1.305102890250399525e+02 1.788504905145530302e+02 2.257601540161164451e+02
6.632904411764705799e+01 6.951829329496789001e+01 7.820163542701092751e+01 9.150687871822607633e+01 1.082258845232088760e+02 1.264015302835051529e+02 1.705948309241094591e+02 2.174546246130030909e+02
6.653148940245148424e+01 6.851007892491467999e+01 7.561212060702875704e+01 8.733482142857143060e+01 1.064011015951882797e+02 1.260871424129353215e+02 1.646795172326406487e+02 2.206396005072923288e+02
6.405106973552894090e+01 6.782598304473305006e+01 7.515802919708029606e+01 8.608028376990242236e+01 1.020178233064898166e+02 1.241696953010279145e+02 1.639383689175769518e+02 2.093064089959444232e+02
6.228013559269383137e+01 6.534788558710299355e+01 7.391090969215969153e+01 8.376480263157894512e+01 1.005688438115157481e+02 1.218639832594781041e+02 1.608008763388510260e+02 2.080823994426944523e+02
6.251428219650333062e+01 6.514542368913858184e+01 7.072346920717319563e+01 8.085789844851903752e+01 9.761349465558194538e+01 1.191311407652338232e+02 1.567645438388625507e+02 2.033371016869728294e+02
6.084787629562866584e+01 6.297926980198019464e+01 6.944980037576327447e+01 7.994643699858424668e+01 9.573750876577840074e+01 1.175585937500000000e+02 1.541394026861451323e+02 1.986389988186651010e+02
5.824483032501125024e+01 6.241603103248259998e+01 6.819121201657458187e+01 7.986342913204062199e+01 9.379123088169140487e+01 1.135840442200557163e+02 1.526722194107062478e+02 1.955484723179416449e+02
5.879103242885506120e+01 5.979424794750231342e+01 6.650170480162307740e+01 7.734665681617322264e+01 8.974329739391143335e+01 1.127799039742451157e+02 1.502465749547101552e+02 1.936905996393146836e+02
5.643924748798602309e+01 6.002155221019395270e+01 6.448168285472972627e+01 7.586956034096006363e+01 9.016183565114273790e+01 1.088659740765465074e+02 1.456445244800693217e+02 1.908199184990701269e+02
5.683220705268934836e+01 5.846803410046237559e+01 6.365086402910413454e+01 7.268151709401709581e+01 8.772646879164815914e+01 1.078908873224279006e+02 1.451749778368794352e+02 1.881527536389311308e+02
5.551612644415917686e+01 5.607749375260308256e+01 6.203184561626429172e+01 7.099411114704614079e+01 8.537798045435938832e+01 1.068299841772151950e+02 1.419205217574989319e+02 1.852947566935826558e+02
5.249670626349892189e+01 5.550933231581125682e+01 5.985054910899295066e+01 6.996033355725505487e+01 8.379057405619906262e+01 1.024036691145168163e+02 1.390277937788018505e+02 1.793003426807575522e+02
5.137686771137026653e+01 5.407124316247973894e+01 5.798110789687373057e+01 6.725654450261779971e+01 8.096853719562525953e+01 9.945654492971887350e+01 1.328313439658675179e+02 1.759987153652392919e+02
5.111256446463654157e+01 5.279665033920615969e+01 5.726838680387408687e+01 6.683488313008129467e+01 8.000214608433735464e+01 9.909263712648383660e+01 1.333257682976142178e+02 1.668027022916244277e+02
4.962154694460584636e+01 5.262349890829693777e+01 5.712775624244865469e+01 6.357645691723310932e+01 7.813841357308585600e+01 9.734127614347146107e+01 1.310689867797947841e+02 1.676211076953589725e+02
4.903859559383327138e+01 5.088363437499999975e+01 5.542651376588371193e+01 6.300332194381169870e+01 7.545516223086124796e+01 9.351666826554105683e+01 1.312366831013147817e+02 1.633179709511318265e+02
4.761077758719267905e+01 4.964251875487139642e+01 5.391288157410812687e+01 6.188050752246972053e+01 7.440918553517964540e+01 9.177624559514487146e+01 1.240964766691957522e+02 1.590780805687203667e+02
4.677803534352585757e+01 4.841761467889908488e+01 5.268828771169751946e+01 5.926753548034934482e+01 7.303115490680868049e+01 9.125947215025905734e+01 1.215456068327670778e+02 1.586047794117646959e+02
4.589973180970149258e+01 4.808713552915766343e+01 5.219667107181917487e+01 5.860956649751052794e+01 7.113389336917562389e+01 8.989188815060907700e+01 1.207989351851851723e+02 1.545730245668713962e+02
4.450922898827252538e+01 4.619125090383224830e+01 4.997545203697056593e+01 5.772964490674318938e+01 6.922455741850880884e+01 8.773214609800362496e+01 1.205019004916241840e+02 1.567664374829250562e+02
4.423886212093533032e+01 4.516304468406105599e+01 4.917158999463519109e+01 5.599193996974012322e+01 6.669900527856636074e+01 8.501999999999999602e+01 1.172801462718515779e+02 1.494780315761542511e+02
4.425530761634895782e+01 4.430076206140350337e+01 4.763578283490731025e+01 5.502649834725121991e+01 6.662529543067226712e+01 8.492717702821869352e+01 1.150833917309039833e+02 1.442409018987341938e+02
4.224668832264596574e+01 4.391671945997902782e+01 4.688457555807464416e+01 5.237462455830388564e+01 6.650156303164341409e+01 8.136803668478260931e+01 1.117304875947622378e+02 1.422097659980897788e+02
4.161356135059894967e+01 4.294622036637930762e+01 4.572666638254347049e+01 5.202340916584240205e+01 6.339796957092819696e+01 8.005440350651576864e+01 1.114225210084033648e+02 1.412809702446926394e+02
4.030472597258699352e+01 4.223181652046783796e+01 4.487793597168597159e+01 5.123556130300957534e+01 6.259789065034057387e+01 7.865496532419786035e+01 1.092704043507140597e+02 1.391737247653069574e+02
4.006003520399735152e+01 4.120917869100765074e+01 4.385606092794017741e+01 5.029220805261468996e+01 6.081898901375377164e+01 7.742028896529141946e+01 1.060217103082532191e+02 1.349649294511051494e+02
3.942248535156250000e+01 3.995959765132408847e+01 4.311662585006477144e+01 4.870630758473181743e+01 6.004709174022698903e+01 7.514723441527061709e+01 1.042758911368015333e+02 1.340495551961180922e+02
3.766625656167978775e+01 3.915469197992991468e+01 4.156479604007633810e+01 4.811804054594940538e+01 5.797774590163934505e+01 7.410605425055928208e+01 1.019450044802867410e+02 1.317874119013294774e+02
3.796479757085020168e+01 3.805448580870917397e+01 4.093071137422360550e+01 4.654358045622688422e+01 5.639220148102437236e+01 7.190905220215462634e+01 1.023586625847196530e+02 1.296508989726027323e+02
3.646187360283159506e+01 3.748340208592777145e+01 4.068232721843003219e+01 4.580824264015033265e+01 5.583806641837367835e+01 7.129339532208589958e+01 9.925861597374178302e+01 1.268204961595158693e+02
3.608036816991018014e+01 3.722265863185975832e+01 3.904579444614442707e+01 4.367177559830354738e+01 5.408699134442445455e+01 6.945270808065494350e+01 9.759893800660462659e+01 1.232956260427726392e+02
3.523091173868161263e+01 3.598521248085757662e+01 3.793385664830256587e+01 4.311749815905743333e+01 5.336837777008310013e+01 6.776845233651836509e+01 9.396042478273899690e+01 1.226944714413875488e+02
3.417152559558608260e+01 3.536431270890306422e+01 3.829959492400343635e+01 4.266057101079783820e+01 5.243271263255947190e+01 6.575430408725432585e+01 9.366678227219625796e+01 1.191203100717827255e+02
3.419703220412910838e+01 3.452863999439461651e+01 3.649201143704927830e+01 4.157669167610418981e+01 5.206352790014684473e+01 6.459801218542088463e+01 9.054153044173206411e+01 1.161530419278149964e+02
3.304380313259036939e+01 3.392006150126156427e+01 3.578454534103880746e+01 4.068013100436681384e+01 4.874015992853139068e+01 6.405163577646727902e+01 9.032002926063374559e+01 1.156842095889434887e+02
3.274503255398307289e+01 3.340064973522854075e+01 3.518529373254189352e+01 4.033836357903587100e+01 4.914327627045650360e+01 6.245226420536486245e+01 8.916502908626560497e+01 1.116856268951413966e+02
3.194427986426946831e+01 3.247040555747922497e+01 3.429928450304540632e+01 3.897033458021613228e+01 4.800332428532160378e+01 6.056874828579265113e+01 8.703636158857776195e+01 1.097845138263219980e+02
3.155303910503253206e+01 3.203581803492848934e+01 3.351550591997823147e+01 3.749556992337164729e+01 4.669630837912087884e+01 6.054256687242798307e+01 8.475708824739440672e+01 1.100259207570290840e+02
3.063622414419772610e+01 3.085723715590079053e+01 3.339438885677366642e+01 3.711648351648351962e+01 4.499505961950696786e+01 5.933150167785234430e+01 8.449696308724831795e+01 1.068746439471007221e+02
2.993554431788426484e+01 3.099997044717643746e+01 3.209979194407456760e+01 3.638815067166106587e+01 4.440464883674017926e+01 5.737463624338624868e+01 8.281640005288207362e+01 1.051558739445515585e+02
2.956513261813873683e+01 2.973474622483221097e+01 3.217163717656011812e+01 3.526585720075654962e+01 4.372936035404992339e+01 5.703098031283710156e+01 8.060766506368598527e+01 1.049574368645457554e+02
2.939314412445358826e+01 2.944372718403826639e+01 3.073208222370173104e+01 3.459575982232232150e+01 4.237173981139541468e+01 5.538325131644934629e+01 8.004376139619692765e+01 1.012743477282950977e+02
2.844615077701831396e+01 2.898314628725269060e+01 3.027187658669713244e+01 3.401934600932884223e+01 4.149464940566515025e+01 5.442717956120092282e+01 7.866949884792626335e+01 1.015504769601318316e+02
2.791886896397547702e+01 2.832769713094349129e+01 2.980080078125000043e+01 3.310283268374164578e+01 4.102206256358087444e+01 5.356379060690002092e+01 7.724832056755400345e+01 9.778257556714636678e+01
2.752592091093374194e+01 2.792443898481508668e+01 2.904608284349742675e+01 3.251230333250742888e+01 3.989527357107962757e+01 5.196124435838009248e+01 7.437758112094395813e+01 9.561638196368113540e+01
2.676604532819225568e+01 2.748311177531800098e+01 2.866192972208558487e+01 3.192150115030674939e+01 3.838200748282629604e+01 5.134587537369207411e+01 7.228566410068425796e+01 9.583316282904783634e+01
2.651152576972605956e+01 2.690805201006548586e+01 2.814506984760522457e+01 3.090403454304316355e+01 3.814070676736441357e+01 4.953946964828231359e+01 7.219708866876057130e+01 9.236113191157970448e+01
2.602196502057613259e+01 2.628185721852300105e+01 2.780445663416075419e+01 3.062145581043316511e+01 3.739612973233663240e+01 4.966771933509361503e+01 7.115647853267279288e+01 9.080759840409695016e+01
2.557033077912962327e+01 2.568297540052606465e+01 2.678302564905488481e+01 3.020847780079250811e+01 3.635463917525773070e+01 4.787509590415486826e+01 6.854725574379206421e+01 8.879039343009931429e+01
2.482765599746016960e+01 2.501657304165723161e+01 2.638234944060937792e+01 2.918404685376076202e+01 3.599893967954759688e+01 4.652359737380627536e+01 6.900071436902263144e+01 8.842590641417932318e+01
2.437553668165053011e+01 2.498353134761267214e+01 2.568343317056552166e+01 2.868345756880734143e+01 3.486164359619687048e+01 4.582932088188256614e+01 6.624547039323273623e+01 8.737601414164177527e+01
2.389743434544833178e+01 2.405553913288288470e+01 2.535926959185968244e+01 2.826421114099660414e+01 3.392872431506849296e+01 4.428798352234448998e+01 6.581767045454544984e+01 8.468605325711698129e+01
2.331586588093599488e+01 2.378108348439903352e+01 2.475357162519268783e+01 2.744490574198154320e+01 3.319411521499448980e+01 4.390200867861142342e+01 6.485470056093269875e+01 8.325682909331713688e+01
2.312172443790149856e+01 2.334367742203052387e+01 2.424010118785745860e+01 2.656965382274839627e+01 3.305564973321476430e+01 4.328357314148680501e+01 6.371153899183763514e+01 8.145291696591347375e+01
2.254268872911820765e+01 2.269992974492001636e+01 2.393497940156114367e+01 2.641464314734561114e+01 3.165489488816205821e+01 4.182884962791199257e+01 6.230384286020124307e+01 8.102010484822481828e+01
2.209740877842411422e+01 2.242421705163043555e+01 2.357586749732046982e+01 2.576774644841686168e+01 3.068284169926119276e+01 4.140740889603429764e+01 6.176913238115540139e+01 7.955244245182012719e+01
2.147509632522541523e+01 2.189505022683085045e+01 2.284262052026063827e+01 2.506115032093124384e+01 3.067673718944099193e+01 4.018995110993657249e+01 6.092942828643427333e+01 7.917414315844978034e+01
2.159314157545779622e+01 2.124812754323499320e+01 2.281241617489270368e+01 2.458274936868686922e+01 2.984645241627808332e+01 3.927206588925825770e+01 5.903858185610010167e+01 7.819484392128202899e+01
2.089822144546108973e+01 2.104894148129423570e+01 2.163699759466170036e+01 2.392145261351636520e+01 2.910010427199190985e+01 3.894271257378383666e+01 5.820732785521114749e+01 7.623443331118041044e+01
2.036174613402062050e+01 2.084618368368368380e+01 2.155621348861593845e+01 2.374904184858106859e+01 2.905765064233279205e+01 3.809451891531679735e+01 5.635272619766505642e+01 7.499882164641830684e+01
2.002830648471167407e+01 2.031148987060351629e+01 2.134738401035443900e+01 2.333668057510557148e+01 2.828621260791005909e+01 3.755673281931773033e+01 5.567164692061587772e+01 7.243278614683949002e+01
1.949043992718446816e+01 1.996338823646496863e+01 2.067482753449310096e+01 2.285232997870865290e+01 2.770483906962904186e+01 3.678106032338308040e+01 5.470689143761123319e+01 7.259876813406704343e+01
1.922702725356835174e+01 1.943992864511691820e+01 2.017302268509474317e+01 2.171842447916666785e+01 2.682470909309021323e+01 3.562986430037130958e+01 5.368526785714286120e+01 6.987131286266924235e+01
1.896132362394057580e+01 1.920587497552858380e+01 1.989963430851063819e+01 2.172024550607095250e+01 2.627767463235294088e+01 3.509933715727341763e+01 5.236078067809670955e+01 6.899096022014097684e+01
1.849244387900694520e+01 1.880087485388661506e+01 1.961750602297998469e+01 2.136983624294884265e+01 2.552358556952524182e+01 3.400138739487580608e+01 5.152005369536671964e+01 6.800847346295323348e+01
1.824217057549213550e+01 1.865322042862398888e+01 1.888377698753863854e+01 2.078057529064403042e+01 2.521891129803097087e+01 3.336664190620969350e+01 5.018641810918775548e+01 6.764870649106302380e+01
1.784838734278205408e+01 1.788901335040234031e+01 1.887096473222616311e+01 2.042940348935769634e+01 2.462001542504570395e+01 3.325672099421749550e+01 4.878392940354147100e+01 6.562239595389101510e+01
1.749363810069184666e+01 1.777608153362493226e+01 1.863296526635599193e+01 1.999848623853210938e+01 2.375855758505298354e+01 3.200845220452018935e+01 4.836385330101569480e+01 6.415669587557921716e+01
1.716938267756534486e+01 1.760531499410484102e+01 1.797114993675460681e+01 1.962122564206178055e+01 2.324952982954545178e+01 3.099272823540014343e+01 4.781275905568571005e+01 6.371768888185558666e+01
1.687248824520936807e+01 1.704153464955799890e+01 1.755596266627718904e+01 1.901860741228867369e+01 2.279765443411407233e+01 3.079041636264136983e+01 4.703762387387387633e+01 6.217219231986973682e+01
1.641263080515437167e+01 1.703327069143215411e+01 1.736254935091006502e+01 1.900670993504182249e+01 2.260981458150745027e+01 2.968548867376992462e+01 4.630038751107174733e+01 6.152419694284448326e+01
1.627596437559663300e+01 1.648968876518218707e+01 1.691124055692199590e+01 1.818595224056603499e+01 2.198969079358699474e+01 2.941079730742111664e+01 4.473814711807988687e+01 6.045392675283979855e+01
1.581715690521573414e+01 1.620851977482679018e+01 1.648014591398754547e+01 1.783835392122384533e+01 2.144981448311156669e+01 2.851118888012618413e+01 4.403918149922984782e+01 6.020771347166035525e+01
1.548881954580578579e+01 1.570405665740272916e+01 1.629781151419558327e+01 1.757058972625886994e+01 2.092774483756696213e+01 2.818306057027163547e+01 4.442106131055363250e+01 5.869588911774803108e+01
1.503937361134848771e+01 1.558400640759787592e+01 1.623694640428425728e+01 1.736816002711777074e+01 2.058032031249999960e+01 2.748846833986705107e+01 4.297574437489426913e+01 5.731026531301448301e+01
1.493806683961866177e+01 1.540506136722647135e+01 1.566814557080086345e+01 1.684247774847536050e+01 1.987045599489795933e+01 2.709162097648432166e+01 4.173158145526139151e+01 5.659208940961402590e+01
1.453309366559757088e+01 1.500173040584949113e+01 1.527849824958813763e+01 1.670946407855485560e+01 1.950521003930559871e+01 2.604516771836599176e+01 4.089299094678929691e+01 5.540811169665280289e+01
1.436736010685305764e+01 1.454740182976973628e+01 1.515504827486824801e+01 1.623520720665355555e+01 1.909575624278885897e+01 2.556631035188216217e+01 4.031616134605891233e+01 5.484802902428982918e+01
1.410432202710287797e+01 1.446203686757768203e+01 1.473722309481070525e+01 1.583331615828524441e+01 1.872378488980051259e+01 2.552975257276089494e+01 3.925242880902158049e+01 5.349713841336966169e+01
1.381578413320662158e+01 1.410762729973949980e+01 1.450647984547197034e+01 1.543893799510717635e+01 1.842453652716593382e+01 2.467972016725635243e+01 3.868124801838934701e+01 5.314176390664962213e+01
1.357629354307233704e+01 1.390322916666666764e+01 1.421354969925971723e+01 1.518775002020365150e+01 1.800666750231410163e+01 2.427241309259553148e+01 3.803481398458391993e+01 5.164536569489920481e+01
1.308499759973352106e+01 1.354095134189480198e+01 1.385137797239067936e+01 1.482240813023609860e+01 1.748781022223102610e+01 2.359423400344180166e+01 3.728352726845321996e+01 5.169236832885670907e+01
1.304551300860719820e+01 1.325901671822487060e+01 1.357062301079024991e+01 1.444528648723640529e+01 1.713474462365591222e+01 2.315947921447147095e+01 3.684563476562500028e+01 5.020233442227666387e+01
1.283846429124110244e+01 1.289989953668683675e+01 1.321295374374146547e+01 1.437613632068339875e+01 1.681314440454124082e+01 2.265944798709280761e+01 3.603741757508766597e+01 4.948401898132298982e+01
1.247076041586888273e+01 1.278921785552877388e+01 1.303767013836667132e+01 1.407484644598649659e+01 1.659308875391849369e+01 2.205379005441354323e+01 3.555974554039874391e+01 4.896222207616615663e+01
1.222970620289640920e+01 1.245088365139472053e+01 1.289771929742476431e+01 1.366990121637957145e+01 1.620223200786211137e+01 2.160270488287078550e+01 3.467248904171704993e+01 4.774557663410969610e+01
1.207358425540461511e+01 1.236318484240261562e+01 1.266251963644524281e+01 1.341481372421724316e+01 1.571036027215097697e+01 2.113919694605439048e+01 3.399484062867215073e+01 4.726044871557252236e+01
1.187476442447086100e+01 1.203229205304154270e+01 1.225034443430657127e+01 1.311893325899385765e+01 1.529617257047477707e+01 2.066016081337616583e+01 3.298045560918531294e+01 4.613571454792408133e+01
1.146553391507736741e+01 1.179066326154300093e+01 1.207801163179768800e+01 1.277046395872692841e+01 1.504648925227014722e+01 2.023448688440742416e+01 3.242965045265124502e+01 4.550580779043444579e+01
1.132871037463977082e+01 1.143615026595744588e+01 1.186126841493132389e+01 1.261279199580130950e+01 1.473077415812591440e+01 1.960697592947353485e+01 3.182659634394534010e+01 4.482368411571856370e+01
1.111526342605835183e+01 1.128707067227183991e+01 1.158659758647575799e+01 1.216037483981204659e+01 1.424721029380643245e+01 1.932361145494412469e+01 3.112587482282069118e+01 4.415044615983853760e+01
1.086663086287146385e+01 1.103066078910614500e+01 1.134075375349161874e+01 1.213308567967982121e+01 1.400535881428369578e+01 1.884306987908961872e+01 3.051588875017583291e+01 4.381994100035223738e+01
1.057518744306635838e+01 1.081375872253696357e+01 1.127996590124309506e+01 1.162075391217427267e+01 1.358209498834498774e+01 1.838398062414266221e+01 3.001176033457762671e+01 4.289136418372613235e+01
1.036241758988649586e+01 1.068193815662150925e+01 1.082527869404531629e+01 1.152626279214493188e+01 1.344450127710592113e+01 1.833425198219502050e+01 2.935330221300138120e+01 4.245013316270060244e+01
1.018811669393615560e+01 1.035901813799234183e+01 1.077232112421597954e+01 1.124944403420799510e+01 1.321300117924528372e+01 1.794010837032552885e+01 2.843329514596062424e+01 4.137503825879952757e+01
1.001832171649311398e+01 1.023630582177813864e+01 1.045567533103634617e+01 1.096752239548772323e+01 1.288420743739793295e+01 1.726444954707704582e+01 2.879081272678403636e+01 4.055194931280180981e+01
9.768375255741815977e+00 1.003945805619655118e+01 1.020751426179950627e+01 1.081046894021371507e+01 1.253690563725490392e+01 1.667732885106097385e+01 2.783788596607474020e+01 4.055062771567880020e+01
9.522717029968244873e+00 9.748201635650369568e+00 1.008065554321486346e+01 1.045542782211352950e+01 1.236161976571967003e+01 1.647626862879083731e+01 2.711981028263171822e+01 3.940014668556548116e+01
9.451919262051179160e+00 9.541386062661498357e+00 9.725160623201672294e+00 1.050482669122571977e+01 1.216215452666924968e+01 1.623437914291395856e+01 2.644225150997899121e+01 3.921459818800287422e+01
9.176005324709263888e+00 9.402651490810949753e+00 9.643132169093956207e+00 1.003419574608170706e+01 1.182768541424136544e+01 1.574038338042640639e+01 2.628725806191030401e+01 3.872103875517598937e+01
9.087744146993607330e+00 9.282950484434561389e+00 9.454934147813929712e+00 9.794250254906959441e+00 1.140355334017181832e+01 1.549162088352127142e+01 2.546611084452975149e+01 3.748970135516836422e+01
8.835473371861793268e+00 9.009850240507136121e+00 9.172016465825043596e+00 9.619959486353296896e+00 1.115656851191234544e+01 1.514151077996195305e+01 2.518448322339211032e+01 3.727071478526242032e+01
8.768820298498239296e+00 8.755686131848666065e+00 9.066334331651955125e+00 9.599965365737809009e+00 1.106528719368080615e+01 1.484524179512680142e+01 2.465926837681886497e+01 3.667203067542508421e+01
8.513248507648301100e+00 8.714313174742656543e+00 8.861724849733548126e+00 9.301015269405830566e+00 1.071229466520650675e+01 1.456819445314457617e+01 2.407028932896687934e+01 3.600456845656452032e+01
8.355793477267186020e+00 8.420828255843018084e+00 8.726894428108497692e+00 9.172082867089393687e+00 1.052584229254996906e+01 1.417886989042107970e+01 2.371273862527445786e+01 3.547682177550332483e+01
8.156368784869107103e+00 8.337381002275176201e+00 8.420925187617260832e+00 8.896902952035057766e+00 1.017785161612379952e+01 1.395932040160155374e+01 2.310777836912254912e+01 3.510699948298409367e+01
7.976015235103120382e+00 8.181239195875059877e+00 8.270632532377982571e+00 8.767751704407109159e+00 1.009161806291975871e+01 1.359171171238620168e+01 2.297806378440091279e+01 3.430217649000660174e+01
7.832204887503800173e+00 7.972264375814284598e+00 8.184395246374227995e+00 8.609711101816444057e+00 9.854149695269128983e+00 1.327503420846866433e+01 2.216210026026086055e+01 3.382847671216475050e+01
7.705153608091786843e+00 7.896112000058990610e+00 7.990064858490566024e+00 8.295291211533944775e+00 9.601780334357277624e+00 1.297129673310531928e+01 2.184067220878083404e+01 3.356684906049969186e+01
7.563829520009186957e+00 7.681490772377991050e+00 7.832697182268333336e+00 8.271120334393030404e+00 9.464789682657045233e+00 1.271448232249385946e+01 2.158813433494060874e+01 3.319178840681744447e+01
7.487557004545977613e+00 7.495029115247398011e+00 7.679594580806902826e+00 8.021566747995816371e+00 9.268108562035449083e+00 1.243174928412809699e+01 2.108471450885109277e+01 3.239769594614201509e+01
7.200713767497439299e+00 7.347974301106581230e+00 7.549176286849378137e+00 7.867093803540833541e+00 9.155665811431560996e+00 1.222636409577496863e+01 2.040718979568411484e+01 3.175656754570925244e+01
7.055057130351856109e+00 7.140967216146438368e+00 7.373904042440760698e+00 7.709694930170821081e+00 8.958349774520856457e+00 1.203624906188661825e+01 2.027518915778734865e+01 3.130817665965071939e+01
6.934949618390610304e+00 7.030240957594235063e+00 7.215228962182448136e+00 7.597927288849478877e+00 8.743762028898080629e+00 1.162135924028664213e+01 1.992924107142857082e+01 3.069102697679657510e+01
6.806234106025039310e+00 6.910042869164550794e+00 7.094338571269362959e+00 7.508800206191390991e+00 8.618345981655382460e+00 1.144879859723609705e+01 1.939136056133288832e+01 3.058758588556009883e+01
6.714016995428377932e+00 6.736562568764441039e+00 6.847625668486051254e+00 7.318474567545305121e+00 8.411990170187793936e+00 1.123321429568811425e+01 1.897997176392426155e+01 3.026671682987045386e+01
6.535246586792978540e+00 6.626967194662737093e+00 6.814538303366488137e+00 7.140774327422384715e+00 8.250724508295791182e+00 1.088891829533116251e+01 1.868706106660814470e+01 2.940386143769354987e+01
6.419179060828876793e+00 6.443727219562616071e+00 6.595750824520279387e+00 7.125556344696970079e+00 8.075353452963566880e+00 1.073261453309951818e+01 1.832462296195652129e+01 2.906836875967098166e+01
6.299659270761291729e+00 6.323957144216133308e+00 6.506829686313333916e+00 6.963374481384430936e+00 7.911813902243589602e+00 1.036325071608309223e+01 1.791502808988764173e+01 2.860131845157809494e+01
6.179335712206995623e+00 6.193195616053169594e+00 6.330617689767663592e+00 6.805020085559265297e+00 7.745407334788702691e+00 1.015817216918412846e+01 1.745096199745412235e+01 2.836300768678352213e+01
6.083287103080255775e+00 6.095937567283884029e+00 6.273582085925349716e+00 6.731866011570069475e+00 7.590809750078756579e+00 1.002775261674718088e+01 1.715859013462347704e+01 2.816040627321940093e+01
5.977554127531744754e+00 5.939280766752577989e+00 6.150144199741852447e+00 6.504542272785787560e+00 7.385987722034256464e+00 9.747313468992247820e+00 1.683961101444690556e+01 2.742509773568074039e+01
5.788384520322226834e+00 5.873852519001642847e+00 5.961813490987501574e+00 6.366211244369958777e+00 7.266396900889843913e+00 9.561616487035301759e+00 1.652511415525114202e+01 2.711678775499650840e+01
5.811773104880581187e+00 5.730018321172554607e+00 5.883439226695999835e+00 6.292922342277755376e+00 7.075073738149807667e+00 9.359690150496483341e+00 1.609182241787663514e+01 2.688227457174409807e+01
5.630013498501601710e+00 5.599815883254001037e+00 5.743752229640199047e+00 6.165622624176380739e+00 6.962146586856851727e+00 9.145197554567500831e+00 1.602456082453289810e+01 2.649137810489919431e+01
5.510280772294975371e+00 5.455416634937557241e+00 5.641645324485264013e+00 6.009302073779680065e+00 6.824307447774750734e+00 8.945442589349172025e+00 1.555123719703883900e+01 2.632259056776092265e+01
5.408378644468074370e+00 5.353249977977448282e+00 5.496476530174589037e+00 5.875169734931918519e+00 6.628482736795074715e+00 8.772045119083358600e+00 1.533391475287069383e+01 2.570079334800990623e+01
5.278190464854570330e+00 5.299972532646910928e+00 5.369594876294304875e+00 5.785687976747047045e+00 6.556895431724381496e+00 8.541353688360949548e+00 1.497144097222222214e+01 2.524855736908941495e+01
5.227966826475060280e+00 5.231505793731924037e+00 5.293994008504058435e+00 5.640201074927881919e+00 6.422510557227454342e+00 8.445693897637795544e+00 1.468878123779773581e+01 2.507347231808321908e+01
5.174660395954748360e+00 5.064718054022271154e+00 5.192996895469431884e+00 5.538086598935655580e+00 6.176203786294291120e+00 8.173833061928835519e+00 1.460759598411297588e+01 2.462355753982775752e+01
5.039792933913338047e+00 4.970633891789614900e+00 5.056713130800464029e+00 5.388710543235636585e+00 6.082081291826003877e+00 8.041149138304009014e+00 1.412252979356023985e+01 2.450699531336594461e+01
4.951604009113825811e+00 4.918741652356420246e+00 4.956734157032294696e+00 5.274301069480332949e+00 5.990845629379135673e+00 7.901782593762051832e+00 1.384589259884281631e+01 2.421821331049845583e+01
4.864341132111954735e+00 4.815442091232227106e+00 4.891062099018775200e+00 5.179338139507342120e+00 5.814266814436154007e+00 7.673494301960411157e+00 1.348499053030302974e+01 2.386222659021045089e+01
4.811720891007477796e+00 4.744674064677905534e+00 4.735194994558016290e+00 5.012021050141910905e+00 5.697940247123184143e+00 7.547009989200863522e+00 1.329326083364803601e+01 2.356116489046773310e+01
4.736289443008171673e+00 4.625511379667074152e+00 4.656941579144786125e+00 4.895758499554659693e+00 5.590954877134286960e+00 7.331199681707546212e+00 1.312847190021329880e+01 2.346939830389683124e+01
4.610856161632390204e+00 4.564950230609939652e+00 4.555590863291021364e+00 4.818425524896741585e+00 5.469178595793732889e+00 7.200616054939980692e+00 1.274168269676462373e+01 2.301386778996683447e+01
4.551942896776264291e+00 4.466999395869946987e+00 4.454088861542629729e+00 4.756744840251865725e+00 5.326339255350503343e+00 7.006040159525134037e+00 1.259342513509800376e+01 2.293299448912719640e+01
4.465386979643183984e+00 4.423377836815562070e+00 4.338234270601335929e+00 4.602178208400501624e+00 5.259543299093586199e+00 6.909837581308158505e+00 1.234631782945736411e+01 2.262275056557208330e+01
4.412851583756575380e+00 4.296336904815079016e+00 4.339191826402059249e+00 4.564218563355692204e+00 5.081973057637081403e+00 6.814728222937679547e+00 1.205863355167394602e+01 2.254840231918682036e+01
4.368441753152168872e+00 4.237843610178971154e+00 4.259056679440335280e+00 4.377935488518486018e+00 5.024352745311225554e+00 6.633536786071006830e+00 1.194055055525702969e+01 2.200632156221291069e+01
4.292861918669710342e+00 4.152918928760593431e+00 4.154484365287274272e+00 4.328799659352326579e+00 4.895302306488583000e+00 6.549874698729184708e+00 1.158426324466672597e+01 2.172862889847379009e+01
4.260841000480790619e+00 4.113809419985869020e+00 4.055616691610176794e+00 4.240198894951499042e+00 4.768985511238430952e+00 6.354280613374668540e+00 1.148448396671963323e+01 2.142189710824195359e+01
4.194752543667183531e+00 4.038747258771929083e+00 3.974942735602094324e+00 4.144001676466702477e+00 4.700694316357086677e+00 6.213954053379082687e+00 1.117773147946280687e+01 2.130579419002199515e+01
4.148631248126097404e+00 3.940598284743533686e+00 3.904557008481948976e+00 4.046765105498721482e+00 4.602272043704610738e+00 6.115176781557164709e+00 1.096595253157712513e+01 2.126739819127044484e+01
4.077063263375193536e+00 3.927017031900589927e+00 3.838482809869528722e+00 3.966897126906317794e+00 4.508941405259153434e+00 5.903751520813417919e+00 1.080467215389871072e+01 2.082411435674331912e+01
3.988083726164126652e+00 3.873188139788555251e+00 3.776641901088929387e+00 3.908574071158690266e+00 4.407252924213023171e+00 5.825105597311782901e+00 1.054636292352991411e+01 2.078181672882258724e+01
3.998555293495448471e+00 3.793504094503012070e+00 3.734119746022292130e+00 3.803395979207582212e+00 4.287626962142198295e+00 5.658710404223549872e+00 1.035571438029661095e+01 2.062053164905444547e+01
3.911823626165070955e+00 3.727266160998158995e+00 3.637612202529798999e+00 3.751307443501638250e+00 4.232314676249894880e+00 5.592848885370354850e+00 1.014628695670485214e+01 2.019223318484126040e+01
3.900461807453024399e+00 3.697983733231202663e+00 3.591406379303211160e+00 3.638095158537588247e+00 4.152958978720324268e+00 5.462122800207039219e+00 1.009924333546708652e+01 1.996594034325889311e+01
3.862029986935576087e+00 3.640283219277208104e+00 3.538731971153846079e+00 3.613102285529500524e+00 4.075659290890269126e+00 5.353461655153100018e+00 9.904472871590815686e+00 2.009263367404059508e+01
3.757198649401986223e+00 3.626534448859425108e+00 3.448995995570663275e+00 3.533659687192421295e+00 3.943169242146062459e+00 5.246874365353370706e+00 9.589378933066361910e+00 1.964342487030695850e+01
3.783442572888063182e+00 3.568181876435367439e+00 3.410855316312515484e+00 3.525871816085037747e+00 3.885212618348024893e+00 5.119063112444879771e+00 9.459178389847675561e+00 1.941554700309710313e+01
3.705737091575238562e+00 3.509039095625407612e+00 3.344631286218941124e+00 3.419690099706386377e+00 3.791640531660692925e+00 5.034429564290312520e+00 9.263652930861722368e+00 1.941494067181482563e+01
3.692572828071090552e+00 3.481535376337740129e+00 3.314358513799560146e+00 3.315046806167400995e+00 3.700646124767526413e+00 4.901303491886732644e+00 9.233598128502801927e+00 1.917611513486513530e+01
3.621740422259507763e+00 3.412363769108029299e+00 3.269883209073603858e+00 3.282185849427465829e+00 3.631805129415466737e+00 4.835087843335715618e+00 8.979275856915105436e+00 1.915715577010946191e+01
3.602982252933971008e+00 3.392412926225031100e+00 3.217065740415397723e+00 3.189637073312645121e+00 3.524153661228028422e+00 4.719140809199150688e+00 8.777192425697929679e+00 1.903632516224880789e+01
3.594298310757287673e+00 3.376127777561961363e+00 3.167611951003656667e+00 3.167200846887432863e+00 3.473679973656583098e+00 4.588103801541350002e+00 8.577174781693436501e+00 1.880767699329901887e+01
