nan nan nan nan nan nan nan 0.000000000000000000e+00
2.440480273437500000e+04 nan nan nan 1.770525000000000000e+04 9.097941406250000000e+03 nan 1.054026489257812500e+03
1.119494453125000109e+04 nan nan 1.360879557291666606e+04 nan 1.208411718750000000e+04 1.486535156250000000e+04 1.334485807291666606e+04
1.129671093750000000e+04 nan 9.435401041666666060e+03 nan 1.273077343750000000e+04 1.575713867187500000e+04 1.571225911458333212e+04 1.509536718750000000e+04
1.241111979166666606e+04 7.069584635416666060e+03 nan 9.888010742187500000e+03 nan 1.184433723958333212e+04 5.458611653645833030e+03 7.871345552884616154e+03
9.403478693181818016e+03 8.912622656249999636e+03 8.639665736607143117e+03 nan 1.128211292613636397e+04 1.216126171875000000e+04 1.327237723214285688e+04 1.661693465909090810e+04
7.188756835937500000e+03 9.502449652777777374e+03 9.157659375000001091e+03 7.988853515625000000e+03 8.304474609375000000e+03 1.101158593750000000e+04 7.548687011718750000e+03 9.771333333333332121e+03
4.184058593750000000e+03 7.600700520833333030e+03 6.571884114583333030e+03 6.093424107142856883e+03 7.019637784090909008e+03 8.818453725961539021e+03 9.685021306818181984e+03 1.064093541666666715e+04
5.791718750000000000e+03 6.387129464285713766e+03 5.304283203125000000e+03 7.167951923076923777e+03 7.982666294642856883e+03 8.488888020833332121e+03 8.378263221153845734e+03 7.939380102040815473e+03
5.379256793478260988e+03 5.773286658653846644e+03 6.014986213235293690e+03 7.403969238281250000e+03 6.217079687500000546e+03 7.114929687500000000e+03 6.739751736111110404e+03 8.157330479452054533e+03
5.221422794117646845e+03 4.401052083333333030e+03 5.342506747159090992e+03 6.176364130434782055e+03 7.930001838235293690e+03 6.444901988636363967e+03 7.022962635869565020e+03 8.032668019480520343e+03
4.365536352040816382e+03 5.106877604166666060e+03 4.688710714285713948e+03 4.437389843750000182e+03 4.229254734848484986e+03 5.095675595238094502e+03 6.599422991071428442e+03 5.890169642857142208e+03
4.722033811475410403e+03 3.909437881097561331e+03 4.491321732954545951e+03 4.965876266891892556e+03 4.543809027777777374e+03 5.691881756756756658e+03 5.326635416666666060e+03 7.339070075757575978e+03
3.629075093283582191e+03 3.485691692073170998e+03 3.336616268382352700e+03 3.681019935344827445e+03 4.169931250000000546e+03 5.016940340909090992e+03 5.141356418918919189e+03 6.255268103448275724e+03
3.432081623134328311e+03 3.629287946428571104e+03 3.447288888888889232e+03 3.956256793478260533e+03 3.889041145833333303e+03 4.279162946428571558e+03 4.366342060810810835e+03 4.658537422839505780e+03
2.578842869718309885e+03 3.025976562500000000e+03 3.138927859042553337e+03 3.392568359375000000e+03 3.331324142156862763e+03 3.505957187500000146e+03 3.928781875000000127e+03 4.359127604166666060e+03
2.545883620689655345e+03 2.644086379716980900e+03 3.132133101851851734e+03 2.891156568877550853e+03 3.415262019230769511e+03 3.405174867021276441e+03 3.726146752450980330e+03 3.621885152284263768e+03
2.245837931034482608e+03 2.438621093750000000e+03 2.612526620370370438e+03 2.517808114035087783e+03 3.051473632812500000e+03 3.185159564393939490e+03 3.083697395833333303e+03 3.927861947791164312e+03
2.370437928082191775e+03 2.243643973214285779e+03 2.053405753968253975e+03 2.434466867469879617e+03 2.842996874999999818e+03 3.035596726190476147e+03 3.189233072916666515e+03 3.333147480237154014e+03
2.156522930194805213e+03 2.521791145833333303e+03 2.216446289062500000e+03 2.583358552631578732e+03 2.532227289244186068e+03 2.809805803571428442e+03 3.036946022727272975e+03 3.254678483606557165e+03
2.028938089622641655e+03 2.145114195478723559e+03 2.218517788461538657e+03 2.121413265306122412e+03 2.672608304794520336e+03 2.521580965909090992e+03 2.810215737951807569e+03 2.896482028753993291e+03
1.897479166666666515e+03 2.016692007211538566e+03 2.213309164325842630e+03 2.135846217105262895e+03 2.218528774752475329e+03 2.521467659883720899e+03 2.826073529411764866e+03 3.138044429708222651e+03
1.745449453551912484e+03 1.862663056930693074e+03 1.975425117924528195e+03 2.032897075688073528e+03 2.301605840773809177e+03 2.247947767857142935e+03 2.503303385416666515e+03 2.976044465174129073e+03
1.610746964285714284e+03 1.628227621822033825e+03 1.743501266891891873e+03 2.025207812499999818e+03 2.087417673319327605e+03 2.238554834905660300e+03 2.488555921052631220e+03 2.723192415730337416e+03
1.597188561320754843e+03 1.623611842105263122e+03 1.653929030373831665e+03 1.880978982300885036e+03 1.805157087053571331e+03 1.949808429621848745e+03 2.304576754385964705e+03 2.253521645642201747e+03
1.490808758802817010e+03 1.383190749999999980e+03 1.522369274809160288e+03 1.678555386178861909e+03 1.697130930656934197e+03 1.738178052325581348e+03 2.070306152343750000e+03 2.130479898336413953e+03
1.306567925347222172e+03 1.407941532258064399e+03 1.385207555970149315e+03 1.449504139072847693e+03 1.646649057539682417e+03 1.835228058510638220e+03 1.814585248161764639e+03 2.074514449541284648e+03
1.250678115015974299e+03 1.326551513671875000e+03 1.230601246387283254e+03 1.384736137218045087e+03 1.556554733727810572e+03 1.685233928571428578e+03 1.731818251533742341e+03 1.994385897435897505e+03
1.221281772575250898e+03 1.221881785714285797e+03 1.277418638392857019e+03 1.308606362951807341e+03 1.460665290178571468e+03 1.495558229813664411e+03 1.679639358108108127e+03 1.822279742765273340e+03
1.074958301957831281e+03 1.226735372340425556e+03 1.209341098484848544e+03 1.342480913173652880e+03 1.310678809691011111e+03 1.437989813535911480e+03 1.630681652046783483e+03 1.781922967189728979e+03
1.186616044207317145e+03 1.114317899214659747e+03 1.135956925675675848e+03 1.181869650135869506e+03 1.235581785714285616e+03 1.463538681402439124e+03 1.472936631944444571e+03 1.767278331043956086e+03
1.063697155898876417e+03 1.144556521045918316e+03 1.154588490099009960e+03 1.286183210784313815e+03 1.208668292682926904e+03 1.385002743902439079e+03 1.406626685049019670e+03 1.698542197452229175e+03
1.040053571428571331e+03 1.074685839371980592e+03 1.060925045289855007e+03 1.102547269570707158e+03 1.231928593750000118e+03 1.277545928030303230e+03 1.407324257425742644e+03 1.578394218942189582e+03
9.667414772727272521e+02 1.050503706395348900e+03 1.044467105263157919e+03 1.049593313953488405e+03 1.131461599576271283e+03 1.240512950450450489e+03 1.505261839207048524e+03 1.505650343642611688e+03
9.103484960552268603e+02 8.963747079439251593e+02 9.689206360132159261e+02 1.046120517928286745e+03 1.083784229651162832e+03 1.189202356557377016e+03 1.253300865800865722e+03 1.378010672358591364e+03
8.686293545081967977e+02 8.654656960227272293e+02 9.299095052083332575e+02 9.827965896118720366e+02 1.024077842960288763e+03 1.055400364349775828e+03 1.229494730392156953e+03 1.248151955867602737e+03
8.513391403256704280e+02 8.227092013888888005e+02 8.562453962053571104e+02 8.965032950680272279e+02 9.998294896288208520e+02 1.003279489436619770e+03 1.059216926070038880e+03 1.248079268292682855e+03
7.531618713733075765e+02 8.256866666666667243e+02 8.187550738007379323e+02 8.587656895661157250e+02 9.576980897009966611e+02 1.079317633928571468e+03 1.149385973282442592e+03 1.259645288548241524e+03
7.302944623161764639e+02 7.786136458333334076e+02 7.721844855305465671e+02 7.826319218241043245e+02 8.651850620567375927e+02 8.937861149267399696e+02 1.020157844387755063e+03 1.208867746005046229e+03
7.036061403508772401e+02 7.295664576480262440e+02 7.614840210355987438e+02 7.768850773615635035e+02 8.571188925081434036e+02 9.214341269841270332e+02 9.901392227564102768e+02 1.067203516572352328e+03
6.909371312684365876e+02 7.402989130434782510e+02 7.431337460691823935e+02 8.069516871165644716e+02 8.288869808306708364e+02 8.948400493421052033e+02 9.915214423076922685e+02 1.107945741758241866e+03
6.536024610960757855e+02 6.777642492138364787e+02 7.233181646525679298e+02 7.623150958466453631e+02 7.915439093484419573e+02 8.372280809859155397e+02 9.237498139880951840e+02 1.070385857250755180e+03
6.445469405594405998e+02 6.265489643895348308e+02 6.963832189306358487e+02 6.978717062982004791e+02 7.661317419825072648e+02 8.217315705128205536e+02 9.214437849162011389e+02 9.899005960729311937e+02
6.130915383355177255e+02 6.085511900436046062e+02 6.701838680387409113e+02 6.641050804093566740e+02 7.488200566750629150e+02 8.015605413105413390e+02 8.640800579896906584e+02 9.451967905405406327e+02
5.914701139281129372e+02 6.298586146593673902e+02 6.572928921568627629e+02 6.699376520681265674e+02 7.047300347222222854e+02 7.486129573170732101e+02 8.267342923280423292e+02 9.456805733504163527e+02
5.870408311772316665e+02 5.820175598714953367e+02 6.311150395377129598e+02 6.273707571801567155e+02 6.566442743764172292e+02 7.347322994987467837e+02 8.069115239294710591e+02 8.838294413919413728e+02
5.444369565217391482e+02 5.471009010297482291e+02 5.578494619693395862e+02 6.109118779620853275e+02 6.142960199004975266e+02 7.249728828306264177e+02 7.868261002444987753e+02 8.602151300236406541e+02
5.267844827586206975e+02 5.330244444444444980e+02 5.510956773127753650e+02 5.912237687366167620e+02 6.272711148648648987e+02 6.701551032110091910e+02 7.554970401982379826e+02 8.397972729789589721e+02
5.006874370594159132e+02 4.841270630411255524e+02 5.311127747252746758e+02 5.728891601562500000e+02 6.049093749999999545e+02 6.373389784946236887e+02 6.984888491189427668e+02 8.165386675824175882e+02
4.842973418824701071e+02 5.092876420454545610e+02 5.309137096774193196e+02 5.183316851265822152e+02 6.023582589285714448e+02 6.220335953346856286e+02 7.079228475103734581e+02 7.751201032292218542e+02
4.758160400390625000e+02 4.801450195312500000e+02 4.901526679841896907e+02 5.144123062015503365e+02 5.543577044025157647e+02 5.979184948979592491e+02 6.735762225548901370e+02 7.659253842340108349e+02
4.599856927710843593e+02 4.814416152263374897e+02 4.967413644214162218e+02 5.052518028846154152e+02 5.258402133580705140e+02 5.662908236994219351e+02 6.616954874067164383e+02 7.422384051112162524e+02
4.501783594491927829e+02 4.570532769097221717e+02 4.581530367943548185e+02 4.944863146551724071e+02 5.244800583657587367e+02 5.624016712454211984e+02 6.257120409604519864e+02 7.224487000928504585e+02
4.338425361336946366e+02 4.245411405723905318e+02 4.511759535845588402e+02 4.817317415730337302e+02 5.062871875000000159e+02 5.490170454545454959e+02 6.286199776785714448e+02 6.763002571556351086e+02
4.161256301558203745e+02 4.310610068259385912e+02 4.469617304492512631e+02 4.584608704974270950e+02 5.133289650537634543e+02 5.536336774047186964e+02 5.789473627787307350e+02 6.743435466377439980e+02
4.108377845884413091e+02 4.125335328733766573e+02 4.251206583198708131e+02 4.580083000000000197e+02 4.783196399006622528e+02 5.286663647342994636e+02 5.735123570261438317e+02 6.398048289738430867e+02
3.890002353162651048e+02 4.008270196945337602e+02 4.013459158415841443e+02 4.334831454918032705e+02 4.673252795527156422e+02 5.125104665071770569e+02 5.725398185483870748e+02 6.290986116782360114e+02
3.834255219985085432e+02 3.843120521496815627e+02 4.148022604327666158e+02 4.191637639331210607e+02 4.419034816066065900e+02 4.788777646129541949e+02 5.483698827503974371e+02 6.097450971058644882e+02
3.687415345821325445e+02 3.746992430124223574e+02 3.954964970501474681e+02 3.897665726375176405e+02 4.437813955745341445e+02 4.667877510760401947e+02 5.336905021834061245e+02 5.916868391238671165e+02
3.519345195729537750e+02 3.516987980769230830e+02 3.646144847972973366e+02 4.138038140527950191e+02 4.150067708333333485e+02 4.557669523099850721e+02 4.980753911806543783e+02 5.536764440433212258e+02
3.468600897255453788e+02 3.460266568241469827e+02 3.601157511210762436e+02 3.907814094387754835e+02 4.246197246065808031e+02 4.581959703947368325e+02 4.984183709449929438e+02 5.593490517241378939e+02
3.393384740259740511e+02 3.442361020806242209e+02 3.592148119918699081e+02 3.761306573275862206e+02 3.880323616600790615e+02 4.434540466392318194e+02 4.970609693877550512e+02 5.533656113169416813e+02
3.245756041376912435e+02 3.262024371069182394e+02 3.460154043645699176e+02 3.586147151898734364e+02 3.942557698787062463e+02 4.353642314189189619e+02 4.636164661898569648e+02 5.257811174551386557e+02
3.050078839869281069e+02 3.205291237515605758e+02 3.367977874087591204e+02 3.637110552763818987e+02 3.721838303461062765e+02 4.180077075702075717e+02 4.564069875776397680e+02 5.335126118481949788e+02
3.056150700934579163e+02 3.158542914564943089e+02 3.210082651133500917e+02 3.475301214196762203e+02 3.782060355392156907e+02 4.067856457800511976e+02 4.449161204744070233e+02 5.109090308027380161e+02
3.015948203256597822e+02 3.092193259512484929e+02 3.171998856707317032e+02 3.360152753239104300e+02 3.618221544715447067e+02 4.030455520594965719e+02 4.433148026315789707e+02 4.974593005952381191e+02
2.968627840909090878e+02 3.022622835662211287e+02 3.068802990708478546e+02 3.213049971687429434e+02 3.584167679222356924e+02 3.707405847010550701e+02 4.248628768486916556e+02 4.987116173454439263e+02
2.829224052601809944e+02 2.843093677156177250e+02 2.932839239690721911e+02 3.050663321978673252e+02 3.436856070669500127e+02 3.764070384174312380e+02 4.122438609877913791e+02 4.733422610755085316e+02
2.776975046766434616e+02 2.840232086820083168e+02 2.932429026651216759e+02 3.091322959710743703e+02 3.316384129213483334e+02 3.604401014568158530e+02 4.054255392699114964e+02 4.555748918041655315e+02
2.713095448369565474e+02 2.801472081218274184e+02 2.846079003181336589e+02 3.006514397201291331e+02 3.219784044715447635e+02 3.627498638344226833e+02 3.941925317796610102e+02 4.434548511360669067e+02
2.565430186170212892e+02 2.645689070351759256e+02 2.731620139581256126e+02 2.891463445807771109e+02 3.127881684491978831e+02 3.331056231003040011e+02 3.789568158168574996e+02 4.276101152368757425e+02
2.547927011417949927e+02 2.586613335828342883e+02 2.736092039800994939e+02 2.821222582253240034e+02 3.056686893203883528e+02 3.389103396603396732e+02 3.699339224559686841e+02 4.255966494845361012e+02
2.493669857011070121e+02 2.529383976387536563e+02 2.596605337771203494e+02 2.636868943798449436e+02 2.974191536203522332e+02 3.253848300970873879e+02 3.585089816650148578e+02 4.075772389875882027e+02
2.426455731489741368e+02 2.398456125827814560e+02 2.577994642857142935e+02 2.664238925541941398e+02 2.927484995383194928e+02 3.117714861751152284e+02 3.585345744680851112e+02 4.116782112218872953e+02
2.390897618505013611e+02 2.392123443486590020e+02 2.465469037753223063e+02 2.626712344028520079e+02 2.720573949480642000e+02 3.127076102251407406e+02 3.492162375790424562e+02 4.083023920653442360e+02
2.335807487815684453e+02 2.329095652675276824e+02 2.436580604534005090e+02 2.600435489593188549e+02 2.727961840986394577e+02 3.032558262711864359e+02 3.353007950530035259e+02 3.793738294314381392e+02
2.289625329380764356e+02 2.282179003823279686e+02 2.386359659090909133e+02 2.529794620517097599e+02 2.754412014014466195e+02 2.991073654855642872e+02 3.313761584289496795e+02 3.749176222414538984e+02
2.193068448570209341e+02 2.256609987745098067e+02 2.277281357573149876e+02 2.475610593971631204e+02 2.649596473029045569e+02 2.913560702199661705e+02 3.228706008583690732e+02 3.688789623837700447e+02
2.128604319258940052e+02 2.097683101472995304e+02 2.285071384552177278e+02 2.379265700726979276e+02 2.636633414479254611e+02 2.806348331960461451e+02 3.188125516956162073e+02 3.591808792924037448e+02
2.055571848290598211e+02 2.135320678033306763e+02 2.146522664291369722e+02 2.339256921824104438e+02 2.504152529761904873e+02 2.735649757477768844e+02 3.075698191446842316e+02 3.544027554707890317e+02
2.070217000756429684e+02 2.060317106573705246e+02 2.164226402053712377e+02 2.213008516053249934e+02 2.451814816680096669e+02 2.682167521704814703e+02 3.046718374699759693e+02 3.474498070453195737e+02
1.997988310014727631e+02 2.002138298908807599e+02 2.079587480483996842e+02 2.234581473214285552e+02 2.379601971190295728e+02 2.570045258620689879e+02 2.965803470121028909e+02 3.407912457110178934e+02
1.937313385397748107e+02 1.946578112990007696e+02 1.987823460820895605e+02 2.180151015680684452e+02 2.343048187022900777e+02 2.550810897435897573e+02 2.926426407531692462e+02 3.309857023099850721e+02
1.895079155975073206e+02 1.953113762433052614e+02 1.990541237113402246e+02 2.096339147286821571e+02 2.307920182841068879e+02 2.487243650492797542e+02 2.795421931407942111e+02 3.324156198422886632e+02
1.863577175476447394e+02 1.882744127229080675e+02 1.948870210727969550e+02 2.085128576294277991e+02 2.242565789473684106e+02 2.457987741712707077e+02 2.777172812725958124e+02 3.161666741795888811e+02
1.817860882820784809e+02 1.865848274128686342e+02 1.926508891213389063e+02 2.016542467948717956e+02 2.160312711577522009e+02 2.434271634615384698e+02 2.655983627858627756e+02 3.080186692506459849e+02
1.752768122595313116e+02 1.798641762129380197e+02 1.842096051758460646e+02 1.958106816644113906e+02 2.143967037671232845e+02 2.354368824982357182e+02 2.635738482384824124e+02 3.072839189643577811e+02
1.701943250868055486e+02 1.757431196440342660e+02 1.849872669773635323e+02 1.939358868299139544e+02 2.133058035714285552e+02 2.222860265544041454e+02 2.566732030212482982e+02 2.945115288220551406e+02
1.671363851992409764e+02 1.732541762672811103e+02 1.770162623355263065e+02 1.903047968021319036e+02 2.066579289791806673e+02 2.308141981444665305e+02 2.535676565606361805e+02 2.854237117220941400e+02
1.650521119767797131e+02 1.694560810810810665e+02 1.740967394770408134e+02 1.843830594184576626e+02 2.010702596803933488e+02 2.226642332916926819e+02 2.443090562027707620e+02 2.809742231638418275e+02
1.609636022657685146e+02 1.658496206070287542e+02 1.718058671101485118e+02 1.799825412591686984e+02 1.984079134980988499e+02 2.150554310877626563e+02 2.469323821339950484e+02 2.795812451057165049e+02
1.577298277425203992e+02 1.591202593810134545e+02 1.716073647660818722e+02 1.785005830223880423e+02 1.940681482575310213e+02 2.099794625946969973e+02 2.340645870602265859e+02 2.699060871897027027e+02
1.541457178699820361e+02 1.519198898927159576e+02 1.635038553936763606e+02 1.772921783625731109e+02 1.857823771766169045e+02 2.035027904979965570e+02 2.298663394481503985e+02 2.705700399172087600e+02
1.519153048689696277e+02 1.557238305761551658e+02 1.576852756709451455e+02 1.688562836222354804e+02 1.823426772650534815e+02 2.025236686390532554e+02 2.261844923708920305e+02 2.617696053584359106e+02
1.495904691125290071e+02 1.527844243792324903e+02 1.530664901129943587e+02 1.647787493005036481e+02 1.780846142691415253e+02 1.975589841519131937e+02 2.245630730659025573e+02 2.500451344430217375e+02
1.428294967296511686e+02 1.461934144991698759e+02 1.542948722375690807e+02 1.609083169843049177e+02 1.816026166018878598e+02 1.972659296657381560e+02 2.149810627081021153e+02 2.473586586551819835e+02
1.429422078786265615e+02 1.471953601108033354e+02 1.534400583791208703e+02 1.563526835180055627e+02 1.707165277777777703e+02 1.869057297447280916e+02 2.136193588332415914e+02 2.477275097330366975e+02
1.397515544041450823e+02 1.421538125336202256e+02 1.499650987383433858e+02 1.563456882480957688e+02 1.675468024755028296e+02 1.879246381578947194e+02 2.090520000000000209e+02 2.384220197341925029e+02
1.395919654498044338e+02 1.402821395005370562e+02 1.449749092323651496e+02 1.556767096412555986e+02 1.665046560630777321e+02 1.821421816728822591e+02 2.078952702702702879e+02 2.363426533662594125e+02
1.341804481490872263e+02 1.353055155915417629e+02 1.412029853525322665e+02 1.489864791779340294e+02 1.618190117305751698e+02 1.810105186855670070e+02 1.986582021166752838e+02 2.290529218266253793e+02
1.331563617211440373e+02 1.335892857142857224e+02 1.396928913738019276e+02 1.462288326044703410e+02 1.571068580020920251e+02 1.760601057213930289e+02 1.974709357577293360e+02 2.318230659480025224e+02
1.284951347305389220e+02 1.280021795334295405e+02 1.360075121654501231e+02 1.437881676938880275e+02 1.533923199905258059e+02 1.721145680372002005e+02 1.910761233862959330e+02 2.209356642497234589e+02
1.243486735834989929e+02 1.276363089509143407e+02 1.342018398268398300e+02 1.433848833732057528e+02 1.511281834399606225e+02 1.658139463318562434e+02 1.898548259493670969e+02 2.199688938696389755e+02
1.237243289830091157e+02 1.263759509597378354e+02 1.323168062765455488e+02 1.358959214856605513e+02 1.494334174584323023e+02 1.648093705715635338e+02 1.854628406398104232e+02 2.144238519212746041e+02
1.214584835511491718e+02 1.234347448137670966e+02 1.267116750821982265e+02 1.383774628362435237e+02 1.451173591631603585e+02 1.597407578558225509e+02 1.793456350141375992e+02 2.109461311281748408e+02
1.187325123706702641e+02 1.211849767981438504e+02 1.253688708563535954e+02 1.326843836565096808e+02 1.449981162843004938e+02 1.585805188022284256e+02 1.818666779127305517e+02 2.078822938203537944e+02
1.185435693801014736e+02 1.179841292784458915e+02 1.211778770288548230e+02 1.327381103623508807e+02 1.397025340175276824e+02 1.564292573268206183e+02 1.747776834239130324e+02 2.046232951983768942e+02
1.123839217453036241e+02 1.156418724627875463e+02 1.207541965793919019e+02 1.278367261103633865e+02 1.359947714532125929e+02 1.524349966622162924e+02 1.730512348353552738e+02 2.024789136855923743e+02
1.121542124039517034e+02 1.144251129676334529e+02 1.165649300818553797e+02 1.249409054487179418e+02 1.393343513993780505e+02 1.506909976323719320e+02 1.690035738031914718e+02 1.991965294373234769e+02
1.075420945656825040e+02 1.116911573302790543e+02 1.149121399830580259e+02 1.218683699870633887e+02 1.330431590257879577e+02 1.479970068565400823e+02 1.644353216096324388e+02 1.959896143221419322e+02
1.089010596652267822e+02 1.099407983236754944e+02 1.139724150435142889e+02 1.240549684787102080e+02 1.303967449592449555e+02 1.425135696040868538e+02 1.630005236698785041e+02 1.896053285549858742e+02
1.058990785089546023e+02 1.049956315842787689e+02 1.096273979902557869e+02 1.189535214458316545e+02 1.270657243087082264e+02 1.409643574297188877e+02 1.597061915887850319e+02 1.864765869017632269e+02
1.042880034381139467e+02 1.061247595180234953e+02 1.108042271993543153e+02 1.189822916666666686e+02 1.264217243975903671e+02 1.409988743348342268e+02 1.581843787909421621e+02 1.776141375988643460e+02
1.020348513461165965e+02 1.028638348551012314e+02 1.087112993354812716e+02 1.142918082766893235e+02 1.210384039056457937e+02 1.385317875293197858e+02 1.552001529202841255e+02 1.784990207259024260e+02
9.907632874952417978e+01 1.012887874999999980e+02 1.051902194840200195e+02 1.124856444570994682e+02 1.215647926634768794e+02 1.319004221028395989e+02 1.523063611755607099e+02 1.743383610220538174e+02
9.935741256908708863e+01 9.969861895946999653e+01 1.036599852887090805e+02 1.112228409534974674e+02 1.193391420284431206e+02 1.307958839075959361e+02 1.485963818285280809e+02 1.708315995260663556e+02
9.495737778406946461e+01 9.726577981651375637e+01 1.011127043127215472e+02 1.073930813318777382e+02 1.160019137504754667e+02 1.311973885085122049e+02 1.441649679124197689e+02 1.691436432637571272e+02
9.405556203358209189e+01 9.504936105111590905e+01 9.867651749908858960e+01 1.033413323439295226e+02 1.144571684587813678e+02 1.279898255813953369e+02 1.443916898148148107e+02 1.665323356861307218e+02
9.014523222263589730e+01 9.320279171185828204e+01 9.866817345656856730e+01 1.028661002510760483e+02 1.120061352566504240e+02 1.264933756805807548e+02 1.405226124362709470e+02 1.681949162189235949e+02
9.063170213737669201e+01 9.131423056443024677e+01 9.631908306509298257e+01 1.009556114275542882e+02 1.093317290631653691e+02 1.223000223214285711e+02 1.393931278986799782e+02 1.605235604988501734e+02
8.893456980937661172e+01 8.903114583333332632e+01 9.460278943686604691e+01 1.010347512178149003e+02 1.089753588935574271e+02 1.188962301587301624e+02 1.359298353188507349e+02 1.555145042194092753e+02
8.749428893857576384e+01 8.903165414190841886e+01 9.125074664283222603e+01 9.691181537102472987e+01 1.075085700918679805e+02 1.169597698709239069e+02 1.353998535492763722e+02 1.539901341495180986e+02
8.643868103593723617e+01 8.778755387931033738e+01 9.134996164336855884e+01 9.794131223211341819e+01 1.046054509632224239e+02 1.161083783436213963e+02 1.300801995798319410e+02 1.525241175718305158e+02
8.343593031845041708e+01 8.684053577571378923e+01 8.815598857786358167e+01 9.505112859097127398e+01 1.035747952481349330e+02 1.131846382018716497e+02 1.297364455330454973e+02 1.504022389299659324e+02
8.191397216716219987e+01 8.419715601084182310e+01 8.756426325628822838e+01 9.385024663137632217e+01 1.002463309292183880e+02 1.099052676817288869e+02 1.262889874047066598e+02 1.455537272653128014e+02
8.082741292317707860e+01 8.327753586065573188e+01 8.645960168393783363e+01 9.065276406712735024e+01 1.001612941361916711e+02 1.098798727448453576e+02 1.242746266859344786e+02 1.446454609785685363e+02
8.002348363681102228e+01 8.055151919401083660e+01 8.462957220101782241e+01 9.011205171309637763e+01 9.585426229508196627e+01 1.090892857142857082e+02 1.211448863636363598e+02 1.420731018740989953e+02
7.871960526315788798e+01 7.976851185847588965e+01 8.335462927018633650e+01 8.888902589395807752e+01 9.502924444615858590e+01 1.053049647496831369e+02 1.217268561306223091e+02 1.410091162048567810e+02
7.694042008196721838e+01 7.884991341064757364e+01 8.188878762022959279e+01 8.628360867522705746e+01 9.461594118559901290e+01 1.034163535276073702e+02 1.187348780869021567e+02 1.378946485375126088e+02
7.642795658682634041e+01 7.683277915396341484e+01 8.076874235006118852e+01 8.428182747652226681e+01 9.095844574340526378e+01 1.027861772286234157e+02 1.154727746922846023e+02 1.339138385408766965e+02
7.316509825247013055e+01 7.474592266462479984e+01 7.736085467540203808e+01 8.185517304860087506e+01 9.048978531855955509e+01 9.998800014929830127e+01 1.137603198981120869e+02 1.338078274521531057e+02
7.244633330897397627e+01 7.440133128228501391e+01 7.747139374820761759e+01 8.150104979004198924e+01 8.832614108627113580e+01 9.762613534842168406e+01 1.117113025700934514e+02 1.301789110486198524e+02
7.225984116022098647e+01 7.297936081137892472e+01 7.645099346454327360e+01 8.058870682332955937e+01 8.672745044052862795e+01 9.521705958923921287e+01 1.085637169427492097e+02 1.272885959224839638e+02
7.108957529647092599e+01 7.211851258059994052e+01 7.555912885273971824e+01 7.896091703056768552e+01 8.440512892376681009e+01 9.484665473181691198e+01 1.068875249785897807e+02 1.267387529386621026e+02
6.856303800700320039e+01 7.073137019230769340e+01 7.360315118715082860e+01 7.743690442825112541e+01 8.363179191788688627e+01 9.265132859821170541e+01 1.064876028660612945e+02 1.222214406600380840e+02
6.774218305855599453e+01 6.958641793628810035e+01 7.217432776162790731e+01 7.595519014962593474e+01 8.274364348543156211e+01 9.101130519747668757e+01 1.050650817854172487e+02 1.197678633307921530e+02
6.616537478422520735e+01 6.682194977310230399e+01 6.913435628742516315e+01 7.520864121510673783e+01 8.122601304945054324e+01 9.009871399176955720e+01 1.031364937602852478e+02 1.209790404384233256e+02
6.505124074808352930e+01 6.639272451621695836e+01 6.916952869967356321e+01 7.350946085164835608e+01 7.958438839764201589e+01 8.974098993288589554e+01 1.009674496644295232e+02 1.176714988131570010e+02
6.493646897093479708e+01 6.582959841934611234e+01 6.835712799600531753e+01 7.272855851201239830e+01 7.904938811188810632e+01 8.640416666666666856e+01 9.956641657852988203e+01 1.154619706136560069e+02
6.352287909701197322e+01 6.450126258389261125e+01 6.745213406900050757e+01 7.148150837611456154e+01 7.777063964595006951e+01 8.536427993527507851e+01 9.774365577073042743e+01 1.157389881928501296e+02
6.346350684623296701e+01 6.382463966515609144e+01 6.618961800932089545e+01 7.006553428428428276e+01 7.630046491690846722e+01 8.301393242226680513e+01 9.547878679343578767e+01 1.113783175888438990e+02
6.125735910497807879e+01 6.194722796143250321e+01 6.489848311754252563e+01 6.751226839854885498e+01 7.458445561456753126e+01 8.280584423915833270e+01 9.581225998463901306e+01 1.115836423274386675e+02
5.967393491313234932e+01 6.170685524022902513e+01 6.312896093750000404e+01 6.709624783469438114e+01 7.193287449135300449e+01 8.122596638126415769e+01 9.314441549472627457e+01 1.080283887387670489e+02
5.982390250855188185e+01 6.009477942076904355e+01 6.221135653930932818e+01 6.680318539395440780e+01 7.240569278212016968e+01 7.950474201024640308e+01 9.018401241396263401e+01 1.064278162511541979e+02
5.842098577235772439e+01 5.919923403864970624e+01 6.206575873093949269e+01 6.519384969325153634e+01 7.054461328508341467e+01 7.985664237668160581e+01 8.864923936950147265e+01 1.061602104073780026e+02
5.701456772418637797e+01 5.766336708707251546e+01 6.021744980648282564e+01 6.442618157704364990e+01 6.852633652473834047e+01 7.801960154241645284e+01 8.731817014979463920e+01 1.017384831965494527e+02
5.636347736625514671e+01 5.756991147094431227e+01 5.882021276595744297e+01 6.241692623428039610e+01 6.829073727996141940e+01 7.684672047527604377e+01 8.647602618542109099e+01 1.002677454891919240e+02
5.534422891319606919e+01 5.598321676231468302e+01 5.812551952858119364e+01 6.243109089817482982e+01 6.692744845360824968e+01 7.413025259678943257e+01 8.378072783708518045e+01 9.857846565199507438e+01
5.411775571461556211e+01 5.517606690061127495e+01 5.754365776005712974e+01 6.040097558903489272e+01 6.580791264137606333e+01 7.319069747612550714e+01 8.393451131327269366e+01 9.860479331447376694e+01
5.370218850852927517e+01 5.449558302655064779e+01 5.627422354076765743e+01 6.024216599770642233e+01 6.435041946308724903e+01 7.138418151702079228e+01 8.119075788751715095e+01 9.712287311961236469e+01
5.231346844024154308e+01 5.315566230292792937e+01 5.527415954576118651e+01 5.954319790486976416e+01 6.316273544520547745e+01 6.976225297552211657e+01 8.025654829545455016e+01 9.399888222310261199e+01
5.205757126061023143e+01 5.183209390793232529e+01 5.444063463444174999e+01 5.792150428383128258e+01 6.252487596471885922e+01 6.960527015677492102e+01 7.921278321601408834e+01 9.275806384857347098e+01
5.080392130620985114e+01 5.195407542579075511e+01 5.385476242850857886e+01 5.641142951980526732e+01 6.137056747443308069e+01 6.836587093961193773e+01 7.778597231414073576e+01 9.084862714767139380e+01
4.987293164516810862e+01 5.035434568201469574e+01 5.276929748482220361e+01 5.572874119718309771e+01 6.012771681789406841e+01 6.779505500431406517e+01 7.620791853992720633e+01 9.029151694733454292e+01
4.926025912215759206e+01 4.946191236413043413e+01 5.142670819935690929e+01 5.354297284546026958e+01 5.921889939156888971e+01 6.471113344051445893e+01 7.595328821146875953e+01 8.894267264453961275e+01
4.802813417383099193e+01 4.904030973212356770e+01 5.069979383017714980e+01 5.352897900348128957e+01 5.806442158385092966e+01 6.556434989429175175e+01 7.503562053758925288e+01 8.808997495386238086e+01
4.719106832772047966e+01 4.823493451169888147e+01 5.005682671673819328e+01 5.232402146464646364e+01 5.751845988766426387e+01 6.295169982339496784e+01 7.211571949947861526e+01 8.714024247011535351e+01
4.665904826770844238e+01 4.732362866531850187e+01 4.826551184564452512e+01 5.200751055966208725e+01 5.661256319514661328e+01 6.271754147160594073e+01 7.170435042646140289e+01 8.529303205357598472e+01
4.597261597938144462e+01 4.633567317317317702e+01 4.841081860395446057e+01 5.079460830521929182e+01 5.581938213703099905e+01 6.143267505638712578e+01 7.022968246779387869e+01 8.363065231637848740e+01
4.461171891032218184e+01 4.586215714928057707e+01 4.739231755276782110e+01 4.988908229438970210e+01 5.419488431037944309e+01 6.096848968663228874e+01 6.887581233753249421e+01 8.144370276762924732e+01
4.398663228155339766e+01 4.463977284036624127e+01 4.657118263847230111e+01 4.931032754010695385e+01 5.389782533227533889e+01 5.926473880597014698e+01 6.812467866323908083e+01 8.090893571785893812e+01
4.367330443529073847e+01 4.457633498722735510e+01 4.603121337175229399e+01 4.848185989091981440e+01 5.210460052783109575e+01 5.781973690639046026e+01 6.735510640900196222e+01 7.786900386847194966e+01
4.286638474907151419e+01 4.338851434025058751e+01 4.497197473404255419e+01 4.776624454562701771e+01 5.168607843137255031e+01 5.771397800837776515e+01 6.576187150837989748e+01 7.733129767307136149e+01
4.217424854941501167e+01 4.253006587278394335e+01 4.391395246478872849e+01 4.703739544835634945e+01 5.090774535560142766e+01 5.660719611773910032e+01 6.500889256237103098e+01 7.587944871733625973e+01
4.086745902797400021e+01 4.237502874356144389e+01 4.358751328245749335e+01 4.661807413729470539e+01 5.008826885394761774e+01 5.648202275658743332e+01 6.372558612326422178e+01 7.540139346190028391e+01
4.047429369250985332e+01 4.144921017739575575e+01 4.274670239317036646e+01 4.538664296477679727e+01 4.911727033820841370e+01 5.498215118448050731e+01 6.178628261882572303e+01 7.350359358363039064e+01
4.016942665482423536e+01 4.068093903772553688e+01 4.260123126827485152e+01 4.458723910550458669e+01 4.807215850994608530e+01 5.314395956835865320e+01 6.098212142197598951e+01 7.179586066889939389e+01
3.913362138634894194e+01 4.030976782151278570e+01 4.153985024394651049e+01 4.352489111889367734e+01 4.724378977272726843e+01 5.229595687635183765e+01 6.052338822310326094e+01 7.160946330876701893e+01
3.880989675745209411e+01 3.892640492513079664e+01 4.120013931332015034e+01 4.325725152245045990e+01 4.673741451367781252e+01 5.245812431594308833e+01 5.987587837837838123e+01 7.006039961101814129e+01
3.755121940672835734e+01 3.873188519447929679e+01 4.003603452890792624e+01 4.241513169603131672e+01 4.565644171779140947e+01 5.106859624047124413e+01 5.877027790079716851e+01 6.896794417368188590e+01
3.763394406838497019e+01 3.815746567505721032e+01 3.984845781359803141e+01 4.174658286878215563e+01 4.573805935155412072e+01 5.025359157412303546e+01 5.721314383321653452e+01 6.766079666623144817e+01
3.669573622422457504e+01 3.721167725173209817e+01 3.858030529372159378e+01 4.079454787234042357e+01 4.429142144319344965e+01 4.945447774272695796e+01 5.643128529864794984e+01 6.772704336856757834e+01
3.625449149995706932e+01 3.689949153612936072e+01 3.804273735979671045e+01 4.070508934606285578e+01 4.337884482460687963e+01 4.884002235532309300e+01 5.620112997404844180e+01 6.630558058702369806e+01
3.575007477354298402e+01 3.670338161496350438e+01 3.775596098265896217e+01 3.956986053719008112e+01 4.284382812500000171e+01 4.806186615817282615e+01 5.520886377093554387e+01 6.400948224914517937e+01
3.522497996287859223e+01 3.544518259477884925e+01 3.674054624025866644e+01 3.890439313087193085e+01 4.206064519557823189e+01 4.739510715476984615e+01 5.384135179289544482e+01 6.357640014126054240e+01
3.449242488183659816e+01 3.515709209661518742e+01 3.683922209637561451e+01 3.849327767649982945e+01 4.113765404929576874e+01 4.571758240617734970e+01 5.254872516012481753e+01 6.234656634690600185e+01
3.414213766369406500e+01 3.398088507401315894e+01 3.605678215579710155e+01 3.719798836447066748e+01 4.101096866243612737e+01 4.525798895253682730e+01 5.222183026164226050e+01 6.202538596130094817e+01
3.357643232298933356e+01 3.400426529201237003e+01 3.561338069109007876e+01 3.712502576257213605e+01 4.010502634330759264e+01 4.474173902556680815e+01 5.093797156417329575e+01 6.029329483999512718e+01
3.324080343707927199e+01 3.324856775073266135e+01 3.470377635361763424e+01 3.667949334032307718e+01 3.946028104095285016e+01 4.423819958185912071e+01 5.019222614140773686e+01 5.996734135230179419e+01
3.220467695747685610e+01 3.308019327309236957e+01 3.373846198334361901e+01 3.612443682317762494e+01 3.844509314254859333e+01 4.336299944506104254e+01 4.938059422683655697e+01 5.884227681565347723e+01
3.164141978211458550e+01 3.212782845662873399e+01 3.325829376795403647e+01 3.555494573495811039e+01 3.853276025986372844e+01 4.226443210262828387e+01 4.872233975865852074e+01 5.813185604733543954e+01
3.146568857589983992e+01 3.207800565230675005e+01 3.270086894503958774e+01 3.466624385603297753e+01 3.746775633640552883e+01 4.169907354290959489e+01 4.787261718749999773e+01 5.704420915490218391e+01
3.048425410089755516e+01 3.149713502269288767e+01 3.265347159004703315e+01 3.420414083761717450e+01 3.701844879518072418e+01 4.114206553472648409e+01 4.705465772221375431e+01 5.603483871581269682e+01
3.040863617216818326e+01 3.104784244124736503e+01 3.193684905624905923e+01 3.381288915978994680e+01 3.653271943573667357e+01 4.023753495314389284e+01 4.621022429171038937e+01 5.511453090963719603e+01
2.980069639426628925e+01 3.028195064112177448e+01 3.158790144482707163e+01 3.307548541855545210e+01 3.569953413214393834e+01 3.953167897642494921e+01 4.626297989721886239e+01 5.410841472577010336e+01
2.919604513584574690e+01 2.961981025126375044e+01 3.094666601211849155e+01 3.240229216129989709e+01 3.491446098076362858e+01 3.908939849903403285e+01 4.473207072561692144e+01 5.326132446157837563e+01
2.897498369092490478e+01 2.927207436943620067e+01 3.039494981751824909e+01 3.226134743346007383e+01 3.447495827151335135e+01 3.875570422021027639e+01 4.373882002340207720e+01 5.215735931133217917e+01
2.863749550197913152e+01 2.869836996607169510e+01 2.959978162862778106e+01 3.144633320011626054e+01 3.347421697644721661e+01 3.775063477276048474e+01 4.323754760022992372e+01 5.136386952459664457e+01
2.795404133645533307e+01 2.836669326241134570e+01 2.931681758602865173e+01 3.118149996441787764e+01 3.343339586383601869e+01 3.707335124875833543e+01 4.269790303823229749e+01 5.068718251251937090e+01
2.763861153818649896e+01 2.795427626988557179e+01 2.880750505032605702e+01 3.019571853196639921e+01 3.274471818566590997e+01 3.656475898288301352e+01 4.184311658398299016e+01 5.011113717644559529e+01
2.692730263157894655e+01 2.745439507681563995e+01 2.837188809357541786e+01 3.007085117960960829e+01 3.237862037298671680e+01 3.607768047652916721e+01 4.089031509354339278e+01 4.990601884466361327e+01
2.657720201807862281e+01 2.681610128506287083e+01 2.786633287292817940e+01 2.946013503033227465e+01 3.161883398464280859e+01 3.519205675582990267e+01 4.052768992810728577e+01 4.875264923447445398e+01
2.608691293413987822e+01 2.654397636162565632e+01 2.774272071014092234e+01 2.896080244779421875e+01 3.104227481234362074e+01 3.473208634719710375e+01 3.994171853388657922e+01 4.807909777946873220e+01
2.584056531320956296e+01 2.620947158780087349e+01 2.713818346059449027e+01 2.812926741310619505e+01 3.047672254043126827e+01 3.435892941216034302e+01 3.889282926001357765e+01 4.685899506886584476e+01
2.554127897211958143e+01 2.549260382680804682e+01 2.662276634914200812e+01 2.778339830789648346e+01 3.019707318317909994e+01 3.355809705010776156e+01 3.878904045155221070e+01 4.628598926147300574e+01
2.533341926808341782e+01 2.532817802361883963e+01 2.633787056299571105e+01 2.768436781414851566e+01 2.952678513071895594e+01 3.269848114759602709e+01 3.788851295388285223e+01 4.587750008292149317e+01
2.454517357435829439e+01 2.523801428154584414e+01 2.574124932687129785e+01 2.686426020079804644e+01 2.903594991248148460e+01 3.228754636860601579e+01 3.720409303018268332e+01 4.479892952500247816e+01
2.424814851550618044e+01 2.436672722868216923e+01 2.524226719853517764e+01 2.645122446416610629e+01 2.850353545137543421e+01 3.182496188519156632e+01 3.655945952599789450e+01 4.444278226597762682e+01
2.390247288644975754e+01 2.414207484577817553e+01 2.489170640546462465e+01 2.615879127055498543e+01 2.822694347432414830e+01 3.132753499871564173e+01 3.617454682047305425e+01 4.407440476190476630e+01
2.338826708621364148e+01 2.379715692503176427e+01 2.438224453482460774e+01 2.578645966097374753e+01 2.760630569624310837e+01 3.066677745386980902e+01 3.519063099808061423e+01 4.253218128153860533e+01
2.330624300894854528e+01 2.350385448521916487e+01 2.426623868273399509e+01 2.541703389562799842e+01 2.692251401452414328e+01 3.031077203551046395e+01 3.472470823290625219e+01 4.223782862319992404e+01
2.285637476052160011e+01 2.325809819056054906e+01 2.363087760088272304e+01 2.460179702343255315e+01 2.661554414417215852e+01 2.961401160803082888e+01 3.452654603612644024e+01 4.163871122355973142e+01
2.245163459146872142e+01 2.273648160933969464e+01 2.322788604535877965e+01 2.459842269959404604e+01 2.612617138610763234e+01 2.916311309822099673e+01 3.387798133959465474e+01 4.076844563146222100e+01
2.208320636274987692e+01 2.254421712910885844e+01 2.299127235357657284e+01 2.448719383314683284e+01 2.594118337371289940e+01 2.904787152179266485e+01 3.323960874603562132e+01 4.030830371096742937e+01
2.187879919992643352e+01 2.216971021434558509e+01 2.269452782989368345e+01 2.392933950654340336e+01 2.519106452015475028e+01 2.799947676534821639e+01 3.276642910033321243e+01 3.987693500805936253e+01
2.153470739883350404e+01 2.178371632093466914e+01 2.231821486389255327e+01 2.347602416605795028e+01 2.498712184812065473e+01 2.800264284858648978e+01 3.223976234827544829e+01 3.899132705119740194e+01
2.088966631194891832e+01 2.149792357574321855e+01 2.201515691868759106e+01 2.297934094168260089e+01 2.448086757784214385e+01 2.725959152832912480e+01 3.128050399365801226e+01 3.846658734434866034e+01
2.087543591485507122e+01 2.113632978409627228e+01 2.171589401533018915e+01 2.249597721400047234e+01 2.437983481509924388e+01 2.684293364488737055e+01 3.104478933081553294e+01 3.807612607297719620e+01
2.043608615146121821e+01 2.090806472900046842e+01 2.120005231667059675e+01 2.224820440362651652e+01 2.375476532000472929e+01 2.664035267282723396e+01 3.091949532517934784e+01 3.780709686409105075e+01
2.036358110829784707e+01 2.038030763832027148e+01 2.094880699043843109e+01 2.184611362844196591e+01 2.328801993996569308e+01 2.614595568899018474e+01 3.009047784334143216e+01 3.683673210295696521e+01
2.014295621372482259e+01 2.020911109493302149e+01 2.052281674631506192e+01 2.156589805825242578e+01 2.276110594255145969e+01 2.558236711365448102e+01 2.951816101354453536e+01 3.609118381906935014e+01
1.942776061831018097e+01 1.980260791366906403e+01 2.023940371565246465e+01 2.104848366805170912e+01 2.247726888387824218e+01 2.496720030885579078e+01 2.913713231126728687e+01 3.575501308379316612e+01
1.955367925060662415e+01 1.957433827605321497e+01 2.015410832852193934e+01 2.067460097539348141e+01 2.223080223773411390e+01 2.452219446310603601e+01 2.876097647392290568e+01 3.488133588646091710e+01
1.912198887771070943e+01 1.924393692749144691e+01 1.986245193915078389e+01 2.037222488984295765e+01 2.165241455557982064e+01 2.426803404928405072e+01 2.815254249133400677e+01 3.496345169545745080e+01
1.892577287222033888e+01 1.893117882880405034e+01 1.942140120189657182e+01 2.017609314936848008e+01 2.140383446512407772e+01 2.375808478552278658e+01 2.747404772450448718e+01 3.450712225027046287e+01
1.866239203120646195e+01 1.879365517900021842e+01 1.930302662859328677e+01 1.989636849519390083e+01 2.114532400285682812e+01 2.344267779587405087e+01 2.737608533139471234e+01 3.356289909287730211e+01
1.826820187165775167e+01 1.839332975193123687e+01 1.882283376035761080e+01 1.964852205086580028e+01 2.072677915986949415e+01 2.302345462516440122e+01 2.674846127717391298e+01 3.313173575481173572e+01
1.819128052348779079e+01 1.827758242280930645e+01 1.853358264619724594e+01 1.922542376351130144e+01 2.029888822115384528e+01 2.256944165595888308e+01 2.630146999243734030e+01 3.258066833018613551e+01
1.793213595957458040e+01 1.784790052201054777e+01 1.830499084977721225e+01 1.883095849853923198e+01 2.025538183214747789e+01 2.217180353153919725e+01 2.577383612230826415e+01 3.253137550868420647e+01
1.767193031119564495e+01 1.772874502099257299e+01 1.799328991705546699e+01 1.860280601211072593e+01 1.991093930484090890e+01 2.221858561460010506e+01 2.542529974758098632e+01 3.204542047022609097e+01
1.747531548431105008e+01 1.753217783505154870e+01 1.766163480154888532e+01 1.828826596292482165e+01 1.947987153732290011e+01 2.169229651162790518e+01 2.491181423336496792e+01 3.130860861123501238e+01
1.731902560548203240e+01 1.697224540365653311e+01 1.751350745016010890e+01 1.788606368492720122e+01 1.907877863864171175e+01 2.089208938612933508e+01 2.467040752127438807e+01 3.082086576001240985e+01
1.679081645898234854e+01 1.698495103686635943e+01 1.715807422234728463e+01 1.778510024068004824e+01 1.897320033336805878e+01 2.081624625051716748e+01 2.421480473174750259e+01 3.090919305544854367e+01
1.676178696910199406e+01 1.670804954932145137e+01 1.694193379879726891e+01 1.755395178661936129e+01 1.848978126591951110e+01 2.053952038702506044e+01 2.392008053665718847e+01 3.019220184069356350e+01
1.655159214260817535e+01 1.655691567671844666e+01 1.670292787394025069e+01 1.726375566850096988e+01 1.819481500403673380e+01 2.010562779216164131e+01 2.344916368775986015e+01 3.002301613476076980e+01
1.609094787081458122e+01 1.638099799909392829e+01 1.639109017055202600e+01 1.695914003053664487e+01 1.784560228852263464e+01 1.962620240418292994e+01 2.312284697953070278e+01 2.943963112601005605e+01
1.591794092550455098e+01 1.607885013812154895e+01 1.617531766477499033e+01 1.657432178887795260e+01 1.766703681799879178e+01 1.923707794719504705e+01 2.273465401785714235e+01 2.884540038843654131e+01
1.578320111334543085e+01 1.579507828862072394e+01 1.599056882972555016e+01 1.632444606087734940e+01 1.730696807348801158e+01 1.915371247539370003e+01 2.240581681960171778e+01 2.881614819562216567e+01
1.564876157010627367e+01 1.554701449553614268e+01 1.589325191048034824e+01 1.607547472181906301e+01 1.691585260826771631e+01 1.873791743632121509e+01 2.211964609689124472e+01 2.829033704164531926e+01
1.533652972324544272e+01 1.545550811937152780e+01 1.546462925367362828e+01 1.575158615586179955e+01 1.667661926386233162e+01 1.849357934333237452e+01 2.158400817056661936e+01 2.800537637647285649e+01
1.525472355536164493e+01 1.527401289114672700e+01 1.538109264523217945e+01 1.565873977174849330e+01 1.652681916601790491e+01 1.830335729608561479e+01 2.113135245901639436e+01 2.768635476298833353e+01
1.497181502876202508e+01 1.511126184834123265e+01 1.503386227474290138e+01 1.531358360966366661e+01 1.611454152106157878e+01 1.779717239246288685e+01 2.092156723484848513e+01 2.725473220619531745e+01
1.485582528217752696e+01 1.483103132652100342e+01 1.494635801154646870e+01 1.510817023415326332e+01 1.588237773533295538e+01 1.753923490468588398e+01 2.063659926123489541e+01 2.707102723505032671e+01
1.480084021974978015e+01 1.469583490078058929e+01 1.456805021567891956e+01 1.485172217794862171e+01 1.565606829718504756e+01 1.709360957685826676e+01 2.036593915190577775e+01 2.693900686851696236e+01
1.443564657546823327e+01 1.442128376788403621e+01 1.437059899935143115e+01 1.469134780862781042e+01 1.546959248847275781e+01 1.686610399353647338e+01 2.015976986187077102e+01 2.641285629797991774e+01
1.435221488512862820e+01 1.432584289149939849e+01 1.420717942783598176e+01 1.437514867070895619e+01 1.522890405368640643e+01 1.674594520960860677e+01 1.963897920864627267e+01 2.630306936138035212e+01
1.423916399817017364e+01 1.404451942993515701e+01 1.391553568114328066e+01 1.418347690533763128e+01 1.487285905723750901e+01 1.641488475697894955e+01 1.940897600319197380e+01 2.575882920865610970e+01
1.401886450208597878e+01 1.379936796498123819e+01 1.382239315226225962e+01 1.403381851281815607e+01 1.465660476307996163e+01 1.620121971811959583e+01 1.904998663800946090e+01 2.574754896436701301e+01
1.388819757385406639e+01 1.378347734899328891e+01 1.369314789234471164e+01 1.367031374678606248e+01 1.438734200869801505e+01 1.583497911559066473e+01 1.876114432204907700e+01 2.517576295682179932e+01
1.366318791683452005e+01 1.370673607432909513e+01 1.342640390507059678e+01 1.354078232834896411e+01 1.413555441682094660e+01 1.553979376643295396e+01 1.828217253474373649e+01 2.505663017031630346e+01
1.349982926482800849e+01 1.342078071182548804e+01 1.332867660005282140e+01 1.338020557760141216e+01 1.392474107536359718e+01 1.526609001328609416e+01 1.828751765536723184e+01 2.467682171913689260e+01
1.353384475563586342e+01 1.331339089912280649e+01 1.323627154232111813e+01 1.318223661028893723e+01 1.367643867719815987e+01 1.502494000825225839e+01 1.784969913665300467e+01 2.447683521700311360e+01
1.337229488799417432e+01 1.316117108724243856e+01 1.296521993257938377e+01 1.301026481244671729e+01 1.346598018199317437e+01 1.476694392352129626e+01 1.769403441041612624e+01 2.447826546084696275e+01
1.315847830294168119e+01 1.298465692227619606e+01 1.285180450336700453e+01 1.284675108932461818e+01 1.322313350807474563e+01 1.445577148692100344e+01 1.729984947476300405e+01 2.388729077816591939e+01
1.298558142504469259e+01 1.297757331347541587e+01 1.256215430818425460e+01 1.263186660369437497e+01 1.302456608451918996e+01 1.438943032409345868e+01 1.709306456430827126e+01 2.381014118273841262e+01
1.288470661139364815e+01 1.270012602493306453e+01 1.247294307836297200e+01 1.247826562633421510e+01 1.271811781247376949e+01 1.407475869240614408e+01 1.673774629237288281e+01 2.360407445839774709e+01
1.274372390451688908e+01 1.261176346009036031e+01 1.239195475952321424e+01 1.226344986558010675e+01 1.270147700446842620e+01 1.377216938595755380e+01 1.648487512634770980e+01 2.322365311415066813e+01
1.268648850308966303e+01 1.241604214971845010e+01 1.215184722567030740e+01 1.202713748149366602e+01 1.232150095127802203e+01 1.361514622153208975e+01 1.642596483439332644e+01 2.312810690653432744e+01
1.239727331183146930e+01 1.228557749958650369e+01 1.211938973325062108e+01 1.195183932445965169e+01 1.219953933747411945e+01 1.334024666002821391e+01 1.614452250683909540e+01 2.307016461758547266e+01
1.237385211838637744e+01 1.223518693897718812e+01 1.191680572723526943e+01 1.178722728018372656e+01 1.203200224398204732e+01 1.302722634037367833e+01 1.584955638076168682e+01 2.267656708154770584e+01
1.234798497819415353e+01 1.209633878772965865e+01 1.174705981861517401e+01 1.160962319494584705e+01 1.184794064234410627e+01 1.291210650416462435e+01 1.562491264584346240e+01 2.234986386915244339e+01
1.232080864098662687e+01 1.197181537426614462e+01 1.156346749226006310e+01 1.134330142321181079e+01 1.154742881322182413e+01 1.266878218538783507e+01 1.529993737474949711e+01 2.240862098514022804e+01
1.212658719810639418e+01 1.185744462149826894e+01 1.147401642514043729e+01 1.122716232693517924e+01 1.138253643769709633e+01 1.253468521317212847e+01 1.513823308646917631e+01 2.219904345654345690e+01
1.207567438678491456e+01 1.180795445591363979e+01 1.139259919297271573e+01 1.106727784049673424e+01 1.128250014751002972e+01 1.228175111137572451e+01 1.495534077321642030e+01 2.205631791723781632e+01
1.194217755956849913e+01 1.169750458411360761e+01 1.115736023268524946e+01 1.088620296741660098e+01 1.112215506029794199e+01 1.202244773656082977e+01 1.465181442126725031e+01 2.198907752756274903e+01
1.178458566025031651e+01 1.156263839251029601e+01 1.111276914922586201e+01 1.074738669162961280e+01 1.090678950540477565e+01 1.182112853063140534e+01 1.448879716981132226e+01 2.166871661649024006e+01
