nan nan nan nan nan nan nan 0.000000000000000000e+00
7.169665527343750000e+02 nan nan nan 3.635011596679687500e+02 7.962626647949218750e+01 nan 3.219393539428710938e+01
8.191393066406250227e+02 nan nan 9.155398763020832575e+02 nan 1.303401611328125000e+03 7.857092285156250000e+02 1.836210611979166515e+03
1.070848266601562500e+03 nan 9.660400390625000000e+02 nan 1.299607910156250000e+03 1.169818603515625000e+03 2.027653320312500000e+03 1.212442138671875000e+03
1.466228841145833258e+03 1.282630126953125000e+03 nan 1.332185302734375000e+03 nan 1.619225585937500000e+03 9.616951497395832575e+02 9.956608323317308304e+02
1.480814098011363740e+03 1.319235156250000045e+03 1.032997209821428442e+03 nan 1.556462357954545496e+03 1.843375000000000000e+03 3.796070870535714221e+03 8.957244318181818016e+03
1.115109619140625000e+03 1.312326822916666515e+03 1.372778320312500000e+03 1.594423339843750000e+03 1.311883544921875000e+03 3.272738769531250000e+03 3.784740722656250000e+03 4.772210069444444343e+03
6.754556070963541288e+02 1.262677897135416515e+03 8.875170084635416288e+02 1.047094029017857110e+03 1.151522194602272748e+03 4.086229567307692378e+03 4.754026278409090992e+03 4.894459375000000364e+03
1.056478618421052488e+03 1.050435198102678442e+03 9.760283203125000000e+02 1.174102989783653811e+03 3.727864118303571104e+03 3.936501953125000000e+03 3.865679086538461888e+03 3.526805165816326280e+03
9.677924592391303804e+02 9.908818359375000000e+02 9.248866613051470722e+02 1.286862060546875000e+03 2.707619140625000000e+03 3.135351953125000364e+03 2.983241536458333030e+03 3.693895119863013406e+03
8.826004901960784537e+02 7.910162760416666288e+02 9.701770241477272521e+02 2.234153532608695514e+03 3.489678768382352700e+03 2.876200461647727479e+03 3.175543817934782510e+03 3.410795454545454959e+03
7.606914859693877133e+02 9.082591145833332575e+02 8.432417410714285779e+02 1.896913671875000091e+03 1.843790956439393995e+03 2.220651041666666515e+03 2.880131696428571104e+03 2.483834183673469397e+03
8.766718750000000000e+02 7.603798589939024168e+02 8.592304687500000000e+02 2.159248733108108354e+03 1.987029513888888687e+03 2.469890413851351695e+03 2.306095486111110858e+03 3.028584280303030482e+03
7.266848180970149542e+02 6.643275533536585726e+02 1.144955078125000000e+03 1.573419450431034420e+03 1.844176736111111268e+03 2.044664062500000000e+03 2.164611697635135442e+03 2.633919396551724276e+03
7.084662430037312788e+02 6.711986607142856656e+02 1.031027604166666606e+03 1.722962296195652016e+03 1.633544791666666697e+03 1.727548363095238074e+03 1.825167652027027088e+03 1.969050154320987531e+03
5.979472931338028729e+02 5.834954788773147811e+02 1.094765874335106446e+03 1.500702311197916515e+03 1.444375000000000000e+03 1.504076250000000073e+03 1.677679062500000100e+03 1.854708496093750000e+03
5.505850619612068613e+02 5.448769162735849250e+02 1.371484664351851734e+03 1.232841198979591809e+03 1.393483323317307850e+03 1.477147606382978665e+03 1.583394914215686185e+03 1.472072017766497311e+03
5.041924568965517324e+02 5.379721679687500000e+02 1.114674768518518476e+03 1.081233963815789366e+03 1.309287597656250000e+03 1.347388020833333258e+03 1.281968098958333258e+03 1.588787525100401353e+03
4.906927440068492956e+02 4.656576450892856656e+02 8.853332093253967514e+02 1.025339514307228910e+03 1.207857291666666697e+03 1.265423363095238074e+03 1.295773003472222172e+03 1.350595479249011760e+03
4.841217532467532578e+02 5.298004231770833030e+02 8.111570638020832575e+02 1.092810444078947285e+03 1.091131268168604720e+03 1.137573883928571377e+03 1.240028510551948102e+03 1.341465881147541040e+03
4.410510023584905639e+02 4.604788065159574444e+02 9.542297475961538566e+02 8.887820471938774745e+02 1.093163741438356055e+03 1.068510653409090992e+03 1.167544239457831281e+03 1.154526857028753966e+03
4.044350353422618696e+02 4.461057692307692832e+02 9.177572858146066892e+02 8.621495682565788456e+02 9.301841738861386375e+02 1.020879996366279101e+03 1.127840073529411711e+03 1.276573358753315688e+03
4.110360314207650276e+02 4.048901608910891241e+02 8.043070459905660528e+02 8.509491112385321685e+02 9.683466331845237391e+02 9.520196428571429124e+02 9.960631510416666288e+02 1.185060012437810883e+03
3.512330133928571172e+02 3.769317399364406924e+02 6.783146818693693376e+02 8.228230113636362830e+02 8.541971507352940307e+02 9.204186320754716917e+02 9.883773985745613118e+02 1.078096980337078776e+03
3.539346108490565825e+02 3.682800164473683822e+02 6.615146028037382848e+02 7.838318584070796078e+02 7.210369698660714448e+02 7.843184086134453992e+02 9.261894188596490949e+02 8.872396788990826053e+02
3.350570807658450576e+02 3.270344999999999800e+02 6.334185353053435392e+02 6.811744156504065586e+02 6.851369753649635186e+02 7.131512839147286513e+02 8.199369506835937500e+02 8.375843923290203747e+02
3.005938042534722285e+02 3.395616179435483559e+02 5.673531949626865298e+02 6.022937189569536258e+02 6.658625992063491594e+02 7.317451795212765546e+02 7.244400850183823195e+02 8.201895068807340294e+02
2.872211960862619549e+02 2.884898376464843750e+02 4.654014179913294811e+02 5.692808388157894797e+02 6.245959689349111841e+02 6.851825892857142435e+02 6.816937308282208505e+02 7.785081196581196536e+02
2.766438649665551566e+02 2.781273660714285825e+02 5.340395647321428214e+02 5.270888554216867306e+02 5.864606026785713766e+02 5.843017274844720532e+02 6.486571473817567721e+02 6.863157656752410958e+02
2.582517648719879730e+02 2.915774185505318883e+02 4.766053977272727025e+02 5.276322979041916597e+02 5.278408532303370748e+02 5.903201398480662192e+02 6.194063870614035068e+02 6.802639978601997655e+02
2.538912919207317032e+02 2.683960651178010721e+02 4.586908361486486569e+02 4.698147927989130039e+02 5.035598660714285870e+02 5.692943025914634063e+02 5.641578124999999773e+02 6.612111092032967008e+02
2.468426527387640306e+02 2.700374282525510239e+02 4.138498994430693187e+02 5.141931678921569073e+02 4.786127667682926585e+02 5.441329268292682855e+02 5.479913449754901649e+02 6.125966560509554029e+02
2.374203530844155807e+02 2.468200860507246261e+02 4.181839900362318758e+02 4.383555082070707272e+02 4.794789843749999818e+02 4.983142361111111427e+02 5.303326113861386375e+02 5.611021294587945931e+02
2.234918154761904816e+02 2.463746002906976571e+02 4.054460601076555122e+02 4.116661337209302474e+02 4.371956435381355845e+02 4.853890765765765991e+02 5.623010049559471781e+02 5.384731529209622067e+02
2.102560404339250510e+02 2.178778475467289582e+02 3.914546737334802060e+02 4.100999750996015791e+02 4.102309593023255729e+02 4.593452868852459119e+02 4.598067505411255524e+02 4.845752401280683443e+02
1.996939997438524586e+02 2.153649502840908951e+02 3.356411675347222285e+02 3.755882562785387790e+02 3.924017373646209421e+02 4.048738088565022508e+02 4.564346813725489937e+02 4.521495423771314108e+02
1.976940253831417635e+02 2.024860432942708144e+02 3.231835937500000000e+02 3.404257546768707243e+02 3.828791621179038884e+02 3.784842099471831034e+02 3.903220148346303517e+02 4.366039939024390151e+02
1.840156703336557200e+02 2.036677343750000091e+02 3.069671932656826243e+02 3.339315922004132062e+02 3.622408897425249279e+02 3.990493024553571217e+02 4.087334208015266768e+02 4.275557371505860829e+02
1.703252814797794201e+02 1.895016145833333496e+02 2.886336917202572181e+02 3.036963049674267268e+02 3.257931072695035368e+02 3.325612408424908608e+02 3.630237032312925294e+02 4.124300094617325385e+02
1.605582236842105317e+02 1.769490388569078902e+02 2.743430420711974307e+02 2.950906453583061761e+02 3.205576140065146546e+02 3.397908482142856883e+02 3.443511117788461320e+02 3.665477465642683796e+02
1.569038762905604756e+02 1.819134074145962643e+02 2.868700864779874564e+02 2.956640625000000000e+02 3.115097843450479331e+02 3.151760896381578618e+02 3.425176201923076746e+02 3.656608859890110352e+02
1.546781757442489891e+02 1.710534222680817606e+02 2.778436555891238413e+02 2.873993111022364246e+02 2.934851938739377033e+02 3.034441021126760916e+02 3.262076822916666288e+02 3.506721582326284192e+02
1.430169471153846246e+02 1.537398028706395223e+02 2.559756593208092283e+02 2.604735700514138443e+02 2.888465743440233382e+02 2.969970174501424367e+02 3.082098463687150911e+02 3.183317627980364364e+02
1.366231159895150711e+02 1.503110124454941854e+02 2.379431371065375345e+02 2.437471445540935520e+02 2.712794789042820867e+02 2.832189725783475751e+02 2.998965850515463671e+02 3.091217905405405304e+02
1.375346096758664771e+02 1.533552881690997651e+02 2.403308823529411882e+02 2.420410203771289730e+02 2.592496527777777828e+02 2.704814786585365596e+02 2.778425099206348818e+02 2.931943665919282580e+02
1.337393879366106262e+02 1.433159316588784975e+02 2.333934002433090029e+02 2.276254079634464915e+02 2.406729202097505720e+02 2.533840852130325629e+02 2.728761807304786089e+02 2.783659760378510555e+02
1.223212344720496958e+02 1.352731335812356974e+02 1.957365860849056389e+02 2.229076940165876977e+02 2.228103039490049753e+02 2.537084541763341008e+02 2.573074954156479066e+02 2.590851248522458832e+02
1.179104064039408826e+02 1.297864756944444480e+02 1.939342648678414207e+02 2.094031718415417629e+02 2.260018651463963977e+02 2.327005447247706513e+02 2.411980658039647665e+02 2.576933831672203610e+02
1.126405384566968735e+02 1.240903087797618980e+02 1.873455357142857167e+02 2.057074846540178328e+02 2.097820822010869506e+02 2.225144153225806463e+02 2.282255816354625892e+02 2.476094780219780205e+02
1.079007874750996052e+02 1.235429349296536827e+02 1.896320900537634486e+02 1.871481078586497802e+02 2.122201760912698205e+02 2.143110420892494972e+02 2.319255705394190841e+02 2.276749602964531505e+02
1.070286407470703125e+02 1.215762695312499915e+02 1.718384078557312193e+02 1.814240855135658990e+02 1.889999017295597525e+02 1.983185586734693970e+02 2.093829216566866194e+02 2.218982554536439977e+02
1.003850208526413326e+02 1.137932741769547391e+02 1.677359536917098239e+02 1.821926872469635725e+02 1.785233070500927681e+02 1.894532604768785973e+02 2.049414645522388128e+02 2.089696077851396012e+02
9.953118322649572747e+01 1.092635498046875000e+02 1.686170929939516157e+02 1.699349407327586050e+02 1.752872993677042928e+02 1.843551682692307736e+02 1.924978666431261729e+02 2.053188399489322080e+02
9.560991841689249782e+01 1.053182738846801243e+02 1.627697897518382320e+02 1.698210440074906273e+02 1.711692838541666788e+02 1.789742174099485510e+02 1.931059709821428498e+02 1.822598389982110803e+02
9.149451478001833493e+01 1.048255719389931784e+02 1.489188851913477549e+02 1.592542345626071949e+02 1.731948644713261558e+02 1.744988089836660663e+02 1.767761310034305211e+02 1.851053823210412190e+02
8.569921875000000000e+01 9.949582741477273373e+01 1.470222006260096919e+02 1.590863250000000164e+02 1.638354201158940384e+02 1.694485834339774613e+02 1.748892463235294201e+02 1.738924924547283695e+02
8.418920604292169685e+01 9.583239549839228744e+01 1.418775397070957069e+02 1.481550461065573643e+02 1.534074106429712288e+02 1.605596341706539079e+02 1.678522177419354762e+02 1.680541675173540170e+02
8.742189830350484669e+01 9.200828523089172961e+01 1.407588992465224180e+02 1.415817078025477826e+02 1.451969195758258309e+02 1.481718750000000000e+02 1.549348668521462855e+02 1.583552932216298643e+02
7.931725616894811992e+01 8.876918551048136408e+01 1.325111771755162238e+02 1.309149550423131245e+02 1.419548112383540399e+02 1.451171762912482279e+02 1.487463837336244694e+02 1.503522705815709912e+02
7.495464301601424495e+01 8.416030048076923720e+01 1.216422930743243285e+02 1.359019312888198669e+02 1.363172526041666686e+02 1.391740871833085009e+02 1.402753156116642970e+02 1.428815546028880874e+02
7.454652313511611794e+01 8.257994996719159531e+01 1.235227251494768410e+02 1.320409359056122298e+02 1.331071620171673828e+02 1.383679995888157919e+02 1.392329866008462602e+02 1.428673491379310292e+02
7.444008458646617044e+01 7.951909947984395899e+01 1.213977176490514864e+02 1.214718480603448256e+02 1.234669178194993435e+02 1.321112825788751479e+02 1.383439413265305973e+02 1.368524124284270727e+02
6.814338490959666217e+01 7.911248034591194767e+01 1.105080832798459483e+02 1.158276799841772231e+02 1.237989176212938105e+02 1.311511190878378557e+02 1.249642799089726992e+02 1.258886113376835283e+02
6.553510008169934054e+01 7.734660775593009419e+01 1.076592913625304107e+02 1.177736730527638258e+02 1.160735282756489397e+02 1.228697535103785157e+02 1.229670031055900665e+02 1.263290168929342769e+02
6.801540595794392630e+01 7.360858685372005539e+01 1.113654360831234271e+02 1.104630681818181870e+02 1.193936887254901933e+02 1.182281409846547433e+02 1.173276178214731544e+02 1.197029888767890498e+02
6.378117104154969752e+01 7.117752303804994085e+01 1.047665396341463406e+02 1.088043838339222589e+02 1.098373530052264755e+02 1.155518628432494239e+02 1.152203947368421098e+02 1.139069661458333371e+02
6.284933416193181444e+01 6.948720857381530891e+01 9.699306765389081875e+01 1.038228075453001225e+02 1.067087446840826175e+02 1.078859448270808770e+02 1.105254906143344584e+02 1.142671495019044841e+02
5.854681755514706509e+01 6.701838395979021357e+01 9.434371778350515569e+01 9.920817905805688497e+01 1.018375398512221039e+02 1.067662879873853257e+02 1.061550100582685872e+02 1.083663363750348338e+02
5.832723142704435304e+01 6.376457488885982627e+01 9.664386587485515179e+01 9.573983083677686068e+01 1.024588834269662954e+02 9.774739854318418963e+01 1.005637444690265454e+02 1.052469485393562394e+02
5.592649456521738927e+01 6.208243972081218232e+01 9.076319757423118517e+01 9.546494886975241911e+01 9.603582317073171737e+01 1.005917415577342098e+02 9.887324549788135641e+01 9.998912085400888827e+01
5.490988198138298060e+01 5.924247408919598712e+01 8.664585929710867163e+01 8.961852952453988053e+01 9.400591577540107835e+01 9.106878482776089356e+01 9.206469497918835998e+01 9.472455185659410404e+01
5.241641496282527157e+01 5.827369479790418438e+01 8.366066542288557173e+01 8.772242647058823195e+01 8.855904126213592065e+01 9.178450455794205709e+01 9.158119801859099596e+01 9.040728721398038203e+01
5.204414350784132637e+01 5.758067338120740430e+01 8.380873243343195611e+01 8.390353984980619373e+01 8.708586105675146882e+01 8.627361195388348847e+01 8.806276325569871233e+01 8.590194542467753536e+01
4.877467453724353419e+01 5.471850239474929367e+01 8.053281250000000568e+01 8.217846518614514650e+01 8.464241401200368387e+01 8.356667626728111031e+01 8.584523878353377313e+01 8.524321093206584976e+01
4.856846085916134825e+01 5.348951598419539977e+01 7.737190665285451985e+01 7.869431678921567652e+01 7.736886213408877211e+01 8.396570121951219789e+01 8.266830397470640435e+01 8.356994603267212085e+01
4.862415540540540349e+01 5.197957506918819348e+01 7.369807409739713933e+01 7.552092449148533149e+01 7.729374601403060296e+01 7.896014997769849231e+01 7.727535611749117095e+01 7.899075390189520363e+01
4.719609134826526287e+01 5.114744849192863541e+01 7.301815340909091390e+01 7.585783074437030393e+01 7.516755905289330997e+01 7.591890173884515036e+01 7.693225948808473902e+01 7.626403613154478478e+01
4.363343269846350836e+01 4.984549568525326890e+01 7.006363624139414981e+01 7.376355413342199085e+01 7.428550311203319723e+01 7.401454103214889813e+01 7.149668723175965113e+01 7.278459821428570820e+01
4.237962489228780782e+01 4.742418934124386709e+01 6.847075287592440418e+01 7.074474959612278724e+01 7.233708192209991239e+01 6.936117689456342816e+01 7.197000361869314133e+01 7.086523152965661154e+01
4.074007077991453230e+01 4.655271114195083015e+01 6.409539538796515501e+01 6.912914800488599099e+01 6.877152777777777715e+01 6.980142229183508107e+01 6.751992156274980061e+01 6.876154386669342955e+01
4.117309237897125485e+01 4.504985993525896504e+01 6.733725809636651150e+01 6.542189947141739026e+01 6.761864172038677623e+01 6.689511395027624019e+01 6.613483286629302427e+01 6.758967445082129188e+01
3.958407929860088359e+01 4.366772213561964122e+01 6.089042983996877467e+01 6.209806871118011884e+01 6.412967920773313324e+01 6.466706178160919194e+01 6.463080323373677061e+01 6.388598455966450729e+01
3.898856361242281565e+01 4.228113590507302177e+01 5.909500932835820919e+01 6.287035593371347630e+01 6.138034351145038414e+01 6.147661401098901024e+01 6.116057280014913999e+01 6.139504354508196826e+01
3.819599408907624394e+01 4.102036809009181439e+01 5.774393256013745912e+01 5.902709544573643541e+01 6.008676709739803101e+01 6.020054255117513264e+01 5.993438628158844494e+01 6.127953649367320565e+01
3.675241032901833904e+01 4.056852816358024683e+01 5.641508620689655373e+01 5.827632195163487694e+01 5.835123818569310572e+01 5.895752762430939242e+01 5.707018822306579864e+01 5.931634849441039137e+01
3.565647092612230296e+01 4.004577800351876959e+01 5.490034976464434635e+01 5.726293736645299504e+01 5.611331034190927625e+01 5.609926245629370811e+01 5.543304422210672300e+01 5.499856804478897487e+01
3.482997496939489679e+01 3.779915978773585294e+01 5.272926343729263721e+01 5.424866796346414333e+01 5.502680329623287747e+01 5.443596727240649358e+01 5.433085619918698939e+01 5.545806888870208695e+01
3.249350314670139284e+01 3.713841566413974959e+01 5.103567118841544925e+01 5.297244167769689227e+01 5.409835379464285410e+01 5.197161896858808205e+01 5.118713686918990646e+01 5.230905388471177986e+01
3.224596280044276142e+01 3.706210397465437723e+01 5.121529091282894797e+01 5.038577406728847308e+01 5.105687541974479871e+01 5.115045663518886698e+01 5.038725459741550594e+01 4.987019982713203348e+01
3.208107050106935532e+01 3.552773085585585733e+01 4.846136599170917947e+01 4.944509521175727684e+01 5.033387753534111653e+01 4.983949484697063781e+01 4.784558997166246996e+01 4.786116505806654686e+01
3.116629669320269613e+01 3.541101238019169273e+01 4.770185836943069546e+01 4.731182189792176018e+01 4.807032240177439775e+01 4.765977479913473047e+01 4.792760836693548043e+01 4.653134299138606167e+01
2.966978316711997721e+01 3.249341525016035348e+01 4.522786458333333570e+01 4.694000213774875618e+01 4.678696286178381314e+01 4.520177359532828376e+01 4.449136292486583244e+01 4.529728202574317919e+01
2.926146363840623366e+01 3.212706010022586156e+01 4.522370485895846315e+01 4.606816520467836540e+01 4.434153937344527208e+01 4.476345163136805638e+01 4.400531098392965390e+01 4.474570797604967964e+01
2.874283892942227681e+01 3.113996541642897853e+01 4.276822308926487182e+01 4.388372777196652663e+01 4.359178038829487889e+01 4.374091161242603931e+01 4.337524757922535201e+01 4.249122465604634158e+01
2.819639555539443165e+01 3.101528992663656581e+01 4.153865642655367196e+01 4.206939003917180031e+01 4.154484030597447486e+01 4.187846230725299534e+01 4.156737553724928347e+01 4.079863778631384008e+01
2.672347383720930125e+01 2.986995884061980888e+01 4.085777796961325947e+01 4.116746076233183516e+01 4.292053026096613166e+01 4.180796048050139291e+01 3.994474889012208507e+01 4.021542876493469976e+01
2.691387742879957656e+01 2.982645862188365982e+01 4.002919385302197952e+01 3.896155644044321775e+01 3.975298611111111313e+01 3.845283018867924341e+01 3.854639343698404019e+01 3.828414818548387188e+01
2.602106136658030877e+01 2.884847574300698980e+01 3.892289923889193659e+01 3.859109766050054446e+01 3.891481594894275275e+01 3.788990953947368467e+01 3.763920416666666569e+01 3.718657705732312735e+01
2.557237206649282868e+01 2.802611649100429503e+01 3.677530958246887849e+01 3.848913957399103225e+01 3.797067444942903336e+01 3.694958710708577598e+01 3.655240547037422516e+01 3.574877745645957816e+01
2.509575066556795164e+01 2.720860796975374996e+01 3.587841360476663510e+01 3.746392475662520383e+01 3.693209195257315969e+01 3.615271423969072373e+01 3.468228897780072373e+01 3.407262641898864786e+01
2.446890561159346333e+01 2.582642994271087034e+01 3.589845414004260249e+01 3.613266824586977322e+01 3.552173770920501994e+01 3.457504664179104026e+01 3.394366922199695580e+01 3.401597178186430170e+01
2.357280750998003782e+01 2.536008522727272663e+01 3.495393096107056152e+01 3.545302869799692047e+01 3.384442355518711310e+01 3.420451694811551846e+01 3.222702023336643151e+01 3.221559312400147235e+01
2.315801674329025772e+01 2.488090261068334996e+01 3.326589180495430753e+01 3.426253364234450061e+01 3.324989234744094091e+01 3.241587810807484260e+01 3.227980464946445949e+01 3.209845226556821274e+01
2.255162290691948002e+01 2.454232868094569397e+01 3.208306173312883658e+01 3.224227932534085284e+01 3.250770486935866899e+01 3.180615995512517813e+01 3.081737077902843680e+01 3.029746624589972015e+01
2.193794537235241293e+01 2.421956219059405768e+01 3.174688087130108016e+01 3.221289892048135783e+01 3.169594071411874836e+01 3.053374104667282651e+01 3.006724567035815099e+01 2.990554673656231444e+01
2.145144511920827668e+01 2.332773346867749353e+01 3.086836009438305695e+01 3.096113948522622294e+01 3.055274052519118300e+01 3.011213512650882151e+01 3.003320400359874043e+01 2.906738169078796474e+01
2.092023942477387877e+01 2.330663339789546740e+01 2.953632037590171322e+01 3.058389030048608248e+01 2.952624106319188257e+01 2.926316191163410352e+01 2.909863281250000000e+01 2.828231373985572361e+01
2.077662530034949739e+01 2.246267126184032392e+01 2.924934345967060878e+01 2.930494511271870550e+01 2.867012990513152459e+01 2.791260048119715265e+01 2.765097791648613423e+01 2.762730930696860199e+01
1.969210345773874948e+01 2.228026810109289713e+01 2.792477582139608927e+01 2.862452590811965791e+01 2.782154979731230426e+01 2.736786852938011094e+01 2.664467150099734027e+01 2.701772451390397478e+01
1.948980898320496280e+01 2.138109446584756412e+01 2.765430762918254715e+01 2.816045439844760878e+01 2.756109291854277643e+01 2.696275547204641398e+01 2.640509809357836701e+01 2.568633293933276462e+01
1.904589295356371537e+01 2.100223121895695400e+01 2.684855794135930296e+01 2.801099369574204090e+01 2.663141489703989606e+01 2.646616745157513861e+01 2.537910098973607020e+01 2.489455863503191324e+01
1.856349242503123875e+01 2.001444267878849104e+01 2.578638855054811074e+01 2.627222299134112049e+01 2.614724773008667214e+01 2.479919521837349450e+01 2.510687506349044895e+01 2.459269206549118536e+01
1.851879911591355565e+01 1.979346237089914951e+01 2.559447197841000587e+01 2.568176448170731874e+01 2.538896209839357709e+01 2.478363244474007487e+01 2.411833268044884448e+01 2.385836100689515504e+01
1.817881440054232201e+01 1.961909798034934482e+01 2.499455201621023193e+01 2.498698645541783137e+01 2.462988507830626617e+01 2.406927561815871641e+01 2.330266963052486062e+01 2.309309456812772865e+01
1.750800283117624900e+01 1.889549062500000076e+01 2.406135384578359648e+01 2.484579062262718452e+01 2.393576181220095833e+01 2.311267267843438233e+01 2.276931524313611988e+01 2.252523559700767208e+01
1.734956135648942066e+01 1.855340114721356315e+01 2.310368586796616341e+01 2.354274741109808744e+01 2.347208463931512057e+01 2.286716608750978708e+01 2.217111627465857282e+01 2.175674763033175196e+01
1.671607505190637966e+01 1.808016055045871440e+01 2.315918853387160325e+01 2.289572245724163224e+01 2.263648101702168347e+01 2.263319994448556471e+01 2.165046656757266774e+01 2.140594165085389022e+01
1.603989622201492438e+01 1.788827956263498820e+01 2.228269971290557550e+01 2.242414903293757078e+01 2.246003304211469498e+01 2.159387833379475907e+01 2.082184606481481381e+01 2.099619150472087270e+01
1.592365215469099127e+01 1.723869079898770806e+01 2.175777043700646018e+01 2.157425377734935523e+01 2.149489801892094221e+01 2.094491265880217767e+01 2.031578176210852149e+01 2.062090912712867663e+01
1.567802623766898051e+01 1.685057796414625386e+01 2.152155143508583635e+01 2.142673521493414057e+01 2.096869039433995852e+01 2.042493443080357096e+01 1.994239291607206610e+01 1.936783842649920473e+01
1.531887826292289212e+01 1.655072916666666671e+01 2.043614736358866679e+01 2.061589493084551350e+01 2.064549276741946926e+01 1.988483520723104192e+01 1.942983258146460912e+01 1.938548259493670756e+01
1.502647759871751632e+01 1.646885103547710472e+01 2.019863424311126465e+01 2.022957431537102480e+01 2.007130933140523865e+01 1.938714068868885931e+01 1.888359590368711238e+01 1.909108817400364799e+01
1.470565051881221486e+01 1.570889412715517075e+01 1.973984881094442301e+01 1.997837588608638271e+01 1.945422641199649760e+01 1.878734514317558180e+01 1.828617121848739657e+01 1.865878378378378244e+01
1.420358282378529147e+01 1.546535840213278235e+01 1.938997018782174919e+01 1.919006364355335137e+01 1.886897654476159403e+01 1.845831331467245917e+01 1.782823397542344779e+01 1.811878868281133137e+01
1.415538280475718480e+01 1.552827422472895336e+01 1.869660838715159557e+01 1.892150405036894512e+01 1.858213477021133997e+01 1.785529607686640574e+01 1.760760119738150209e+01 1.754606068020553167e+01
1.391908518473307232e+01 1.491406003704287464e+01 1.810515503562176320e+01 1.814597215366897132e+01 1.798993143127364291e+01 1.755472777061855538e+01 1.675380715117212560e+01 1.750514809947432227e+01
1.345642890830052529e+01 1.459850619225868051e+01 1.813557072996183450e+01 1.796848733189240832e+01 1.750404713114754074e+01 1.724110888063279035e+01 1.668691959921798684e+01 1.709154377903251643e+01
1.330409539473684255e+01 1.435231823483670155e+01 1.754871651785714448e+01 1.760655970638101309e+01 1.728778974467756768e+01 1.661248044399556179e+01 1.637429480514479607e+01 1.670154887920298847e+01
1.281165937034277214e+01 1.370129105697384730e+01 1.707115483439342185e+01 1.733204960068900746e+01 1.681354748603352078e+01 1.600115390145705518e+01 1.573442872772741374e+01 1.640912066490806254e+01
1.258363000561377198e+01 1.360051805449695195e+01 1.674180739366584802e+01 1.664416559375946747e+01 1.617733508505695283e+01 1.578487317124014666e+01 1.555694142149504700e+01 1.601007342067344297e+01
1.252550785282406665e+01 1.315974827718223494e+01 1.640516583531864470e+01 1.618685912187039833e+01 1.583587257617728561e+01 1.544148439832786046e+01 1.498151876685645867e+01 1.532748953349282317e+01
1.223288603478514958e+01 1.298008061759343512e+01 1.604408562159449403e+01 1.590266009298140304e+01 1.574992498746059155e+01 1.486468182325789300e+01 1.458427186769859674e+01 1.500316362021756866e+01
1.211447277551613766e+01 1.276529984410033691e+01 1.563042626014122760e+01 1.546100606950736278e+01 1.512702367841409590e+01 1.456181976786230692e+01 1.422380962111304825e+01 1.486496717635617060e+01
1.162533375303614847e+01 1.254642053020745784e+01 1.545120531892123239e+01 1.510269286754003026e+01 1.476444042530829570e+01 1.442503641884302112e+01 1.398695537753354401e+01 1.444842202749875248e+01
1.144226227385468242e+01 1.206001014666945359e+01 1.486678814594971954e+01 1.489616250350336379e+01 1.457067138601780165e+01 1.397074650274011987e+01 1.374040397098467636e+01 1.401823302305902352e+01
1.107267645857020888e+01 1.202491018871191208e+01 1.456830313884274553e+01 1.451002052161263656e+01 1.402925285184167237e+01 1.364230492320351118e+01 1.338223094850291162e+01 1.393996682029246692e+01
1.107457716438720041e+01 1.173945226553905385e+01 1.397410434812193891e+01 1.399961300971538058e+01 1.395757211538461462e+01 1.330832904663923166e+01 1.304823779484366497e+01 1.356929611443937844e+01
1.062218415444091946e+01 1.149284120332515791e+01 1.400378510949401623e+01 1.384051875858516567e+01 1.331663861535369797e+01 1.317062080536912561e+01 1.278568687080536748e+01 1.322985863852153265e+01
1.066367177271537159e+01 1.128222313226155116e+01 1.356225657456724321e+01 1.349183633105140778e+01 1.309127891339429617e+01 1.254323846726190617e+01 1.229925985754891649e+01 1.305836339006715008e+01
1.042567584243780310e+01 1.120707948825503308e+01 1.307883252473363633e+01 1.320321788030262056e+01 1.260086403145695400e+01 1.246367440331715137e+01 1.206929405218351903e+01 1.276071662840275600e+01
1.020197693012342555e+01 1.087581527725327213e+01 1.293987287782955953e+01 1.291416807432432456e+01 1.264838288874967098e+01 1.186904855190571695e+01 1.176492698293826500e+01 1.255923763736263687e+01
1.010999967758576368e+01 1.057110294578011356e+01 1.278664477024625690e+01 1.232393430940658163e+01 1.217278784142640369e+01 1.179052295836540942e+01 1.130189732142857117e+01 1.227794514958483774e+01
9.858357019672970623e+00 1.039823912434652797e+01 1.223791699218750040e+01 1.221100323249195618e+01 1.188204754259918516e+01 1.144688641085368808e+01 1.114090555939226590e+01 1.190312460723936461e+01
9.479456678385911772e+00 1.014648772348763117e+01 1.223953645450649041e+01 1.218487712153121905e+01 1.177553660845139127e+01 1.114981550378140973e+01 1.083839667066125934e+01 1.168488188673437911e+01
9.451887366989479844e+00 1.012406739236790543e+01 1.207299576518691531e+01 1.155786426380368148e+01 1.130230407415358052e+01 1.110203934666168379e+01 1.079635378482404739e+01 1.136745518536615229e+01
9.227773428354016261e+00 9.982663943123938566e+00 1.167015148766327926e+01 1.137879981010368979e+01 1.110247680780209301e+01 1.069350498071979416e+01 1.049860888801642922e+01 1.124056397142514818e+01
9.023280423280423790e+00 9.504111493644067821e+00 1.133223810579196211e+01 1.110388496302980954e+01 1.081814979201832649e+01 1.043487833053288405e+01 1.015050350908233057e+01 1.094280075775620809e+01
8.888968910856341665e+00 9.521304100908656309e+00 1.109949328171259353e+01 1.110963297760566704e+01 1.047309833190148964e+01 1.028274942457507102e+01 9.754605186818288587e+00 1.084026267849797343e+01
8.679259986146385941e+00 9.146781080201494163e+00 1.105034701559152666e+01 1.079560772541912073e+01 1.034796551013195121e+01 1.006529956798544845e+01 9.615824367273152262e+00 1.057218567778996565e+01
8.614275371715075735e+00 9.064942059906291760e+00 1.079711453838292101e+01 1.048945043721330350e+01 9.947763737416106977e+00 9.708867017934657895e+00 9.395921746399176655e+00 1.033288495126485884e+01
8.453676868519995224e+00 8.885209037162162815e+00 1.038312433241511101e+01 1.027268367780294511e+01 9.845685288242009392e+00 9.386295053896249740e+00 9.300296519886362745e+00 1.011819694804459857e+01
8.130757663741682961e+00 8.739643416282136812e+00 1.017303543410041833e+01 9.944766723418277721e+00 9.572765642227123450e+00 9.319455137178051629e+00 9.049743249560053826e+00 9.940566193918657589e+00
7.961861783993575692e+00 8.653027192545897250e+00 1.000786405631324349e+01 9.805379024673600341e+00 9.332789399455313273e+00 9.003386779212993574e+00 8.942934108206484822e+00 9.704660654107506446e+00
7.834260678790442078e+00 8.491940087278425864e+00 9.864822745013009708e+00 9.551873984290358166e+00 9.188057211437012484e+00 8.752927159728214335e+00 8.658340692571183439e+00 9.498596381261396715e+00
7.792934459280803416e+00 8.143333050271738927e+00 9.546512426312968813e+00 9.330085906374502969e+00 9.092174598000870134e+00 8.625279675777063559e+00 8.467592530910252435e+00 9.342998025963597186e+00
7.571959694118263862e+00 8.012845309462086618e+00 9.136266162695989124e+00 9.027085373150566028e+00 8.821619435817805055e+00 8.321702398255814259e+00 8.310244185741286316e+00 9.163954982863169008e+00
7.497569590612502388e+00 7.902802327060020282e+00 9.216719755901287670e+00 8.930523989898990322e+00 8.589164834145824656e+00 8.171055279970911300e+00 7.979827619916579629e+00 8.969265477371195061e+00
7.296081461396114243e+00 7.672180706521738891e+00 8.893771499327538521e+00 8.570394997360084588e+00 8.290073622345804694e+00 7.994167260329737346e+00 7.831125182026211107e+00 8.850543651909411835e+00
7.197189110824742997e+00 7.585117930430430810e+00 8.796884361893349435e+00 8.489934758880730570e+00 8.062087390395594966e+00 7.776410639224933696e+00 7.751415307971014634e+00 8.592065174925643589e+00
7.055903543761543162e+00 7.486843337829736100e+00 8.556278935185185119e+00 8.323671262316509001e+00 7.910131938867697166e+00 7.622781138437128234e+00 7.501509073185362197e+00 8.476314217256392780e+00
6.902189016990291748e+00 7.376774295879777732e+00 8.405718075134972267e+00 8.121453505644682380e+00 7.758883406070224531e+00 7.450613339552238479e+00 7.464110700514138941e+00 8.388544272136067903e+00
6.732122329725069854e+00 7.254361429062684330e+00 8.216466076137917796e+00 7.867400931112421780e+00 7.638248260556622427e+00 7.296881107094000285e+00 7.172354299168297587e+00 8.152843931334622596e+00
6.636628356823159436e+00 7.056397440289741141e+00 8.005359949226305005e+00 7.879482071713147739e+00 7.455585171568626990e+00 7.127304181740290012e+00 7.015335285831246992e+00 7.995178381770783105e+00
6.489640058736801720e+00 6.846456141632573100e+00 7.857204700240918882e+00 7.569599786033845312e+00 7.270218087352223968e+00 7.116506026305495780e+00 6.812757925342337373e+00 7.875220943008645946e+00
6.415451045493076876e+00 6.757578958563281724e+00 7.746040922044048926e+00 7.476008171479977982e+00 7.052478613075893854e+00 6.789325219964990055e+00 6.723490702872361169e+00 7.676843250235183547e+00
6.231790876666041257e+00 6.592412673738112794e+00 7.498344636359395743e+00 7.229333443209644550e+00 6.880940070840950717e+00 6.655081258160790547e+00 6.568399784482759074e+00 7.515306004351650415e+00
6.129552665716155424e+00 6.385915003644979215e+00 7.327104178088450048e+00 7.040012901376146992e+00 6.713614287042201312e+00 6.482707715820674288e+00 6.497587719298245190e+00 7.473171480020186941e+00
6.026889518102890975e+00 6.356700922818792066e+00 7.103927143567040581e+00 6.853493175287356465e+00 6.594850852272727160e+00 6.354547105939077234e+00 6.257528805865922195e+00 7.390724612289189643e+00
5.861317035574876044e+00 6.205247609597690506e+00 7.033728709778896082e+00 6.754786061625158489e+00 6.523019846236366881e+00 6.145883687522801786e+00 6.140456081081080875e+00 7.192544608530463179e+00
5.739307219147280037e+00 6.063118950528767925e+00 6.916712671752319963e+00 6.593766684463426841e+00 6.291392555872041825e+00 6.078176433645183785e+00 5.975086498007086355e+00 7.140441542977403522e+00
5.709204552850819958e+00 5.860322511441647286e+00 6.819692798005973167e+00 6.422656249999999289e+00 6.214799091193283331e+00 5.953955413802221486e+00 5.847945728582690350e+00 6.915359653131392115e+00
5.576300481394039110e+00 5.801729880973529596e+00 6.586847489900690356e+00 6.312805658739230275e+00 6.091073865574889723e+00 5.790016813441991594e+00 5.727578004663699929e+00 6.825952765453042304e+00
5.468076543315874893e+00 5.707758284908202917e+00 6.463706651989134855e+00 6.114989491804663224e+00 5.811605619275963974e+00 5.665234968154209128e+00 5.679128595371972565e+00 6.662179776004119702e+00
5.387797291595453508e+00 5.582156965411413374e+00 6.294415829012240948e+00 6.116458440943526753e+00 5.706391276041666849e+00 5.619982529401738702e+00 5.525499664291152691e+00 6.563548086664696690e+00
5.309166851219099925e+00 5.504256344571000881e+00 6.158634813878295589e+00 5.878202519779133439e+00 5.646925488945577776e+00 5.483465539526350518e+00 5.414699360129021422e+00 6.424344462794466359e+00
5.144376292412221829e+00 5.395164747987184484e+00 6.041011120263591216e+00 5.738630831537951060e+00 5.489896592490992155e+00 5.221156216269512207e+00 5.277719042535720106e+00 6.297517652023548962e+00
5.023082243713345107e+00 5.303549033717104955e+00 5.919867192646575127e+00 5.609412129219927934e+00 5.392702066507334635e+00 5.149477035597382013e+00 5.142611550209807980e+00 6.190729209551255607e+00
4.937774386576857744e+00 5.151299668537498100e+00 5.713809817640339794e+00 5.516056523083264551e+00 5.206652627795206101e+00 5.016727970734844888e+00 5.081239605305857943e+00 6.008603820192738532e+00
4.880624109052031478e+00 5.089741037630250986e+00 5.608603857211308608e+00 5.372161628223050656e+00 5.097296153532386853e+00 4.934511574260212363e+00 4.984328865626981298e+00 5.985957231058185002e+00
4.819948415189079682e+00 4.938380396586345533e+00 5.485657001850709591e+00 5.261672976099078802e+00 5.052251065450477974e+00 4.796582666085302371e+00 4.809893375412930716e+00 5.934916071639906754e+00
4.695891747981816522e+00 4.784749524184866765e+00 5.417713777729013636e+00 5.186721725057120480e+00 4.898906051933132666e+00 4.715795562323998880e+00 4.749010734994515204e+00 5.730824112460586761e+00
4.589883179284036885e+00 4.724740060724106350e+00 5.215619420509237436e+00 5.092824688837799485e+00 4.809194388440860557e+00 4.620641695827597317e+00 4.596600646972656357e+00 5.641866468323415873e+00
4.525460746479418539e+00 4.575913329708773958e+00 5.122170620922469553e+00 4.923666890308436628e+00 4.662097910874265949e+00 4.461911961720190334e+00 4.590345505698277151e+00 5.525535870516185888e+00
4.471382687447346349e+00 4.526203004952545683e+00 4.930370168446382984e+00 4.795767301200299926e+00 4.577949484064784968e+00 4.376675625377871803e+00 4.426054997845151107e+00 5.492450987756328118e+00
4.330436308556228298e+00 4.458564341819135635e+00 4.860679812659080667e+00 4.686298258537322070e+00 4.493052143181131441e+00 4.310809739629961612e+00 4.367163292586154988e+00 5.374933086025545315e+00
4.262002903155126532e+00 4.326862408935474136e+00 4.670427396581388280e+00 4.554535632141267776e+00 4.390136007177208199e+00 4.198479180598900129e+00 4.305461807340628333e+00 5.251624068651072896e+00
4.122757219030878773e+00 4.254219793212166145e+00 4.592705862226277524e+00 4.504535203093009699e+00 4.243526578727744969e+00 4.120009377738025336e+00 4.178648232960362918e+00 5.220595793105979432e+00
4.078961913008276596e+00 4.148750968063136924e+00 4.399561826394759123e+00 4.357914059093881853e+00 4.099262700854851893e+00 4.021102769253251275e+00 4.062675694244862967e+00 5.115446117359589095e+00
4.042090125180115123e+00 4.078857491134751712e+00 4.300112035703736346e+00 4.245004325451892768e+00 4.015807444180087948e+00 3.964923848357457370e+00 3.962803459805204209e+00 4.997878350506178791e+00
3.946970086348684070e+00 3.978929907723974591e+00 4.136369325028352861e+00 4.169652948348284482e+00 3.988885263826184691e+00 3.844896621693309147e+00 3.860452471651310891e+00 4.925147613398959123e+00
3.925563070622986039e+00 3.873992613041200794e+00 3.998433408257681343e+00 4.046947957625333991e+00 3.880990723897993711e+00 3.756555054231863977e+00 3.862520220846814123e+00 4.821540375132088663e+00
3.784592661691542403e+00 3.819592189011330685e+00 3.868997377848757413e+00 3.904747927581690092e+00 3.759383730546414171e+00 3.648520286779835420e+00 3.736943522742983248e+00 4.766412029072768064e+00
3.761873799955821607e+00 3.711015797795134130e+00 3.773715438484388063e+00 3.876769183895727000e+00 3.725789286210731355e+00 3.623173207330643741e+00 3.651479296334716462e+00 4.760402255118981074e+00
3.662191809553225319e+00 3.642044968886761325e+00 3.705703955890373269e+00 3.743901280653248786e+00 3.641874789420485481e+00 3.496845154022060864e+00 3.627986040393754497e+00 4.612347496174120209e+00
3.577609590191467959e+00 3.574255922036432498e+00 3.543569650638427326e+00 3.674834625912408725e+00 3.504041278238977153e+00 3.418633822737068950e+00 3.517775248622497131e+00 4.548057968628643088e+00
3.560508719970960634e+00 3.468450416553549243e+00 3.495209498114679736e+00 3.565471032564587972e+00 3.448876123366013235e+00 3.380163741438356073e+00 3.441898025443943521e+00 4.482308181863412067e+00
3.490188893391108493e+00 3.408085344799637095e+00 3.414817140380991045e+00 3.454179873535847989e+00 3.360858712299716888e+00 3.260691217623324256e+00 3.374787467732327073e+00 4.358870768368658943e+00
3.448704477451563388e+00 3.317026001291989434e+00 3.341827783726785128e+00 3.375253526875418242e+00 3.265540246028670879e+00 3.177427281502717360e+00 3.282696379332982861e+00 4.364995584483548186e+00
3.377491874101659075e+00 3.258200564676776434e+00 3.256283277886970140e+00 3.243345474290210806e+00 3.206207910926788252e+00 3.084308474344978013e+00 3.203333767529404685e+00 4.243943998285455876e+00
3.259076541509064562e+00 3.167644139135959325e+00 3.169001662191789581e+00 3.194156954977058760e+00 3.094660072605462275e+00 3.056500973058687620e+00 3.156055062380038745e+00 4.185508009616300207e+00
3.227122755095699347e+00 3.122510313137105253e+00 3.106621895721754623e+00 3.119489591230729886e+00 3.110077219231749179e+00 3.006977498811033822e+00 3.109019953935684200e+00 4.173274728200400574e+00
3.160336100210122900e+00 3.088123181070479450e+00 2.995658545476040491e+00 3.020223935243825597e+00 2.982107975572210190e+00 2.927700867882893743e+00 3.029269680208855675e+00 4.046965851588772978e+00
3.147546315368113135e+00 3.038195534145116561e+00 2.978515140894162805e+00 2.974205006765899828e+00 2.915838645963704234e+00 2.876050948618767311e+00 2.975982258712308148e+00 4.006837554274826019e+00
3.076896559605070802e+00 2.959559742532183346e+00 2.898896948511761718e+00 2.855425768136889086e+00 2.885599163385826671e+00 2.752970327505540826e+00 2.892397059496218503e+00 3.878884105047038400e+00
3.015256671111520070e+00 2.886044710214345610e+00 2.855298966150719320e+00 2.829310147526713948e+00 2.776204488019468730e+00 2.731839397294346217e+00 2.828166458410465545e+00 3.852520975259268177e+00
2.947849413369611149e+00 2.844542147263948273e+00 2.781440651606907455e+00 2.712131393428901749e+00 2.715090450836573410e+00 2.653588434355534265e+00 2.789919471442735333e+00 3.786383385976231697e+00
2.912856301307388041e+00 2.825769359602629649e+00 2.707594062054208273e+00 2.649371116156787664e+00 2.646198925521964895e+00 2.616468558282208701e+00 2.745692701477802977e+00 3.760618480229286131e+00
2.849350609525965972e+00 2.734576165422959004e+00 2.664062960642688882e+00 2.578948092847075380e+00 2.590181116345699586e+00 2.553116753523410942e+00 2.651952110748849289e+00 3.683450294607828468e+00
2.815937733249124442e+00 2.661345218280736447e+00 2.585817530874204184e+00 2.545678242376074429e+00 2.528583601975630035e+00 2.498343647648848087e+00 2.587170061301893309e+00 3.625625201677960430e+00
2.768554350328000790e+00 2.629009058076968053e+00 2.545975870160914312e+00 2.475595354798419745e+00 2.471316868567753122e+00 2.422919360317321136e+00 2.541420351006594913e+00 3.570235420112590763e+00
2.676120218433481135e+00 2.606118047466511101e+00 2.502840847751612419e+00 2.414682012064534700e+00 2.413666832625886549e+00 2.367979337490035530e+00 2.494241957931588427e+00 3.484293311862742382e+00
2.649053105784559214e+00 2.534058891999303675e+00 2.453578679497163240e+00 2.370535585468605433e+00 2.349111735484779917e+00 2.315370717151599145e+00 2.444793113097937010e+00 3.473983517264918497e+00
2.628739384064104900e+00 2.479627303907982139e+00 2.384071205614895828e+00 2.311407185213921522e+00 2.285023393513730738e+00 2.254540015115888529e+00 2.374720317814626114e+00 3.401939397246001473e+00
2.559143489408674199e+00 2.430610066493764432e+00 2.334106050791262543e+00 2.259659484097842341e+00 2.231423558978488764e+00 2.230833402708402691e+00 2.339786093173431780e+00 3.325127698266989285e+00
2.533434175344282391e+00 2.379896243054791416e+00 2.305470128321755574e+00 2.195433055326743599e+00 2.162461094693159058e+00 2.154476653261840902e+00 2.280442451694164596e+00 3.294226044758523209e+00
2.497599435775982091e+00 2.352433326852761297e+00 2.230717667231391310e+00 2.156267910659043441e+00 2.155451667399186810e+00 2.117490329804560201e+00 2.255673985652364877e+00 3.261116149730055813e+00
2.440608079879678982e+00 2.331366749741595079e+00 2.191816380696685496e+00 2.103111049107142971e+00 2.082397022838499367e+00 2.072957909770933860e+00 2.189501528532608710e+00 3.171877332912560465e+00
2.393926723679310253e+00 2.260233839897260122e+00 2.167408897960290570e+00 2.061730180014193614e+00 2.033443926949786373e+00 2.029760112164043395e+00 2.166402198573897930e+00 3.114678732802805605e+00
2.366709424109741278e+00 2.221983555995048931e+00 2.110011951649692463e+00 2.018979182426440033e+00 1.978612902247736116e+00 1.986081517258802220e+00 2.102512853704784135e+00 3.087723505199883256e+00
2.339857990569028434e+00 2.177094126789751449e+00 2.072787065837221387e+00 1.973663646869593391e+00 1.955760067730756946e+00 1.936758588298443273e+00 2.050676075410180932e+00 3.055766787628701575e+00
2.295600723777416086e+00 2.134884624677835241e+00 2.010109107776702153e+00 1.931271321446961897e+00 1.906295224611439965e+00 1.879724644702842395e+00 2.010859482099546458e+00 3.015583388541967391e+00
2.262823174399748893e+00 2.095898116526293986e+00 1.977400764061047589e+00 1.906518408924269270e+00 1.844703689142886516e+00 1.847625538568676395e+00 1.970005464534039019e+00 2.975657771414535802e+00
2.198920812240394707e+00 2.075317220302099308e+00 1.928494800726491487e+00 1.832628949457189682e+00 1.802201482576310188e+00 1.808535164330781875e+00 1.954684322224796489e+00 2.931204373410894348e+00
2.219601729616616392e+00 2.039061708780636195e+00 1.900632700221689841e+00 1.816419713000506864e+00 1.767515839913397890e+00 1.764156011582962647e+00 1.892821670643785481e+00 2.892013782955787704e+00
2.186771383134989755e+00 1.996940123997360095e+00 1.871215968157044829e+00 1.769856472281667203e+00 1.720916788084065008e+00 1.737461845745760902e+00 1.865892943159922934e+00 2.857197615936881707e+00
2.143332655855878066e+00 1.967122297518373086e+00 1.814613569419214922e+00 1.746858926023728387e+00 1.677974055550039534e+00 1.699151124537175983e+00 1.814860131677483723e+00 2.830103093025292171e+00
2.107269226726355527e+00 1.913179620793571178e+00 1.793617069270211140e+00 1.697226985420767775e+00 1.640765281325498481e+00 1.665280229961070058e+00 1.764854988219246135e+00 2.743129800988520994e+00
2.082819435418608034e+00 1.906408945846215230e+00 1.767999402058368696e+00 1.665731000696309527e+00 1.610774098085137496e+00 1.623406742125984126e+00 1.744443393693869693e+00 2.738398144781601484e+00
2.049897613742102997e+00 1.873312366504271909e+00 1.715567546025208445e+00 1.628390330188679291e+00 1.573734505720964627e+00 1.584168750303811102e+00 1.682948646047857322e+00 2.693100969162458114e+00
2.007516388377277750e+00 1.851801261017436362e+00 1.716589553726798334e+00 1.600958214043090022e+00 1.543686794186185374e+00 1.560852209222670872e+00 1.662113907488880216e+00 2.617341487253319166e+00
2.005499578849136988e+00 1.813584075677351581e+00 1.653147319295815043e+00 1.562059616948990426e+00 1.518885498522041466e+00 1.512977773693598094e+00 1.630952040139826531e+00 2.620213770090301431e+00
1.956191917025184912e+00 1.787264514218009470e+00 1.636775875082554954e+00 1.522271731406916073e+00 1.473997224894928237e+00 1.483733189891035531e+00 1.597933312618371238e+00 2.590163898084653749e+00
1.951216963165962159e+00 1.753957386631192383e+00 1.595865792991671306e+00 1.495268614741012358e+00 1.449307176711940981e+00 1.445008774298056187e+00 1.560722420222809603e+00 2.553937240970988842e+00
1.914178095136420232e+00 1.736179891023229560e+00 1.564872907680045167e+00 1.451548638049643625e+00 1.400024515459160179e+00 1.401656078859296217e+00 1.528409156774552580e+00 2.538278402719372107e+00
1.884696229170492066e+00 1.706053216773343539e+00 1.548895442937552103e+00 1.425913370525470292e+00 1.379549695057400882e+00 1.385785379876500301e+00 1.492989427377862333e+00 2.501703758088456908e+00
1.881512745334066983e+00 1.673173590555915302e+00 1.512824086095556186e+00 1.409023729011193993e+00 1.352913409982316129e+00 1.343794199823780344e+00 1.485138861856567072e+00 2.449378344045736622e+00
1.849071148787740260e+00 1.647808151904718965e+00 1.479597673649777123e+00 1.371825603394232429e+00 1.316392231066531693e+00 1.325536831466257226e+00 1.447830098609211191e+00 2.431247643449646834e+00
1.824502171004897422e+00 1.625349657182419083e+00 1.453925264438273413e+00 1.352488453178121830e+00 1.284324379655389148e+00 1.294919852221046330e+00 1.418778731833378881e+00 2.420433255764159686e+00
1.811923548522918592e+00 1.606305578859060557e+00 1.432648518263746507e+00 1.316041565076691233e+00 1.252759008052459766e+00 1.263555712566966305e+00 1.378087725153367415e+00 2.366663212261086002e+00
1.780380312541963272e+00 1.579051906779661119e+00 1.410620726400852565e+00 1.297864523425057426e+00 1.231202958322313412e+00 1.247323825043821222e+00 1.348343310170841747e+00 2.378182716766202187e+00
1.759920054963066693e+00 1.547938757120462805e+00 1.378150894940135540e+00 1.270273403053351124e+00 1.197821521044513116e+00 1.214583823488706971e+00 1.330086314745541953e+00 2.345193253669968225e+00
1.732375828170710896e+00 1.539230742872806923e+00 1.358287146869546325e+00 1.236183774059637086e+00 1.179659104163049976e+00 1.178777613848592809e+00 1.309009940890162982e+00 2.286989476492236939e+00
1.709305866385402828e+00 1.506834653112669953e+00 1.323606476321226744e+00 1.218788463075447526e+00 1.152588638277627142e+00 1.158489913401017368e+00 1.286062014042088419e+00 2.277436911079822490e+00
1.694757104227593292e+00 1.501406222892088804e+00 1.315374200994318343e+00 1.194026926742919326e+00 1.136733695278811185e+00 1.129240710138393888e+00 1.247014015661030095e+00 2.250910322592743373e+00
1.686328490784881229e+00 1.479444498342842751e+00 1.301582181477400457e+00 1.163912940806045349e+00 1.109394708117723116e+00 1.101287466109412971e+00 1.225710206057438079e+00 2.218545551411827521e+00
1.662806436706696811e+00 1.454399956597222099e+00 1.272375935931251645e+00 1.145918333991546412e+00 1.086916111863090784e+00 1.090090390358361860e+00 1.205170319120762779e+00 2.202650006088392676e+00
1.636157631215469532e+00 1.427414900487365967e+00 1.255652943183712456e+00 1.124332412915861612e+00 1.065469290110446110e+00 1.055414945264659066e+00 1.170498500937078967e+00 2.199273977025557159e+00
1.634774081508260091e+00 1.431170943400132511e+00 1.240050360368048610e+00 1.107417858868646077e+00 1.037092572534949131e+00 1.039323401915113854e+00 1.159197836220781541e+00 2.167038228908188646e+00
1.598046651731036105e+00 1.392093558757856453e+00 1.215415228882340770e+00 1.090390422890761934e+00 1.017779017857142865e+00 1.004154705781677981e+00 1.134710251647600199e+00 2.131991938869653769e+00
1.583655356780863555e+00 1.379839786811331681e+00 1.188440912134322236e+00 1.066415701638369518e+00 9.990326811760504855e-01 9.977497017160844583e-01 1.113658434894982063e+00 2.098262824488917211e+00
1.581617342715231800e+00 1.372512136544455252e+00 1.170536201220004902e+00 1.032356692488969108e+00 9.721715555368510842e-01 9.743010791789155078e-01 1.092967294097391129e+00 2.081044981376895198e+00
1.552373687384880352e+00 1.336405396383724575e+00 1.159049680727554321e+00 1.026344169266373063e+00 9.588684786937475835e-01 9.575167024561475060e-01 1.068360470941883689e+00 2.079632147609734361e+00
1.551634870466580995e+00 1.329755985402895746e+00 1.132314161340877590e+00 1.008499135905050359e+00 9.405643231482978539e-01 9.273222954531895601e-01 1.047915676291032883e+00 2.066041302447552575e+00
1.526323181327900347e+00 1.309783384879048107e+00 1.124029479050999258e+00 9.899357599689542209e-01 9.202726722917158320e-01 9.143886410206796267e-01 1.025868981043244199e+00 2.033015134245187205e+00
1.524536812937131947e+00 1.306001775124844055e+00 1.110353087544897255e+00 9.651122478665631332e-01 9.024609036316701971e-01 8.985710443846274265e-01 1.006449662307873139e+00 2.005148161994683154e+00
1.513965524496989845e+00 1.286973562174656305e+00 1.092363984818719436e+00 9.520529066961150866e-01 8.864332009681935576e-01 8.703881280073937354e-01 9.952001793232496674e-01 2.001628811789841755e+00
