nan nan nan nan nan nan nan 0.000000000000000000e+00
2.534138488769531250e+02 nan nan nan 1.481534912109375000e+03 7.269775390625000000e+02 nan 6.719840698242187500e+02
1.241241699218750000e+03 nan nan 2.799554687500000000e+03 nan 6.205846191406250000e+03 1.656844726562500000e+03 1.004240299479166606e+04
1.140159423828125000e+03 nan 2.787348958333333030e+03 nan 4.022206054687500000e+03 4.437734863281250000e+03 5.444368815104166060e+03 3.388530273437500000e+03
3.052740885416666515e+03 2.173754882812500000e+03 nan 3.875770996093750000e+03 nan 5.618783203125000000e+03 3.922434895833333030e+03 4.067796574519230944e+03
3.817713778409090992e+03 3.200412304687500182e+03 2.640051339285714221e+03 nan 4.072743607954545496e+03 6.254293619791666060e+03 2.300055133928571377e+04 6.285197159090909554e+04
1.665499267578125000e+03 2.370117187500000000e+03 4.047563281250000273e+03 4.077153808593750000e+03 5.400243164062500000e+03 2.016450000000000000e+04 2.677384375000000000e+04 3.389186111111110949e+04
2.252203938802083030e+03 2.648409830729166515e+03 2.438341145833333030e+03 3.660554129464285325e+03 3.830654474431818471e+03 2.877998076923076951e+04 3.322835795454545587e+04 3.514695833333333576e+04
2.482017680921052488e+03 3.171773437500000000e+03 3.449619466145833030e+03 3.858176081730769511e+03 7.752089843750000000e+03 2.858523958333333212e+04 2.748219951923076951e+04 2.483926275510203777e+04
2.298177649456521522e+03 2.628506009615384755e+03 2.939227941176470722e+03 3.782447753906250000e+03 5.081244531250000364e+03 2.191068125000000146e+04 2.146211458333333212e+04 2.634253424657534197e+04
2.192206495098039341e+03 2.007971137152777601e+03 2.942818892045454504e+03 3.385108355978260988e+03 5.607888786764705401e+03 1.999582386363636397e+04 2.198154076086956411e+04 2.467232142857143117e+04
1.820049266581632537e+03 2.480663194444444343e+03 2.577896428571428714e+03 3.335289843750000273e+03 4.196298768939393995e+03 1.538400595238095229e+04 2.038014508928571377e+04 1.794571428571428260e+04
2.497129610655737906e+03 2.061230182926829457e+03 3.447597656250000000e+03 3.400819256756757113e+03 6.065354166666666060e+03 1.714470945945946005e+04 1.581458101851851825e+04 2.108695265151515196e+04
1.838676772388059590e+03 2.125874809451219789e+03 2.301504136029411711e+03 2.897278017241379075e+03 3.395890277777778010e+03 1.420807765151515196e+04 1.505354391891892010e+04 1.870251551724137971e+04
1.741904384328358219e+03 2.013639136904761699e+03 2.525131249999999909e+03 3.055063179347826008e+03 4.704219791666666424e+03 1.198080952380952294e+04 1.250471452702702845e+04 1.418293827160493674e+04
1.524896566901408505e+03 1.631719618055555429e+03 2.427084607712765774e+03 2.740055664062500000e+03 2.811371017156862763e+03 1.028814812499999971e+04 1.112875875000000087e+04 1.282874218750000000e+04
1.542472925646551630e+03 1.691905070754716917e+03 2.561551215277777828e+03 2.639095822704081456e+03 3.528955528846154266e+03 9.493485372340424874e+03 1.038703553921568528e+04 1.047778299492385668e+04
1.572962068965517119e+03 1.830136300223214221e+03 1.987362702546296077e+03 2.099578399122806786e+03 3.407663085937500000e+03 8.800719696969697907e+03 8.704565104166666060e+03 1.109108232931726889e+04
1.480851455479451943e+03 1.717409598214285552e+03 1.804678447420634711e+03 2.403864457831325581e+03 2.504099739583333303e+03 8.411345238095238528e+03 8.828460069444443434e+03 9.478446640316204139e+03
1.428314529220779377e+03 1.569183593750000000e+03 1.847030924479166515e+03 2.330133771929824434e+03 3.268214389534883594e+03 7.349041071428570831e+03 8.264837662337662550e+03 9.077259016393441925e+03
1.381290094339622783e+03 1.556134807180851112e+03 1.827819951923077042e+03 2.109510841836734471e+03 3.000392123287670984e+03 6.805062500000000000e+03 7.669394578313253078e+03 8.167897763578274862e+03
1.372114676339285552e+03 1.452138221153846189e+03 1.866383778089887528e+03 2.161393914473684163e+03 2.528924195544554550e+03 6.427078488372092579e+03 7.419205882352941444e+03 8.550057692307691468e+03
1.202735826502732152e+03 1.336652846534653463e+03 1.806193691037735789e+03 2.146323107798165438e+03 2.854436941964285779e+03 5.873486904761904952e+03 6.600382812500000000e+03 8.081756840796019787e+03
1.193984642857142944e+03 1.217080243644067878e+03 1.533195101351351241e+03 2.020868749999999864e+03 2.244521008403361066e+03 5.921333726415094134e+03 6.211815789473684163e+03 7.337446067415730795e+03
1.122508608490566075e+03 1.281870339912280542e+03 1.448198890186915833e+03 1.857171875000000000e+03 2.211934151785714221e+03 4.880719012605041826e+03 5.911695175438596380e+03 6.269485091743119483e+03
1.146597601232394481e+03 1.183814499999999953e+03 1.474536736641221296e+03 1.705093495934959492e+03 2.330791514598540289e+03 4.464130813953488541e+03 5.179829101562500000e+03 5.592829482439926323e+03
1.040434244791666515e+03 1.180307963709677324e+03 1.237491021455223745e+03 1.478756519039735167e+03 1.837287946428571331e+03 4.519164007092198517e+03 4.633238051470588289e+03 5.490708715596330876e+03
9.875117811501596634e+02 1.058929199218750000e+03 1.236285675578034670e+03 1.521939144736842081e+03 2.113014423076922867e+03 4.131012946428571013e+03 4.407707055214724278e+03 5.140229059829060134e+03
9.287436245819397982e+02 9.901301785714285870e+02 1.240831249999999955e+03 1.491000000000000000e+03 1.790507366071428578e+03 3.586451086956521522e+03 4.280277871621621671e+03 4.600319131832797211e+03
9.376372364457831736e+02 1.005973404255319110e+03 1.219482575757575660e+03 1.392447604790419291e+03 1.824797050561797732e+03 3.576978591160220731e+03 3.899869883040935292e+03 4.582687945791726634e+03
8.911796875000000000e+02 9.709127945026178850e+02 1.160357432432432461e+03 1.366529042119565247e+03 1.784755000000000109e+03 3.527506859756097583e+03 3.620464583333333394e+03 4.475859890109890330e+03
8.211987359550561223e+02 9.442417889030612059e+02 1.145105120668316886e+03 1.352029718137254804e+03 1.614507012195121888e+03 3.231440548780487916e+03 3.504693014705882433e+03 4.148315605095541287e+03
8.561941964285714448e+02 9.541147342995168401e+02 1.091469731280193173e+03 1.330321022727272748e+03 1.809183281249999936e+03 3.053431186868687291e+03 3.448298267326732912e+03 4.017296740467405016e+03
8.325503246753246458e+02 8.656007267441860904e+02 1.100896830143540683e+03 1.258893895348837304e+03 1.600790254237288082e+03 2.939452984234234009e+03 3.521777533039648006e+03 3.718587056128293625e+03
8.079659763313609346e+02 8.703095794392522748e+02 9.908175936123349175e+02 1.240770916334661251e+03 1.403364098837209212e+03 2.811230020491803316e+03 2.980962391774891785e+03 3.336002134471718364e+03
7.722985399590164661e+02 8.439267045454545269e+02 9.654253472222221717e+02 1.156951198630137014e+03 1.483440771660649943e+03 2.458376961883408057e+03 2.847166666666666515e+03 3.072146439317953991e+03
7.219148706896551175e+02 8.669169379340277146e+02 9.424960937500000000e+02 1.174377763605442169e+03 1.427731713973799060e+03 2.332474031690140691e+03 2.459761673151750983e+03 3.046935609756097620e+03
6.956115207930367887e+02 7.929316666666667288e+02 9.700606549815497601e+02 1.059476497933884275e+03 1.391002284053156245e+03 2.356697767857142935e+03 2.742005725190839712e+03 2.929004508566275945e+03
6.949656479779412166e+02 7.551495312499999955e+02 8.791174638263665884e+02 1.043440553745928355e+03 1.294941489361701997e+03 1.989553571428571331e+03 2.348899872448979295e+03 2.779022497897392441e+03
6.462387061403509279e+02 7.210082236842105203e+02 8.688607402912622319e+02 1.000171009771986974e+03 1.214939332247557104e+03 2.053090476190476238e+03 2.279802483974358893e+03 2.611066289409862293e+03
6.426510877581121122e+02 7.092220011645962359e+02 8.951607704402516674e+02 1.046903182515337448e+03 1.289374500798722011e+03 2.010805921052631447e+03 2.262724230769230871e+03 2.599518445839874403e+03
6.145096414073071855e+02 7.355849056603774443e+02 8.690439010574018539e+02 9.438041134185302781e+02 1.183535941926345686e+03 1.884571478873239585e+03 2.128658482142856883e+03 2.514030966767371410e+03
6.008401223776223787e+02 6.907119821947674154e+02 7.720199602601155675e+02 9.142043701799485689e+02 1.200178024781341037e+03 1.830142450142450343e+03 1.953044343575419134e+03 2.349938113604488080e+03
5.783042267365661928e+02 5.987572674418604493e+02 7.854685230024213070e+02 9.263695175438596152e+02 1.146564389168765729e+03 1.735102207977208082e+03 1.931985341494845215e+03 2.259263682432432688e+03
5.549031611039794143e+02 6.563672445255474486e+02 7.749212184873949809e+02 9.191885644768856309e+02 1.094893576388888960e+03 1.589044817073170634e+03 1.889914021164021051e+03 2.191991992312619914e+03
5.333639230271669476e+02 5.976691369742990219e+02 7.490549726277372429e+02 8.689903720626631412e+02 1.036569444444444571e+03 1.577128132832080155e+03 1.844708123425692747e+03 2.090242979242979345e+03
5.386767857142857565e+02 6.049011727688787232e+02 6.825620577830188722e+02 8.254660841232227995e+02 9.778502798507462330e+02 1.524437645011600807e+03 1.775557457212713871e+03 1.991689273049645408e+03
5.132106681034482563e+02 5.778654166666666470e+02 6.471326404185023193e+02 8.011492237687366469e+02 1.001275478603603574e+03 1.422384317660550550e+03 1.636513628854625722e+03 2.003615448504983306e+03
4.945115810674723207e+02 5.454195075757576205e+02 6.906563873626373606e+02 8.260902622767856656e+02 9.952130434782608290e+02 1.365610752688171942e+03 1.604921530837004639e+03 1.898429945054945165e+03
4.881637512450199097e+02 5.394611742424242493e+02 6.676146505376343612e+02 7.609297204641349026e+02 9.601839657738095184e+02 1.340965517241379303e+03 1.565666104771784148e+03 1.794479089465325615e+03
4.730631408691406250e+02 5.114128906249999886e+02 6.187927371541501316e+02 7.699608769379844944e+02 9.277645440251573064e+02 1.274030357142857156e+03 1.449837200598802383e+03 1.754088869608329105e+03
4.767912418906394691e+02 5.275042759773663192e+02 6.132626835060448229e+02 7.157105895748987905e+02 8.594768089053803806e+02 1.224791666666666742e+03 1.450262826492537215e+03 1.718446758163748200e+03
4.379711538461538680e+02 4.940326605902777715e+02 5.895378024193548754e+02 7.324701508620689765e+02 8.449096546692607035e+02 1.195755036630036557e+03 1.369020715630884979e+03 1.623014391829155102e+03
4.185848577235772154e+02 4.921970223063972867e+02 5.693119829963235361e+02 7.041350655430711640e+02 8.497831250000000409e+02 1.157354416809605482e+03 1.340275892857142708e+03 1.503945661896243337e+03
4.141024289642529652e+02 4.701172141638225526e+02 5.578291909317804311e+02 7.000434176672383728e+02 8.147165098566308643e+02 1.122942717785843797e+03 1.260393224699828352e+03 1.511345553145336225e+03
4.168067535026269752e+02 4.618644480519481021e+02 5.487771607431341181e+02 6.792615000000000691e+02 7.898233133278146170e+02 1.125159822866344712e+03 1.242973243464052302e+03 1.436035211267605519e+03
3.935081419427710898e+02 4.617097568327974386e+02 5.465160891089109327e+02 6.588202868852458778e+02 8.012115615015974299e+02 1.049458133971291772e+03 1.200106854838709751e+03 1.382453348305430836e+03
3.772401659209544960e+02 4.392567675159235705e+02 5.416892387944358234e+02 6.294754179936305718e+02 7.441836993243242659e+02 9.913785545023696386e+02 1.161313394276629651e+03 1.415321496572734304e+03
3.721060878962535980e+02 4.208585986024844487e+02 5.106426069321533987e+02 5.888592648095909681e+02 7.432935753105589356e+02 9.729105093256815735e+02 1.131053948326055433e+03 1.293757364048338331e+03
3.588808274021352531e+02 4.064405288461538248e+02 4.907689189189189278e+02 6.172842585403726616e+02 7.190230034722222854e+02 9.586938338301042677e+02 1.090762891180654378e+03 1.309223646209386288e+03
3.422821956368754286e+02 4.049806840551181040e+02 4.832222066517189774e+02 5.865590720663265074e+02 6.945074213161659600e+02 9.303388157894736423e+02 1.049781558533145244e+03 1.270002068965517083e+03
3.396525974025974506e+02 3.716372317945383656e+02 4.651540057588076138e+02 5.769195402298850013e+02 6.886366930171278682e+02 9.025070301783264313e+02 1.068063095238095229e+03 1.279307931963624014e+03
3.314675764951321071e+02 3.786905267295597355e+02 4.475443677792040944e+02 5.485114715189873777e+02 6.399772574123990125e+02 8.997951013513513772e+02 9.841853055916775475e+02 1.203429119086460105e+03
3.178988970588234793e+02 3.578581460674157597e+02 4.487710994525547790e+02 5.321669283919598001e+02 6.358678924598268623e+02 8.444261294261294779e+02 9.980906055900621823e+02 1.176765195927182958e+03
3.242168881425233167e+02 3.604480611601513260e+02 4.305009445843828644e+02 5.317600404732254447e+02 6.218969822303921546e+02 8.295835997442455891e+02 9.621243757802747041e+02 1.123607887367766125e+03
3.036890791690062201e+02 3.456666914387633369e+02 4.330314786585365709e+02 5.129280771495876934e+02 6.157349738675958406e+02 8.241438787185354613e+02 9.247062134502924664e+02 1.117226636904762017e+03
3.006049715909090878e+02 3.241916008505467630e+02 4.115970891405342513e+02 4.870649773499434332e+02 5.781336573511542838e+02 7.862099941383352188e+02 8.958185437997724421e+02 1.086885657779080020e+03
2.808750176753393930e+02 3.170512820512820440e+02 3.907008376288659974e+02 4.708774066943128105e+02 5.802980871413390105e+02 7.600045154816514241e+02 8.721279134295227777e+02 1.014996656450264823e+03
2.795083845537145635e+02 3.172641213389121049e+02 3.865687282734646715e+02 4.881944408574380532e+02 5.643014747191011793e+02 7.408612122788762235e+02 8.643519081858406707e+02 1.008769001893427117e+03
2.667702445652174106e+02 3.016281091370558443e+02 3.654097295864263515e+02 4.474258947793325660e+02 5.337183689024391242e+02 7.097731481481482660e+02 8.535643538135593644e+02 9.596209845912771925e+02
2.588609374999999773e+02 2.908738065326633659e+02 3.579196784646061360e+02 4.257959483640082112e+02 5.303960895721925226e+02 6.973271276595745576e+02 8.225693288241416212e+02 9.414383482714467846e+02
2.519940918746680723e+02 2.850318113772455035e+02 3.530266791044775800e+02 4.377995388833498964e+02 5.163782766990291293e+02 6.732737262737263109e+02 7.702046232876712111e+02 9.289033190847372907e+02
2.457520179889298788e+02 2.795356621226874267e+02 3.475266888560158236e+02 4.221657885174418539e+02 5.102655638454011182e+02 6.743545509708737882e+02 7.686325569871158905e+02 8.723469822341202189e+02
2.329764440231935794e+02 2.668567880794702205e+02 3.359934523809523625e+02 4.038092012252591871e+02 4.831845567867035811e+02 6.555974654377880597e+02 7.462479185938946102e+02 8.685470670067238643e+02
2.289093835460346327e+02 2.669664750957854267e+02 3.252204765193370122e+02 3.741780024509803866e+02 4.728658522190746112e+02 6.313489681050656372e+02 7.114900067750677408e+02 8.193740956826137563e+02
2.211698327425786488e+02 2.519297739852398479e+02 3.010356580604533860e+02 3.879879375591295911e+02 4.588544855442176527e+02 6.189384478144513650e+02 7.053786992049469973e+02 7.752716833890747239e+02
2.104465716952130094e+02 2.472534250212404459e+02 2.931421022727272998e+02 3.692141889074228516e+02 4.536570411392405049e+02 5.794087379702536964e+02 6.848033428949690915e+02 7.641801168325399658e+02
2.066554630815194287e+02 2.369103860294117680e+02 2.898810778829604260e+02 3.518816489361702224e+02 4.351447095435684673e+02 5.770215736040609045e+02 6.617489806866952904e+02 7.421092561284868907e+02
1.963313630978026652e+02 2.275658244680851112e+02 2.833015612161051422e+02 3.486483743941842022e+02 4.287237775190516231e+02 5.483082784184514367e+02 6.150081162117452322e+02 7.104103537981269483e+02
1.866216079059828985e+02 2.233414700634417045e+02 2.669789192399049966e+02 3.256088914902280180e+02 4.005595734126983984e+02 5.383519603880355362e+02 6.146956434852118036e+02 6.987277655089339987e+02
1.825792123676248195e+02 2.228254482071713198e+02 2.653516488941548346e+02 3.330864330462020462e+02 3.932958551571313137e+02 5.338183701657458187e+02 5.917400920736588432e+02 6.544391945378982882e+02
1.819339331737849648e+02 2.082028448947778543e+02 2.594907298985168040e+02 3.113979522515527947e+02 3.716585955269143255e+02 5.198028735632184407e+02 5.748589258698941649e+02 6.250339782691575010e+02
1.767461178714130199e+02 1.974450542851652699e+02 2.537705223880597032e+02 3.106855399144690182e+02 3.786682967557251800e+02 4.921442307692307736e+02 5.532543810589112354e+02 6.104992082712369665e+02
1.703381369134897341e+02 1.927631025248660990e+02 2.400499785223368008e+02 2.911694282945736632e+02 3.623579685302391340e+02 4.830391394996209442e+02 5.431384927797834052e+02 6.041031542270310410e+02
1.622303577849694420e+02 1.903236668381344145e+02 2.314225814176245422e+02 2.914244720708446721e+02 3.573681893995552059e+02 4.669607216850828308e+02 5.366134309472162158e+02 5.811775604038947449e+02
1.606509477730647006e+02 1.813510807640750784e+02 2.267885721757322131e+02 2.720284677706553111e+02 3.371468348002708240e+02 4.458130681818182097e+02 4.940288894663894439e+02 5.427900947459087320e+02
1.524709142182581445e+02 1.777954009433962312e+02 2.209850282017252709e+02 2.742970441474966492e+02 3.270774400684931607e+02 4.346627558221595109e+02 4.685819783197832180e+02 5.266079354404841979e+02
1.481595486111111200e+02 1.702700848714568167e+02 2.085833263981358243e+02 2.611069035407015235e+02 3.242052744708994396e+02 4.167825453367875639e+02 4.640512118193890956e+02 5.140634502923976470e+02
1.437595963788741358e+02 1.662592577353522074e+02 2.061144325657894569e+02 2.525015406395736193e+02 3.130734133646743089e+02 4.062335155732272938e+02 4.493102220013253714e+02 4.904773625288112839e+02
1.383266785059578297e+02 1.617744329150579006e+02 1.974176897321428328e+02 2.397799857774968473e+02 2.994974454517516733e+02 3.880347439100561928e+02 4.325270387279596775e+02 4.754121939736347144e+02
1.339557180036742068e+02 1.549835463258785921e+02 1.877450108292079278e+02 2.381076176650366847e+02 2.894734434410646031e+02 3.687454419035846627e+02 4.203632909429280176e+02 4.448696162881753935e+02
1.288170142036869095e+02 1.493080199647209554e+02 1.921539656432748586e+02 2.306883550995024734e+02 2.842352333136444145e+02 3.695762310606061192e+02 4.040590339892665384e+02 4.431390208397180572e+02
1.236147674505692038e+02 1.442237965838509126e+02 1.798028518288902546e+02 2.168547331871345136e+02 2.783162313432835617e+02 3.543872352604464595e+02 3.899661537295330618e+02 4.281108072146658969e+02
1.184768649493746437e+02 1.395098224472333186e+02 1.736856038506417690e+02 2.175642184698146764e+02 2.632658624085537440e+02 3.414722633136094601e+02 3.737453051643192339e+02 4.179321506154959707e+02
1.203898093097447770e+02 1.363476827031602454e+02 1.707166666666666686e+02 2.035281897034135454e+02 2.600940037703016401e+02 3.262231581953169552e+02 3.646652578796561102e+02 4.028336178688290943e+02
1.131722020348837248e+02 1.299364623685666800e+02 1.579307665745856468e+02 1.963419632847533478e+02 2.444114033870072262e+02 3.206838788300835859e+02 3.584937569367369861e+02 3.829382814670741482e+02
1.114525801836571759e+02 1.257244459833795105e+02 1.588400068681318658e+02 1.951927631578947455e+02 2.467487847222222115e+02 3.055611820199778208e+02 3.401940011007154681e+02 3.673109357619577509e+02
1.049677218264248637e+02 1.246835328133404914e+02 1.524797037849698427e+02 1.866185731773666987e+02 2.377330615007736014e+02 3.005342763157894410e+02 3.298743666666666741e+02 3.686898912605718692e+02
1.016260104302477174e+02 1.160204165547797999e+02 1.465594528008298880e+02 1.838080468360737427e+02 2.314267264817835610e+02 2.863837240277037495e+02 3.151831795738045798e+02 3.540865934494410681e+02
9.939328727180527778e+01 1.161209515524625289e+02 1.420502575719960134e+02 1.779767103839913602e+02 2.220944122098890148e+02 2.788656572164948670e+02 3.083511228704181804e+02 3.409127966976263906e+02
9.584600038304392911e+01 1.114365553388590939e+02 1.372780883919062944e+02 1.698834882167152500e+02 2.164800274581589861e+02 2.689498134328358105e+02 2.974471616827166827e+02 3.318862714013950495e+02
9.322212606037923877e+01 1.053213759620009711e+02 1.357809610705596128e+02 1.649689265536723326e+02 2.076628227143533820e+02 2.623667706803720421e+02 2.892198671797418115e+02 3.179662652083077319e+02
8.876602106113318769e+01 1.041701906881616964e+02 1.285067039442039629e+02 1.615318480861243984e+02 2.009410063976377785e+02 2.496368629985229006e+02 2.856160540408958468e+02 3.129816755512478608e+02
8.627428589017483773e+01 9.924239232209737338e+01 1.233911632845681936e+02 1.563617036906440774e+02 1.938312203087886019e+02 2.451251918989135845e+02 2.717716232227488149e+02 3.049420395970009281e+02
8.280796529968453967e+01 9.678807166430928532e+01 1.197887212306247164e+02 1.500346861727229850e+02 1.874136570827489550e+02 2.362947955175600612e+02 2.545724257775683270e+02 2.908020673360898058e+02
8.053247300944669007e+01 9.468346867749420426e+01 1.173458865676795568e+02 1.430867382271468102e+02 1.828986167341430473e+02 2.310344127205199527e+02 2.534723065677013096e+02 2.871105272226051284e+02
7.924913136995367324e+01 8.978928654024052491e+01 1.121475710099188348e+02 1.423482379584622208e+02 1.756609490313653055e+02 2.223452764209591521e+02 2.453522701539855007e+02 2.756848793958520787e+02
7.569089258409786680e+01 8.550918329950383168e+01 1.083371120143581123e+02 1.319419582772543720e+02 1.719741267787839547e+02 2.144459835336003550e+02 2.408010181975736543e+02 2.748729077781424053e+02
7.112130214050493748e+01 8.265318936527953042e+01 1.059538568667576186e+02 1.321606036324786260e+02 1.677950077743225279e+02 2.072219516788635474e+02 2.282536292109928979e+02 2.590964859873994897e+02
7.082821191698759833e+01 8.092887078300708481e+01 1.038523864358322726e+02 1.257476013367831058e+02 1.598220169873106897e+02 2.015259229957806042e+02 2.241252112378538186e+02 2.553009456013599561e+02
6.858017008639308187e+01 7.735759002483443680e+01 9.870403154786572486e+01 1.228181970855725496e+02 1.587574538824538877e+02 1.985897190293742085e+02 2.155312892752408800e+02 2.535367531652192099e+02
6.642944346105790032e+01 7.682689677876822998e+01 9.449390986601704867e+01 1.197856675392670240e+02 1.519029869995872843e+02 1.901920682730923886e+02 2.090947531491263760e+02 2.464991183879093342e+02
6.340254174852651659e+01 7.331683500405021903e+01 9.274126689870863061e+01 1.172645325203252042e+02 1.479629769076305195e+02 1.837089388047482714e+02 2.038317832591993408e+02 2.377654887446765599e+02
6.120933807863644915e+01 7.033061234616911861e+01 8.863338199758356950e+01 1.100554528188724532e+02 1.430045799497293331e+02 1.768936180609851476e+02 1.941480613654301521e+02 2.317055731852439635e+02
5.911410354015988133e+01 6.944638125000000173e+01 8.519620595879861469e+01 1.085317482915717591e+02 1.403587270733652304e+02 1.712173589792785720e+02 1.905553944315545323e+02 2.243722918488292919e+02
5.774417524299599336e+01 6.543289653156664087e+01 8.288469451084958450e+01 1.047919841735052842e+02 1.344306348241018156e+02 1.666923942834768866e+02 1.830160517830045706e+02 2.199437914691943092e+02
5.513035579463948466e+01 6.352441513761468173e+01 7.922426398188262908e+01 1.027698098617176186e+02 1.327625523012552264e+02 1.643290502405625375e+02 1.800263542846357154e+02 2.158298387096774036e+02
5.330213386194029823e+01 6.240207658387328848e+01 7.935837814436747806e+01 9.922214908081194551e+01 1.242288866487455152e+02 1.592246677740863845e+02 1.762410416666666606e+02 2.133238610321752731e+02
5.176735852568875629e+01 6.006083920824294609e+01 7.497117282842785357e+01 9.580458662123386659e+01 1.226629706819033316e+02 1.523061365698729617e+02 1.729536257283321277e+02 2.072967625899280506e+02
4.953516624040920391e+01 5.828553203762868407e+01 7.290356759656651775e+01 9.161210061409754246e+01 1.182264017033357106e+02 1.475211607142857133e+02 1.641862513378522976e+02 2.037824385282150956e+02
4.898761377296926156e+01 5.665515899122806331e+01 7.078852964323189667e+01 9.053373455984690565e+01 1.135033482142857082e+02 1.411008487654321186e+02 1.583547980903994414e+02 1.993833289381153406e+02
4.636727978400269734e+01 5.486283205173015887e+01 6.863087504359958757e+01 8.683937168727915434e+01 1.092356668935011896e+02 1.401573220957880324e+02 1.567465971743625062e+02 1.987223235217504680e+02
4.525820398177830128e+01 5.319181034482758008e+01 6.633602540061370689e+01 8.466506965051104316e+01 1.090904334500875734e+02 1.354701860425240056e+02 1.515463865546218472e+02 1.955521783613266393e+02
4.412552322718318720e+01 5.114247936016511886e+01 6.332964325933075855e+01 8.242721870725034705e+01 1.055457448102497580e+02 1.306922835895721846e+02 1.497143390900033353e+02 1.904076389465813577e+02
4.333371531219028583e+01 4.939648437499999289e+01 6.245360299116246949e+01 8.016603003689445472e+01 1.016908755451190842e+02 1.280406536509495652e+02 1.441506566953927688e+02 1.820273835739336334e+02
4.133369445800781250e+01 4.765715636822194057e+01 6.044754392001295429e+01 7.614866629647910656e+01 9.935303042244640892e+01 1.243921351481958766e+02 1.397012483943480845e+02 1.819515365952284753e+02
3.963709553395668905e+01 4.530587965912710757e+01 5.725321048027990400e+01 7.452705731668267219e+01 9.537329918032786225e+01 1.208738614573346126e+02 1.362489206581948622e+02 1.776543528752202405e+02
3.815254554655870578e+01 4.518549766718506788e+01 5.642230687111801757e+01 7.199006820283599950e+01 9.170464362850971440e+01 1.150073273130544891e+02 1.327494705021564982e+02 1.715245758094644941e+02
3.807725409836065467e+01 4.451715247509339690e+01 5.642907423208190920e+01 6.963833483401189994e+01 9.063628957169460421e+01 1.118606786809816072e+02 1.283412003751172108e+02 1.695873419194662119e+02
3.779914857784431348e+01 4.238718083079267984e+01 5.368522892441860250e+01 6.699431516964556010e+01 8.712450352218225191e+01 1.104261673741661696e+02 1.255010694986490591e+02 1.659186258152586220e+02
3.694692891903849130e+01 4.127871362940275191e+01 5.154983435080405485e+01 6.617842875552283033e+01 8.566592605417051232e+01 1.053684308748880341e+02 1.222046280341624254e+02 1.614827676435406545e+02
3.627046185325927752e+01 4.053432182467334854e+01 5.015420669630054107e+01 6.363662267546489915e+01 8.264195507308684796e+01 1.023808442525312756e+02 1.193156578563084054e+02 1.590334122696662575e+02
3.610041072986333432e+01 3.996151555493273833e+01 4.883128943810096700e+01 6.171623725934315274e+01 8.068493024963288462e+01 1.001333526178767670e+02 1.159948506974716764e+02 1.545281860096534672e+02
3.490530790112873660e+01 3.951465692458648959e+01 4.743952447203196243e+01 5.919802583697234866e+01 7.683222393497757707e+01 9.629159646166807818e+01 1.134935234085070022e+02 1.541315808221129657e+02
3.451384000218850190e+01 3.829066506410256210e+01 4.605910876396647780e+01 5.797213950392376347e+01 7.513437141113982420e+01 9.528700064897604705e+01 1.103201617480136179e+02 1.466104030040194743e+02
3.375543854818078415e+01 3.768897160664820234e+01 4.463789105758582565e+01 5.625547243003602915e+01 7.328485775151182224e+01 9.238646804717498640e+01 1.080223003881341839e+02 1.447368147480767959e+02
3.263804607621830201e+01 3.787184148102309678e+01 4.404844855743059640e+01 5.483338037082649663e+01 7.100885989010988908e+01 8.835699588477366717e+01 1.045172706390565054e+02 1.410766560010892761e+02
3.235937086968014853e+01 3.673642341237394504e+01 4.272607793797606490e+01 5.281277043269231086e+01 6.824087704314040081e+01 8.609479865771811546e+01 1.008872147651006657e+02 1.372921837911156331e+02
3.155694389892642349e+01 3.548331954201567129e+01 4.181251248335552617e+01 5.103659018987341511e+01 6.630124142684238109e+01 8.437088293650793958e+01 9.890069738233738406e+01 1.364513995080114341e+02
3.142963505331051621e+01 3.472273909395973135e+01 4.102838819127346426e+01 5.010984362334503572e+01 6.534713289607742581e+01 8.153426712513483210e+01 9.501064140889003795e+01 1.319265660872417243e+02
2.992834758292620378e+01 3.415880696122859916e+01 4.021790113182423454e+01 4.953121089839839897e+01 6.296150009891849919e+01 7.973589518555667155e+01 9.462866306329773636e+01 1.270910208212839763e+02
3.000026599174619690e+01 3.340385909717004154e+01 3.939427837014471123e+01 4.756838721171288142e+01 6.077995384420839997e+01 7.729155440082114126e+01 9.142368311571939898e+01 1.235745151169423792e+02
2.916459743868165688e+01 3.287440876275827861e+01 3.834578906250000330e+01 4.609488678544914109e+01 5.922486965920651159e+01 7.410407485520019577e+01 8.839038956554496451e+01 1.219436624143781955e+02
2.898633282655517718e+01 3.210545248591721901e+01 3.753106631153563910e+01 4.378604280227948209e+01 5.776992244748412020e+01 7.242152811661381406e+01 8.662705875122911436e+01 1.190536857494613798e+02
2.809700240614538558e+01 3.197500687989236567e+01 3.692345056566649930e+01 4.363154524539877599e+01 5.572699950932285873e+01 7.098346412556053053e+01 8.308759469696970257e+01 1.151653637085445610e+02
2.719015782310934171e+01 3.120844955129759768e+01 3.613412403241412818e+01 4.230082740535326735e+01 5.329110296741198738e+01 6.900483465763029756e+01 8.170486530562938299e+01 1.107784999700473207e+02
2.743806584362139844e+01 3.012463680387409326e+01 3.510427748226950229e+01 4.158240058802981309e+01 5.224058807571739038e+01 6.606997119539126118e+01 7.972931410710073408e+01 1.103476150777109552e+02
2.614679420624707618e+01 2.998541741391678883e+01 3.471880337622409485e+01 4.089851254803073743e+01 5.093096363115692782e+01 6.311723914069877850e+01 7.753733464841030809e+01 1.077825630252100950e+02
2.538553812629877626e+01 2.970792888272583099e+01 3.380841987026898465e+01 3.928607130720435237e+01 5.001310305725730387e+01 6.224190683265120327e+01 7.432311348262187778e+01 1.047715850701460738e+02
2.563811088059013343e+01 2.894950984493529589e+01 3.291060782421076425e+01 3.811396932339449961e+01 4.837111996644295431e+01 6.193922064199223598e+01 7.114123228166437229e+01 1.016736787988055681e+02
2.426887746382590905e+01 2.799818412162162318e+01 3.226092731054643536e+01 3.778319648924122731e+01 4.691919591894976804e+01 5.901528463956883286e+01 7.011561079545454334e+01 9.941458911087215711e+01
2.373651676129846066e+01 2.760945911612832404e+01 3.132924328341774967e+01 3.623999409600175881e+01 4.547903459206174404e+01 5.678192889137738320e+01 6.848616915970083596e+01 9.591404999724076674e+01
2.374069526231263438e+01 2.678025982913072411e+01 3.108303316102067981e+01 3.592251120269971665e+01 4.457037155402400685e+01 5.666809393394375149e+01 6.662375220604455706e+01 9.277333434616870989e+01
2.291527344576020297e+01 2.674159978923475833e+01 3.029099360364266857e+01 3.472059520585048631e+01 4.280990187803333669e+01 5.417604076790336620e+01 6.553887015628345125e+01 9.329362195645178701e+01
2.283682575356953848e+01 2.552017153532608873e+01 2.952895230439442642e+01 3.418576680121618949e+01 4.194484055845284587e+01 5.213471998928188356e+01 6.310219702622041638e+01 9.042833913276230362e+01
2.174526237156636554e+01 2.502914371354504297e+01 2.925060451028303632e+01 3.320522601174934607e+01 4.083949922360248763e+01 5.102951902748414170e+01 6.015891432171356712e+01 8.847296994463485476e+01
2.168513536623868632e+01 2.502601729399796326e+01 2.867823900214592214e+01 3.255480429292929045e+01 3.972065758796099999e+01 5.021008206939538354e+01 5.822595151199165997e+01 8.608597379547946105e+01
2.105805040094582381e+01 2.453999304853387287e+01 2.816462665528657183e+01 3.180404237064414019e+01 3.854374052072800794e+01 4.791624898229187579e+01 5.744370189307259977e+01 8.368352205919941866e+01
2.039941527061855808e+01 2.393800050050050032e+01 2.755958533053724580e+01 3.077779569359000078e+01 3.759700627039151755e+01 4.679195394197252256e+01 5.661137530193236955e+01 8.215624842466098698e+01
2.020093499897393841e+01 2.322721822541966219e+01 2.696680854241338210e+01 2.959155690729941668e+01 3.619052085424613807e+01 4.504190735323284400e+01 5.446515696860627997e+01 8.216685851558980858e+01
2.001354672330097273e+01 2.359891271894904463e+01 2.642015034493101311e+01 2.928029993563081845e+01 3.527648284070620832e+01 4.415603544776119094e+01 5.313685856238877392e+01 7.989400950475237551e+01
1.936044520547945424e+01 2.278591078797406411e+01 2.557839665950380947e+01 2.837977225825471805e+01 3.451006477927063543e+01 4.234863262165330866e+01 5.140922211350293480e+01 7.770897001934235959e+01
1.867426911722693106e+01 2.262687053396632564e+01 2.519937741779497031e+01 2.822230719977233804e+01 3.397253982843137265e+01 4.151139149371667969e+01 4.957712868426122554e+01 7.597645915805735228e+01
1.878229483734424221e+01 2.157721179135008782e+01 2.501549179948109725e+01 2.735738730305387989e+01 3.238373170388440769e+01 3.969003031488362865e+01 4.806099348152316253e+01 7.428150527874647935e+01
1.812969176791937542e+01 2.161755972912067847e+01 2.434547521010432547e+01 2.690291682044657762e+01 3.185452709806920524e+01 3.876567106596646539e+01 4.630443634677573073e+01 7.299240357478834085e+01
1.770999155246855850e+01 2.103067134921360903e+01 2.358952521459227469e+01 2.631334761725372218e+01 3.096167161791590772e+01 3.809606416713299382e+01 4.533323625349487429e+01 7.182453358640803742e+01
1.730205362986162854e+01 2.067384841443411858e+01 2.374339820906432763e+01 2.591807052752293572e+01 3.009013060048335930e+01 3.732069748054835401e+01 4.415346837488457510e+01 6.966135821443317866e+01
1.685998545303408136e+01 2.061076376292399814e+01 2.316423190730032644e+01 2.500974598150143535e+01 2.960556249999999778e+01 3.547869727829848330e+01 4.326349905388358508e+01 6.864350951756567554e+01
1.671400649840312269e+01 2.020910382464369448e+01 2.267618781457846211e+01 2.455305285402653936e+01 2.843950026819238275e+01 3.477026803630062091e+01 4.175800675675675677e+01 6.710410353249808679e+01
1.612310008215860790e+01 1.967432979700663154e+01 2.227047365720913774e+01 2.382727131162128487e+01 2.769524539877300739e+01 3.364694863132363167e+01 4.046278786536758787e+01 6.602548737261852807e+01
1.556446075240822857e+01 1.913931856187290848e+01 2.186942474086437116e+01 2.394393492710119986e+01 2.721632725973561762e+01 3.293500738145601758e+01 3.983875153293622873e+01 6.491410432171301181e+01
1.534065261653093160e+01 1.849410419257417004e+01 2.146936805672445914e+01 2.272951468260946228e+01 2.636233367451382037e+01 3.165533265422362774e+01 3.892400094129727961e+01 6.458560072208447878e+01
1.496990373057439605e+01 1.851582501684352522e+01 2.115493833245706412e+01 2.257590190942886110e+01 2.555283933817176489e+01 3.071282900286822937e+01 3.780854779411764355e+01 6.264820417095778282e+01
1.478888224235173432e+01 1.793934296201061684e+01 2.036487775204012252e+01 2.198642497417355557e+01 2.481392447916666555e+01 2.983979780978353347e+01 3.669074871003214611e+01 6.184016843260585006e+01
1.434226830760145077e+01 1.768131261431659240e+01 2.008304748383352845e+01 2.153083535932091763e+01 2.425247130102040671e+01 2.862401496831220626e+01 3.525748785187667522e+01 6.026303543977731181e+01
1.391273579929102056e+01 1.703530130627670047e+01 1.948485636326194381e+01 2.112180456579383403e+01 2.363820934326891532e+01 2.793408543673198352e+01 3.431689830021350218e+01 5.937662110420354367e+01
1.359831811882381380e+01 1.725079281455592195e+01 1.931323596014492949e+01 2.039276825221238809e+01 2.293241099390143489e+01 2.711403436988543447e+01 3.372908096100049136e+01 5.879673734046932765e+01
1.326419793921898638e+01 1.639768891329103795e+01 1.900032254609986992e+01 2.009266668384171695e+01 2.257638553732303777e+01 2.672288048721659237e+01 3.268623742495537954e+01 5.669902004635465431e+01
1.296362457432485904e+01 1.619526543674698971e+01 1.859839682159399388e+01 1.960502096924510695e+01 2.147438407570566099e+01 2.542182474268253500e+01 3.216239794705136035e+01 5.651724344629156604e+01
1.262085654322924988e+01 1.603050451807228782e+01 1.816250578346699740e+01 1.919578854856958117e+01 2.124727128972539347e+01 2.482631401617250688e+01 3.079120457763095686e+01 5.559392382342498706e+01
1.228803197742769804e+01 1.562138332436173549e+01 1.775882490823491722e+01 1.898743930883472686e+01 2.040275411979084197e+01 2.438894321026283052e+01 3.019758364676383167e+01 5.423228813889213740e+01
1.188798904538341006e+01 1.517991187366330585e+01 1.725434836399627514e+01 1.836567008879023533e+01 1.953614391321044508e+01 2.338369569374330936e+01 2.942418945312499901e+01 5.282252654299381334e+01
1.154757500580315721e+01 1.482197191754916688e+01 1.700990816074950729e+01 1.824214261415179905e+01 1.907323042168674831e+01 2.271856032959434302e+01 2.875068846241805431e+01 5.128561375480239093e+01
1.114533631385463686e+01 1.449686228909309982e+01 1.682036889945856473e+01 1.748069439234808797e+01 1.871486182639199569e+01 2.192119955411124366e+01 2.783143690975865781e+01 5.135909449410350902e+01
1.099767021944731660e+01 1.440668585032993221e+01 1.651736553001946461e+01 1.720508461770927866e+01 1.819439706493800912e+01 2.144464339003282660e+01 2.731195208585247869e+01 4.954283433508640400e+01
1.073314252848378558e+01 1.380542623773416544e+01 1.630598257031717324e+01 1.656993688789138020e+01 1.764423068165258002e+01 2.096122194976965147e+01 2.653828675822561678e+01 4.941672072506208480e+01
1.037542811322122382e+01 1.367883902077151248e+01 1.611513458029197210e+01 1.665072252486107018e+01 1.713057075296735832e+01 2.033715135806074770e+01 2.555355510457803092e+01 4.787704195881207880e+01
1.007508546239654557e+01 1.309605721714117266e+01 1.552674939243448726e+01 1.603448467700915359e+01 1.666797983470488020e+01 1.976684202835014048e+01 2.485410754059491367e+01 4.654379424341514948e+01
9.657677413544668354e+00 1.287816489361702033e+01 1.525302531014621188e+01 1.545528661400512505e+01 1.612784361273791944e+01 1.911847239960266975e+01 2.428334423608082560e+01 4.533831556003891450e+01
9.376058128933065561e+00 1.254804153293329705e+01 1.478176057024383283e+01 1.502726532464758691e+01 1.570165905403498741e+01 1.853244359173857703e+01 2.367718816442239316e+01 4.421745423320704305e+01
9.085578343179376404e+00 1.205202404853351794e+01 1.474994326117318266e+01 1.473243750877685798e+01 1.529352725875953745e+01 1.808220350284495126e+01 2.326389304051202700e+01 4.335071768228249312e+01
8.803473828042884364e+00 1.183558233729445952e+01 1.435595109633977984e+01 1.419802150834137500e+01 1.443004207802001915e+01 1.773482403120713258e+01 2.213415724802986162e+01 4.200656717701703258e+01
8.599048248147896700e+00 1.154135419546585517e+01 1.405735139195910399e+01 1.381946437214769752e+01 1.423967021128718358e+01 1.710535301328418356e+01 2.176258212309820195e+01 4.110366370365245814e+01
8.173040040236408288e+00 1.135731930388402589e+01 1.351122554199618087e+01 1.362447086653386386e+01 1.389397742587601137e+01 1.660571886770244632e+01 2.125697556008146805e+01 3.992984611460636302e+01
8.128606818945247170e+00 1.097054594038879749e+01 1.329109980914741307e+01 1.292099162242866583e+01 1.364117787152966876e+01 1.605850745891702402e+01 2.076858789141244443e+01 3.863333248910951312e+01
7.737370685388066605e+00 1.053964894122437812e+01 1.322371928227798676e+01 1.274153337616664317e+01 1.316117238562091707e+01 1.555452591995702427e+01 2.012812458587330866e+01 3.769247321635875636e+01
7.470614229128075934e+00 1.037650961289067553e+01 1.284765414647280579e+01 1.226962929591968177e+01 1.263035840514339547e+01 1.510631528211636088e+01 1.950444714720677908e+01 3.628941968553252195e+01
7.282011464325861105e+00 9.988320615310076533e+00 1.239155685979597088e+01 1.197274154387139866e+01 1.240465279123078801e+01 1.470959208869150103e+01 1.884730542607668013e+01 3.490460849087459394e+01
6.837573398503853817e+00 9.540948102750288484e+00 1.211147639032091838e+01 1.141802696235868453e+01 1.196309702819816323e+01 1.451689530888774726e+01 1.852652433113610186e+01 3.419657010222567806e+01
6.604635226457544306e+00 9.343322148983480346e+00 1.162550640251652290e+01 1.109738441562579681e+01 1.159039920983459560e+01 1.395571882207842052e+01 1.788505678182981384e+01 3.293212851883588854e+01
6.405682462559035173e+00 9.219856969928644119e+00 1.135626872927824493e+01 1.075453508023755234e+01 1.133365416772837264e+01 1.347045220355104611e+01 1.760116310414816709e+01 3.221830395460469987e+01
6.199417912984364065e+00 8.700940307478173708e+00 1.106648802017654454e+01 1.031869854338188830e+01 1.088692331913173206e+01 1.307679636996519079e+01 1.688228722403411908e+01 3.118867075777100339e+01
5.985624455913443498e+00 8.438180627039919557e+00 1.068062763353575306e+01 1.009011044562676851e+01 1.051296738110137596e+01 1.272494362315209315e+01 1.634316686233316673e+01 2.992020038734264276e+01
5.679737970806923109e+00 8.162590027809022430e+00 1.043328432549207818e+01 9.842772830411536944e+00 1.024651442307692228e+01 1.252457445826151172e+01 1.608090769090021865e+01 2.884747226733674452e+01
5.476997405891729898e+00 7.929854021973415712e+00 1.008997127110694159e+01 9.474786889182375660e+00 1.001570494820916046e+01 1.209219641015530300e+01 1.538800347864988360e+01 2.815100095800006130e+01
5.299145797005591518e+00 7.636896645505483860e+00 9.766830742595034920e+00 9.043578417944971193e+00 9.606818700659832899e+00 1.171583013895543957e+01 1.489522555882706456e+01 2.677915491267030745e+01
5.047460284280936627e+00 7.326302114177424940e+00 9.329464232643841726e+00 8.695901611794932151e+00 9.390861656710113081e+00 1.147634916696740071e+01 1.438103722926887684e+01 2.627627925945881060e+01
4.821529664855072284e+00 7.093889179742803641e+00 9.046012676886793002e+00 8.438348785823350795e+00 9.104126668832703828e+00 1.118273823564099523e+01 1.410329963560722355e+01 2.503379509453998253e+01
4.711169403456393567e+00 6.906481882038948861e+00 8.745529135227540607e+00 8.222170095961379488e+00 8.805076600023660660e+00 1.085721648730845779e+01 1.378173787927790173e+01 2.426525418756783736e+01
4.487937334560939462e+00 6.639038557141186736e+00 8.303320130305504421e+00 7.866778131172301514e+00 8.469423599199542352e+00 1.043616687120149678e+01 1.328930926761541009e+01 2.332456617625721762e+01
4.265529866564242489e+00 6.302454317122888838e+00 8.052671399988485135e+00 7.578788906339235076e+00 8.230662722409581633e+00 1.021056827240633247e+01 1.283015883264462786e+01 2.261431103954247490e+01
4.131974493281712846e+00 6.094902203237410276e+00 7.781128323506507627e+00 7.240330408154432185e+00 8.023988866967306066e+00 9.924628001962821244e+00 1.256216082662661471e+01 2.200982351100745404e+01
3.904249372213757674e+00 5.828310785060975441e+00 7.330482282043879749e+00 7.046977180780314320e+00 7.848917937780075960e+00 9.789528748180494233e+00 1.217551729024943441e+01 2.115053362243748580e+01
3.731655558350100765e+00 5.557953557830261460e+00 7.122512067452356987e+00 6.862870367755055767e+00 7.526375505022929957e+00 9.434535950160949369e+00 1.181994471933355761e+01 2.043585183176166353e+01
3.553500059967265035e+00 5.230914429530201915e+00 6.795764589535781219e+00 6.513086473778144203e+00 7.323996496339146844e+00 9.129675980227881738e+00 1.148591396993688463e+01 1.971582949596382761e+01
3.384504954374477403e+00 4.969503792839991441e+00 6.540803639742048148e+00 6.306916190199977734e+00 7.055187530903197946e+00 8.955420399022802513e+00 1.115698041259738815e+01 1.916221326975252737e+01
3.279043282085561284e+00 4.847078663910346918e+00 6.291120819477758808e+00 6.004742880817099504e+00 6.910635875475802159e+00 8.729034517481368383e+00 1.086638247282608738e+01 1.827262161685262143e+01
3.094448665345533644e+00 4.612242471189389015e+00 5.939190575160030683e+00 5.814759986761655952e+00 6.623367387820512597e+00 8.476012052949995379e+00 1.055198823735955038e+01 1.788996493121122100e+01
2.937332580427535866e+00 4.369000830777095779e+00 5.679053034823891011e+00 5.622206851914649306e+00 6.458492514284174035e+00 8.130350993245398783e+00 1.020958500185636986e+01 1.722586576056600194e+01
2.825416608878850155e+00 4.167991037786629605e+00 5.466643986521513732e+00 5.433532081260813662e+00 6.290210624934369221e+00 7.924305555555554825e+00 9.815576356752208298e+00 1.680500676679757888e+01
2.686867883565956294e+00 3.972875322164948653e+00 5.162904952538453607e+00 5.172529930484037308e+00 6.124614248519771209e+00 7.750670219638242209e+00 9.711491946114099605e+00 1.623636620050901413e+01
2.546313286276612686e+00 3.749704704190632398e+00 4.944286004803222667e+00 4.972949617680947121e+00 5.938565558837066938e+00 7.531899211184004628e+00 9.611812149750933898e+00 1.574601345761046645e+01
2.443145200545171480e+00 3.561557539682539630e+00 4.737845579018725495e+00 4.792429060195616763e+00 5.752463635534951436e+00 7.311612730140669925e+00 9.156869465039646272e+00 1.543223347972365644e+01
2.325213780097137306e+00 3.380474842389102896e+00 4.462250598817653291e+00 4.608887956158135069e+00 5.551716123280693083e+00 7.116821190379950757e+00 9.035402175568643557e+00 1.500148730073983749e+01
2.233408308644126539e+00 3.242128007919585553e+00 4.337272831928744132e+00 4.439355797156832928e+00 5.410438506029872308e+00 7.028984541577824707e+00 8.781509069820504720e+00 1.460218364706479299e+01
2.135161389040011848e+00 3.066844734722641519e+00 4.044367809567060768e+00 4.284297406888265769e+00 5.165063883786735310e+00 6.806796789002302006e+00 8.542079068896654803e+00 1.431126010056788367e+01
2.015026193670854671e+00 2.878952159718734194e+00 3.863371866910593422e+00 4.092089843750000178e+00 5.050332192470304626e+00 6.547633790427230593e+00 8.308771236359126178e+00 1.406127679838649414e+01
1.941385175523566708e+00 2.736889694699311981e+00 3.636087589389253694e+00 3.914325947478364487e+00 4.907967445514998417e+00 6.422460168553149273e+00 8.079927884615385025e+00 1.379042903273516174e+01
1.833897427028747806e+00 2.612827327025535329e+00 3.487529928791186951e+00 3.766062681422351233e+00 4.744867279773622215e+00 6.322970846295936198e+00 7.920466803961949687e+00 1.334120129790919407e+01
1.743789229110120020e+00 2.442255011735964931e+00 3.330653639791183451e+00 3.629501058448175055e+00 4.619946522466539029e+00 6.059727955845591651e+00 7.735418983272094096e+00 1.305169905544444831e+01
1.676081963835563293e+00 2.308375183350028337e+00 3.127875382189948539e+00 3.475953889128146290e+00 4.486724223919813070e+00 5.960705505206324695e+00 7.522797131147541450e+00 1.275567079451004737e+01
1.604073890003383740e+00 2.188604117298578178e+00 2.973316873938579352e+00 3.307356554950260374e+00 4.304901480449565554e+00 5.797188005567186941e+00 7.315166311553030098e+00 1.262146784109718567e+01
1.533808685377862302e+00 2.097301604586551349e+00 2.861105935311376136e+00 3.238746895695364447e+00 4.208430602716468627e+00 5.633590888815851017e+00 7.162780577322507725e+00 1.242814239194789749e+01
1.468674259036979013e+00 1.974155856178877011e+00 2.687471062101463026e+00 3.070378971439621019e+00 4.037417801107522131e+00 5.410696732821569377e+00 6.999612381758323565e+00 1.211826581627885346e+01
1.392387689932978345e+00 1.861512701195406683e+00 2.549402318053367811e+00 2.979622246443322631e+00 3.928995718452997110e+00 5.331630886426592220e+00 6.864045697367201271e+00 1.186328405849201140e+01
1.350263461847113211e+00 1.780919390551290338e+00 2.430503360108832833e+00 2.837002791219682685e+00 3.825922310011788952e+00 5.174759581942125486e+00 6.587513166330829506e+00 1.162205408904470616e+01
1.293139313386322042e+00 1.678408576019902565e+00 2.303465890636599678e+00 2.717348563720221932e+00 3.683118184641575699e+00 5.042587265109766292e+00 6.535187243502051935e+00 1.161435410525353618e+01
1.235853926231180733e+00 1.603142413067268013e+00 2.178673631807098499e+00 2.630833352476339204e+00 3.596600724670196758e+00 4.954708044398414835e+00 6.415817327374454315e+00 1.131341632108003381e+01
1.184156865924712143e+00 1.512537576901566094e+00 2.064189250345334514e+00 2.518174158003812391e+00 3.472671468696203689e+00 4.778699037501135116e+00 6.277229704012179390e+00 1.113032935423155401e+01
1.142387104986348101e+00 1.447477006642831965e+00 1.970775103232395020e+00 2.423592236163953029e+00 3.354282376796262177e+00 4.663361018295354654e+00 6.087887685890058798e+00 1.104373064587480613e+01
1.098797956095109107e+00 1.390975675891989782e+00 1.877874922968571170e+00 2.326849268353174960e+00 3.270705707360070935e+00 4.566521119353410540e+00 5.964151328566384080e+00 1.089402966926069993e+01
1.063434969104930294e+00 1.321325555098684212e+00 1.794311225185427627e+00 2.245752744560430170e+00 3.134259924811214404e+00 4.462618490488186040e+00 5.869406503444666967e+00 1.083981525336991858e+01
1.020505010011993008e+00 1.261996520166593694e+00 1.715822096563723420e+00 2.155456095481671053e+00 3.046913963382622992e+00 4.309932881746853184e+00 5.726982221645470439e+00 1.066534983212390308e+01
9.817957527847066546e-01 1.189756903029580037e+00 1.625254333701599441e+00 2.068845656318082593e+00 2.958582586454722385e+00 4.181767755496654360e+00 5.546979753821847048e+00 1.054259378817427795e+01
9.531370542744955765e-01 1.159196485227177442e+00 1.562260648928355478e+00 2.018498602802266895e+00 2.859744569318671825e+00 4.092443445900678434e+00 5.451935822416148270e+00 1.036703716036227974e+01
9.172716048228556351e-01 1.092008496224481151e+00 1.494399036416234283e+00 1.924212712673981640e+00 2.760132706916813561e+00 4.010420888438567033e+00 5.331693591101695162e+00 1.028656543169352666e+01
8.874086987579603569e-01 1.062395088165160706e+00 1.424869563745102763e+00 1.859085714998319760e+00 2.688324985772700515e+00 3.917517537329083144e+00 5.259109538199123968e+00 1.026872424917388216e+01
8.713011397074277298e-01 1.009885956649552829e+00 1.349576725939258592e+00 1.770630706119427522e+00 2.589771854837041865e+00 3.778238548136645836e+00 5.153478488684232417e+00 1.006059566273779993e+01
8.551255537070302504e-01 9.923046035085181238e-01 1.293199764784946248e+00 1.718711371056914183e+00 2.529682647515527627e+00 3.700671235789561031e+00 5.038556691950592636e+00 1.000547213526009216e+01
8.274645879789174208e-01 9.501883962210738721e-01 1.246263712917181854e+00 1.662602622365075389e+00 2.452744415544675594e+00 3.585462149675060495e+00 4.910640859962406068e+00 9.965284043142160542e+00
8.070265336022047764e-01 9.209722884370898921e-01 1.202036949836390090e+00 1.605653329322101808e+00 2.375007173573702168e+00 3.523108948840437460e+00 4.844739064272403084e+00 9.880722935770529958e+00
7.890747001881956990e-01 8.914395187387882391e-01 1.147371785568984670e+00 1.547902298191420112e+00 2.288055057745918219e+00 3.434603629405375003e+00 4.721743486973947412e+00 9.791599038248280706e+00
7.770083039547058812e-01 8.676484239750550387e-01 1.111406596642717570e+00 1.490628318714600553e+00 2.231253821915177404e+00 3.326555291520839841e+00 4.649954963971176802e+00 9.674612262737262824e+00
7.538371197367369492e-01 8.450495183594673998e-01 1.072797746222636350e+00 1.456561277820337175e+00 2.158466952836126218e+00 3.249936120703342368e+00 4.593170834994021234e+00 9.629081863241749417e+00
7.404116511735883144e-01 8.153585179170568242e-01 1.035738512141797463e+00 1.395155522692009153e+00 2.102146574741861507e+00 3.161731459741433437e+00 4.494225170561480631e+00 9.504408085073109191e+00
7.255656698055290565e-01 7.996807867492813360e-01 1.000677583783941449e+00 1.348180679070130283e+00 2.030451981588770494e+00 3.080719488400750716e+00 4.405437746082177419e+00 9.513794066232883040e+00
