# k, xm.power, xs.power, xd.power,  pm1.power, pm2.power, ps1.power, ps2.power, pd1.power, pd2.power
0.000000000000000000e+00 0.000000000000000000e+00 0.000000000000000000e+00 0.000000000000000000e+00 0.000000000000000000e+00 0.000000000000000000e+00 0.000000000000000000e+00 0.000000000000000000e+00 0.000000000000000000e+00 0.000000000000000000e+00
8.691056022563805813e-03 9.694391001875584985e-05 3.166444230769230853e+04 1.048979417067307850e+03 7.457425275593830538e-11 1.583738581730769329e+04 3.166444230769230853e+04 3.166444230769230853e+04 1.048979417067307850e+03 1.048979417067307850e+03
1.503254434404273886e-02 -4.115352122527029855e-05 2.411289583333333212e+04 7.999781901041666288e+02 5.859875547760869140e-11 1.286450000000000000e+04 2.411289583333333212e+04 2.411289583333333212e+04 7.999781901041666288e+02 7.999781901041666288e+02
2.104537904654678673e-02 4.855026858613679177e-05 2.311805427631578641e+04 7.615695415296052033e+02 7.406888552789100724e-11 1.257740625000000000e+04 2.311805427631578641e+04 2.311805427631578641e+04 7.615695415296052033e+02 7.615695415296052033e+02
2.718418752217394846e-02 -8.104148551694348825e-05 1.736164636752137085e+04 5.750043402777778283e+02 9.029740298313060243e-11 9.291579059829060498e+03 1.736164636752137085e+04 1.736164636752137085e+04 5.750043402777778283e+02 5.750043402777778283e+02
3.359305548768203725e-02 2.550560096153846189e+03 1.979568028846153902e+04 6.560812049278846416e+02 2.567593149038461888e+03 1.120564543269230853e+04 1.979568028846153902e+04 1.979568028846153902e+04 6.560812049278846416e+02 6.560812049278846416e+02
3.967812110980351720e-02 2.855120572916666788e+03 1.595317291666666642e+04 5.253522786458332803e+02 2.878684374999999818e+03 8.809635416666666060e+03 1.595317291666666642e+04 1.595317291666666642e+04 5.253522786458332803e+02 5.253522786458332803e+02
4.573133090443888549e-02 3.782411011080332628e+03 1.407315789473684163e+04 4.619481907894736992e+02 3.805411703601108002e+03 7.740554016620498260e+03 1.407315789473684163e+04 1.407315789473684163e+04 4.619481907894736992e+02 4.619481907894736992e+02
5.186912300623527233e-02 3.842601830663615601e+03 1.295331006864988558e+04 4.232872926201372934e+02 3.864507437070938067e+03 7.103853546910755540e+03 1.295331006864988558e+04 1.295331006864988558e+04 4.232872926201372934e+02 4.232872926201372934e+02
5.807971256735403043e-02 3.699659638554217054e+03 1.189996299483648909e+04 3.902746073580034363e+02 3.728431583476764445e+03 6.583965146299483422e+03 1.189996299483648909e+04 1.189996299483648909e+04 3.902746073580034363e+02 3.902746073580034363e+02
6.422094742881356844e-02 4.051941458026509281e+03 1.138430633284241594e+04 3.718615150957290325e+02 4.083733063328424123e+03 6.272233431516936434e+03 1.138430633284241594e+04 1.138430633284241594e+04 3.718615150957290325e+02 3.718615150957290325e+02
7.029194303550849454e-02 2.819354473039215463e+03 8.990157475490195793e+03 2.953780254289215463e+02 2.841367953431372371e+03 5.036273284313725526e+03 8.990157475490195793e+03 8.990157475490195793e+03 2.953780254289215463e+02 2.953780254289215463e+02
7.656976085866129544e-02 3.226943516699410338e+03 9.091929273084479064e+03 2.977732686640471229e+02 3.264398330058938882e+03 5.132205304518663979e+03 9.091929273084479064e+03 9.091929273084479064e+03 2.977732686640471229e+02 2.977732686640471229e+02
8.283279975513359317e-02 2.719735064935065111e+03 7.641761904761904589e+03 2.484969155844155750e+02 2.746599783549783751e+03 4.345875324675324919e+03 7.641761904761904589e+03 7.641761904761904589e+03 2.484969155844155750e+02 2.484969155844155750e+02
8.886264192081894109e-02 2.283045886075949511e+03 7.028919303797468274e+03 2.276525415348101262e+02 2.302689477848101433e+03 3.959310126582278372e+03 7.028919303797468274e+03 7.028919303797468274e+03 2.276525415348101262e+02 2.276525415348101262e+02
9.493524398572131262e-02 2.044151564537157810e+03 6.163104302477183410e+03 1.995971316818774426e+02 2.068599087353324649e+03 3.432065840938721976e+03 6.163104302477183410e+03 6.163104302477183410e+03 1.995971316818774426e+02 1.995971316818774426e+02
1.010510809291368245e-01 1.883422413793103487e+03 5.545301875378100704e+03 1.803885549001815036e+02 1.904435722928009909e+03 3.157042347247429007e+03 5.545301875378100704e+03 5.545301875378100704e+03 1.803885549001815036e+02 1.803885549001815036e+02
1.071918355362574127e-01 1.787190899847483479e+03 5.060448906964921662e+03 1.634269032791052325e+02 1.808559608540925183e+03 2.885660650737162996e+03 5.060448906964921662e+03 5.060448906964921662e+03 1.634269032791052325e+02 1.634269032791052325e+02
1.133640700251744293e-01 1.654348101265822834e+03 4.749401312705110286e+03 1.526461409985935518e+02 1.678415142991092353e+03 2.686132208157524929e+03 4.749401312705110286e+03 4.749401312705110286e+03 1.526461409985935518e+02 1.526461409985935518e+02
1.195184611122857843e-01 1.607326762619941519e+03 4.620261159783061885e+03 1.476418309345014563e+02 1.636913746349603571e+03 2.626386316228618853e+03 4.620261159783061885e+03 4.620261159783061885e+03 1.476418309345014563e+02 1.476418309345014563e+02
1.256657517103361710e-01 1.431592030360531226e+03 4.224255028462997871e+03 1.350675996204933540e+02 1.459863472485768398e+03 2.416607779886147910e+03 4.224255028462997871e+03 4.224255028462997871e+03 1.350675996204933540e+02 1.350675996204933540e+02
1.317871926578333408e-01 1.442368960722975316e+03 4.090077163712200218e+03 1.297794251824817593e+02 1.468056830031282516e+03 2.370980361487660957e+03 4.090077163712200218e+03 4.090077163712200218e+03 1.297794251824817593e+02 1.297794251824817593e+02
1.378887696062481294e-01 1.317294609079445081e+03 3.827851197982345639e+03 1.206527033417402208e+02 1.340586853720050385e+03 2.203779949558638236e+03 3.827851197982345639e+03 3.827851197982345639e+03 1.206527033417402208e+02 1.206527033417402208e+02
1.440612672229828750e-01 1.314517964071856341e+03 3.486080125463359309e+03 1.113106109210151260e+02 1.342113344739093236e+03 2.077801824921585649e+03 3.486080125463359309e+03 3.486080125463359309e+03 1.113106109210151260e+02 1.113106109210151260e+02
1.501845201433902877e-01 1.113289923954372625e+03 3.177390548614882846e+03 1.007487778381314456e+02 1.140164177077675049e+03 1.878110401955458883e+03 3.177390548614882846e+03 3.177390548614882846e+03 1.007487778381314456e+02 1.007487778381314456e+02
1.563418093457785985e-01 1.043621637705308331e+03 2.889947155439181188e+03 9.095647613663413722e+01 1.073190073791954319e+03 1.714224946441323482e+03 2.889947155439181188e+03 2.889947155439181188e+03 9.095647613663413722e+01 9.095647613663413722e+01
1.625438955957596576e-01 9.892933165484092797e+02 2.698965438315403844e+03 8.517428902494850718e+01 1.014961203936827701e+03 1.614011902037079381e+03 2.698965438315403844e+03 2.698965438315403844e+03 8.517428902494850718e+01 8.517428902494850718e+01
1.686940235306336466e-01 9.381498448810754098e+02 2.513955739400206767e+03 7.930352895553257042e+01 9.670260599793174379e+02 1.518551913133402195e+03 2.513955739400206767e+03 2.513955739400206767e+03 7.930352895553257042e+01 7.930352895553257042e+01
1.747987378343396903e-01 8.607385627530363763e+02 2.364508299595141580e+03 7.438124999999999432e+01 8.869534412955465541e+02 1.432961437246963442e+03 2.364508299595141580e+03 2.364508299595141580e+03 7.438124999999999432e+01 7.438124999999999432e+01
1.809057159377772395e-01 8.233581311769991089e+02 2.314580053908355694e+03 7.184086365678346908e+01 8.498490566037735334e+02 1.378264420485175151e+03 2.314580053908355694e+03 2.314580053908355694e+03 7.184086365678346908e+01 7.184086365678346908e+01
1.870079494254630881e-01 8.072437719298244474e+02 2.212809122807017502e+03 6.819083333333333030e+01 8.331207017543858910e+02 1.317947982456140153e+03 2.212809122807017502e+03 2.212809122807017502e+03 6.819083333333333030e+01 6.819083333333333030e+01
1.931644028143169878e-01 7.614117277157680519e+02 2.111757899701305178e+03 6.605797535764817496e+01 7.852075931457318347e+02 1.296194151862914623e+03 2.111757899701305178e+03 2.111757899701305178e+03 6.605797535764817496e+01 6.605797535764817496e+01
1.993257601852206906e-01 7.404968868640851269e+02 2.017917539863325828e+03 6.174766989369780390e+01 7.707976461655277944e+02 1.217953530751708513e+03 2.017917539863325828e+03 2.017917539863325828e+03 6.174766989369780390e+01 6.174766989369780390e+01
2.054762598507901550e-01 7.177785845199492769e+02 1.937086705202312260e+03 5.928216639644720232e+01 7.449488227830255482e+02 1.187566896940645847e+03 1.937086705202312260e+03 1.937086705202312260e+03 5.928216639644720232e+01 5.928216639644720232e+01
2.116257382464896697e-01 6.778481748896912222e+02 1.769727904800107126e+03 5.408216756919375001e+01 7.078077283059233196e+02 1.091380732718277841e+03 1.769727904800107126e+03 1.769727904800107126e+03 5.408216756919375001e+01 5.408216756919375001e+01
2.177578654451892970e-01 6.157574357676244290e+02 1.653966206809264804e+03 5.048842314264017261e+01 6.451177066194153440e+02 1.027232755347424472e+03 1.653966206809264804e+03 1.653966206809264804e+03 5.048842314264017261e+01 5.048842314264017261e+01
2.238991135097555263e-01 5.780120028663561698e+02 1.570648751940761940e+03 4.714022378478442477e+01 6.067577929057684969e+02 9.652177833512480447e+02 1.570648751940761940e+03 1.570648751940761940e+03 4.714022378478442477e+01 4.714022378478442477e+01
2.300081978121491233e-01 5.999133683129919064e+02 1.510435610813276980e+03 4.595774994296795057e+01 6.302766624843161480e+02 9.640489335006272995e+02 1.510435610813276980e+03 1.510435610813276980e+03 4.595774994296795057e+01 4.595774994296795057e+01
2.361454707693454169e-01 5.293148207597645296e+02 1.381014553237024984e+03 4.163197231139646703e+01 5.557505617977527663e+02 8.817078116639913787e+02 1.381014553237024984e+03 1.381014553237024984e+03 4.163197231139646703e+01 4.163197231139646703e+01
2.422857100963227428e-01 5.195731645052588874e+02 1.342310732155621281e+03 4.031958414173389116e+01 5.496274379658939324e+02 8.530425814357193985e+02 1.342310732155621281e+03 1.342310732155621281e+03 4.031958414173389116e+01 4.031958414173389116e+01
2.484099584913142256e-01 5.103812609627752863e+02 1.324678620152017174e+03 3.952293351685830913e+01 5.369719840187098043e+02 8.491853439875267213e+02 1.324678620152017174e+03 1.324678620152017174e+03 3.952293351685830913e+01 3.952293351685830913e+01
2.545441957051269855e-01 4.911296877886569519e+02 1.258945409200073982e+03 3.736534442545723067e+01 5.192901348605209932e+02 8.041258082394235771e+02 1.258945409200073982e+03 1.258945409200073982e+03 3.736534442545723067e+01 3.736534442545723067e+01
2.606917133414053955e-01 4.679220123022847133e+02 1.200754393673110826e+03 3.531299978031634623e+01 4.969211775043937109e+02 7.706033391915641459e+02 1.200754393673110826e+03 1.200754393673110826e+03 3.531299978031634623e+01 3.531299978031634623e+01
2.668580198415695381e-01 4.535318935208437665e+02 1.162394525364138644e+03 3.378169470952619946e+01 4.832432613427088199e+02 7.402516323455549809e+02 1.162394525364138644e+03 1.162394525364138644e+03 3.378169470952619946e+01 3.378169470952619946e+01
2.730019564931540632e-01 4.317638207129636498e+02 1.115917035487245357e+03 3.252380904482175339e+01 4.608332662750462418e+02 7.214738875030175222e+02 1.115917035487245357e+03 1.115917035487245357e+03 3.252380904482175339e+01 3.252380904482175339e+01
2.791389873202678173e-01 4.156302611367127611e+02 1.051874654377880233e+03 3.070720286098310225e+01 4.444522273425499179e+02 6.883799539170506705e+02 1.051874654377880233e+03 1.051874654377880233e+03 3.070720286098310225e+01 3.070720286098310225e+01
2.852424996643880273e-01 4.017121325175347124e+02 9.919861960901357634e+02 2.872958093941202762e+01 4.319654156096104884e+02 6.559155349947768627e+02 9.919861960901357634e+02 9.919861960901357634e+02 2.872958093941202762e+01 2.872958093941202762e+01
2.913531997893986092e-01 3.905716842105263140e+02 9.603939649122805804e+02 2.770110526315789201e+01 4.212517894736841981e+02 6.380054035087719058e+02 9.603939649122805804e+02 9.603939649122805804e+02 2.770110526315789201e+01 2.770110526315789201e+01
2.975143171497069416e-01 3.726998376403734028e+02 9.075947774320119379e+02 2.593541131105398279e+01 4.028421052631579187e+02 6.044726018130157854e+02 9.075947774320119379e+02 9.075947774320119379e+02 2.593541131105398279e+01 2.593541131105398279e+01
3.036544665973567314e-01 3.619414607251735561e+02 8.858801971849258052e+02 2.517045915223454955e+01 3.921882661996497745e+02 5.937583187390542889e+02 8.858801971849258052e+02 8.858801971849258052e+02 2.517045915223454955e+01 2.517045915223454955e+01
3.097883787544665757e-01 3.477831922232674629e+02 8.447121354656632093e+02 2.369999412041392262e+01 3.787772969582941300e+02 5.691136406396989287e+02 8.447121354656632093e+02 8.447121354656632093e+02 2.369999412041392262e+01 2.369999412041392262e+01
3.159486680635095190e-01 3.338499970384410744e+02 8.220056269620328067e+02 2.322273329680744069e+01 3.646282058875792131e+02 5.552186815139489227e+02 8.220056269620328067e+02 8.220056269620328067e+02 2.322273329680744069e+01 2.322273329680744069e+01
3.221066234444813769e-01 3.274072945682451063e+02 7.893171425255338818e+02 2.212915288416898818e+01 3.567477657845868180e+02 5.367393802228411914e+02 7.893171425255338818e+02 7.893171425255338818e+02 2.212915288416898818e+01 2.212915288416898818e+01
3.282572612915165555e-01 3.151583931529541474e+02 7.650260629486472226e+02 2.124564467145223645e+01 3.453345665378244007e+02 5.188122032026504939e+02 7.650260629486472226e+02 7.650260629486472226e+02 2.124564467145223645e+01 2.124564467145223645e+01
3.343544383171894174e-01 3.124251977092991410e+02 7.397901281701663265e+02 2.059546632124352428e+01 3.441811562585219804e+02 5.089961276247614137e+02 7.397901281701663265e+02 7.397901281701663265e+02 2.059546632124352428e+01 2.059546632124352428e+01
3.404813620364756654e-01 2.959154267014368429e+02 7.142978473180958190e+02 1.961826008590274384e+01 3.259874725162346181e+02 4.916477987421383773e+02 7.142978473180958190e+02 7.142978473180958190e+02 1.961826008590274384e+01 1.961826008590274384e+01
3.466259536752008263e-01 2.931644693969622608e+02 6.820678229485187103e+02 1.863531380019048456e+01 3.249163867863050541e+02 4.750675221815629925e+02 6.820678229485187103e+02 6.820678229485187103e+02 1.863531380019048456e+01 1.863531380019048456e+01
3.527314914776840671e-01 2.790221015897634516e+02 6.601308162078324813e+02 1.793872685633966668e+01 3.116404856533540055e+02 4.600050407134548323e+02 6.601308162078324813e+02 6.601308162078324813e+02 1.793872685633966668e+01 1.793872685633966668e+01
3.588700951741782830e-01 2.735716297322252899e+02 6.365514312096029244e+02 1.716315068097876306e+01 3.063033240997229996e+02 4.452803324099722886e+02 6.365514312096029244e+02 6.365514312096029244e+02 1.716315068097876306e+01 1.716315068097876306e+01
3.650083489029407047e-01 2.583796849538294396e+02 6.082938167662501883e+02 1.634565962791960914e+01 2.901479947492304632e+02 4.255540467137425367e+02 6.082938167662501883e+02 6.082938167662501883e+02 1.634565962791960914e+01 1.634565962791960914e+01
3.711704037116136945e-01 2.610908309701812868e+02 5.928884592248861054e+02 1.601312623528400536e+01 2.934553364269141298e+02 4.230215691329379979e+02 5.928884592248861054e+02 5.928884592248861054e+02 1.601312623528400536e+01 1.601312623528400536e+01
3.773137312255384068e-01 2.530027967286749515e+02 5.761492859866943945e+02 1.530572270011441205e+01 2.860013983643374900e+02 4.125091317428704656e+02 5.761492859866943945e+02 5.761492859866943945e+02 1.530572270011441205e+01 1.530572270011441205e+01
3.834202365329835160e-01 2.427218761526166872e+02 5.588323019548379307e+02 1.464219576041965531e+01 2.751691119216425818e+02 3.966493996147698908e+02 5.588323019548379307e+02 5.588323019548379307e+02 1.464219576041965531e+01 1.464219576041965531e+01
3.895813105051545988e-01 2.416167101015208516e+02 5.433902524407794772e+02 1.417417417052394057e+01 2.757690886459994317e+02 3.889014741919172025e+02 5.433902524407794772e+02 5.433902524407794772e+02 1.417417417052394057e+01 1.417417417052394057e+01
3.957247046642990429e-01 2.330375862603706025e+02 5.264351399550282622e+02 1.366884740637357432e+01 2.667768085601302346e+02 3.783270915716832974e+02 5.264351399550282622e+02 5.264351399550282622e+02 1.366884740637357432e+01 1.366884740637357432e+01
4.018641006880244171e-01 2.300275602078910708e+02 5.110806675938803778e+02 1.319282309128175079e+01 2.641168838298806918e+02 3.710849132567161632e+02 5.110806675938803778e+02 5.110806675938803778e+02 1.319282309128175079e+01 1.319282309128175079e+01
4.079986652309439688e-01 2.212705590605740156e+02 4.921442689909193859e+02 1.260254686189416873e+01 2.554631122132672090e+02 3.600359578425294558e+02 4.921442689909193859e+02 4.921442689909193859e+02 1.260254686189416873e+01 1.260254686189416873e+01
4.141066506702003602e-01 2.160731277686699912e+02 4.748348739056123122e+02 1.201865909170183677e+01 2.506295999162858834e+02 3.465450486588300691e+02 4.748348739056123122e+02 4.748348739056123122e+02 1.201865909170183677e+01 1.201865909170183677e+01
4.202576909860619159e-01 2.083736616340730450e+02 4.667286452528118730e+02 1.168268272705779154e+01 2.414989867261120935e+02 3.394780288445300016e+02 4.667286452528118730e+02 4.667286452528118730e+02 1.168268272705779154e+01 1.168268272705779154e+01
4.264066946730206698e-01 2.032636951287886404e+02 4.541479502654925682e+02 1.132066162890405892e+01 2.368646812440222789e+02 3.324014709277398651e+02 4.541479502654925682e+02 4.541479502654925682e+02 1.132066162890405892e+01 1.132066162890405892e+01
4.325254831734640648e-01 1.944103083502138247e+02 4.349274942927879692e+02 1.068389983441046809e+01 2.289064981833381580e+02 3.169064660300311971e+02 4.349274942927879692e+02 4.349274942927879692e+02 1.068389983441046809e+01 1.068389983441046809e+01
4.386395650806790836e-01 1.936525550867323204e+02 4.260467885607126277e+02 1.041173132520706446e+01 2.278985622753555447e+02 3.140892326926082205e+02 4.260467885607126277e+02 4.260467885607126277e+02 1.041173132520706446e+01 1.041173132520706446e+01
4.447681454847935978e-01 1.855510597010400033e+02 4.100718292350140928e+02 9.980646053788545302e+00 2.201108062217640509e+02 3.013893757011612706e+02 4.100718292350140928e+02 4.100718292350140928e+02 9.980646053788545302e+00 9.980646053788545302e+00
4.509437495939586094e-01 1.848811112723052190e+02 3.972542289278978842e+02 9.650616567532278367e+00 2.208957493108950985e+02 2.977715653561584190e+02 3.972542289278978842e+02 3.972542289278978842e+02 9.650616567532278367e+00 9.650616567532278367e+00
4.571038061189046653e-01 1.823043572481146555e+02 3.920682192493281946e+02 9.379026228726631942e+00 2.191769337455575339e+02 2.912441850385737894e+02 3.920682192493281946e+02 3.920682192493281946e+02 9.379026228726631942e+00 9.379026228726631942e+00
4.632394462505528554e-01 1.722554726299142658e+02 3.800659767499930695e+02 9.013685909885415626e+00 2.074414865577227260e+02 2.826428987598146705e+02 3.800659767499930695e+02 3.800659767499930695e+02 9.013685909885415626e+00 9.013685909885415626e+00
4.693790757792539181e-01 1.726504452578671192e+02 3.681182255244755197e+02 8.700887613363200046e+00 2.086097574300699193e+02 2.786595279720279450e+02 3.681182255244755197e+02 3.681182255244755197e+02 8.700887613363200046e+00 8.700887613363200046e+00
4.755007986458400504e-01 1.662371689400774812e+02 3.575447163101746355e+02 8.362004737009712585e+00 2.011923862852290199e+02 2.710242025370203578e+02 3.575447163101746355e+02 3.575447163101746355e+02 8.362004737009712585e+00 8.362004737009712585e+00
4.816148015649592273e-01 1.650388763578854707e+02 3.483672448212387849e+02 8.040939922480619728e+00 2.019467864457753308e+02 2.639283917969459026e+02 3.483672448212387849e+02 3.483672448212387849e+02 8.040939922480619728e+00 8.040939922480619728e+00
4.877448110253904678e-01 1.591692090466705451e+02 3.385984216232570816e+02 7.774989914525604284e+00 1.953570005799147680e+02 2.569924611078893690e+02 3.385984216232570816e+02 3.385984216232570816e+02 7.774989914525604284e+00 7.774989914525604284e+00
4.938644425720450370e-01 1.552174995685510623e+02 3.279619338773699155e+02 7.482164209462291105e+00 1.916445107369147820e+02 2.517094253100268588e+02 3.279619338773699155e+02 3.279619338773699155e+02 7.482164209462291105e+00 7.482164209462291105e+00
4.999990772533337013e-01 1.526869715786959603e+02 3.224819441127298774e+02 7.226609147360878893e+00 1.902522689276331676e+02 2.455885598280391662e+02 3.224819441127298774e+02 3.224819441127298774e+02 7.226609147360878893e+00 7.226609147360878893e+00
5.061739783630568867e-01 1.486837918077654592e+02 3.117862411281718096e+02 6.970185148675604125e+00 1.858698798534118737e+02 2.397277914366563039e+02 3.117862411281718096e+02 3.117862411281718096e+02 6.970185148675604125e+00 6.970185148675604125e+00
5.123176238977423802e-01 1.466839366360239296e+02 3.070013067100708213e+02 6.778062745008138101e+00 1.843844937071594074e+02 2.357027349212535228e+02 3.070013067100708213e+02 3.070013067100708213e+02 6.778062745008138101e+00 6.778062745008138101e+00
5.184419198367248294e-01 1.423624642474079280e+02 2.973552466928852027e+02 6.511171288434036697e+00 1.801532892384697959e+02 2.301524848051483616e+02 2.973552466928852027e+02 2.973552466928852027e+02 6.511171288434036697e+00 6.511171288434036697e+00
5.245811071337125320e-01 1.391803693999956693e+02 2.913283892341337378e+02 6.318081734620964340e+00 1.777174934499707604e+02 2.245289175670701241e+02 2.913283892341337378e+02 2.913283892341337378e+02 6.318081734620964340e+00 6.318081734620964340e+00
5.307339722686617023e-01 1.372223665715380889e+02 2.824710993738552247e+02 6.069522830855730966e+00 1.762953103037014841e+02 2.195415726029731047e+02 2.824710993738552247e+02 2.824710993738552247e+02 6.069522830855730966e+00 6.069522830855730966e+00
5.368662932732624071e-01 1.327234946895849532e+02 2.778777253548936983e+02 5.875032475630287188e+00 1.715981127761727691e+02 2.141217966038284999e+02 2.778777253548936983e+02 2.778777253548936983e+02 5.875032475630287188e+00 5.875032475630287188e+00
5.429628466927283181e-01 1.303540731898077638e+02 2.714721524719054742e+02 5.694880598320503751e+00 1.691583377927798040e+02 2.102819330671386808e+02 2.714721524719054742e+02 2.714721524719054742e+02 5.694880598320503751e+00 5.694880598320503751e+00
5.491073400914713298e-01 1.268039432918938019e+02 2.632935017059492679e+02 5.462977102043217847e+00 1.657552845209616237e+02 2.052866386917134207e+02 2.632935017059492679e+02 2.632935017059492679e+02 5.462977102043217847e+00 5.462977102043217847e+00
5.552762609626447077e-01 1.259134430246805607e+02 2.552955053775988574e+02 5.278478543088861663e+00 1.656544333586168136e+02 2.022584942723223946e+02 2.552955053775988574e+02 2.552955053775988574e+02 5.278478543088861663e+00 5.278478543088861663e+00
5.614082796802024600e-01 1.220830410917130422e+02 2.513715598078829032e+02 5.089737435198597559e+00 1.623136578485934365e+02 1.969621864755660567e+02 2.513715598078829032e+02 2.513715598078829032e+02 5.089737435198597559e+00 5.089737435198597559e+00
5.675371533509153688e-01 1.199227782731460792e+02 2.467646009808292433e+02 4.942189357631148638e+00 1.602352318323673614e+02 1.920093253083667548e+02 2.467646009808292433e+02 2.467646009808292433e+02 4.942189357631148638e+00 4.942189357631148638e+00
5.736740022558224350e-01 1.171312494304201124e+02 2.382930647954069059e+02 4.760165861660438757e+00 1.573724596737446291e+02 1.884192290166772921e+02 2.382930647954069059e+02 2.382930647954069059e+02 4.760165861660438757e+00 4.760165861660438757e+00
5.798103603643611770e-01 1.142561697047451048e+02 2.343259207783182774e+02 4.601907596977958370e+00 1.554217137969743874e+02 1.837610520126156075e+02 2.343259207783182774e+02 2.343259207783182774e+02 4.601907596977958370e+00 4.601907596977958370e+00
5.859425366486809006e-01 1.123660386912036842e+02 2.295004714180954579e+02 4.469857887086636339e+00 1.531615218074518907e+02 1.808743408876628109e+02 2.295004714180954579e+02 2.295004714180954579e+02 4.469857887086636339e+00 4.469857887086636339e+00
5.920586774162177601e-01 1.098945647309903251e+02 2.232208874049086091e+02 4.311792730887060721e+00 1.517181336270696477e+02 1.771598912257753682e+02 2.232208874049086091e+02 2.232208874049086091e+02 4.311792730887060721e+00 4.311792730887060721e+00
5.981941542880485629e-01 1.075460028283836635e+02 2.170028450212128917e+02 4.142257819648947681e+00 1.491455452957324610e+02 1.738716080192995719e+02 2.170028450212128917e+02 2.170028450212128917e+02 4.142257819648947681e+00 4.142257819648947681e+00
6.043590774859866066e-01 1.063802608325697037e+02 2.143464458698782380e+02 4.033956608358423956e+00 1.482093860452938827e+02 1.717179113758345181e+02 2.143464458698782380e+02 2.143464458698782380e+02 4.033956608358423956e+00 4.033956608358423956e+00
6.104910230252050818e-01 1.031299032258064585e+02 2.098353870967742125e+02 3.869649193548387434e+00 1.449939677419354780e+02 1.663099677419354805e+02 2.098353870967742125e+02 2.098353870967742125e+02 3.869649193548387434e+00 3.869649193548387434e+00
6.166050503334797872e-01 1.026664005059688520e+02 2.062763854850185794e+02 3.794528223574986203e+00 1.457684718159538306e+02 1.643674440667246301e+02 2.062763854850185794e+02 2.062763854850185794e+02 3.794528223574986203e+00 3.794528223574986203e+00
6.227565424953059869e-01 9.899719105435232791e+01 1.998265360941840925e+02 3.611142342936959793e+00 1.419957328585242919e+02 1.591907013154461197e+02 1.998265360941840925e+02 1.998265360941840925e+02 3.611142342936959793e+00 3.611142342936959793e+00
6.288977757446623240e-01 9.745520697101493113e+01 1.956321512211441984e+02 3.507133400118616962e+00 1.404423948416922769e+02 1.570501231789287999e+02 1.956321512211441984e+02 1.956321512211441984e+02 3.507133400118616962e+00 3.507133400118616962e+00
6.350332706002194127e-01 9.549414936161389278e+01 1.917585389696951950e+02 3.400387558506384078e+00 1.383164676955890684e+02 1.542172734543946433e+02 1.917585389696951950e+02 1.917585389696951950e+02 3.400387558506384078e+00 3.400387558506384078e+00
6.411743038514937654e-01 9.347332778726446634e+01 1.882316943240363685e+02 3.279157909715836983e+00 1.376277712100646511e+02 1.504668038588963270e+02 1.882316943240363685e+02 1.882316943240363685e+02 3.279157909715836983e+00 3.279157909715836983e+00
6.473071136295037720e-01 9.319832785479491122e+01 1.842981992282406623e+02 3.196290151136201185e+00 1.379458053451479316e+02 1.489466914391882142e+02 1.842981992282406623e+02 1.842981992282406623e+02 3.196290151136201185e+00 3.196290151136201185e+00
6.534392957951101755e-01 9.025695559122524969e+01 1.801489116048548169e+02 3.072955827067668899e+00 1.345172904170538573e+02 1.457485004646447635e+02 1.801489116048548169e+02 1.801489116048548169e+02 3.072955827067668899e+00 3.072955827067668899e+00
6.595783755518781488e-01 8.950555791318156196e+01 1.770080493915043292e+02 2.991499498624210940e+00 1.348827910032991610e+02 1.426182425495215398e+02 1.770080493915043292e+02 1.770080493915043292e+02 2.991499498624210940e+00 2.991499498624210940e+00
6.657085753353266799e-01 8.770087166475691731e+01 1.728555410050744854e+02 2.883219387720303395e+00 1.325371855731980020e+02 1.407626179953074654e+02 1.728555410050744854e+02 1.728555410050744854e+02 2.883219387720303395e+00 2.883219387720303395e+00
6.718369711955728407e-01 8.629961479605297825e+01 1.694889715582291103e+02 2.770260515606036478e+00 1.319215608675004034e+02 1.371735528468154541e+02 1.694889715582291103e+02 1.694889715582291103e+02 2.770260515606036478e+00 2.770260515606036478e+00
6.779675665423466890e-01 8.381715893108298587e+01 1.677063370006703735e+02 2.702725322699370381e+00 1.296883026407455759e+02 1.353178227322318321e+02 1.677063370006703735e+02 1.677063370006703735e+02 2.702725322699370381e+00 2.702725322699370381e+00
6.841025602423458363e-01 8.218203251102552542e+01 1.615891257101460212e+02 2.599925450553500994e+00 1.282436674673682262e+02 1.318427701732311448e+02 1.615891257101460212e+02 1.615891257101460212e+02 2.599925450553500994e+00 2.599925450553500994e+00
6.902473351098605825e-01 8.103417660857064675e+01 1.606726864579917731e+02 2.530392826065023915e+00 1.278187630842182330e+02 1.303025575705601966e+02 1.606726864579917731e+02 1.606726864579917731e+02 2.530392826065023915e+00 2.530392826065023915e+00
6.963896182979992799e-01 7.960295313925111316e+01 1.575480563019202691e+02 2.443141901052579890e+00 1.266234624201937606e+02 1.276374392979515306e+02 1.575480563019202691e+02 1.575480563019202691e+02 2.443141901052579890e+00 2.443141901052579890e+00
7.025354447064345864e-01 7.809693426234474600e+01 1.535315116631323917e+02 2.357247046349591368e+00 1.259152983944259319e+02 1.247650530142381200e+02 1.535315116631323917e+02 1.535315116631323917e+02 2.357247046349591368e+00 2.357247046349591368e+00
7.086795257259553837e-01 7.630840725902608312e+01 1.515876257929126609e+02 2.276659080340535102e+00 1.241311465636476328e+02 1.229625959841655884e+02 1.515876257929126609e+02 1.515876257929126609e+02 2.276659080340535102e+00 2.276659080340535102e+00
7.148105300560909647e-01 7.526145657078399154e+01 1.480665303628501590e+02 2.196855465078022096e+00 1.238407242902801357e+02 1.201110876104530973e+02 1.480665303628501590e+02 1.480665303628501590e+02 2.196855465078022096e+00 2.196855465078022096e+00
7.209489185367295994e-01 7.410648856278679375e+01 1.451474474716225984e+02 2.126111412199694239e+00 1.229734569250054648e+02 1.180730969604269092e+02 1.451474474716225984e+02 1.451474474716225984e+02 2.126111412199694239e+00 2.126111412199694239e+00
7.270775917581103753e-01 7.345589357944510311e+01 1.425174955848003151e+02 2.060223323648378901e+00 1.229877513815302166e+02 1.165227824303537858e+02 1.425174955848003151e+02 1.425174955848003151e+02 2.060223323648378901e+00 2.060223323648378901e+00
7.331906622449658739e-01 7.071914957713163119e+01 1.405324794144556222e+02 1.993395645515809944e+00 1.196730970923615871e+02 1.139472586079932057e+02 1.405324794144556222e+02 1.405324794144556222e+02 1.993395645515809944e+00 1.993395645515809944e+00
7.393386679216931157e-01 6.992054864858958751e+01 1.367017610942382078e+02 1.921074580210632154e+00 1.204477461926715733e+02 1.115234339152664518e+02 1.367017610942382078e+02 1.367017610942382078e+02 1.921074580210632154e+00 1.921074580210632154e+00
7.454822748005143218e-01 6.886243409063952470e+01 1.343321831768042216e+02 1.864483817836771085e+00 1.194542866693264074e+02 1.098303770716295844e+02 1.343321831768042216e+02 1.343321831768042216e+02 1.864483817836771085e+00 1.864483817836771085e+00
7.516118807450163919e-01 6.772782912018377033e+01 1.329602258829534946e+02 1.811254067807425372e+00 1.193212451212897918e+02 1.083548510597568963e+02 1.329602258829534946e+02 1.329602258829534946e+02 1.811254067807425372e+00 1.811254067807425372e+00
7.577553313207755492e-01 6.670287891529365254e+01 1.297365268217730261e+02 1.747690988984748950e+00 1.183198679415703651e+02 1.062993116765814250e+02 1.297365268217730261e+02 1.297365268217730261e+02 1.747690988984748950e+00 1.747690988984748950e+00
7.639042897236033580e-01 6.483298581509291125e+01 1.276021652269482587e+02 1.682634209661349578e+00 1.169365941842908114e+02 1.036925644791848669e+02 1.276021652269482587e+02 1.276021652269482587e+02 1.682634209661349578e+00 1.682634209661349578e+00
7.700556058884338029e-01 6.419389089519057734e+01 1.253345371143457925e+02 1.630014793680652829e+00 1.167439266062428942e+02 1.025196712571296445e+02 1.253345371143457925e+02 1.253345371143457925e+02 1.630014793680652829e+00 1.630014793680652829e+00
7.761646078124272430e-01 6.263848268777569928e+01 1.231223236046488267e+02 1.578296208733659611e+00 1.151455677080186177e+02 1.004382238604548121e+02 1.231223236046488267e+02 1.231223236046488267e+02 1.578296208733659611e+00 1.578296208733659611e+00
7.822760392858680856e-01 6.221493667427746033e+01 1.209886813808715402e+02 1.532346186308373825e+00 1.163280838358409994e+02 9.931657006810686994e+01 1.209886813808715402e+02 1.209886813808715402e+02 1.532346186308373825e+00 1.532346186308373825e+00
7.884165269731352454e-01 6.081793423149355959e+01 1.197886136462407762e+02 1.484493758752233550e+00 1.148592592592592752e+02 9.723256555120963185e+01 1.197886136462407762e+02 1.197886136462407762e+02 1.484493758752233550e+00 1.484493758752233550e+00
7.945591276009631443e-01 5.974636112738889437e+01 1.168056747509498763e+02 1.434645906977183749e+00 1.151248936693068146e+02 9.519517589459556461e+01 1.168056747509498763e+02 1.168056747509498763e+02 1.434645906977183749e+00 1.434645906977183749e+00
8.007019309919388705e-01 5.864240281030444635e+01 1.149892740046838355e+02 1.376931645199063192e+00 1.134057049180327823e+02 9.314177049180327117e+01 1.149892740046838355e+02 1.149892740046838355e+02 1.376931645199063192e+00 1.376931645199063192e+00
8.068322471611056868e-01 5.761903907881062281e+01 1.129796282500528832e+02 1.334911224236404292e+00 1.134631974910097512e+02 9.170823791260841062e+01 1.129796282500528832e+02 1.129796282500528832e+02 1.334911224236404292e+00 1.334911224236404292e+00
8.129795759107908415e-01 5.595175966208698526e+01 1.107640126265138605e+02 1.292641759978654159e+00 1.117754090502075712e+02 9.000367218096796762e+01 1.107640126265138605e+02 1.107640126265138605e+02 1.292641759978654159e+00 1.292641759978654159e+00
8.191384193203445907e-01 5.541032268379120751e+01 1.089120502367058521e+02 1.247289596045724647e+00 1.124655599669588923e+02 8.882399388917015415e+01 1.089120502367058521e+02 1.089120502367058521e+02 1.247289596045724647e+00 1.247289596045724647e+00
8.252636533623828319e-01 5.411511678450087715e+01 1.070358736438715823e+02 1.208371126773057469e+00 1.115534866804460137e+02 8.692078347186614451e+01 1.070358736438715823e+02 1.070358736438715823e+02 1.208371126773057469e+00 1.208371126773057469e+00
8.313801266770000087e-01 5.348264132629626744e+01 1.055056201197687926e+02 1.171985631212680623e+00 1.119680038825191417e+02 8.556069469360164703e+01 1.055056201197687926e+02 1.055056201197687926e+02 1.171985631212680623e+00 1.171985631212680623e+00
8.375206517277707929e-01 5.274674212271266782e+01 1.041871542900000804e+02 1.129617945172205040e+00 1.111701511109595941e+02 8.404584466168361701e+01 1.041871542900000804e+02 1.041871542900000804e+02 1.129617945172205040e+00 1.129617945172205040e+00
8.436596178727920892e-01 5.203776624910371851e+01 1.020285039436500938e+02 1.092309816419924973e+00 1.112635623602851354e+02 8.275978742249779430e+01 1.020285039436500938e+02 1.020285039436500938e+02 1.092309816419924973e+00 1.092309816419924973e+00
8.497926552975230141e-01 5.084613855646196612e+01 1.006591411652656518e+02 1.060411339496459604e+00 1.108515963393929411e+02 8.152985216779163125e+01 1.006591411652656518e+02 1.006591411652656518e+02 1.060411339496459604e+00 1.060411339496459604e+00
8.559261024612236923e-01 5.040761685886649701e+01 9.926522756186645324e+01 1.026730696228505657e+00 1.108652850166208452e+02 8.046937251200394314e+01 9.926522756186645324e+01 9.926522756186645324e+01 1.026730696228505657e+00 1.026730696228505657e+00
8.620635216668264267e-01 4.915971112057262360e+01 9.740828720848965361e+01 9.872510036672264011e-01 1.108886737735076196e+02 7.869450759553667751e+01 9.740828720848965361e+01 9.740828720848965361e+01 9.872510036672264011e-01 9.872510036672264011e-01
8.681991121454618598e-01 4.871403922631239425e+01 9.588249639376140010e+01 9.587311070953242753e-01 1.106302748710919133e+02 7.755914629772786384e+01 9.588249639376140010e+01 9.588249639376140010e+01 9.587311070953242753e-01 9.587311070953242753e-01
8.743258064632770665e-01 4.759216199024665883e+01 9.379406475526342035e+01 9.255420117047925554e-01 1.102345670286867545e+02 7.573822256775115136e+01 9.379406475526342035e+01 9.379406475526342035e+01 9.255420117047925554e-01 9.255420117047925554e-01
8.804649962982444844e-01 4.661894166288120545e+01 9.282497324515141202e+01 8.990857396656991574e-01 1.094776760623022227e+02 7.472897915816542991e+01 9.282497324515141202e+01 9.282497324515141202e+01 8.990857396656991574e-01 8.990857396656991574e-01
8.866060715851544760e-01 4.599611457417109506e+01 9.150649738039695080e+01 8.680967723431105565e-01 1.096769972083062328e+02 7.372289571302917466e+01 9.150649738039695080e+01 9.150649738039695080e+01 8.680967723431105565e-01 8.680967723431105565e-01
8.927497452568226022e-01 4.499347554918173842e+01 8.971169172623449128e+01 8.361639721095600608e-01 1.093016484788730338e+02 7.186350565054040374e+01 8.971169172623449128e+01 8.971169172623449128e+01 8.361639721095600608e-01 8.361639721095600608e-01
8.989002179133253057e-01 4.448912550974173286e+01 8.847104964085956169e+01 8.104805894248553466e-01 1.099115184918329930e+02 7.086670578710065627e+01 8.847104964085956169e+01 8.847104964085956169e+01 8.104805894248553466e-01 8.104805894248553466e-01
9.050334286265421246e-01 4.342945918464385358e+01 8.740530061960043895e+01 7.835533847594384760e-01 1.104098653265155292e+02 6.941859240239647022e+01 8.740530061960043895e+01 8.740530061960043895e+01 7.835533847594384760e-01 7.835533847594384760e-01
9.111662727418216035e-01 4.282528215237311287e+01 8.575004512993811545e+01 7.529565750709442673e-01 1.097965614597549262e+02 6.858131692769822507e+01 8.575004512993811545e+01 8.575004512993811545e+01 7.529565750709442673e-01 7.529565750709442673e-01
9.173141852908638372e-01 4.191005568758202315e+01 8.438032845032455498e+01 7.332417399709147965e-01 1.100159755967793416e+02 6.735920263895293658e+01 8.438032845032455498e+01 8.438032845032455498e+01 7.332417399709147965e-01 7.332417399709147965e-01
9.234386234055659282e-01 4.108684379929684383e+01 8.299225398442308688e+01 7.082046751978947619e-01 1.095642494853674549e+02 6.592744919108960744e+01 8.299225398442308688e+01 8.299225398442308688e+01 7.082046751978947619e-01 7.082046751978947619e-01
9.295586914769259357e-01 4.091677695628374067e+01 8.230482895293000922e+01 6.876410739898972668e-01 1.112463673718273043e+02 6.508829867583168038e+01 8.230482895293000922e+01 8.230482895293000922e+01 6.876410739898972668e-01 6.876410739898972668e-01
9.356866131768992734e-01 3.992032116046347312e+01 8.064242395104294303e+01 6.626724258569888226e-01 1.101050708462399683e+02 6.388157036202669303e+01 8.064242395104294303e+01 8.064242395104294303e+01 6.626724258569888226e-01 6.626724258569888226e-01
9.418341995598693561e-01 3.964199372477506955e+01 7.915454082248353984e+01 6.422489595764222514e-01 1.115041432574853530e+02 6.289846337440834390e+01 7.915454082248353984e+01 7.915454082248353984e+01 6.422489595764222514e-01 6.422489595764222514e-01
9.479856668247271800e-01 3.866507976838416738e+01 7.796029633988150920e+01 6.210210879725590605e-01 1.110079835247863684e+02 6.156051832733788842e+01 7.796029633988150920e+01 7.796029633988150920e+01 6.210210879725590605e-01 6.210210879725590605e-01
9.541104538204613350e-01 3.845265452055335942e+01 7.709141190336663385e+01 6.021330322045393979e-01 1.123668328142592827e+02 6.101432117624594298e+01 7.709141190336663385e+01 7.709141190336663385e+01 6.021330322045393979e-01 6.021330322045393979e-01
9.602408593380125090e-01 3.753497216162536887e+01 7.605804708104059841e+01 5.793198828671898282e-01 1.126542766906521678e+02 5.967603946211702493e+01 7.605804708104059841e+01 7.605804708104059841e+01 5.793198828671898282e-01 5.793198828671898282e-01
9.663673603621276698e-01 3.701729950490280885e+01 7.521698228309797685e+01 5.634964854360515751e-01 1.129077809243098471e+02 5.882940016824314000e+01 7.521698228309797685e+01 7.521698228309797685e+01 5.634964854360515751e-01 5.634964854360515751e-01
9.725109363121978712e-01 3.620335296754358012e+01 7.385217523059148448e+01 5.453314594815558136e-01 1.132458569291085126e+02 5.782313427653301829e+01 7.385217523059148448e+01 7.385217523059148448e+01 5.453314594815558136e-01 5.453314594815558136e-01
9.786539223807257937e-01 3.564824992949581883e+01 7.294768276251056704e+01 5.257563042490520644e-01 1.133991163475699580e+02 5.669456961113025528e+01 7.294768276251056704e+01 7.294768276251056704e+01 5.257563042490520644e-01 5.257563042490520644e-01
9.847742802912333726e-01 3.493290597231344918e+01 7.180234604469011117e+01 5.084792672328322105e-01 1.144723692200919629e+02 5.579509598582210828e+01 7.180234604469011117e+01 7.180234604469011117e+01 5.084792672328322105e-01 5.084792672328322105e-01
9.909163226000885505e-01 3.401246276369383992e+01 7.046955438020548002e+01 4.929535990029789150e-01 1.134363547936044654e+02 5.474393580156848316e+01 7.046955438020548002e+01 7.046955438020548002e+01 4.929535990029789150e-01 4.929535990029789150e-01
9.970641613013051519e-01 3.376926434816117251e+01 6.948872859516870903e+01 4.770835559867295794e-01 1.154902820259627703e+02 5.393709207389031945e+01 6.948872859516870903e+01 6.948872859516870903e+01 4.770835559867295794e-01 4.770835559867295794e-01
1.003199363263552968e+00 3.338593044815806365e+01 6.894606840715192675e+01 4.614975019525311417e-01 1.155057443167929563e+02 5.301711669279978167e+01 6.894606840715192675e+01 6.894606840715192675e+01 4.614975019525311417e-01 4.614975019525311417e-01
1.009337884460522083e+00 3.297296773511551748e+01 6.788044257038490059e+01 4.467506812389151483e-01 1.171799058011017252e+02 5.238095937232055377e+01 6.788044257038490059e+01 6.788044257038490059e+01 4.467506812389151483e-01 4.467506812389151483e-01
1.015478646350256975e+00 3.199018793871235644e+01 6.710262603273396564e+01 4.317647612737101070e-01 1.171434128555420813e+02 5.118853091960496471e+01 6.710262603273396564e+01 6.710262603273396564e+01 4.317647612737101070e-01 4.317647612737101070e-01
1.021609453879374962e+00 3.137798183106461636e+01 6.610307443272482431e+01 4.182713840707862896e-01 1.184998358228730382e+02 5.025686519617726589e+01 6.610307443272482431e+01 6.610307443272482431e+01 4.182713840707862896e-01 4.182713840707862896e-01
1.027737761654253790e+00 3.106544312899518445e+01 6.509588436125218891e+01 4.066303207752280380e-01 1.186295019222167610e+02 4.955470249520153914e+01 6.509588436125218891e+01 6.509588436125218891e+01 4.066303207752280380e-01 4.066303207752280380e-01
1.033868183565701315e+00 3.063384314763403538e+01 6.395255123014286625e+01 3.926394856431713043e-01 1.200906178025802262e+02 4.888329832583441004e+01 6.395255123014286625e+01 6.395255123014286625e+01 3.926394856431713043e-01 3.926394856431713043e-01
1.040006632801374398e+00 3.004628925200670508e+01 6.314401406897768254e+01 3.787123932560421680e-01 1.212495258886830669e+02 4.789688078856840292e+01 6.314401406897768254e+01 6.314401406897768254e+01 3.787123932560421680e-01 3.787123932560421680e-01
1.046156808389768100e+00 2.942228223101378504e+01 6.256747705894905920e+01 3.671171344479647325e-01 1.219296419718633473e+02 4.728101624614912879e+01 6.256747705894905920e+01 6.256747705894905920e+01 3.671171344479647325e-01 3.671171344479647325e-01
1.052295850575665437e+00 2.918468429456818569e+01 6.182168394273187317e+01 3.551109722184632722e-01 1.242651871498551941e+02 4.640418414571436045e+01 6.182168394273187317e+01 6.182168394273187317e+01 3.551109722184632722e-01 3.551109722184632722e-01
1.058425977651756611e+00 2.884019205858107782e+01 6.075190827436328078e+01 3.461602042161354698e-01 1.246069971844254809e+02 4.581596527101243055e+01 6.075190827436328078e+01 6.075190827436328078e+01 3.461602042161354698e-01 3.461602042161354698e-01
1.064562605041261323e+00 2.834400006346620771e+01 5.981092888082633152e+01 3.327912743551568742e-01 1.269918604589664426e+02 4.499301871724217960e+01 5.981092888082633152e+01 5.981092888082633152e+01 3.327912743551568742e-01 3.327912743551568742e-01
1.070698774491387617e+00 2.779992327726136381e+01 5.946164645953267325e+01 3.213712909187939615e-01 1.271440665139170960e+02 4.415308013089838823e+01 5.946164645953267325e+01 5.946164645953267325e+01 3.213712909187939615e-01 3.213712909187939615e-01
1.076840726399151738e+00 2.730068745383832862e+01 5.853243325603136071e+01 3.109304829414863969e-01 1.293474611725452235e+02 4.336966009513824361e+01 5.853243325603136071e+01 5.853243325603136071e+01 3.109304829414863969e-01 3.109304829414863969e-01
1.082972309238944275e+00 2.667973680436029937e+01 5.787099418080484980e+01 3.027574864188898318e-01 1.303884927464961834e+02 4.270853311203999425e+01 5.787099418080484980e+01 5.787099418080484980e+01 3.027574864188898318e-01 3.027574864188898318e-01
1.089087945679088287e+00 2.626911555246924834e+01 5.690587823830257719e+01 2.917337353069386352e-01 1.326820925859281317e+02 4.204966115354788059e+01 5.690587823830257719e+01 5.690587823830257719e+01 2.917337353069386352e-01 2.917337353069386352e-01
1.095217492047269259e+00 2.589799113161758370e+01 5.614791123628047842e+01 2.838940948295233246e-01 1.329861081982602968e+02 4.146957236020813298e+01 5.614791123628047842e+01 5.614791123628047842e+01 2.838940948295233246e-01 2.838940948295233246e-01
1.101360503814608816e+00 2.532372948982557403e+01 5.560284519405543335e+01 2.737999569908230457e-01 1.371595742060696637e+02 4.064704274194740208e+01 5.560284519405543335e+01 5.560284519405543335e+01 2.737999569908230457e-01 2.737999569908230457e-01
1.107509538678442151e+00 2.497262233068944326e+01 5.476259670530811263e+01 2.651223116229408094e-01 1.382416985967053051e+02 4.002704331909701096e+01 5.476259670530811263e+01 5.476259670530811263e+01 2.651223116229408094e-01 2.651223116229408094e-01
1.113637274621421813e+00 2.465071010536421880e+01 5.410083059780738068e+01 2.566842470676939936e-01 1.404023526331356777e+02 3.937015666442005823e+01 5.410083059780738068e+01 5.410083059780738068e+01 2.566842470676939936e-01 2.566842470676939936e-01
1.119766029293861820e+00 2.433759144115555983e+01 5.344995490573150221e+01 2.486460348955673860e-01 1.428306984601142346e+02 3.876573885408067355e+01 5.344995490573150221e+01 5.344995490573150221e+01 2.486460348955673860e-01 2.486460348955673860e-01
1.125921199838792353e+00 2.385258503849556533e+01 5.270325000470605659e+01 2.420259681835080778e-01 1.441205221843645745e+02 3.818330101839127622e+01 5.270325000470605659e+01 5.270325000470605659e+01 2.420259681835080778e-01 2.420259681835080778e-01
1.132060593734519616e+00 2.348144188750726968e+01 5.209223728877135784e+01 2.336657884032896371e-01 1.476739154897879018e+02 3.752275455278606131e+01 5.209223728877135784e+01 5.209223728877135784e+01 2.336657884032896371e-01 2.336657884032896371e-01
1.138193835500512563e+00 2.300130222162703930e+01 5.150952422732541436e+01 2.270037891994107770e-01 1.489591093173495722e+02 3.677002627532290546e+01 5.150952422732541436e+01 5.150952422732541436e+01 2.270037891994107770e-01 2.270037891994107770e-01
1.144331290643838761e+00 2.272601205067699226e+01 5.081856170817201246e+01 2.196705000400925589e-01 1.542721436917226185e+02 3.625244335494512882e+01 5.081856170817201246e+01 5.081856170817201246e+01 2.196705000400925589e-01 2.196705000400925589e-01
1.150477416657047947e+00 2.206381642055203329e+01 5.007314085502879664e+01 2.117063795310536456e-01 1.541477048065534348e+02 3.553206020238593510e+01 5.007314085502879664e+01 5.007314085502879664e+01 2.117063795310536456e-01 2.117063795310536456e-01
1.156613064375511923e+00 2.197606892294382774e+01 4.936875757562103928e+01 2.057307742566316378e-01 1.605786535333372456e+02 3.508559944847225864e+01 4.936875757562103928e+01 4.936875757562103928e+01 2.057307742566316378e-01 2.057307742566316378e-01
1.162735018537596643e+00 2.158923412482469217e+01 4.892831893252635922e+01 1.994913574419654168e-01 1.615398378084228170e+02 3.448076574244898040e+01 4.892831893252635922e+01 4.892831893252635922e+01 1.994913574419654168e-01 1.994913574419654168e-01
1.168863107201693285e+00 2.126826157072861179e+01 4.832183457294934925e+01 1.930701136694102649e-01 1.662083612393810199e+02 3.400841807959392327e+01 4.832183457294934925e+01 4.832183457294934925e+01 1.930701136694102649e-01 1.930701136694102649e-01
1.175003119642887395e+00 2.094352886867910968e+01 4.759722767493129680e+01 1.868809920628928534e-01 1.706781022559115684e+02 3.336917740550754274e+01 4.759722767493129680e+01 4.759722767493129680e+01 1.868809920628928534e-01 1.868809920628928534e-01
1.181141063188670737e+00 2.053540988419788960e+01 4.719577551143772354e+01 1.818816938649061576e-01 1.739174618526610061e+02 3.287442897729725644e+01 4.719577551143772354e+01 4.719577551143772354e+01 1.818816938649061576e-01 1.818816938649061576e-01
1.187270909488056914e+00 2.016207842189811572e+01 4.653185916101878661e+01 1.749675617452708387e-01 1.790961857168894085e+02 3.223641010643032701e+01 4.653185916101878661e+01 4.653185916101878661e+01 1.749675617452708387e-01 1.749675617452708387e-01
1.193410238621095854e+00 1.976481973690307115e+01 4.607483056237705910e+01 1.703446545799758294e-01 1.824116797176109799e+02 3.178252802197107840e+01 4.607483056237705910e+01 4.607483056237705910e+01 1.703446545799758294e-01 1.703446545799758294e-01
1.199554515593299175e+00 1.980433717429668761e+01 4.536825080452610592e+01 1.658210707982974985e-01 1.905586380151562196e+02 3.133900134952766336e+01 4.536825080452610592e+01 4.536825080452610592e+01 1.658210707982974985e-01 1.658210707982974985e-01
1.205699244952225024e+00 1.910418270834276910e+01 4.482941401730236208e+01 1.600025136963315886e-01 1.918375504926767690e+02 3.071038512375595531e+01 4.482941401730236208e+01 4.482941401730236208e+01 1.600025136963315886e-01 1.600025136963315886e-01
1.211823614414484052e+00 1.893975360083992499e+01 4.443553348206962283e+01 1.557689278632419239e-01 2.004011450506906726e+02 3.020613373142163738e+01 4.443553348206962283e+01 4.443553348206962283e+01 1.557689278632419239e-01 1.557689278632419239e-01
1.217948190684038368e+00 1.877803466808695987e+01 4.414795671331041405e+01 1.506520125708129543e-01 2.058802756661663125e+02 2.986100889297761185e+01 4.414795671331041405e+01 4.414795671331041405e+01 1.506520125708129543e-01 1.506520125708129543e-01
1.224088465910863066e+00 1.833729839918460058e+01 4.328111597417910161e+01 1.461369211783280220e-01 2.140241021643983288e+02 2.918541079601094879e+01 4.328111597417910161e+01 4.328111597417910161e+01 1.461369211783280220e-01 1.461369211783280220e-01
1.230226458808759915e+00 1.786708840708840640e+01 4.290002970002969818e+01 1.418560043560043449e-01 2.183216077616077655e+02 2.882321354321354434e+01 4.290002970002969818e+01 4.290002970002969818e+01 1.418560043560043449e-01 1.418560043560043449e-01
1.236361550594031522e+00 1.786339601505614638e+01 4.223642929603502694e+01 1.382104509304338535e-01 2.603537646243208883e+02 2.834159319418278145e+01 4.223642929603502694e+01 4.223642929603502694e+01 1.382104509304338535e-01 1.382104509304338535e-01
1.242496792651986093e+00 1.744137827756146919e+01 4.200299118204201676e+01 1.334460962448801857e-01 3.892224093601826667e+02 2.786563991458211120e+01 4.200299118204201676e+01 4.200299118204201676e+01 1.334460962448801857e-01 1.334460962448801857e-01
1.248637470443478836e+00 1.758107466708516142e+01 4.131131891308424997e+01 1.299193364525957628e-01 4.831387199381442201e+02 2.758207752638247356e+01 4.131131891308424997e+01 4.131131891308424997e+01 1.299193364525957628e-01 1.299193364525957628e-01
1.254772466883479876e+00 1.683439142316586157e+01 4.091366598505551622e+01 1.255459060332141941e-01 6.250086723871041841e+02 2.706449060714353649e+01 4.091366598505551622e+01 4.091366598505551622e+01 1.255459060332141941e-01 1.255459060332141941e-01
1.260914491442226115e+00 1.662983384025291045e+01 4.047628215693030995e+01 1.223070824140733842e-01 6.951617398079199575e+02 2.666427003580899679e+01 4.047628215693030995e+01 4.047628215693030995e+01 1.223070824140733842e-01 1.223070824140733842e-01
1.267057912247927520e+00 1.618511201659838150e+01 3.998105717303212714e+01 1.185866541642011385e-01 8.422971679387597987e+02 2.610943620933733911e+01 3.998105717303212714e+01 3.998105717303212714e+01 1.185866541642011385e-01 1.185866541642011385e-01
1.273186365191749214e+00 1.604628647459944801e+01 3.963846765102655212e+01 1.148025168397612400e-01 8.993379040156709152e+02 2.583306968750577326e+01 3.963846765102655212e+01 3.963846765102655212e+01 1.148025168397612400e-01 1.148025168397612400e-01
1.279317993167675471e+00 1.625550214516796643e+01 3.916636684387353995e+01 1.118069193116410648e-01 1.044286085901978140e+03 2.547995156426893715e+01 3.916636684387353995e+01 3.916636684387353995e+01 1.118069193116410648e-01 1.118069193116410648e-01
1.285454867222016517e+00 1.565375777849456895e+01 3.869023742303050284e+01 1.088985912747670592e-01 1.102793799674544516e+03 2.498751635431881013e+01 3.869023742303050284e+01 3.869023742303050284e+01 1.088985912747670592e-01 1.088985912747670592e-01
1.291590440177868837e+00 1.537214313183554815e+01 3.827347223370340856e+01 1.052705966087775363e-01 1.205204443757570061e+03 2.454666232977396589e+01 3.827347223370340856e+01 3.827347223370340856e+01 1.052705966087775363e-01 1.052705966087775363e-01
1.297722286883003173e+00 1.501045473000406005e+01 3.777007429251162307e+01 1.024014167908733480e-01 1.277396300332642340e+03 2.411123220149439561e+01 3.777007429251162307e+01 3.777007429251162307e+01 1.024014167908733480e-01 1.024014167908733480e-01
1.303853449480362636e+00 1.462604204134312269e+01 3.729323854459796195e+01 9.975364609781083025e-02 1.376298471672696678e+03 2.379179449745748798e+01 3.729323854459796195e+01 3.729323854459796195e+01 9.975364609781083025e-02 9.975364609781083025e-02
1.310000794114592582e+00 1.464577547764612575e+01 3.699144286146263738e+01 9.653704521736938826e-02 1.479070824050355668e+03 2.345242655006899213e+01 3.699144286146263738e+01 3.699144286146263738e+01 9.653704521736938826e-02 9.653704521736938826e-02
1.316143719180109750e+00 1.460577166586297437e+01 3.657822815373994274e+01 9.399780883676839283e-02 1.552315223085275647e+03 2.307460460081941989e+01 3.657822815373994274e+01 3.657822815373994274e+01 9.399780883676839283e-02 9.399780883676839283e-02
1.322267763843804511e+00 1.455281744493573370e+01 3.610521639802005467e+01 9.134014109735766329e-02 1.638026172892018621e+03 2.278131056554714107e+01 3.610521639802005467e+01 3.610521639802005467e+01 9.134014109735766329e-02 9.134014109735766329e-02
1.328401901823275777e+00 1.384228687759776122e+01 3.570228518110102556e+01 8.880995392951056278e-02 1.691559141572652607e+03 2.233823903638985442e+01 3.570228518110102556e+01 3.570228518110102556e+01 8.880995392951056278e-02 8.880995392951056278e-02
1.334537614144214679e+00 1.376038732394366271e+01 3.540382438169687873e+01 8.640021385790822017e-02 1.800952193544039346e+03 2.199823438237077866e+01 3.540382438169687873e+01 3.540382438169687873e+01 8.640021385790822017e-02 8.640021385790822017e-02
1.340678552423816727e+00 1.358636529741042764e+01 3.498496420444163846e+01 8.405105694483663847e-02 1.855138700729199400e+03 2.170469744032689263e+01 3.498496420444163846e+01 3.498496420444163846e+01 8.405105694483663847e-02 8.405105694483663847e-02
1.346815149096061148e+00 1.357343444389192832e+01 3.460047405934029285e+01 8.185927917288247924e-02 1.957715975468257966e+03 2.145169567379413422e+01 3.460047405934029285e+01 3.460047405934029285e+01 8.185927917288247924e-02 8.185927917288247924e-02
1.352940200955950356e+00 1.317575223961691755e+01 3.433797349445701030e+01 7.934507263821471978e-02 2.002698236782414369e+03 2.103989414802910574e+01 3.433797349445701030e+01 3.433797349445701030e+01 7.934507263821471978e-02 7.934507263821471978e-02
1.359082410299650379e+00 1.299107602539900519e+01 3.384313103283025725e+01 7.727257307597035219e-02 2.087515618574560449e+03 2.064547762368415107e+01 3.384313103283025725e+01 3.384313103283025725e+01 7.727257307597035219e-02 7.727257307597035219e-02
1.365220173749337018e+00 1.267823760291328661e+01 3.360505768295784890e+01 7.540213834854157804e-02 2.154126493590961218e+03 2.045606725546321769e+01 3.360505768295784890e+01 3.360505768295784890e+01 7.540213834854157804e-02 7.540213834854157804e-02
1.371355627496639196e+00 1.240693596034050294e+01 3.324803403746538066e+01 7.326722597161318407e-02 2.229390079401673574e+03 2.014462265920878181e+01 3.324803403746538066e+01 3.324803403746538066e+01 7.326722597161318407e-02 7.326722597161318407e-02
1.377497312851453160e+00 1.215054608965037630e+01 3.283030916102927677e+01 7.146610574263451143e-02 2.284530922425238714e+03 1.984675507365492919e+01 3.283030916102927677e+01 3.283030916102927677e+01 7.146610574263451143e-02 7.146610574263451143e-02
1.383633079758801232e+00 1.212952154500376523e+01 3.246074531871482804e+01 6.938083696035944603e-02 2.362752436330459659e+03 1.948226220196156078e+01 3.246074531871482804e+01 3.246074531871482804e+01 6.938083696035944603e-02 6.938083696035944603e-02
1.389766479619330530e+00 1.204254225051889371e+01 3.213931857715873974e+01 6.747133177626440936e-02 2.409967631014728340e+03 1.915408719897186174e+01 3.213931857715873974e+01 3.213931857715873974e+01 6.747133177626440936e-02 6.747133177626440936e-02
1.395898899779254521e+00 1.149764175550359369e+01 3.181610295877598560e+01 6.608837078216388272e-02 2.477355869374428494e+03 1.894597057794634765e+01 3.181610295877598560e+01 3.181610295877598560e+01 6.608837078216388272e-02 6.608837078216388272e-02
1.402038197914537321e+00 1.163349796009288717e+01 3.150683071364708354e+01 6.441737751593629158e-02 2.575675470155106268e+03 1.865125064462285209e+01 3.150683071364708354e+01 3.150683071364708354e+01 6.441737751593629158e-02 6.441737751593629158e-02
1.408181749899602986e+00 1.117190611621440155e+01 3.120181910755872678e+01 6.273647263769090154e-02 2.588101144549455967e+03 1.834629625724193502e+01 3.120181910755872678e+01 3.120181910755872678e+01 6.273647263769090154e-02 6.273647263769090154e-02
1.414313666006327352e+00 1.142879849097440292e+01 3.091005666361053628e+01 6.112248221747102611e-02 2.686880699803105017e+03 1.815411900861226613e+01 3.091005666361053628e+01 3.091005666361053628e+01 6.112248221747102611e-02 6.112248221747102611e-02
1.420444380108462745e+00 1.105316534363282521e+01 3.059589918838103273e+01 5.942451063877912665e-02 2.717971996772509556e+03 1.782214835777682893e+01 3.059589918838103273e+01 3.059589918838103273e+01 5.942451063877912665e-02 5.942451063877912665e-02
1.426582768631972087e+00 1.116986878479469780e+01 3.019711721047719521e+01 5.818143696400340098e-02 2.787032298900995102e+03 1.759961256627736859e+01 3.019711721047719521e+01 3.019711721047719521e+01 5.818143696400340098e-02 5.818143696400340098e-02
1.432726168338077644e+00 1.098147899923654691e+01 3.000259923421664610e+01 5.667583131057352119e-02 2.848561154852583968e+03 1.737210718635810025e+01 3.000259923421664610e+01 3.000259923421664610e+01 5.667583131057352119e-02 5.667583131057352119e-02
1.438861657952483553e+00 1.043297579941375730e+01 2.961511007251187877e+01 5.532597796628965781e-02 2.886659797221875579e+03 1.710408977440426170e+01 2.961511007251187877e+01 2.961511007251187877e+01 5.532597796628965781e-02 5.532597796628965781e-02
1.444991779317132963e+00 1.012725453632647188e+01 2.927376030983289112e+01 5.408768624937244224e-02 2.958134071577135273e+03 1.689903033780391439e+01 2.927376030983289112e+01 2.927376030983289112e+01 5.408768624937244224e-02 5.408768624937244224e-02
1.451129573505090198e+00 1.009203132072571130e+01 2.900910698069001370e+01 5.265867847184067113e-02 2.996853215057406032e+03 1.660104649143533706e+01 2.900910698069001370e+01 2.900910698069001370e+01 5.265867847184067113e-02 5.265867847184067113e-02
1.457259699941714226e+00 9.896687135799609791e+00 2.869393185304028648e+01 5.154681228444562419e-02 3.079280217157351672e+03 1.641718757502916404e+01 2.869393185304028648e+01 2.869393185304028648e+01 5.154681228444562419e-02 5.154681228444562419e-02
1.463381498859491758e+00 9.799886839393368021e+00 2.851162353179026709e+01 5.038117666848715426e-02 3.092604732528198838e+03 1.615120840364921762e+01 2.851162353179026709e+01 2.851162353179026709e+01 5.038117666848715426e-02 5.038117666848715426e-02
1.469517533590522174e+00 9.565925216227574523e+00 2.823522629238834725e+01 4.914225616849989681e-02 3.162031012896232824e+03 1.592133823301701057e+01 2.823522629238834725e+01 2.823522629238834725e+01 4.914225616849989681e-02 4.914225616849989681e-02
1.475660550406120208e+00 9.535783759953710970e+00 2.797524591519026060e+01 4.809662740576695766e-02 3.183889345052765293e+03 1.571723059543162648e+01 2.797524591519026060e+01 2.797524591519026060e+01 4.809662740576695766e-02 4.809662740576695766e-02
1.481800492405727532e+00 9.427407101838767289e+00 2.762578793596854609e+01 4.686095478608984927e-02 3.272838192328532841e+03 1.553801969737813060e+01 2.762578793596854609e+01 2.762578793596854609e+01 4.686095478608984927e-02 4.686095478608984927e-02
1.487943725053375577e+00 9.113391647260245421e+00 2.739101705871692971e+01 4.613041279383484072e-02 3.283218712387381856e+03 1.536344777035780851e+01 2.739101705871692971e+01 2.739101705871692971e+01 4.613041279383484072e-02 4.613041279383484072e-02
1.494084839802395370e+00 9.031020948375971358e+00 2.716296876382858372e+01 4.505163844406481072e-02 3.368357852221558005e+03 1.509067795928328870e+01 2.716296876382858372e+01 2.716296876382858372e+01 4.505163844406481072e-02 4.505163844406481072e-02
1.500230994160872244e+00 8.896524363846904038e+00 2.687221961059276865e+01 4.400551882398325704e-02 3.377111523660034891e+03 1.493097861739451560e+01 2.687221961059276865e+01 2.687221961059276865e+01 4.400551882398325704e-02 4.400551882398325704e-02
1.506363835328208056e+00 8.982072122199699749e+00 2.658453691559688892e+01 4.315485098879880133e-02 3.437149747625293003e+03 1.470941404024747179e+01 2.658453691559688892e+01 2.658453691559688892e+01 4.315485098879880133e-02 4.315485098879880133e-02
1.512486114839888929e+00 8.787010176782247939e+00 2.626151445207994328e+01 4.215698338240308346e-02 3.482171074857052645e+03 1.452657110633163562e+01 2.626151445207994328e+01 2.626151445207994328e+01 4.215698338240308346e-02 4.215698338240308346e-02
1.518627690030334820e+00 8.684605507722098494e+00 2.605699286036024631e+01 4.135644883657266235e-02 3.497240630193583456e+03 1.434917446297379762e+01 2.605699286036024631e+01 2.605699286036024631e+01 4.135644883657266235e-02 4.135644883657266235e-02
1.524765346634578744e+00 8.382567498713264342e+00 2.583952130810036607e+01 4.055586114204021153e-02 3.602753218134839699e+03 1.418528490547981846e+01 2.583952130810036607e+01 2.583952130810036607e+01 4.055586114204021153e-02 4.055586114204021153e-02
1.530890949051883609e+00 8.681814521592196243e+00 2.561929071559858073e+01 3.965317123795001480e-02 3.570823476480317368e+03 1.398551189596684985e+01 2.561929071559858073e+01 2.561929071559858073e+01 3.965317123795001480e-02 3.965317123795001480e-02
1.537028126588163568e+00 8.568796982949862695e+00 2.541328009127210308e+01 3.905242798060467452e-02 3.666667701083856173e+03 1.381890473474044434e+01 2.541328009127210308e+01 2.541328009127210308e+01 3.905242798060467452e-02 3.905242798060467452e-02
1.543169805434377873e+00 8.179697887474395301e+00 2.511128146481847168e+01 3.813422011077878537e-02 3.698158118959948752e+03 1.363839116283161523e+01 2.511128146481847168e+01 2.511128146481847168e+01 3.813422011077878537e-02 3.813422011077878537e-02
1.549306732909000672e+00 8.117823964238443324e+00 2.490245735833978458e+01 3.768527446276502546e-02 3.740132317758409499e+03 1.349218839747271659e+01 2.490245735833978458e+01 2.490245735833978458e+01 3.768527446276502546e-02 3.768527446276502546e-02
1.555434294201658130e+00 8.389784979620626970e+00 2.461116754799273565e+01 3.689492142578604944e-02 3.766062516610243620e+03 1.336448897576580919e+01 2.461116754799273565e+01 2.461116754799273565e+01 3.689492142578604944e-02 3.689492142578604944e-02
1.561571446339652391e+00 7.782434132894628043e+00 2.440234629376655917e+01 3.622103147170933901e-02 3.813594285070776095e+03 1.318448297810876646e+01 2.440234629376655917e+01 2.440234629376655917e+01 3.622103147170933901e-02 3.622103147170933901e-02
1.567719175442112256e+00 7.727774092293734576e+00 2.418097054512373845e+01 3.557173153414980304e-02 3.862567961816217576e+03 1.301670418543621466e+01 2.418097054512373845e+01 2.418097054512373845e+01 3.557173153414980304e-02 3.557173153414980304e-02
