# k, xm.power, xs.power, xd.power,  pm1.power, pm2.power, ps1.power, ps2.power, pd1.power, pd2.power
0.000000000000000000e+00 0.000000000000000000e+00 0.000000000000000000e+00 0.000000000000000000e+00 0.000000000000000000e+00 0.000000000000000000e+00 0.000000000000000000e+00 0.000000000000000000e+00 0.000000000000000000e+00 0.000000000000000000e+00
8.691056022563805813e-03 5.144006214462793999e-05 3.166444230769230853e+04 5.555979567307692378e+03 6.461126505614017822e-12 2.438673798076923049e+04 3.166444230769230853e+04 3.166444230769230853e+04 5.555979567307692378e+03 5.555979567307692378e+03
1.503254434404273886e-02 -5.469698872831132075e-05 2.411289583333333212e+04 4.239139322916666060e+03 4.469838079914880578e-12 2.090810763888888687e+04 2.411289583333333212e+04 2.411289583333333212e+04 4.239139322916666060e+03 4.239139322916666060e+03
2.104537904654678673e-02 -1.044236705638468266e-05 2.311805427631578641e+04 3.992711348684210407e+03 5.886388963979713964e-12 2.023110690789473665e+04 2.311805427631578641e+04 2.311805427631578641e+04 3.992711348684210407e+03 3.992711348684210407e+03
2.718418752217394846e-02 -1.646510552232846375e-05 1.736164636752137085e+04 3.031409989316239717e+03 5.366902079446280038e-12 1.475544337606837689e+04 1.736164636752137085e+04 1.736164636752137085e+04 3.031409989316239717e+03 3.031409989316239717e+03
3.359305548768203725e-02 4.864131610576923777e+03 1.979568389423076951e+04 3.450061298076923322e+03 4.887722055288461888e+03 1.806176923076923049e+04 1.979568389423076951e+04 1.979568389423076951e+04 3.450061298076923322e+03 3.450061298076923322e+03
3.967812110980351720e-02 5.082391145833333212e+03 1.595317291666666642e+04 2.732241145833333121e+03 5.115508333333333212e+03 1.370081250000000000e+04 1.595317291666666642e+04 1.595317291666666642e+04 2.732241145833333121e+03 2.732241145833333121e+03
4.573133090443888549e-02 6.573046398891966419e+03 1.407315650969529088e+04 2.383674515235456965e+03 6.606183518005540463e+03 1.226698060941828226e+04 1.407315650969529088e+04 1.407315650969529088e+04 2.383674515235456965e+03 2.383674515235456965e+03
5.186912300623527233e-02 6.607774027459954596e+03 1.295331121281464584e+04 2.166612986270022702e+03 6.638521739130434980e+03 1.118521167048054849e+04 1.295331121281464584e+04 1.295331121281464584e+04 2.166612986270022702e+03 2.166612986270022702e+03
5.807971256735403043e-02 6.193979776247848349e+03 1.189996213425129099e+04 2.000890275387263500e+03 6.231178141135972510e+03 1.029425301204819334e+04 1.189996213425129099e+04 1.189996213425129099e+04 2.000890275387263500e+03 2.000890275387263500e+03
6.422094742881356844e-02 6.790274668630338965e+03 1.138430633284241594e+04 1.889122238586156072e+03 6.833444771723122358e+03 9.894050073637701644e+03 1.138430633284241594e+04 1.138430633284241594e+04 1.889122238586156072e+03 1.889122238586156072e+03
7.029194303550849454e-02 5.386358455882353155e+03 8.990157475490195793e+03 1.506362285539215691e+03 5.432450367647058556e+03 7.891020833333333030e+03 8.990157475490195793e+03 8.990157475490195793e+03 1.506362285539215691e+03 1.506362285539215691e+03
7.656976085866129544e-02 5.884086444007858518e+03 9.091929273084479064e+03 1.505094056974459590e+03 5.939808447937130950e+03 8.054883104125736281e+03 9.091929273084479064e+03 9.091929273084479064e+03 1.505094056974459590e+03 1.505094056974459590e+03
8.283279975513359317e-02 5.235941125541125984e+03 7.641762770562770129e+03 1.242730735930735818e+03 5.280933333333333394e+03 6.751396969696969791e+03 7.641762770562770129e+03 7.641762770562770129e+03 1.242730735930735818e+03 1.242730735930735818e+03
8.886264192081894109e-02 4.562128560126581760e+03 7.028919303797468274e+03 1.126098299050632932e+03 4.603229034810126905e+03 6.066170490506328861e+03 7.028919303797468274e+03 7.028919303797468274e+03 1.126098299050632932e+03 1.126098299050632932e+03
9.493524398572131262e-02 4.262558996088657295e+03 6.163104954367666323e+03 9.892270208604953723e+02 4.302551499348109246e+03 5.382292046936114275e+03 6.163104954367666323e+03 6.163104954367666323e+03 9.892270208604953723e+02 9.892270208604953723e+02
1.010510809291368245e-01 3.917856624319419552e+03 5.545301875378100704e+03 8.955936176648518767e+02 3.952637023593466893e+03 4.878703569267998319e+03 5.545301875378100704e+03 5.545301875378100704e+03 8.955936176648518767e+02 8.955936176648518767e+02
1.071918355362574127e-01 3.623450432130147419e+03 5.060449415353329641e+03 8.027623919674631452e+02 3.662026436197254952e+03 4.470646670055923096e+03 5.060449415353329641e+03 5.060449415353329641e+03 8.027623919674631452e+02 8.027623919674631452e+02
1.133640700251744293e-01 3.348901547116737220e+03 4.749401312705110286e+03 7.365829231129864638e+02 3.392255977496483865e+03 4.105437880918893825e+03 4.749401312705110286e+03 4.749401312705110286e+03 7.365829231129864638e+02 7.365829231129864638e+02
1.195184611122857843e-01 3.292871088861076259e+03 4.620261576971213799e+03 7.066914372131831215e+02 3.342630997079682857e+03 4.002915727993324708e+03 4.620261576971213799e+03 4.620261576971213799e+03 7.066914372131831215e+02 7.066914372131831215e+02
1.256657517103361710e-01 3.091042884250474344e+03 4.224255028462997871e+03 6.439179791271346858e+02 3.145489943074003804e+03 3.697661859582542547e+03 4.224255028462997871e+03 4.224255028462997871e+03 6.439179791271346858e+02 6.439179791271346858e+02
1.317871926578333408e-01 3.013321515467500831e+03 4.090077511296489320e+03 6.054850104275286640e+02 3.058135210288494818e+03 3.550412930135557872e+03 4.090077511296489320e+03 4.090077511296489320e+03 6.054850104275286640e+02 6.054850104275286640e+02
1.378887696062481294e-01 2.809731399747793148e+03 3.827851197982345639e+03 5.583091503783101643e+02 2.855416771752837121e+03 3.294443253467843533e+03 3.827851197982345639e+03 3.827851197982345639e+03 5.583091503783101643e+02 5.583091503783101643e+02
1.440612672229828750e-01 2.724608497291132153e+03 3.486080125463359309e+03 5.218723980610208173e+02 2.776659538066724053e+03 3.134187909894496897e+03 3.486080125463359309e+03 3.486080125463359309e+03 5.218723980610208173e+02 5.218723980610208173e+02
1.501845201433902877e-01 2.409671374253123304e+03 3.177390548614882846e+03 4.639003938077131579e+02 2.465172189027702188e+03 2.788660782183595529e+03 3.177390548614882846e+03 3.177390548614882846e+03 4.639003938077131579e+02 4.639003938077131579e+02
1.563418093457785985e-01 2.235767198286122493e+03 2.889947155439181188e+03 4.184779814329921237e+02 2.288005712925493754e+03 2.573750059509640778e+03 2.889947155439181188e+03 2.889947155439181188e+03 4.184779814329921237e+02 4.184779814329921237e+02
1.625438955957596576e-01 2.131428931105516313e+03 2.698965438315403844e+03 3.879774261844816010e+02 2.184074387731746356e+03 2.414332570382238373e+03 2.698965438315403844e+03 2.698965438315403844e+03 3.879774261844816010e+02 3.879774261844816010e+02
1.686940235306336466e-01 2.020444467425025778e+03 2.513955739400206767e+03 3.587408479834539889e+02 2.073504653567735204e+03 2.286486866597724656e+03 2.513955739400206767e+03 2.513955739400206767e+03 3.587408479834539889e+02 3.587408479834539889e+02
1.747987378343396903e-01 1.890019838056680101e+03 2.364508299595141580e+03 3.354049595141700024e+02 1.938663360323886536e+03 2.145024291497975810e+03 2.364508299595141580e+03 2.364508299595141580e+03 3.354049595141700024e+02 3.354049595141700024e+02
1.809057159377772395e-01 1.807728301886792451e+03 2.314580233602875069e+03 3.154769541778975963e+02 1.856605390835579556e+03 2.032042407906558765e+03 2.314580233602875069e+03 2.314580233602875069e+03 3.154769541778975963e+02 3.154769541778975963e+02
1.870079494254630881e-01 1.707732280701754235e+03 2.212809122807017502e+03 2.951912061403508574e+02 1.759248947368420886e+03 1.935268421052631538e+03 2.212809122807017502e+03 2.212809122807017502e+03 2.951912061403508574e+02 2.951912061403508574e+02
1.931644028143169878e-01 1.698801603521458901e+03 2.111757899701305178e+03 2.869898207828957766e+02 1.751083163024681653e+03 1.894664518157522480e+03 2.111757899701305178e+03 2.111757899701305178e+03 2.869898207828957766e+02 2.869898207828957766e+02
1.993257601852206906e-01 1.565088838268792870e+03 2.017917539863325828e+03 2.603884965831435352e+02 1.620198177676537625e+03 1.747139711465451910e+03 2.017917539863325828e+03 2.017917539863325828e+03 2.603884965831435352e+02 2.603884965831435352e+02
2.054762598507901550e-01 1.551175102213449918e+03 1.937086705202312260e+03 2.478193994078669391e+02 1.603693077682222111e+03 1.712831665021852587e+03 1.937086705202312260e+03 1.937086705202312260e+03 2.478193994078669391e+02 2.478193994078669391e+02
2.116257382464896697e-01 1.426016044925792357e+03 1.769727904800107126e+03 2.261947787137318073e+02 1.482943709052012309e+03 1.579222890760797100e+03 1.769727904800107126e+03 1.769727904800107126e+03 2.261947787137318073e+02 2.261947787137318073e+02
2.177578654451892970e-01 1.360061131502341595e+03 1.653966333375522254e+03 2.100995127199088870e+02 1.418689406404252622e+03 1.494377547145930976e+03 1.653966333375522254e+03 1.653966333375522254e+03 2.100995127199088870e+02 2.100995127199088870e+02
2.238991135097555263e-01 1.243966320315299072e+03 1.570648751940761940e+03 1.908114325809148397e+02 1.296177475217962410e+03 1.380605995461602788e+03 1.570648751940761940e+03 1.570648751940761940e+03 1.908114325809148397e+02 1.908114325809148397e+02
2.300081978121491233e-01 1.262546481122390787e+03 1.510435496749172898e+03 1.865136591764571676e+02 1.317746549560853282e+03 1.376668643777803027e+03 1.510435496749172898e+03 1.510435496749172898e+03 1.865136591764571676e+02 1.865136591764571676e+02
2.361454707693454169e-01 1.150685500267522684e+03 1.381014767255216611e+03 1.687056046013911157e+02 1.203292134831460544e+03 1.259396896736222516e+03 1.381014767255216611e+03 1.381014767255216611e+03 1.687056046013911157e+02 1.687056046013911157e+02
2.422857100963227428e-01 1.109574900439089106e+03 1.342310732155621281e+03 1.595999183089962230e+02 1.166791177371591857e+03 1.208322781578678587e+03 1.342310732155621281e+03 1.342310732155621281e+03 1.595999183089962230e+02 1.595999183089962230e+02
2.484099584913142256e-01 1.091549697914636454e+03 1.324678815045800093e+03 1.531715187098031379e+02 1.145454102514129772e+03 1.186414539076203482e+03 1.324678815045800093e+03 1.324678815045800093e+03 1.531715187098031379e+02 1.531715187098031379e+02
2.545441957051269855e-01 1.040684832809901991e+03 1.258945593940513618e+03 1.438440213375207861e+02 1.093556622944762694e+03 1.135421947164234325e+03 1.258945593940513618e+03 1.258945593940513618e+03 1.438440213375207861e+02 1.438440213375207861e+02
2.606917133414053955e-01 9.947740773286468539e+02 1.200754569420035295e+03 1.340505821616871742e+02 1.051626010544815472e+03 1.073099648506151198e+03 1.200754569420035295e+03 1.200754569420035295e+03 1.340505821616871742e+02 1.340505821616871742e+02
2.668580198415695381e-01 9.360765109660136432e+02 1.162394776494223834e+03 1.246020006696802227e+02 9.921811485015904282e+02 1.016108069646743616e+03 1.162394776494223834e+03 1.162394776494223834e+03 1.246020006696802227e+02 1.246020006696802227e+02
2.730019564931540632e-01 9.046766717630964649e+02 1.115917115957189935e+03 1.180747364609318311e+02 9.602925082481692698e+02 9.807281725275609006e+02 1.115917115957189935e+03 1.115917115957189935e+03 1.180747364609318311e+02 1.180747364609318311e+02
2.791389873202678173e-01 8.714273425499231962e+02 1.051874654377880233e+03 1.111756432411674353e+02 9.263405529953917039e+02 9.424329493087557239e+02 1.051874654377880233e+03 1.051874654377880233e+03 1.111756432411674353e+02 1.111756432411674353e+02
2.852424996643880273e-01 8.282008655424563131e+02 9.919859722429488329e+02 1.030622481719146464e+02 8.854300850619310950e+02 8.929703029398597209e+02 9.919859722429488329e+02 9.919859722429488329e+02 1.030622481719146464e+02 1.030622481719146464e+02
2.913531997893986092e-01 7.898409824561402957e+02 9.603939649122805804e+02 9.747942105263156520e+01 8.469430877192982052e+02 8.495679298245613609e+02 9.603939649122805804e+02 9.603939649122805804e+02 9.747942105263156520e+01 9.747942105263156520e+01
2.975143171497069416e-01 7.572431335407928827e+02 9.075946421323230879e+02 9.071951528886484084e+01 8.132688404816668708e+02 8.146693275605465487e+02 9.075946421323230879e+02 9.075946421323230879e+02 9.071951528886484084e+01 9.071951528886484084e+01
3.036544665973567314e-01 7.378571057923072658e+02 8.858802620483882038e+02 8.581537426217812481e+01 7.947391191541804574e+02 7.886300836738665794e+02 8.858802620483882038e+02 8.858802620483882038e+02 8.581537426217812481e+01 8.581537426217812481e+01
3.097883787544665757e-01 7.037491376607085840e+02 8.447121354656632093e+02 7.937162903731577046e+01 7.639773596738789365e+02 7.493668861712135367e+02 8.447121354656632093e+02 8.447121354656632093e+02 7.937162903731577046e+01 7.937162903731577046e+01
3.159486680635095190e-01 6.754713617248120272e+02 8.220055084996743062e+02 7.594187200142155802e+01 7.341763312207546051e+02 7.233657525321330013e+02 8.220055084996743062e+02 8.220055084996743062e+02 7.594187200142155802e+01 7.594187200142155802e+01
3.221066234444813769e-01 6.469127785515320284e+02 7.893172585886721890e+02 7.110268686165274232e+01 7.040020311049211159e+02 6.933467386258124634e+02 7.893172585886721890e+02 7.893172585886721890e+02 7.110268686165274232e+01 7.110268686165274232e+01
3.282572612915165555e-01 6.244411374930976990e+02 7.650258972943125855e+02 6.765035201546106691e+01 6.829886250690226461e+02 6.662295969077857762e+02 7.650258972943125855e+02 7.650258972943125855e+02 6.765035201546106691e+01 6.765035201546106691e+01
3.343544383171894174e-01 6.113590946277611238e+02 7.397900190891737111e+02 6.396482819743659576e+01 6.707895282247068280e+02 6.513244068721025997e+02 7.397900190891737111e+02 7.397900190891737111e+02 6.396482819743659576e+01 6.396482819743659576e+01
3.404813620364756654e-01 5.859474357007720755e+02 7.142978473180958190e+02 5.986807153448892649e+01 6.433730633532750289e+02 6.258660837551772147e+02 7.142978473180958190e+02 7.142978473180958190e+02 5.986807153448892649e+01 5.986807153448892649e+01
3.466259536752008263e-01 5.621287783848814570e+02 6.820677728206927668e+02 5.606527269537320279e+01 6.212290841646197350e+02 5.978287132187076622e+02 6.820677728206927668e+02 6.820677728206927668e+02 5.606527269537320279e+01 5.606527269537320279e+01
3.527314914776840671e-01 5.349335982939123824e+02 6.601310100814268935e+02 5.236157425358666018e+01 5.944710643660333744e+02 5.726891236913531884e+02 6.601310100814268935e+02 6.601310100814268935e+02 5.236157425358666018e+01 5.236157425358666018e+01
3.588700951741782830e-01 5.112416435826407906e+02 6.365515697137579991e+02 4.963742497691597322e+01 5.696578024007386603e+02 5.497097414589103437e+02 6.365515697137579991e+02 6.365515697137579991e+02 4.963742497691597322e+01 4.963742497691597322e+01
3.650083489029407047e-01 4.871258826724605910e+02 6.082938167662501883e+02 4.631781018015571050e+01 5.448810429114611225e+02 5.229795853702697741e+02 6.082938167662501883e+02 6.082938167662501883e+02 4.631781018015571050e+01 4.631781018015571050e+01
3.711704037116136945e-01 4.815595943971813995e+02 5.928886310904872516e+02 4.459415549540259605e+01 5.394962619231760073e+02 5.170001288992008313e+02 5.928886310904872516e+02 5.928886310904872516e+02 4.459415549540259605e+01 4.459415549540259605e+01
3.773137312255384068e-01 4.544070087715581394e+02 5.761494554854019725e+02 4.092745455315903058e+01 5.132834442137378801e+02 4.885029874147209625e+02 5.761494554854019725e+02 5.761494554854019725e+02 4.092745455315903058e+01 4.092745455315903058e+01
3.834202365329835160e-01 4.425315765747305363e+02 5.588323839186919031e+02 3.893854503913774323e+01 5.019994262530224205e+02 4.730990123355600190e+02 5.588323839186919031e+02 5.588323839186919031e+02 3.893854503913774323e+01 3.893854503913774323e+01
3.895813105051545988e-01 4.284692131160293798e+02 5.433903302345481734e+02 3.646175706950872808e+01 4.884785872651600016e+02 4.566020459761172674e+02 5.433903302345481734e+02 5.433903302345481734e+02 3.646175706950872808e+01 3.646175706950872808e+01
3.957247046642990429e-01 4.171222377297045227e+02 5.264351787237341114e+02 3.470654270372954642e+01 4.782272233852833665e+02 4.437311002558734003e+02 5.264351787237341114e+02 5.264351787237341114e+02 3.470654270372954642e+01 3.470654270372954642e+01
4.018641006880244171e-01 4.007198594539199235e+02 5.110806309933386729e+02 3.283830795695776317e+01 4.612869482468340152e+02 4.276084474050215931e+02 5.110806309933386729e+02 5.110806309933386729e+02 3.283830795695776317e+01 3.283830795695776317e+01
4.079986652309439688e-01 3.844183290179059895e+02 4.921443419277196654e+02 3.059675522409832027e+01 4.439430728273950990e+02 4.100848619671054962e+02 4.921443419277196654e+02 4.921443419277196654e+02 3.059675522409832027e+01 3.059675522409832027e+01
4.141066506702003602e-01 3.707229760368342113e+02 4.748348739056123122e+02 2.867712511772297290e+01 4.313380306254142056e+02 3.939296801423139982e+02 4.748348739056123122e+02 4.748348739056123122e+02 2.867712511772297290e+01 2.867712511772297290e+01
4.202576909860619159e-01 3.534509744317222726e+02 4.667286452528118730e+02 2.702950104704968481e+01 4.124431046711926570e+02 3.785759786536967795e+02 4.667286452528118730e+02 4.667286452528118730e+02 2.702950104704968481e+01 2.702950104704968481e+01
4.264066946730206698e-01 3.443715576663038860e+02 4.541481481481481524e+02 2.564650737112891932e+01 4.030590349922495648e+02 3.701095610303090098e+02 4.541481481481481524e+02 4.541481481481481524e+02 2.564650737112891932e+01 2.564650737112891932e+01
4.325254831734640648e-01 3.233229799684897330e+02 4.349275264460949870e+02 2.371186215877303027e+01 3.823437510047908177e+02 3.493101186457026870e+02 4.349275264460949870e+02 4.349275264460949870e+02 2.371186215877303027e+01 2.371186215877303027e+01
4.386395650806790836e-01 3.189411157993436632e+02 4.260468510704797609e+02 2.257579504610095356e+01 3.787657759024847905e+02 3.408735427410533134e+02 4.260468510704797609e+02 4.260468510704797609e+02 2.257579504610095356e+01 2.257579504610095356e+01
4.447681454847935978e-01 3.064558382098784364e+02 4.100718595555016464e+02 2.129396281192201457e+01 3.666101088505503185e+02 3.288974864315817968e+02 4.100718595555016464e+02 4.100718595555016464e+02 2.129396281192201457e+01 2.129396281192201457e+01
4.509437495939586094e-01 2.938037719425503838e+02 3.972542289278978842e+02 2.005987958798781179e+01 3.533708399825910078e+02 3.155549397939939240e+02 3.972542289278978842e+02 3.972542289278978842e+02 2.005987958798781179e+01 2.005987958798781179e+01
4.571038061189046653e-01 2.864916062295934580e+02 3.920681036724551518e+02 1.893147555549134609e+01 3.479688520327082415e+02 3.056974486405270568e+02 3.920681036724551518e+02 3.920681036724551518e+02 1.893147555549134609e+01 1.893147555549134609e+01
4.632394462505528554e-01 2.757784590627861121e+02 3.800659767499930695e+02 1.781810268290652743e+01 3.361786754709652314e+02 2.958581139194850493e+02 3.800659767499930695e+02 3.800659767499930695e+02 1.781810268290652743e+01 1.781810268290652743e+01
4.693790757792539181e-01 2.666298076923076792e+02 3.681182255244755197e+02 1.655632477873688657e+01 3.269798677884615472e+02 2.852939794580419743e+02 3.681182255244755197e+02 3.681182255244755197e+02 1.655632477873688657e+01 1.655632477873688657e+01
4.755007986458400504e-01 2.568595350565256581e+02 3.575446101586964573e+02 1.565370236452417707e+01 3.169511968579162726e+02 2.751893211612971868e+02 3.575446101586964573e+02 3.575446101586964573e+02 1.565370236452417707e+01 1.565370236452417707e+01
4.816148015649592273e-01 2.486039252287988575e+02 3.483672707474527783e+02 1.480227210857898434e+01 3.096415700915195544e+02 2.654416789816183382e+02 3.483672707474527783e+02 3.483672707474527783e+02 1.480227210857898434e+01 1.480227210857898434e+01
4.877448110253904678e-01 2.394319860820453414e+02 3.385984720506290842e+02 1.386461038551725977e+01 3.009301328761251852e+02 2.543197851793953816e+02 3.385984720506290842e+02 3.385984720506290842e+02 1.386461038551725977e+01 1.386461038551725977e+01
4.938644425720450370e-01 2.301312837454697728e+02 3.279619831858188945e+02 1.310611794581001455e+01 2.904544266660092262e+02 2.474710189590986431e+02 3.279619831858188945e+02 3.279619831858188945e+02 1.310611794581001455e+01 1.310611794581001455e+01
4.999990772533337013e-01 2.215646286123716209e+02 3.224819679961786392e+02 1.217657033675662781e+01 2.825709099593981364e+02 2.376716981132075546e+02 3.224819679961786392e+02 3.224819679961786392e+02 1.217657033675662781e+01 1.217657033675662781e+01
5.061739783630568867e-01 2.126036322308298736e+02 3.117862179338497981e+02 1.156518329312984150e+01 2.727069629354733706e+02 2.294692675233102932e+02 3.117862179338497981e+02 3.117862179338497981e+02 1.156518329312984150e+01 1.156518329312984150e+01
5.123176238977423802e-01 2.047487677953279217e+02 3.070013525595470014e+02 1.086321238623598795e+01 2.644248183214506867e+02 2.209120836294445382e+02 3.070013525595470014e+02 3.070013525595470014e+02 1.086321238623598795e+01 1.086321238623598795e+01
5.184419198367248294e-01 1.983476269217018171e+02 2.973553360743653684e+02 1.027200460314622710e+01 2.586591660707901497e+02 2.137958080085806216e+02 2.973553360743653684e+02 2.973553360743653684e+02 1.027200460314622710e+01 1.027200460314622710e+01
5.245811071337125320e-01 1.932351514626594167e+02 2.913284325401121464e+02 9.713375322088213082e+00 2.537356170019270962e+02 2.079573219582963475e+02 2.913284325401121464e+02 2.913284325401121464e+02 9.713375322088213082e+00 9.713375322088213082e+00
5.307339722686617023e-01 1.864541892064573574e+02 2.824711419687353668e+02 9.205364558930016372e+00 2.483738126677173170e+02 1.998666141329811978e+02 2.824711419687353668e+02 2.824711419687353668e+02 9.205364558930016372e+00 9.205364558930016372e+00
5.368662932732624071e-01 1.794982645023174825e+02 2.778777669237004488e+02 8.539607928210671162e+00 2.409715669361711150e+02 1.920567622056408936e+02 2.778777669237004488e+02 2.778777669237004488e+02 8.539607928210671162e+00 8.539607928210671162e+00
5.429628466927283181e-01 1.737528506154036165e+02 2.714721113077841324e+02 8.107345094265838270e+00 2.350571975466183403e+02 1.858061375704935472e+02 2.714721113077841324e+02 2.714721113077841324e+02 8.107345094265838270e+00 8.107345094265838270e+00
5.491073400914713298e-01 1.671199262716185103e+02 2.632935213145613602e+02 7.609898917604612123e+00 2.288381897329307151e+02 1.792875799050943328e+02 2.632935213145613602e+02 2.632935213145613602e+02 7.609898917604612123e+00 7.609898917604612123e+00
5.552762609626447077e-01 1.612672073438745883e+02 2.552954664799579803e+02 7.159774490927125257e+00 2.234109146780247670e+02 1.730436431530427797e+02 2.552954664799579803e+02 2.552954664799579803e+02 7.159774490927125257e+00 7.159774490927125257e+00
5.614082796802024600e-01 1.554604139666082290e+02 2.513715598078829032e+02 6.718559407638942105e+00 2.174804452237554244e+02 1.658891133643363673e+02 2.513715598078829032e+02 2.513715598078829032e+02 6.718559407638942105e+00 6.718559407638942105e+00
5.675371533509153688e-01 1.491181267647495758e+02 2.467646195571407191e+02 6.351826051419229735e+00 2.098930933273888968e+02 1.611482389656709699e+02 2.467646195571407191e+02 2.467646195571407191e+02 6.351826051419229735e+00 6.351826051419229735e+00
5.736740022558224350e-01 1.447485099790394543e+02 2.382930830219629854e+02 5.977111432607308039e+00 2.067870591451745099e+02 1.553203134967647827e+02 2.382930830219629854e+02 2.382930830219629854e+02 5.977111432607308039e+00 5.977111432607308039e+00
5.798103603643611770e-01 1.402809197982929845e+02 2.343259564156020076e+02 5.661867326847347393e+00 2.021570000534559313e+02 1.512940254093832948e+02 2.343259564156020076e+02 2.343259564156020076e+02 5.661867326847347393e+00 5.661867326847347393e+00
5.859425366486809006e-01 1.351190330691063934e+02 2.295004364982365530e+02 5.313792034780179030e+00 1.975299961588155213e+02 1.447363026853371366e+02 2.295004364982365530e+02 2.295004364982365530e+02 5.313792034780179030e+00 5.313792034780179030e+00
5.920586774162177601e-01 1.292525558500568081e+02 2.232209562493546002e+02 5.032616669822036926e+00 1.913079412068431395e+02 1.392442428832054020e+02 2.232209562493546002e+02 2.232209562493546002e+02 5.032616669822036926e+00 5.032616669822036926e+00
5.981941542880485629e-01 1.267829881041510731e+02 2.170028450212128917e+02 4.766840321104733214e+00 1.893905831461608784e+02 1.359537808834539589e+02 2.170028450212128917e+02 2.170028450212128917e+02 4.766840321104733214e+00 4.766840321104733214e+00
6.043590774859866066e-01 1.217367538290352087e+02 2.143463640528864858e+02 4.490230539828511169e+00 1.844391772483309069e+02 1.308992341929571808e+02 2.143463640528864858e+02 2.143463640528864858e+02 4.490230539828511169e+00 4.490230539828511169e+00
6.104910230252050818e-01 1.178359758064516143e+02 2.098353870967742125e+02 4.239784274193548974e+00 1.803789354838709755e+02 1.266118548387096894e+02 2.098353870967742125e+02 2.098353870967742125e+02 4.239784274193548974e+00 4.239784274193548974e+00
6.166050503334797872e-01 1.144935568029093105e+02 2.062763696734919563e+02 4.017712368566685122e+00 1.778484623290378579e+02 1.225484860463277670e+02 2.062763696734919563e+02 2.062763696734919563e+02 4.017712368566685122e+00 4.017712368566685122e+00
6.227565424953059869e-01 1.106026186127185298e+02 1.998265974919031578e+02 3.785786476001166356e+00 1.736121659580346375e+02 1.184125619733226813e+02 1.998265974919031578e+02 1.998265974919031578e+02 3.785786476001166356e+00 3.785786476001166356e+00
6.288977757446623240e-01 1.060794656163508733e+02 1.956321664284193673e+02 3.588568358602755914e+00 1.688220292587974143e+02 1.140393412208400576e+02 1.956321664284193673e+02 1.956321664284193673e+02 3.588568358602755914e+00 3.588568358602755914e+00
6.350332706002194127e-01 1.018897117634860905e+02 1.917585537814379393e+02 3.400007776164943873e+00 1.640934769084930736e+02 1.102672927096602251e+02 1.917585537814379393e+02 1.917585537814379393e+02 3.400007776164943873e+00 3.400007776164943873e+00
6.411743038514937654e-01 9.777295415736240614e+01 1.882316943240363685e+02 3.177739192463184370e+00 1.604959936949954056e+02 1.058096457813389293e+02 1.882316943240363685e+02 1.882316943240363685e+02 3.177739192463184370e+00 3.177739192463184370e+00
6.473071136295037720e-01 9.554474060311562766e+01 1.842981849364013271e+02 3.027477624339002471e+00 1.591789767043018458e+02 1.029495926825782419e+02 1.842981849364013271e+02 1.842981849364013271e+02 3.027477624339002471e+00 3.027477624339002471e+00
6.534392957951101755e-01 9.240174171383515045e+01 1.801489679254315490e+02 2.870248611345779910e+00 1.553077074709244982e+02 9.995440849314296372e+01 1.801489679254315490e+02 1.801489679254315490e+02 2.870248611345779910e+00 2.870248611345779910e+00
6.595783755518781488e-01 8.935231146216922582e+01 1.770080630809456750e+02 2.728226515763391813e+00 1.524223877123574482e+02 9.663285602814548270e+01 1.770080630809456750e+02 1.770080630809456750e+02 2.728226515763391813e+00 2.728226515763391813e+00
6.657085753353266799e-01 8.599684209090413844e+01 1.728555546461504946e+02 2.574051859960713617e+00 1.491541577999672654e+02 9.304492006329459741e+01 1.728555546461504946e+02 1.728555546461504946e+02 2.574051859960713617e+00 2.574051859960713617e+00
6.718369711955728407e-01 8.347509366260355534e+01 1.694890243258930980e+02 2.457746705318980318e+00 1.468557068228589344e+02 9.000445886760593339e+01 1.694890243258930980e+02 1.694890243258930980e+02 2.457746705318980318e+00 2.457746705318980318e+00
6.779675665423466890e-01 8.212059492356428336e+01 1.677063370006703735e+02 2.324407343875284138e+00 1.457993217398162358e+02 8.852526387738738833e+01 1.677063370006703735e+02 1.677063370006703735e+02 2.324407343875284138e+00 2.324407343875284138e+00
6.841025602423458363e-01 7.758955783480128332e+01 1.615891384196947058e+02 2.193881186372821812e+00 1.407128658761327245e+02 8.437440423990544502e+01 1.615891384196947058e+02 1.615891384196947058e+02 2.193881186372821812e+00 2.193881186372821812e+00
6.902473351098605825e-01 7.574015688450576533e+01 1.606726864579917731e+02 2.097285891744646413e+00 1.392102428935354510e+02 8.212497793023432280e+01 1.606726864579917731e+02 1.606726864579917731e+02 2.097285891744646413e+00 2.097285891744646413e+00
6.963896182979992799e-01 7.402540242068675980e+01 1.575480686272093180e+02 1.988853124152636376e+00 1.381658614144501769e+02 7.981741316833880262e+01 1.575480686272093180e+02 1.575480686272093180e+02 1.988853124152636376e+00 1.988853124152636376e+00
7.025354447064345864e-01 7.138816722205392296e+01 1.535314753105119792e+02 1.893253748863980679e+00 1.352353105119660768e+02 7.715478339897001092e+01 1.535314753105119792e+02 1.535314753105119792e+02 1.893253748863980679e+00 1.893253748863980679e+00
7.086795257259553837e-01 6.865027781752277747e+01 1.515876734869079883e+02 1.799288763294701221e+00 1.322396861735107620e+02 7.472869270758810956e+01 1.515876734869079883e+02 1.515876734869079883e+02 1.799288763294701221e+00 1.799288763294701221e+00
7.148105300560909647e-01 6.675177429968039178e+01 1.480665303628501590e+02 1.728251242597292903e+00 1.305880217146080042e+02 7.269658300432412545e+01 1.480665303628501590e+02 1.480665303628501590e+02 1.728251242597292903e+00 1.728251242597292903e+00
7.209489185367295994e-01 6.471791082538842943e+01 1.451474244706910781e+02 1.643676037629524078e+00 1.287085781974170118e+02 7.042578749439353203e+01 1.451474244706910781e+02 1.451474244706910781e+02 1.643676037629524078e+00 1.643676037629524078e+00
7.270775917581103753e-01 6.290873354982053911e+01 1.425174727966729336e+02 1.565615564291004347e+00 1.269170170341252231e+02 6.827916025750583628e+01 1.425174727966729336e+02 1.425174727966729336e+02 1.565615564291004347e+00 1.565615564291004347e+00
7.331906622449658739e-01 6.072288175306272251e+01 1.405324682569790014e+02 1.497297275623145074e+00 1.247268984446477589e+02 6.625444625443509494e+01 1.405324682569790014e+02 1.405324682569790014e+02 1.497297275623145074e+00 1.497297275623145074e+00
7.393386679216931157e-01 5.889317084362095045e+01 1.367017720191404351e+02 1.425925663551248723e+00 1.232627001988332154e+02 6.418570148797168429e+01 1.367017720191404351e+02 1.367017720191404351e+02 1.425925663551248723e+00 1.425925663551248723e+00
7.454822748005143218e-01 5.773473975911409184e+01 1.343321723940867685e+02 1.378383751523058809e+00 1.224920800940252974e+02 6.257495606042634506e+01 1.343321723940867685e+02 1.343321723940867685e+02 1.378383751523058809e+00 1.378383751523058809e+00
7.516118807450163919e-01 5.625299635226681261e+01 1.329602790569067849e+02 1.315694092905531187e+00 1.212250853441950085e+02 6.107861237251545106e+01 1.329602790569067849e+02 1.329602790569067849e+02 1.315694092905531187e+00 1.315694092905531187e+00
7.577553313207755492e-01 5.465337257711194496e+01 1.297365475856770445e+02 1.260891478753335182e+00 1.191336053404761088e+02 5.954087893605755966e+01 1.297365475856770445e+02 1.297365475856770445e+02 1.260891478753335182e+00 1.260891478753335182e+00
7.639042897236033580e-01 5.342444302926343624e+01 1.276021754984233354e+02 1.219971503076306973e+00 1.185849194202779557e+02 5.782647883562558633e+01 1.276021754984233354e+02 1.276021754984233354e+02 1.219971503076306973e+00 1.219971503076306973e+00
7.700556058884338029e-01 5.155235441459023349e+01 1.253345572332485034e+02 1.157510967945558411e+00 1.167033467794666564e+02 5.618212133710227363e+01 1.253345572332485034e+02 1.253345572332485034e+02 1.157510967945558411e+00 1.157510967945558411e+00
7.761646078124272430e-01 5.067573569399964128e+01 1.231223236046488267e+02 1.116194237567224690e+00 1.155857352911555580e+02 5.519448808588636268e+01 1.231223236046488267e+02 1.231223236046488267e+02 1.116194237567224690e+00 1.116194237567224690e+00
7.822760392858680856e-01 4.912638799445777948e+01 1.209886716234412489e+02 1.077900502873563315e+00 1.146620416447124455e+02 5.348195363269129388e+01 1.209886716234412489e+02 1.209886716234412489e+02 1.077900502873563315e+00 1.077900502873563315e+00
