# k, xm.power, xs.power, xd.power,  pm1.power, pm2.power, ps1.power, ps2.power, pd1.power, pd2.power
0.000000000000000000e+00 0.000000000000000000e+00 0.000000000000000000e+00 0.000000000000000000e+00 0.000000000000000000e+00 0.000000000000000000e+00 0.000000000000000000e+00 0.000000000000000000e+00 0.000000000000000000e+00 0.000000000000000000e+00
8.691056022563805813e-03 -5.032418098730537129e-05 3.166443990384615608e+04 5.559418870192307622e+03 1.284969993656878166e-11 2.439096634615384755e+04 3.166443990384615608e+04 3.166443990384615608e+04 5.559418870192307622e+03 5.559418870192307622e+03
1.503254434404273886e-02 5.706557486620213648e-05 2.411289756944444161e+04 4.247944010416666060e+03 1.287364659319223392e-11 2.091827256944444161e+04 2.411289756944444161e+04 2.411289756944444161e+04 4.247944010416666060e+03 4.247944010416666060e+03
2.104537904654678673e-02 -6.110491353626313249e-05 2.311805427631578641e+04 4.011683388157894569e+03 8.942332985206746798e-12 2.024950000000000000e+04 2.311805427631578641e+04 2.311805427631578641e+04 4.011683388157894569e+03 4.011683388157894569e+03
2.718418752217394846e-02 -2.165722390079600495e-05 1.736164636752137085e+04 3.046501335470085905e+03 1.126041710018072295e-11 1.477692094017094132e+04 1.736164636752137085e+04 1.736164636752137085e+04 3.046501335470085905e+03 3.046501335470085905e+03
3.359305548768203725e-02 4.875402343750000000e+03 1.979568269230769511e+04 3.481398437500000000e+03 4.899003004807692378e+03 1.810223918269230853e+04 1.979568269230769511e+04 1.979568269230769511e+04 3.481398437500000000e+03 3.481398437500000000e+03
3.967812110980351720e-02 5.098682291666666970e+03 1.595317291666666642e+04 2.770398437500000000e+03 5.131818750000000364e+03 1.374389999999999964e+04 1.595317291666666642e+04 1.595317291666666642e+04 2.770398437500000000e+03 2.770398437500000000e+03
4.573133090443888549e-02 6.600851108033240962e+03 1.407315650969529088e+04 2.429164300554016791e+03 6.634004847645429436e+03 1.231829085872576252e+04 1.407315650969529088e+04 1.407315650969529088e+04 2.429164300554016791e+03 2.429164300554016791e+03
5.186912300623527233e-02 6.643686498855835453e+03 1.295331006864988558e+04 2.219731979405034508e+03 6.674438215102974937e+03 1.124574141876430258e+04 1.295331006864988558e+04 1.295331006864988558e+04 2.219731979405034508e+03 2.219731979405034508e+03
5.807971256735403043e-02 6.236147160068847370e+03 1.189996299483648909e+04 2.057796686746988144e+03 6.273362306368330792e+03 1.036407659208261612e+04 1.189996299483648909e+04 1.189996299483648909e+04 2.057796686746988144e+03 2.057796686746988144e+03
6.422094742881356844e-02 6.846712076583210546e+03 1.138430633284241594e+04 1.953914764359351921e+03 6.889918262150220471e+03 9.976249631811488143e+03 1.138430633284241594e+04 1.138430633284241594e+04 1.953914764359351921e+03 1.953914764359351921e+03
7.029194303550849454e-02 5.440009191176470267e+03 8.990158088235293690e+03 1.564607843137254804e+03 5.486140931372548948e+03 7.969425245098039341e+03 8.990158088235293690e+03 8.990158088235293690e+03 1.564607843137254804e+03 1.564607843137254804e+03
7.656976085866129544e-02 5.953130157170922757e+03 9.091929273084479064e+03 1.572798624754420416e+03 6.008951866404714565e+03 8.149600687622789337e+03 9.091929273084479064e+03 9.091929273084479064e+03 1.572798624754420416e+03 1.572798624754420416e+03
8.283279975513359317e-02 5.308164069264069440e+03 7.641761904761904589e+03 1.309508658008657903e+03 5.353172727272727570e+03 6.844412121212120837e+03 7.641761904761904589e+03 7.641761904761904589e+03 1.309508658008657903e+03 1.309508658008657903e+03
8.886264192081894109e-02 4.634914556962025017e+03 7.028919303797468274e+03 1.197947092563291108e+03 4.676029272151899022e+03 6.162880933544303844e+03 7.028919303797468274e+03 7.028919303797468274e+03 1.197947092563291108e+03 1.197947092563291108e+03
9.493524398572131262e-02 4.340241851368969947e+03 6.163104302477183410e+03 1.054007496740547595e+03 4.380220990873533083e+03 5.480374185136896813e+03 6.163104302477183410e+03 6.163104302477183410e+03 1.054007496740547595e+03 1.054007496740547595e+03
1.010510809291368245e-01 3.998948578342407927e+03 5.545301875378100704e+03 9.576361161524501995e+02 4.033640048396854581e+03 4.979554748941319303e+03 5.545301875378100704e+03 5.545301875378100704e+03 9.576361161524501995e+02 9.576361161524501995e+02
1.071918355362574127e-01 3.707842907981697863e+03 5.060448906964921662e+03 8.667894636502287540e+02 3.746370869344179027e+03 4.574662938485002996e+03 5.060448906964921662e+03 5.060448906964921662e+03 8.667894636502287540e+02 8.667894636502287540e+02
1.133640700251744293e-01 3.435948429442100405e+03 4.749401312705110286e+03 8.042719174871074301e+02 3.479262775433661773e+03 4.212181434599156091e+03 4.749401312705110286e+03 4.749401312705110286e+03 8.042719174871074301e+02 8.042719174871074301e+02
1.195184611122857843e-01 3.388229662077596913e+03 4.620261159783061885e+03 7.794760116812682327e+02 3.438055068836044939e+03 4.118774718397997276e+03 4.620261159783061885e+03 4.620261159783061885e+03 7.794760116812682327e+02 7.794760116812682327e+02
1.256657517103361710e-01 3.190373434535104479e+03 4.224255028462997871e+03 7.166241935483870975e+02 3.244903605313093067e+03 3.816589373814041664e+03 4.224255028462997871e+03 4.224255028462997871e+03 7.166241935483870975e+02 7.166241935483870975e+02
1.317871926578333408e-01 3.119700382342718058e+03 4.090077163712200218e+03 6.841281717066389092e+02 3.164459854014598477e+03 3.675715676051442642e+03 4.090077163712200218e+03 4.090077163712200218e+03 6.841281717066389092e+02 6.841281717066389092e+02
1.378887696062481294e-01 2.918982976040353151e+03 3.827851197982345639e+03 6.354213824085750275e+02 2.964595208070617900e+03 3.422533417402270061e+03 3.827851197982345639e+03 3.827851197982345639e+03 6.354213824085750275e+02 6.354213824085750275e+02
1.440612672229828750e-01 2.840377815796977757e+03 3.486080125463359309e+03 5.971232534930139764e+02 2.892490732820074300e+03 3.267267179925862820e+03 3.486080125463359309e+03 3.486080125463359309e+03 5.971232534930139764e+02 5.971232534930139764e+02
1.501845201433902877e-01 2.520953829440521076e+03 3.177390548614882846e+03 5.375117463335143384e+02 2.576578489951113170e+03 2.917535306898424551e+03 3.177390548614882846e+03 3.177390548614882846e+03 5.375117463335143384e+02 5.375117463335143384e+02
1.563418093457785985e-01 2.348109497738633763e+03 2.889947155439181188e+03 4.888645858129016801e+02 2.400357295881932714e+03 2.703037134015710762e+03 2.889947155439181188e+03 2.889947155439181188e+03 4.888645858129016801e+02 4.888645858129016801e+02
1.625438955957596576e-01 2.247194552529183056e+03 2.698965438315403844e+03 4.584739929045547910e+02 2.299864728770885904e+03 2.545389791714351304e+03 2.698965438315403844e+03 2.698965438315403844e+03 4.584739929045547910e+02 4.584739929045547910e+02
1.686940235306336466e-01 2.138997311271974922e+03 2.513955739400206767e+03 4.293459410548086908e+02 2.192132368148913883e+03 2.420743743536711463e+03 2.513955739400206767e+03 2.513955739400206767e+03 4.293459410548086908e+02 4.293459410548086908e+02
1.747987378343396903e-01 2.009544534412955272e+03 2.364508299595141580e+03 4.040485829959513921e+02 2.058045344129554451e+03 2.280502024291497946e+03 2.364508299595141580e+03 2.364508299595141580e+03 4.040485829959513921e+02 4.040485829959513921e+02
1.809057159377772395e-01 1.930443665768194023e+03 2.314580233602875069e+03 3.856346361185983938e+02 1.979219407008086137e+03 2.169874034141958873e+03 2.314580233602875069e+03 2.314580233602875069e+03 3.856346361185983938e+02 3.856346361185983938e+02
1.870079494254630881e-01 1.831994385964912226e+03 2.212809122807017502e+03 3.662081140350877035e+02 1.883461754385964696e+03 2.075969473684210243e+03 2.212809122807017502e+03 2.212809122807017502e+03 3.662081140350877035e+02 3.662081140350877035e+02
1.931644028143169878e-01 1.830693916050935513e+03 2.111757899701305178e+03 3.596324477283446299e+02 1.882943719540952770e+03 2.041732117591573797e+03 2.111757899701305178e+03 2.111757899701305178e+03 3.596324477283446299e+02 3.596324477283446299e+02
1.993257601852206906e-01 1.694781928625664477e+03 2.017917539863325828e+03 3.323648063781321298e+02 1.750000607441154216e+03 1.892016249050873284e+03 2.017917539863325828e+03 2.017917539863325828e+03 3.323648063781321298e+02 3.323648063781321298e+02
2.054762598507901550e-01 1.688426617792189518e+03 1.937086705202312260e+03 3.211781686169463228e+02 1.740902016072183869e+03 1.864284364866770147e+03 1.937086705202312260e+03 1.937086705202312260e+03 3.211781686169463228e+02 3.211781686169463228e+02
2.116257382464896697e-01 1.559875651825110481e+03 1.769727904800107126e+03 2.957228239069394817e+02 1.616907206845835162e+03 1.727525471319695271e+03 1.769727904800107126e+03 1.769727904800107126e+03 2.957228239069394817e+02 2.957228239069394817e+02
2.177578654451892970e-01 1.495692443994431187e+03 1.653966459941779704e+03 2.781053031261865840e+02 1.554476268826730802e+03 1.643556005568915452e+03 1.653966459941779704e+03 1.653966459941779704e+03 2.781053031261865840e+02 2.781053031261865840e+02
2.238991135097555263e-01 1.375805565508180962e+03 1.570648871372267877e+03 2.574668577570762977e+02 1.427889645288427118e+03 1.526731517974441658e+03 1.570648871372267877e+03 1.570648871372267877e+03 2.574668577570762977e+02 2.574668577570762977e+02
2.300081978121491233e-01 1.404218432759210600e+03 1.510435610813276980e+03 2.553265655298277466e+02 1.459420554351545434e+03 1.531105053039808354e+03 1.510435610813276980e+03 1.510435610813276980e+03 2.553265655298277466e+02 2.553265655298277466e+02
2.361454707693454169e-01 1.287033386837881153e+03 1.381014446227929284e+03 2.324797752808988776e+02 1.339501016586409833e+03 1.408435848047083937e+03 1.381014446227929284e+03 1.381014446227929284e+03 2.324797752808988776e+02 2.324797752808988776e+02
2.422857100963227428e-01 1.248409169815173982e+03 1.342310732155621281e+03 2.245375012764219207e+02 1.305725211886041052e+03 1.359568467272541511e+03 1.342310732155621281e+03 1.342310732155621281e+03 2.245375012764219207e+02 2.245375012764219207e+02
2.484099584913142256e-01 1.235990937439095660e+03 1.324678620152017174e+03 2.197382576495809587e+02 1.289786396413954435e+03 1.343270707464431780e+03 1.324678620152017174e+03 1.324678620152017174e+03 2.197382576495809587e+02 2.197382576495809587e+02
2.545441957051269855e-01 1.185841677443192339e+03 1.258945501570293800e+03 2.093868002955846919e+02 1.238556530574542876e+03 1.293610382412710123e+03 1.258945501570293800e+03 1.258945501570293800e+03 2.093868002955846919e+02 2.093868002955846919e+02
2.606917133414053955e-01 1.140607732864674972e+03 1.200754393673110826e+03 1.979515817223198724e+02 1.197520035149384967e+03 1.230447012302284747e+03 1.200754393673110826e+03 1.200754393673110826e+03 1.979515817223198724e+02 1.979515817223198724e+02
2.668580198415695381e-01 1.080363134103465427e+03 1.162394525364138644e+03 1.879882596685082774e+02 1.136435794408170068e+03 1.172712372342206436e+03 1.162394525364138644e+03 1.162394525364138644e+03 1.879882596685082774e+02 1.879882596685082774e+02
2.730019564931540632e-01 1.051054719562243463e+03 1.115917035487245357e+03 1.819351814597247881e+02 1.106553713687937488e+03 1.139255250663876950e+03 1.115917035487245357e+03 1.115917035487245357e+03 1.819351814597247881e+02 1.819351814597247881e+02
2.791389873202678173e-01 1.019463671274961598e+03 1.051874654377880233e+03 1.742128456221198292e+02 1.074221966205837134e+03 1.102385867895545289e+03 1.051874654377880233e+03 1.051874654377880233e+03 1.742128456221198292e+02 1.742128456221198292e+02
2.852424996643880273e-01 9.756620653633785878e+02 9.919861960901357634e+02 1.639572824951499683e+02 1.032935681241605835e+03 1.052019847783912837e+03 9.919861960901357634e+02 9.919861960901357634e+02 1.639572824951499683e+02 1.639572824951499683e+02
2.913531997893986092e-01 9.372128421052631211e+02 9.603939649122805804e+02 1.575976315789473574e+02 9.943029473684209734e+02 1.008154736842105194e+03 9.603939649122805804e+02 9.603939649122805804e+02 1.575976315789473574e+02 1.575976315789473574e+02
2.975143171497069416e-01 9.048807333243133826e+02 9.075947774320119379e+02 1.491025909890407206e+02 9.608338519821404589e+02 9.734784196996346282e+02 9.075947774320119379e+02 9.075947774320119379e+02 1.491025909890407206e+02 1.491025909890407206e+02
3.036544665973567314e-01 8.888032691185055683e+02 8.858801971849258052e+02 1.450039566712071064e+02 9.456342349354608814e+02 9.498658623597328869e+02 8.858801971849258052e+02 8.858801971849258052e+02 1.450039566712071064e+02 1.450039566712071064e+02
3.097883787544665757e-01 8.540857949200375288e+02 8.447121354656632093e+02 1.367896205707118042e+02 9.144649733458763876e+02 9.095084352461585695e+02 8.447121354656632093e+02 8.447121354656632093e+02 1.367896205707118042e+02 1.367896205707118042e+02
3.159486680635095190e-01 8.258795237813185395e+02 8.220055677308536133e+02 1.339146034472546489e+02 8.846799739382811367e+02 8.844841556595391694e+02 8.220055677308536133e+02 8.220055677308536133e+02 1.339146034472546489e+02 1.339146034472546489e+02
3.221066234444813769e-01 7.975055129990714704e+02 7.893171425255338818e+02 1.277991527390900615e+02 8.544936165273909410e+02 8.546120589600742505e+02 7.893171425255338818e+02 7.893171425255338818e+02 1.277991527390900615e+02 1.277991527390900615e+02
3.282572612915165555e-01 7.758086140254004022e+02 7.650260629486472226e+02 1.237984262838211009e+02 8.343616786305908590e+02 8.277336830480397794e+02 7.650260629486472226e+02 7.650260629486472226e+02 1.237984262838211009e+02 1.237984262838211009e+02
3.343544383171894174e-01 7.663109353695118671e+02 7.397901827106627479e+02 1.200837605672211623e+02 8.257679301881647689e+02 8.163767657485683458e+02 7.397901827106627479e+02 7.397901827106627479e+02 1.200837605672211623e+02 1.200837605672211623e+02
3.404813620364756654e-01 7.406469806207495594e+02 7.142978473180958190e+02 1.147643554737434215e+02 7.978181213887610284e+02 7.908474203609960114e+02 7.142978473180958190e+02 7.142978473180958190e+02 1.147643554737434215e+02 1.147643554737434215e+02
3.466259536752008263e-01 7.163734021755476533e+02 6.820678229485187103e+02 1.097536718632512844e+02 7.755097498621485101e+02 7.618511704847360306e+02 6.820678229485187103e+02 6.820678229485187103e+02 1.097536718632512844e+02 1.097536718632512844e+02
3.527314914776840671e-01 6.879005428460643543e+02 6.601308162078324813e+02 1.058423201822411812e+02 7.474553121364870094e+02 7.364747479643272072e+02 6.601308162078324813e+02 6.601308162078324813e+02 1.058423201822411812e+02 1.058423201822411812e+02
3.588700951741782830e-01 6.631029547553092698e+02 6.365514312096029244e+02 1.017767774699907619e+02 7.215192520775623279e+02 7.131998153277930896e+02 6.365514312096029244e+02 6.365514312096029244e+02 1.017767774699907619e+02 1.017767774699907619e+02
3.650083489029407047e-01 6.376018015571247588e+02 6.082938167662501883e+02 9.711052643490856440e+01 6.953459170740538866e+02 6.845041191381495764e+02 6.082938167662501883e+02 6.082938167662501883e+02 9.711052643490856440e+01 9.711052643490856440e+01
3.711704037116136945e-01 6.361985047692703574e+02 5.928883732920855891e+02 9.616662370026638484e+01 6.941220245767809729e+02 6.829118329466357409e+02 5.928883732920855891e+02 5.928883732920855891e+02 9.616662370026638484e+01 9.616662370026638484e+01
3.773137312255384068e-01 6.059891520827153499e+02 5.761492859866943945e+02 9.108523666257045193e+01 6.649342345014619013e+02 6.515651086910462482e+02 5.761492859866943945e+02 5.761492859866943945e+02 9.108523666257045193e+01 9.108523666257045193e+01
3.834202365329835160e-01 5.960560222941683151e+02 5.588322609729109445e+02 8.805715954264169909e+01 6.555001844186713242e+02 6.371648702922011580e+02 5.588322609729109445e+02 5.588322609729109445e+02 8.805715954264169909e+01 8.805715954264169909e+01
3.895813105051545988e-01 5.826612081372281864e+02 5.433902524407794772e+02 8.504458555369714645e+01 6.427964137072619906e+02 6.208548368275700113e+02 5.433902524407794772e+02 5.433902524407794772e+02 8.504458555369714645e+01 8.504458555369714645e+01
3.957247046642990429e-01 5.721952392029153316e+02 5.264351011863222993e+02 8.302208847018685844e+01 6.335422191207256901e+02 6.090212840195393937e+02 5.264351011863222993e+02 5.264351011863222993e+02 8.302208847018685844e+01 8.302208847018685844e+01
4.018641006880244171e-01 5.550943195959299601e+02 5.110806309933386729e+02 8.022890893785228172e+01 6.158177293023936727e+02 5.925192518849278258e+02 5.110806309933386729e+02 5.110806309933386729e+02 8.022890893785228172e+01 8.022890893785228172e+01
4.079986652309439688e-01 5.384147915830932334e+02 4.921442689909193859e+02 7.726641989715911052e+01 5.978828270303781665e+02 5.742393785784618103e+02 4.921442689909193859e+02 4.921442689909193859e+02 7.726641989715911052e+01 7.726641989715911052e+01
4.141066506702003602e-01 5.241917402071924244e+02 4.748348739056123122e+02 7.382149708744636030e+01 5.848558373155673280e+02 5.571402560256723291e+02 4.748348739056123122e+02 4.748348739056123122e+02 7.382149708744636030e+01 7.382149708744636030e+01
4.202576909860619159e-01 5.056275542945925281e+02 4.667286452528118730e+02 7.169644847502280527e+01 5.646019860168204332e+02 5.414492518661128315e+02 4.667286452528118730e+02 4.667286452528118730e+02 7.169644847502280527e+01 7.169644847502280527e+01
4.264066946730206698e-01 4.976435143959631660e+02 4.541479502654925682e+02 6.965895748820949507e+01 5.563084330991721345e+02 5.347452260809340032e+02 4.541479502654925682e+02 4.541479502654925682e+02 6.965895748820949507e+01 6.965895748820949507e+01
4.325254831734640648e-01 4.725022989614481617e+02 4.349274942927879692e+02 6.608485257708754546e+01 5.314060962670010895e+02 5.103528182373556774e+02 4.349274942927879692e+02 4.349274942927879692e+02 6.608485257708754546e+01 6.608485257708754546e+01
4.386395650806790836e-01 4.710004688232536409e+02 4.260467885607126277e+02 6.470511798718550267e+01 5.309543991248632437e+02 5.035197374589779997e+02 4.260467885607126277e+02 4.260467885607126277e+02 6.470511798718550267e+01 6.470511798718550267e+01
4.447681454847935978e-01 4.576677480973893921e+02 4.100718292350140928e+02 6.233612534489554236e+01 5.179365088990631421e+02 4.911549073709105073e+02 4.100718292350140928e+02 4.100718292350140928e+02 6.233612534489554236e+01 6.233612534489554236e+01
4.509437495939586094e-01 4.434416364427680151e+02 3.972542869577832221e+02 6.083050558537646424e+01 5.030678079210793499e+02 4.763100826925866613e+02 3.972542869577832221e+02 3.972542869577832221e+02 6.083050558537646424e+01 6.083050558537646424e+01
4.571038061189046653e-01 4.371729607905458010e+02 3.920682192493281946e+02 5.889801785662689326e+01 4.988604698199890208e+02 4.668555000144471023e+02 3.920682192493281946e+02 3.920682192493281946e+02 5.889801785662689326e+01 5.889801785662689326e+01
4.632394462505528554e-01 4.258242099714230449e+02 3.800659767499930695e+02 5.703703562411563865e+01 4.862382154648614119e+02 4.568544793718613732e+02 3.800659767499930695e+02 3.800659767499930695e+02 5.703703562411563865e+01 5.703703562411563865e+01
4.693790757792539181e-01 4.166517427884615472e+02 3.681182255244755197e+02 5.498827783544580683e+01 4.770043706293706123e+02 4.457834626311188799e+02 3.681182255244755197e+02 3.681182255244755197e+02 5.498827783544580683e+01 5.498827783544580683e+01
4.755007986458400504e-01 4.060192134175468368e+02 3.575447163101746355e+02 5.339926224722679393e+01 4.660622578419404363e+02 4.351197919431028254e+02 3.575447163101746355e+02 3.575447163101746355e+02 5.339926224722679393e+01 5.339926224722679393e+01
4.816148015649592273e-01 3.977595084389826638e+02 3.483672707474527783e+02 5.184183389074693338e+01 4.588560317336859384e+02 4.247535454097638308e+02 3.483672707474527783e+02 3.483672707474527783e+02 5.184183389074693338e+01 5.184183389074693338e+01
4.877448110253904678e-01 3.873352663825924651e+02 3.385983964095711372e+02 4.996985703840044124e+01 4.490629585739139316e+02 4.116968558533571922e+02 3.385983964095711372e+02 3.385983964095711372e+02 4.996985703840044124e+01 4.996985703840044124e+01
4.938644425720450370e-01 3.772234905451048803e+02 3.279619338773699155e+02 4.868421328369615964e+01 4.374743719336308345e+02 4.056176622864327896e+02 3.279619338773699155e+02 3.279619338773699155e+02 4.868421328369615964e+01 4.868421328369615964e+01
4.999990772533337013e-01 3.674013374731311501e+02 3.224819441127298774e+02 4.667107714353952730e+01 4.285636971578696262e+02 3.943016718414139063e+02 3.224819441127298774e+02 3.224819441127298774e+02 4.667107714353952730e+01 4.667107714353952730e+01
5.061739783630568867e-01 3.572588950224984501e+02 3.117862411281718096e+02 4.547873660527902473e+01 4.172663172055480345e+02 3.853590017163797938e+02 3.117862411281718096e+02 3.117862411281718096e+02 4.547873660527902473e+01 4.547873660527902473e+01
5.123176238977423802e-01 3.480675133536599333e+02 3.070013067100708213e+02 4.393612881410329862e+01 4.075283005891657808e+02 3.754979482359414078e+02 3.070013067100708213e+02 3.070013067100708213e+02 4.393612881410329862e+01 4.393612881410329862e+01
5.184419198367248294e-01 3.416456247765462990e+02 2.973552466928852027e+02 4.270624217912048692e+01 4.019043618162316420e+02 3.678334152663567806e+02 2.973552466928852027e+02 2.973552466928852027e+02 4.270624217912048692e+01 4.270624217912048692e+01
5.245811071337125320e-01 3.373025572180239351e+02 2.913283675811445619e+02 4.170664259576034283e+01 3.976549812701643418e+02 3.628389234133771879e+02 2.913283675811445619e+02 2.913283675811445619e+02 4.170664259576034283e+01 4.170664259576034283e+01
5.307339722686617023e-01 3.298076628189291455e+02 2.824710993738552247e+02 4.044655407420027871e+01 3.918869531882267552e+02 3.533949823231247365e+02 2.824710993738552247e+02 2.824710993738552247e+02 4.044655407420027871e+01 4.044655407420027871e+01
5.368662932732624071e-01 3.207040508802194836e+02 2.778777253548936983e+02 3.884233211398166929e+01 3.823490117016191334e+02 3.430768815081163439e+02 2.778777253548936983e+02 2.778777253548936983e+02 3.884233211398166929e+01 3.884233211398166929e+01
5.429628466927283181e-01 3.154594327584077291e+02 2.714721524719054742e+02 3.782026715514756887e+01 3.766978553492775745e+02 3.372074260074918470e+02 2.714721524719054742e+02 2.714721524719054742e+02 3.782026715514756887e+01 3.782026715514756887e+01
5.491073400914713298e-01 3.067351660849445238e+02 2.632935017059492679e+02 3.675822091062394747e+01 3.683923291109455249e+02 3.288754068787011420e+02 2.632935017059492679e+02 2.632935017059492679e+02 3.675822091062394747e+01 3.675822091062394747e+01
5.552762609626447077e-01 3.002966334091837552e+02 2.552955053775988574e+02 3.573391582550518564e+01 3.623375537273664122e+02 3.219667619658867466e+02 2.552955053775988574e+02 2.552955053775988574e+02 3.573391582550518564e+01 3.573391582550518564e+01
5.614082796802024600e-01 2.935188114660364249e+02 2.513715407486467939e+02 3.422872036288785580e+01 3.556576198825950996e+02 3.131615460852328852e+02 2.513715407486467939e+02 2.513715407486467939e+02 3.422872036288785580e+01 3.422872036288785580e+01
5.675371533509153688e-01 2.848636312973695794e+02 2.467646009808292433e+02 3.341915124832813433e+01 3.456151731312230595e+02 3.076008693713775983e+02 2.467646009808292433e+02 2.467646009808292433e+02 3.341915124832813433e+01 3.341915124832813433e+01
5.736740022558224350e-01 2.802744372550806133e+02 2.382930465688507979e+02 3.247729654606762040e+01 3.425128223822108566e+02 3.008558097147544004e+02 2.382930465688507979e+02 2.382930465688507979e+02 3.247729654606762040e+01 3.247729654606762040e+01
5.798103603643611770e-01 2.752556975107357289e+02 2.343259207783182774e+02 3.154994788047255128e+01 3.371995153329413029e+02 2.965784643894442070e+02 2.343259207783182774e+02 2.343259207783182774e+02 3.154994788047255128e+01 3.154994788047255128e+01
5.859425366486809006e-01 2.691411286098403934e+02 2.295004714180954579e+02 3.079262841778119153e+01 3.317394629325697224e+02 2.883488144707895344e+02 2.295004714180954579e+02 2.295004714180954579e+02 3.079262841778119153e+01 3.079262841778119153e+01
5.920586774162177601e-01 2.612211111493580233e+02 2.232208874049086091e+02 2.964322226429382923e+01 3.232760662283570241e+02 2.810254208116760424e+02 2.232208874049086091e+02 2.232208874049086091e+02 2.964322226429382923e+01 2.964322226429382923e+01
5.981941542880485629e-01 2.593885866400465829e+02 2.170028450212128917e+02 2.878769237168289052e+01 3.221867398718908362e+02 2.781726811413359997e+02 2.170028450212128917e+02 2.170028450212128917e+02 2.878769237168289052e+01 2.878769237168289052e+01
6.043590774859866066e-01 2.524182320984421892e+02 2.143464295064798932e+02 2.813328601583976862e+01 3.150963476894881410e+02 2.711829918837544255e+02 2.143464295064798932e+02 2.143464295064798932e+02 2.813328601583976862e+01 2.813328601583976862e+01
6.104910230252050818e-01 2.480707096774193587e+02 2.098353870967742125e+02 2.719309475806451815e+01 3.106651612903226010e+02 2.663890161290322567e+02 2.098353870967742125e+02 2.098353870967742125e+02 2.719309475806451815e+01 2.719309475806451815e+01
6.166050503334797872e-01 2.441063167048778553e+02 2.062763854850185794e+02 2.657076053442959918e+01 3.076583445331646658e+02 2.613253695944343349e+02 2.062763854850185794e+02 2.062763854850185794e+02 2.657076053442959918e+01 2.657076053442959918e+01
6.227565424953059869e-01 2.390261247294662894e+02 1.998265360941840925e+02 2.576118589694392469e+01 3.022298423613562477e+02 2.557294969991864662e+02 1.998265360941840925e+02 1.998265360941840925e+02 2.576118589694392469e+01 2.576118589694392469e+01
6.288977757446623240e-01 2.323331001551142094e+02 1.956321512211441984e+02 2.501691619270659217e+01 2.950639313847744916e+02 2.495108123726390943e+02 1.956321512211441984e+02 1.956321512211441984e+02 2.501691619270659217e+01 2.501691619270659217e+01
6.350332706002194127e-01 2.263249400124418855e+02 1.917585389696951950e+02 2.421597742690405042e+01 2.884796338537192355e+02 2.443362413721598614e+02 1.917585389696951950e+02 1.917585389696951950e+02 2.421597742690405042e+01 2.421597742690405042e+01
6.411743038514937654e-01 2.205497029934176965e+02 1.882316943240363685e+02 2.346556693959163198e+01 2.832414437292934508e+02 2.383176000116759212e+02 1.882316943240363685e+02 1.882316943240363685e+02 2.346556693959163198e+01 2.346556693959163198e+01
6.473071136295037720e-01 2.175701872230956155e+02 1.842982135200800258e+02 2.291370587394597536e+01 2.814788337859082503e+02 2.343842361011862181e+02 1.842982135200800258e+02 1.842982135200800258e+02 2.291370587394597536e+01 2.291370587394597536e+01
6.534392957951101755e-01 2.143666328743206293e+02 1.801489116048548169e+02 2.242840246684125916e+01 2.773244910027878518e+02 2.314439751063050892e+02 1.801489116048548169e+02 1.801489116048548169e+02 2.242840246684125916e+01 2.242840246684125916e+01
6.595783755518781488e-01 2.100311845473586061e+02 1.770080357020629833e+02 2.173924009911155508e+01 2.731536366000903513e+02 2.265593916412271085e+02 1.770080357020629833e+02 1.770080357020629833e+02 2.173924009911155508e+01 2.173924009911155508e+01
6.657085753353266799e-01 2.052595623942816587e+02 1.728555273639984762e+02 2.112810504992634009e+01 2.684382332078354239e+02 2.211584274567577779e+02 1.728555273639984762e+02 1.728555273639984762e+02 2.112810504992634009e+01 2.112810504992634009e+01
6.718369711955728407e-01 2.014706347949976077e+02 1.694889715582291103e+02 2.060718761542926458e+01 2.650579916627090711e+02 2.166968629623766560e+02 1.694889715582291103e+02 1.694889715582291103e+02 2.060718761542926458e+01 2.060718761542926458e+01
6.779675665423466890e-01 2.007668940678523199e+02 1.677063370006703735e+02 2.000989622356296849e+01 2.645621146995807180e+02 2.157838505724463403e+02 1.677063370006703735e+02 1.677063370006703735e+02 2.000989622356296849e+01 2.000989622356296849e+01
6.841025602423458363e-01 1.925826692594145868e+02 1.615891257101460212e+02 1.936920285710654355e+01 2.554618014514304605e+02 2.084602000482962865e+02 1.615891257101460212e+02 1.615891257101460212e+02 1.936920285710654355e+01 1.936920285710654355e+01
6.902473351098605825e-01 1.904604635911922799e+02 1.606726864579917731e+02 1.892952177970590455e+01 2.537558453350821139e+02 2.054075087648498084e+02 1.606726864579917731e+02 1.606726864579917731e+02 1.892952177970590455e+01 1.892952177970590455e+01
6.963896182979992799e-01 1.872197845539477896e+02 1.575480563019202691e+02 1.840577778736411219e+01 2.513703256341361225e+02 2.013056548426060601e+02 1.575480563019202691e+02 1.575480563019202691e+02 1.840577778736411219e+01 1.840577778736411219e+01
7.025354447064345864e-01 1.832276643441381623e+02 1.535315237806725293e+02 1.791442441684338149e+01 2.472284519842472150e+02 1.973694759163889785e+02 1.535315237806725293e+02 1.535315237806725293e+02 1.791442441684338149e+01 1.791442441684338149e+01
7.086795257259553837e-01 1.781406257452186708e+02 1.515876257929126609e+02 1.735070587113082397e+01 2.417664901988839574e+02 1.928366361425096613e+02 1.515876257929126609e+02 1.515876257929126609e+02 1.735070587113082397e+01 1.735070587113082397e+01
7.148105300560909647e-01 1.761046014288400272e+02 1.480665303628501590e+02 1.698093362239142934e+01 2.400268142507990206e+02 1.903317587892460949e+02 1.480665303628501590e+02 1.480665303628501590e+02 1.698093362239142934e+01 1.698093362239142934e+01
7.209489185367295994e-01 1.726956861752901204e+02 1.451474474716225984e+02 1.647658361413637351e+01 2.367406069945832883e+02 1.867298885604866996e+02 1.451474474716225984e+02 1.451474474716225984e+02 1.647658361413637351e+01 1.647658361413637351e+01
7.270775917581103753e-01 1.694328149034353146e+02 1.425174841907366101e+02 1.602727738848060213e+01 2.333598131373554168e+02 1.829919216088417784e+02 1.425174841907366101e+02 1.425174841907366101e+02 1.602727738848060213e+01 1.602727738848060213e+01
7.331906622449658739e-01 1.652515006806060569e+02 1.405324794144556222e+02 1.558794602012808639e+01 2.292812799857184132e+02 1.790838819092674044e+02 1.405324794144556222e+02 1.405324794144556222e+02 1.558794602012808639e+01 1.558794602012808639e+01
7.393386679216931157e-01 1.627917385889396371e+02 1.367017720191404351e+02 1.514293049577206318e+01 2.271733781982651124e+02 1.759783031441868673e+02 1.367017720191404351e+02 1.367017720191404351e+02 1.514293049577206318e+01 1.514293049577206318e+01
7.454822748005143218e-01 1.600859274754423609e+02 1.343321831768042216e+02 1.481829773239451775e+01 2.249068265384242125e+02 1.727085323643264587e+02 1.343321831768042216e+02 1.343321831768042216e+02 1.481829773239451775e+01 1.481829773239451775e+01
7.516118807450163919e-01 1.574494262530442086e+02 1.329602258829534946e+02 1.432794503940190012e+01 2.225073858621093166e+02 1.696364071423254245e+02 1.329602258829534946e+02 1.329602258829534946e+02 1.432794503940190012e+01 1.432794503940190012e+01
7.577553313207755492e-01 1.548004069725189709e+02 1.297365268217730261e+02 1.393417453099531755e+01 2.193005678927752058e+02 1.671368548914566929e+02 1.297365268217730261e+02 1.297365268217730261e+02 1.393417453099531755e+01 1.393417453099531755e+01
7.639042897236033580e-01 1.522815411321219869e+02 1.276021754984233354e+02 1.363292444302926398e+01 2.174190453691054756e+02 1.638191809525766018e+02 1.276021754984233354e+02 1.276021754984233354e+02 1.363292444302926398e+01 1.363292444302926398e+01
7.700556058884338029e-01 1.479427214839702742e+02 1.253345270548944370e+02 1.317613722097596884e+01 2.129561106137271338e+02 1.597765896448007936e+02 1.253345270548944370e+02 1.253345270548944370e+02 1.317613722097596884e+01 1.317613722097596884e+01
7.761646078124272430e-01 1.465794912079279868e+02 1.231223236046488267e+02 1.291494576711583875e+01 2.116332104658891922e+02 1.585461659314762244e+02 1.231223236046488267e+02 1.231223236046488267e+02 1.291494576711583875e+01 1.291494576711583875e+01
7.822760392858680856e-01 1.428898190972425652e+02 1.209886813808715402e+02 1.254725157582499051e+01 2.086202212985188282e+02 1.543173116328083836e+02 1.209886813808715402e+02 1.209886813808715402e+02 1.254725157582499051e+01 1.254725157582499051e+01
7.884165269731352454e-01 1.402757931334202510e+02 1.197886136462407762e+02 1.225242648124004141e+01 2.053662851900140254e+02 1.522100342846105718e+02 1.197886136462407762e+02 1.197886136462407762e+02 1.225242648124004141e+01 1.225242648124004141e+01
7.945591276009631443e-01 1.381883707302319237e+02 1.168056842025670505e+02 1.184423971191470848e+01 2.041796185327309274e+02 1.493258728568457911e+02 1.168056842025670505e+02 1.168056842025670505e+02 1.184423971191470848e+01 1.184423971191470848e+01
8.007019309919388705e-01 1.342938454332552567e+02 1.149892833723653354e+02 1.154245081967212982e+01 1.996180234192037233e+02 1.457203091334894509e+02 1.149892833723653354e+02 1.149892833723653354e+02 1.154245081967212982e+01 1.154245081967212982e+01
8.068322471611056868e-01 1.325708688574345331e+02 1.129796282500528832e+02 1.126764478657947777e+01 1.978742929669177499e+02 1.434376109409633102e+02 1.129796282500528832e+02 1.129796282500528832e+02 1.126764478657947777e+01 1.126764478657947777e+01
8.129795759107908415e-01 1.310609527771999012e+02 1.107640126265138605e+02 1.100797071300006280e+01 1.962339884769493494e+02 1.421092609509682347e+02 1.107640126265138605e+02 1.107640126265138605e+02 1.100797071300006280e+01 1.100797071300006280e+01
8.191384193203445907e-01 1.274618117544654439e+02 1.089120502367058521e+02 1.069001194631707108e+01 1.933573680797960890e+02 1.381576380932079360e+02 1.089120502367058521e+02 1.089120502367058521e+02 1.069001194631707108e+01 1.069001194631707108e+01
8.252636533623828319e-01 1.250333365859716537e+02 1.070358736438715823e+02 1.044179958129673658e+01 1.910518322703119622e+02 1.355882248578449207e+02 1.070358736438715823e+02 1.070358736438715823e+02 1.044179958129673658e+01 1.044179958129673658e+01
8.313801266770000087e-01 1.234906966868592377e+02 1.055056201197687926e+02 1.016537104923346213e+01 1.898929014030800317e+02 1.335737548639818328e+02 1.055056201197687926e+02 1.055056201197687926e+02 1.016537104923346213e+01 1.016537104923346213e+01
8.375206517277707929e-01 1.205954010449071347e+02 1.041871542900000804e+02 9.887617083294269804e+00 1.869850593619759422e+02 1.304294005846707023e+02 1.041871542900000804e+02 1.041871542900000804e+02 9.887617083294269804e+00 9.887617083294269804e+00
8.436596178727920892e-01 1.179937913872369251e+02 1.020285039436500938e+02 9.617144333375511778e+00 1.844288329326416260e+02 1.276691973512168516e+02 1.020285039436500938e+02 1.020285039436500938e+02 9.617144333375511778e+00 9.617144333375511778e+00
8.497926552975230141e-01 1.161099507225972189e+02 1.006591411652656518e+02 9.403251687440475237e+00 1.819548138639281376e+02 1.267216530705205315e+02 1.006591411652656518e+02 1.006591411652656518e+02 9.403251687440475237e+00 9.403251687440475237e+00
8.559261024612236923e-01 1.141356999220256938e+02 9.926522756186645324e+01 9.152244839331883597e+00 1.806504863134567245e+02 1.239182336766938874e+02 9.926522756186645324e+01 9.926522756186645324e+01 9.152244839331883597e+00 9.152244839331883597e+00
8.620635216668264267e-01 1.125279038568134951e+02 9.740828720848965361e+01 8.913001783404697065e+00 1.788913488805520728e+02 1.224203051068034540e+02 9.740828720848965361e+01 9.740828720848965361e+01 8.913001783404697065e+00 8.913001783404697065e+00
8.681991121454618598e-01 1.101843764195828754e+02 9.588249639376140010e+01 8.718322879890338939e+00 1.766956812802346235e+02 1.201780405970815337e+02 9.588249639376140010e+01 9.588249639376140010e+01 8.718322879890338939e+00 8.718322879890338939e+00
8.743258064632770665e-01 1.083029739047125446e+02 9.379406475526342035e+01 8.462179305958017039e+00 1.746682215468701997e+02 1.180279799907335416e+02 9.379406475526342035e+01 9.379406475526342035e+01 8.462179305958017039e+00 8.462179305958017039e+00
8.804649962982444844e-01 1.071435984693916907e+02 9.282497324515141202e+01 8.286063226134290360e+00 1.739897292178345083e+02 1.161981398643394385e+02 9.282497324515141202e+01 9.282497324515141202e+01 8.286063226134290360e+00 8.286063226134290360e+00
8.866060715851544760e-01 1.053310183945848735e+02 9.150648973192090807e+01 8.052979081418026652e+00 1.722964702283069869e+02 1.143682205820490196e+02 9.150648973192090807e+01 9.150648973192090807e+01 8.052979081418026652e+00 8.052979081418026652e+00
8.927497452568226022e-01 1.030480053181556741e+02 8.971169919555426020e+01 7.823309039370784923e+00 1.703174610288241126e+02 1.119342027621544560e+02 8.971169919555426020e+01 8.971169919555426020e+01 7.823309039370784923e+00 7.823309039370784923e+00
8.989002179133253057e-01 1.014002837469452629e+02 8.847104221292904924e+01 7.628734392061027769e+00 1.688479428346468296e+02 1.098527338498221013e+02 8.847104221292904924e+01 8.847104221292904924e+01 7.628734392061027769e+00 7.628734392061027769e+00
9.050334286265421246e-01 9.957470684193970101e+01 8.740530061960043895e+01 7.434262093912992420e+00 1.675395205594691959e+02 1.080598093649644085e+02 8.740530061960043895e+01 8.740530061960043895e+01 7.434262093912992420e+00 7.434262093912992420e+00
9.111662727418216035e-01 9.754696040840788385e+01 8.575004512993811545e+01 7.236674031872567525e+00 1.649428763295279623e+02 1.060856674537327820e+02 8.575004512993811545e+01 8.575004512993811545e+01 7.236674031872567525e+00 7.236674031872567525e+00
9.173141852908638372e-01 9.602048026105771328e+01 8.438032845032455498e+01 7.070414198559926255e+00 1.634440747703330601e+02 1.048161245699287036e+02 8.438032845032455498e+01 8.438032845032455498e+01 7.070414198559926255e+00 7.070414198559926255e+00
9.234386234055659282e-01 9.431881751236178957e+01 8.299225398442308688e+01 6.889891626521791324e+00 1.617389840340117360e+02 1.030243698846232832e+02 8.299225398442308688e+01 8.299225398442308688e+01 6.889891626521791324e+00 6.889891626521791324e+00
9.295586914769259357e-01 9.309562975948780661e+01 8.230482895293000922e+01 6.734853222420089658e+00 1.611214756404304467e+02 1.012069264189250077e+02 8.230482895293000922e+01 8.230482895293000922e+01 6.734853222420089658e+00 6.734853222420089658e+00
9.356866131768992734e-01 9.118623323282760396e+01 8.064242395104294303e+01 6.526879846425407194e+00 1.589747590953110432e+02 9.948771609305137531e+01 8.064242395104294303e+01 8.064242395104294303e+01 6.526879846425407194e+00 6.526879846425407194e+00
9.418341995598693561e-01 8.963594979820055642e+01 7.915453411818340612e+01 6.381801512490111072e+00 1.577617559902921585e+02 9.728288124002735060e+01 7.915453411818340612e+01 7.915453411818340612e+01 6.381801512490111072e+00 6.381801512490111072e+00
9.479856668247271800e-01 8.804757351662900078e+01 7.796028296714317207e+01 6.257491240856389858e+00 1.563279530349429649e+02 9.569984888805680612e+01 7.796028296714317207e+01 7.796028296714317207e+01 6.257491240856389858e+00 6.257491240856389858e+00
9.541104538204613350e-01 8.566239555418013651e+01 7.709141848781548845e+01 6.063551454175528654e+00 1.544492437760497410e+02 9.336730689457640153e+01 7.709141848781548845e+01 7.709141848781548845e+01 6.063551454175528654e+00 6.063551454175528654e+00
9.602408593380125090e-01 8.490001627975125587e+01 7.605804708104059841e+01 5.934662032364145468e+00 1.534498876697164178e+02 9.242542897144531366e+01 7.605804708104059841e+01 7.605804708104059841e+01 5.934662032364145468e+00 5.934662032364145468e+00
9.663673603621276698e-01 8.311394941147007387e+01 7.521698228309797685e+01 5.739242392134953796e+00 1.520940748874633073e+02 9.050631553937338936e+01 7.521698228309797685e+01 7.521698228309797685e+01 5.739242392134953796e+00 5.739242392134953796e+00
9.725109363121978712e-01 8.172837238079003441e+01 7.385217523059148448e+01 5.606202690076201200e+00 1.507277158026982988e+02 8.921217573565155590e+01 7.385217523059148448e+01 7.385217523059148448e+01 5.606202690076201200e+00 5.606202690076201200e+00
9.786539223807257937e-01 8.059785040579073723e+01 7.294768276251056704e+01 5.494574703099050161e+00 1.494297120295804291e+02 8.779947983580359505e+01 7.294768276251056704e+01 7.294768276251056704e+01 5.494574703099050161e+00 5.494574703099050161e+00
9.847742802912333726e-01 7.943595161670116056e+01 7.180234604469011117e+01 5.356859361251223639e+00 1.488631288031826045e+02 8.639347370769249324e+01 7.180234604469011117e+01 7.180234604469011117e+01 5.356859361251223639e+00 5.356859361251223639e+00
9.909163226000885505e-01 7.769672928445497462e+01 7.046954830080855459e+01 5.213650525867834062e+00 1.464495835613107033e+02 8.508379840719800313e+01 7.046954830080855459e+01 7.046954830080855459e+01 5.213650525867834062e+00 5.213650525867834062e+00
9.970641613013051519e-01 7.616662050528647399e+01 6.948872859516870903e+01 5.096542638062667052e+00 1.448906818236555125e+02 8.356206497916716103e+01 6.948872859516870903e+01 6.948872859516870903e+01 5.096542638062667052e+00 5.096542638062667052e+00
1.003199363263552968e+00 7.512803834711532147e+01 6.894606840715192675e+01 4.980138584996214313e+00 1.440196147402686506e+02 8.233218069408755468e+01 6.894606840715192675e+01 6.894606840715192675e+01 4.980138584996214313e+00 4.980138584996214313e+00
1.009337884460522083e+00 7.400768742879290585e+01 6.788044257038490059e+01 4.859374816476584868e+00 1.434025534713820775e+02 8.098664536816264103e+01 6.788044257038490059e+01 6.788044257038490059e+01 4.859374816476584868e+00 4.859374816476584868e+00
1.015478646350256975e+00 7.259032612040387278e+01 6.710262603273396564e+01 4.705680980277176850e+00 1.422679679743609142e+02 7.924657884194454027e+01 6.710262603273396564e+01 6.710262603273396564e+01 4.705680980277176850e+00 4.705680980277176850e+00
1.021609453879374962e+00 7.152702585933764112e+01 6.610307443272482431e+01 4.603065431785844375e+00 1.409930354334564129e+02 7.819909212929093201e+01 6.610307443272482431e+01 6.610307443272482431e+01 4.603065431785844375e+00 4.603065431785844375e+00
1.027737761654253790e+00 7.046100929118611589e+01 6.509588436125218891e+01 4.494949580735934980e+00 1.402176662759952137e+02 7.689437150023496770e+01 6.509588436125218891e+01 6.509588436125218891e+01 4.494949580735934980e+00 4.494949580735934980e+00
1.033868183565701315e+00 6.924078589488739510e+01 6.395255123014286625e+01 4.371683555673185673e+00 1.392378463912242808e+02 7.542169488852974268e+01 6.395255123014286625e+01 6.395255123014286625e+01 4.371683555673185673e+00 4.371683555673185673e+00
1.040006632801374398e+00 6.804327092705301538e+01 6.314401406897768254e+01 4.287471677361735622e+00 1.382637933315691896e+02 7.428531026726646758e+01 6.314401406897768254e+01 6.314401406897768254e+01 4.287471677361735622e+00 4.287471677361735622e+00
1.046156808389768100e+00 6.698582771092907251e+01 6.256747705894905920e+01 4.156322674020935359e+00 1.374585747820805466e+02 7.311189542054489721e+01 6.256747705894905920e+01 6.256747705894905920e+01 4.156322674020935359e+00 4.156322674020935359e+00
1.052295850575665437e+00 6.552089095780669936e+01 6.182168394273187317e+01 4.069658177487888828e+00 1.360741779209180038e+02 7.167362039568052978e+01 6.182168394273187317e+01 6.182168394273187317e+01 4.069658177487888828e+00 4.069658177487888828e+00
1.058425977651756611e+00 6.435083343146806101e+01 6.075190827436328078e+01 3.966697534498817124e+00 1.347605798156494643e+02 7.058903317667461863e+01 6.075190827436328078e+01 6.075190827436328078e+01 3.966697534498817124e+00 3.966697534498817124e+00
1.064562605041261323e+00 6.313331605642145661e+01 5.981093416967690501e+01 3.879160011529694252e+00 1.333219799341009093e+02 6.937350920524441733e+01 5.981093416967690501e+01 5.981093416967690501e+01 3.879160011529694252e+00 3.879160011529694252e+00
1.070698774491387617e+00 6.223671835447993317e+01 5.946164645953267325e+01 3.790834959994572095e+00 1.325316311671772951e+02 6.859639664090104816e+01 5.946164645953267325e+01 5.946164645953267325e+01 3.790834959994572095e+00 3.790834959994572095e+00
1.076840726399151738e+00 6.156750321517667146e+01 5.853243325603136071e+01 3.691596767779023125e+00 1.323995289572497711e+02 6.725527727993471672e+01 5.853243325603136071e+01 5.853243325603136071e+01 3.691596767779023125e+00 3.691596767779023125e+00
1.082972309238944275e+00 6.037858064912712308e+01 5.787099418080484980e+01 3.599969392877632846e+00 1.314997848537005041e+02 6.615284095565937150e+01 5.787099418080484980e+01 5.787099418080484980e+01 3.599969392877632846e+00 3.599969392877632846e+00
1.089087945679088287e+00 5.927810245986811566e+01 5.690587823830257719e+01 3.507602186155195589e+00 1.305607059765722227e+02 6.508463304728644516e+01 5.690587823830257719e+01 5.690587823830257719e+01 3.507602186155195589e+00 3.507602186155195589e+00
1.095217492047269259e+00 5.870443718728466109e+01 5.614790624282191089e+01 3.425772550458899168e+00 1.300105162237468903e+02 6.422781156684743564e+01 5.614790624282191089e+01 5.614790624282191089e+01 3.425772550458899168e+00 3.425772550458899168e+00
1.101360503814608816e+00 5.734655606401686612e+01 5.560284519405543335e+01 3.336843748306725033e+00 1.291057539320916874e+02 6.295713983123900448e+01 5.560284519405543335e+01 5.560284519405543335e+01 3.336843748306725033e+00 3.336843748306725033e+00
1.107509538678442151e+00 5.651479682733373977e+01 5.476259670530811263e+01 3.267982001220255839e+00 1.508121342281879151e+02 6.199627089688834047e+01 5.476259670530811263e+01 5.476259670530811263e+01 3.267982001220255839e+00 3.267982001220255839e+00
1.113637274621421813e+00 5.573599305653205249e+01 5.410083059780738068e+01 3.188288231500652437e+00 1.827585350834234532e+02 6.074013877238323289e+01 5.410083059780738068e+01 5.410083059780738068e+01 3.188288231500652437e+00 3.188288231500652437e+00
1.119766029293861820e+00 5.473459279159767021e+01 5.344995490573150221e+01 3.114997840724180733e+00 2.050601400069669467e+02 5.995761138761506004e+01 5.344995490573150221e+01 5.344995490573150221e+01 3.114997840724180733e+00 3.114997840724180733e+00
1.125921199838792353e+00 5.391050957212506489e+01 5.270325000470605659e+01 3.042598074280443043e+00 2.231624531747077356e+02 5.929195452064077188e+01 5.270325000470605659e+01 5.270325000470605659e+01 3.042598074280443043e+00 3.042598074280443043e+00
1.132060593734519616e+00 5.313288883887545211e+01 5.209223728877135784e+01 2.952322928974662197e+00 2.378736285376695037e+02 5.829404152365948732e+01 5.209223728877135784e+01 5.209223728877135784e+01 2.952322928974662197e+00 2.952322928974662197e+00
1.138193835500512563e+00 5.229847196760147199e+01 5.150952422732541436e+01 2.884714423258971649e+00 2.555225372079814292e+02 5.723596994731082788e+01 5.150952422732541436e+01 5.150952422732541436e+01 2.884714423258971649e+00 2.884714423258971649e+00
1.144331290643838761e+00 5.128510160599326895e+01 5.081856629017847382e+01 2.820480137001993182e+00 2.666252880936561951e+02 5.633337304405599610e+01 5.081856629017847382e+01 5.081856629017847382e+01 2.820480137001993182e+00 2.820480137001993182e+00
1.150477416657047947e+00 5.055659735826453982e+01 5.007314085502879664e+01 2.758378705792813079e+00 2.804208222435386233e+02 5.551049533665688784e+01 5.007314085502879664e+01 5.007314085502879664e+01 2.758378705792813079e+00 2.758378705792813079e+00
1.156613064375511923e+00 4.928427560165638965e+01 4.936875757562103928e+01 2.690769345150926917e+00 2.912720194296374530e+02 5.453379684493690149e+01 4.936875757562103928e+01 4.936875757562103928e+01 2.690769345150926917e+00 2.690769345150926917e+00
1.162735018537596643e+00 4.893959624649934881e+01 4.892831893252635922e+01 2.617329247574426532e+00 3.050662348636679440e+02 5.360927137668175391e+01 4.892831893252635922e+01 4.892831893252635922e+01 2.617329247574426532e+00 2.617329247574426532e+00
1.168863107201693285e+00 4.787729123338855430e+01 4.832183016673128861e+01 2.564561008495188421e+00 3.143931051499876617e+02 5.283175737600902266e+01 4.832183016673128861e+01 4.832183016673128861e+01 2.564561008495188421e+00 2.564561008495188421e+00
1.175003119642887395e+00 4.744878791670081597e+01 4.759722767493129680e+01 2.501005215905708123e+00 3.233839105055847654e+02 5.204416478638083277e+01 4.759722767493129680e+01 4.759722767493129680e+01 2.501005215905708123e+00 2.501005215905708123e+00
1.181141063188670737e+00 4.668699752161034411e+01 4.719577119368571516e+01 2.435712720529183528e+00 3.357044585107209400e+02 5.127545962470099283e+01 4.719577119368571516e+01 4.719577119368571516e+01 2.435712720529183528e+00 2.435712720529183528e+00
1.187270909488056914e+00 4.556821755697689014e+01 4.653185916101878661e+01 2.383604813312479642e+00 3.435909277791200225e+02 5.039292753328331997e+01 4.653185916101878661e+01 4.653185916101878661e+01 2.383604813312479642e+00 2.383604813312479642e+00
1.193410238621095854e+00 4.532133123844264588e+01 4.607483056237705910e+01 2.325261001335282351e+00 3.536961537975510055e+02 4.939478018390668979e+01 4.607483056237705910e+01 4.607483056237705910e+01 2.325261001335282351e+00 2.325261001335282351e+00
1.199554515593299175e+00 4.422126855600539130e+01 4.536825495691891774e+01 2.279497560469220030e+00 3.546714502231910728e+02 4.894326170455724423e+01 4.536825495691891774e+01 4.536825495691891774e+01 2.279497560469220030e+00 2.279497560469220030e+00
1.205699244952225024e+00 4.348666910980536215e+01 4.482941401730236208e+01 2.212823286954874735e+00 3.632950419382599989e+02 4.812752360442565447e+01 4.482941401730236208e+01 4.482941401730236208e+01 2.212823286954874735e+00 2.212823286954874735e+00
1.211823614414484052e+00 4.324352833098199511e+01 4.443552938088520676e+01 2.171804510892746176e+00 3.709979658125266724e+02 4.740246973325896818e+01 4.443552938088520676e+01 4.443552938088520676e+01 2.171804510892746176e+00 2.171804510892746176e+00
1.217948190684038368e+00 4.241863571071191785e+01 4.414795671331041405e+01 2.114361034111266857e+00 3.813785245081424478e+02 4.664562049096983287e+01 4.414795671331041405e+01 4.414795671331041405e+01 2.114361034111266857e+00 2.114361034111266857e+00
1.224088465910863066e+00 4.167433299358474130e+01 4.328111597417910161e+01 2.055342046885304530e+00 3.846832703799188380e+02 4.570642124827627129e+01 4.328111597417910161e+01 4.328111597417910161e+01 2.055342046885304530e+00 2.055342046885304530e+00
1.230226458808759915e+00 4.098471834471834541e+01 4.290002970002969818e+01 2.015378922878922729e+00 3.924428234828234849e+02 4.505222453222453538e+01 4.290002970002969818e+01 4.290002970002969818e+01 2.015378922878922729e+00 2.015378922878922729e+00
1.236361550594031522e+00 4.044220578040115299e+01 4.223642929603502694e+01 1.966790380163800034e+00 3.987923434556286111e+02 4.440087971141078782e+01 4.223642929603502694e+01 4.223642929603502694e+01 1.966790380163800034e+00 1.966790380163800034e+00
1.242496792651986093e+00 3.961706257366126493e+01 4.200299118204201676e+01 1.923219682677983267e+00 4.068118978252667262e+02 4.380094053032218682e+01 4.200299118204201676e+01 4.200299118204201676e+01 1.923219682677983267e+00 1.923219682677983267e+00
1.248637470443478836e+00 3.908934251472710031e+01 4.131131891308424997e+01 1.878538834960746806e+00 4.120162141678756029e+02 4.314605765292647277e+01 4.131131891308424997e+01 4.131131891308424997e+01 1.878538834960746806e+00 1.878538834960746806e+00
1.254772466883479876e+00 3.846609207483707848e+01 4.091366598505551622e+01 1.832484783190322375e+00 4.166047814703690051e+02 4.247192462782120259e+01 4.091366598505551622e+01 4.091366598505551622e+01 1.832484783190322375e+00 1.832484783190322375e+00
1.260914491442226115e+00 3.827763585694379600e+01 4.047628590264147164e+01 1.794292215101209065e+00 4.226458505011761417e+02 4.183918912844792715e+01 4.047628590264147164e+01 4.047628590264147164e+01 1.794292215101209065e+00 1.794292215101209065e+00
1.267057912247927520e+00 3.718164965132914546e+01 3.998106091815410679e+01 1.749994031211846712e+00 4.271322702180410147e+02 4.118299789524144927e+01 3.998106091815410679e+01 3.998106091815410679e+01 1.749994031211846712e+00 1.749994031211846712e+00
1.273186365191749214e+00 3.656165431596843263e+01 3.963846765102655212e+01 1.709765791029881798e+00 4.316969600650490406e+02 4.051260880010348586e+01 3.963846765102655212e+01 3.963846765102655212e+01 1.709765791029881798e+00 1.709765791029881798e+00
1.279317993167675471e+00 3.627510909030955588e+01 3.916636318005122064e+01 1.673707884362440002e+00 4.355775319760092543e+02 4.003461212945016712e+01 3.916636318005122064e+01 3.916636318005122064e+01 1.673707884362440002e+00 1.673707884362440002e+00
1.285454867222016517e+00 3.566531724660319469e+01 3.869023742303050284e+01 1.636225133280902799e+00 4.415700725932422870e+02 3.933550545264768061e+01 3.869023742303050284e+01 3.869023742303050284e+01 1.636225133280902799e+00 1.636225133280902799e+00
1.291590440177868837e+00 3.499360607835878767e+01 3.827347223370340856e+01 1.596934156803829996e+00 4.453158036609604551e+02 3.887707784482789464e+01 3.827347223370340856e+01 3.827347223370340856e+01 1.596934156803829996e+00 1.596934156803829996e+00
1.297722286883003173e+00 3.491762292454644268e+01 3.777007429251162307e+01 1.556043033385330787e+00 4.508623772179128082e+02 3.821243527006716789e+01 3.777007429251162307e+01 3.777007429251162307e+01 1.556043033385330787e+00 1.556043033385330787e+00
1.303853449480362636e+00 3.411272383612269010e+01 3.729323854459796195e+01 1.523151478605533571e+00 4.545643456121420058e+02 3.778467300002115792e+01 3.729323854459796195e+01 3.729323854459796195e+01 1.523151478605533571e+00 1.523151478605533571e+00
1.310000794114592582e+00 3.360596149635226482e+01 3.699144286146263738e+01 1.487550419167712246e+00 4.603528099182170763e+02 3.722202333575472721e+01 3.699144286146263738e+01 3.699144286146263738e+01 1.487550419167712246e+00 1.487550419167712246e+00
1.316143719180109750e+00 3.301947247730292645e+01 3.657822815373994274e+01 1.453921880257967869e+00 4.633016967733206570e+02 3.653827020013668658e+01 3.657822815373994274e+01 3.657822815373994274e+01 1.453921880257967869e+00 1.453921880257967869e+00
1.322267763843804511e+00 3.270917560535531976e+01 3.610521639802005467e+01 1.422945938227858420e+00 4.684086264205568568e+02 3.602379915135340838e+01 3.610521639802005467e+01 3.610521639802005467e+01 1.422945938227858420e+00 1.422945938227858420e+00
1.328401901823275777e+00 3.217470184069895822e+01 3.570228857409449574e+01 1.391154147934515306e+00 4.750397149885486670e+02 3.545114598354398083e+01 3.570228857409449574e+01 3.570228857409449574e+01 1.391154147934515306e+00 1.391154147934515306e+00
1.334537614144214679e+00 3.146655435002358558e+01 3.540382438169687873e+01 1.363721443493496777e+00 4.751216119684614796e+02 3.500198126558393596e+01 3.540382438169687873e+01 3.540382438169687873e+01 1.363721443493496777e+00 1.363721443493496777e+00
1.340678552423816727e+00 3.090230054980648688e+01 3.498496420444163846e+01 1.328671847748450929e+00 4.782161686294703031e+02 3.458865505041276833e+01 3.498496420444163846e+01 3.498496420444163846e+01 1.328671847748450929e+00 1.328671847748450929e+00
1.346815149096061148e+00 3.070342781369136631e+01 3.460047737444057958e+01 1.300957235206364970e+00 4.827976263881982391e+02 3.407174540029836152e+01 3.460047737444057958e+01 3.460047737444057958e+01 1.300957235206364970e+00 1.300957235206364970e+00
1.352940200955950356e+00 3.023310345279048050e+01 3.433797022135958343e+01 1.266149462721056773e+00 4.837421191996622269e+02 3.364251557176102381e+01 3.433797022135958343e+01 3.433797022135958343e+01 1.266149462721056773e+00 1.266149462721056773e+00
1.359082410299650379e+00 2.971797520326651210e+01 3.384313103283025725e+01 1.241857298166311185e+00 4.891454031492952481e+02 3.308490404136890817e+01 3.384313103283025725e+01 3.384313103283025725e+01 1.241857298166311185e+00 1.241857298166311185e+00
1.365220173749337018e+00 2.939142628076129071e+01 3.360505768295784890e+01 1.212293469091400899e+00 4.919266011327303545e+02 3.267789952250166863e+01 3.360505768295784890e+01 3.360505768295784890e+01 1.212293469091400899e+00 1.212293469091400899e+00
1.371355627496639196e+00 2.900077271151785396e+01 3.324803403746538066e+01 1.187933358401409345e+00 4.983046264114705082e+02 3.219616696928551391e+01 3.324803403746538066e+01 3.324803403746538066e+01 1.187933358401409345e+00 1.187933358401409345e+00
1.377497312851453160e+00 2.873376430422962713e+01 3.283030916102927677e+01 1.165604254915597160e+00 4.998696592274135355e+02 3.180397041158247617e+01 3.283030916102927677e+01 3.283030916102927677e+01 1.165604254915597160e+00 1.165604254915597160e+00
1.383633079758801232e+00 2.798799878769321126e+01 3.246074219421279849e+01 1.139542018303332904e+00 5.049317764981205983e+02 3.131486544331997024e+01 3.246074219421279849e+01 3.246074219421279849e+01 1.139542018303332904e+00 1.139542018303332904e+00
1.389766479619330530e+00 2.778884853916360953e+01 3.213932168896274533e+01 1.108680143889817282e+00 5.060671091651963707e+02 3.088528645711778609e+01 3.213932168896274533e+01 3.213932168896274533e+01 1.108680143889817282e+00 1.108680143889817282e+00
1.395898899779254521e+00 2.762173574159654876e+01 3.181609989014294015e+01 1.088494294644007931e+00 5.126057727124875782e+02 3.057277570133608435e+01 3.181609989014294015e+01 3.181609989014294015e+01 1.088494294644007931e+00 1.088494294644007931e+00
1.402038197914537321e+00 2.735320450030667061e+01 3.150683071364708354e+01 1.063779328432673976e+00 5.168513476813411671e+02 3.000160812423141010e+01 3.150683071364708354e+01 3.150683071364708354e+01 1.063779328432673976e+00 1.063779328432673976e+00
1.408181749899602986e+00 2.651613787618138218e+01 3.120181910755872678e+01 1.041275069971469236e+00 5.147488468641635109e+02 2.961185643571813841e+01 3.120181910755872678e+01 3.120181910755872678e+01 1.041275069971469236e+00 1.041275069971469236e+00
1.414313666006327352e+00 2.619797994979934685e+01 3.091005666361053628e+01 1.023983868907158756e+00 5.176757158101994492e+02 2.925824478078547486e+01 3.091005666361053628e+01 3.091005666361053628e+01 1.023983868907158756e+00 1.023983868907158756e+00
1.420444380108462745e+00 2.574550287151739525e+01 3.059589918838103273e+01 1.001598356886895358e+00 5.190247282737670957e+02 2.887220561013811704e+01 3.059589918838103273e+01 3.059589918838103273e+01 1.001598356886895358e+00 1.001598356886895358e+00
1.426582768631972087e+00 2.553493527560492282e+01 3.019711721047719521e+01 9.776542043624565359e-01 5.235993181637525140e+02 2.847040813022012173e+01 3.019711721047719521e+01 3.019711721047719521e+01 9.776542043624565359e-01 9.776542043624565359e-01
1.432726168338077644e+00 2.551312729836994109e+01 3.000259923421664610e+01 9.569137590404979132e-01 5.262115403668067302e+02 2.811654884637126983e+01 3.000259923421664610e+01 3.000259923421664610e+01 9.569137590404979132e-01 9.569137590404979132e-01
1.438861657952483553e+00 2.476188501894702654e+01 2.961511297182735092e+01 9.378115858095903423e-01 5.300168102311043867e+02 2.776954501042303747e+01 2.961511297182735092e+01 2.961511297182735092e+01 9.378115858095903423e-01 9.378115858095903423e-01
1.444991779317132963e+00 2.462265796457003475e+01 2.927376317865595468e+01 9.229517499820698578e-01 5.343869640679911299e+02 2.747783116976260587e+01 2.927376317865595468e+01 2.927376317865595468e+01 9.229517499820698578e-01 9.229517499820698578e-01
1.451129573505090198e+00 2.418904884860320692e+01 2.900910698069001370e+01 9.003307472336016248e-01 5.340793067421263913e+02 2.701187978443870819e+01 2.900910698069001370e+01 2.900910698069001370e+01 9.003307472336016248e-01 9.003307472336016248e-01
1.457259699941714226e+00 2.394682921455586921e+01 2.869393185304028648e+01 8.822977778656551084e-01 5.391791519903737253e+02 2.674208045103649667e+01 2.869393185304028648e+01 2.869393185304028648e+01 8.822977778656551084e-01 8.822977778656551084e-01
1.463381498859491758e+00 2.363141372135534368e+01 2.851162353179026709e+01 8.656582830475302304e-01 5.413902636951008844e+02 2.638644206766610978e+01 2.851162353179026709e+01 2.851162353179026709e+01 8.656582830475302304e-01 8.656582830475302304e-01
1.469517533590522174e+00 2.364529276439489180e+01 2.823522629238834725e+01 8.479265344692192841e-01 5.433165217776007694e+02 2.601646315836043044e+01 2.823522629238834725e+01 2.823522629238834725e+01 8.479265344692192841e-01 8.479265344692192841e-01
1.475660550406120208e+00 2.298692309811809409e+01 2.797524315983798715e+01 8.328045353098394443e-01 5.469569118011737601e+02 2.566399856721681871e+01 2.797524315983798715e+01 2.797524315983798715e+01 8.328045353098394443e-01 8.328045353098394443e-01
1.481800492405727532e+00 2.274175577320513852e+01 2.762578793596854609e+01 8.151335440849323266e-01 5.470251077583272945e+02 2.543814004906645820e+01 2.762578793596854609e+01 2.762578793596854609e+01 8.151335440849323266e-01 8.151335440849323266e-01
1.487943725053375577e+00 2.248045969550176792e+01 2.739101705871692971e+01 8.005980997936292809e-01 5.493197015062628452e+02 2.514571719909229230e+01 2.739101705871692971e+01 2.739101705871692971e+01 8.005980997936292809e-01 8.005980997936292809e-01
1.494084839802395370e+00 2.187527791261810606e+01 2.716297144573563571e+01 7.860991393760274892e-01 5.519787807514167071e+02 2.481530778906264700e+01 2.716297144573563571e+01 2.716297144573563571e+01 7.860991393760274892e-01 7.860991393760274892e-01
1.500230994160872244e+00 2.202696396748122964e+01 2.687221961059276865e+01 7.708311754191665699e-01 5.542191165964183028e+02 2.452726673943817204e+01 2.687221961059276865e+01 2.687221961059276865e+01 7.708311754191665699e-01 7.708311754191665699e-01
1.506363835328208056e+00 2.177130214750340897e+01 2.658453691559688892e+01 7.571447378880011847e-01 5.577075208987454289e+02 2.427401666600426466e+01 2.658453691559688892e+01 2.658453691559688892e+01 7.571447378880011847e-01 7.571447378880011847e-01
1.512486114839888929e+00 2.148864816660546495e+01 2.626151445207994328e+01 7.408377813040969428e-01 5.585386560352515062e+02 2.393395845354875817e+01 2.626151445207994328e+01 2.626151445207994328e+01 7.408377813040969428e-01 7.408377813040969428e-01
1.518627690030334820e+00 2.104418137480779194e+01 2.605699286036024631e+01 7.286477398043977871e-01 5.591670592864502396e+02 2.372027781948464309e+01 2.605699286036024631e+01 2.605699286036024631e+01 7.286477398043977871e-01 7.286477398043977871e-01
1.524765346634578744e+00 2.113767176964439543e+01 2.583952389450569953e+01 7.162112006869493230e-01 5.651945364773677056e+02 2.347725644467549699e+01 2.583952389450569953e+01 2.583952389450569953e+01 7.162112006869493230e-01 7.162112006869493230e-01
1.530890949051883609e+00 2.067455257513746858e+01 2.561929071559858073e+01 7.036902325765690414e-01 5.661448069062305422e+02 2.320158851483832407e+01 2.561929071559858073e+01 2.561929071559858073e+01 7.036902325765690414e-01 7.036902325765690414e-01
1.537028126588163568e+00 2.063200988781137113e+01 2.541328009127210308e+01 6.927002915636686353e-01 5.690468099131646795e+02 2.290458008493376241e+01 2.541328009127210308e+01 2.541328009127210308e+01 6.927002915636686353e-01 6.927002915636686353e-01
1.543169805434377873e+00 2.040383798524625192e+01 2.511128146481847168e+01 6.782128517210611607e-01 5.712034785668505492e+02 2.266075930277858319e+01 2.511128146481847168e+01 2.511128146481847168e+01 6.782128517210611607e-01 6.782128517210611607e-01
1.549306732909000672e+00 2.012235596733511400e+01 2.490245735833978458e+01 6.702802300027470572e-01 5.726480033963489404e+02 2.247876282995779462e+01 2.490245735833978458e+01 2.490245735833978458e+01 6.702802300027470572e-01 6.702802300027470572e-01
1.555434294201658130e+00 1.983827397525663372e+01 2.461116754799273565e+01 6.596970136334395773e-01 5.703046846475399434e+02 2.221644854984811701e+01 2.461116754799273565e+01 2.461116754799273565e+01 6.596970136334395773e-01 6.596970136334395773e-01
1.561571446339652391e+00 1.950523166713181311e+01 2.440234629376655917e+01 6.451000400270274771e-01 5.740392191424668908e+02 2.201881392695741013e+01 2.440234629376655917e+01 2.440234629376655917e+01 6.451000400270274771e-01 6.451000400270274771e-01
1.567719175442112256e+00 1.944470839013992247e+01 2.418097054512373845e+01 6.377879987293210151e-01 5.775563062019380141e+02 2.177502884026759844e+01 2.418097054512373845e+01 2.418097054512373845e+01 6.377879987293210151e-01 6.377879987293210151e-01
