# k, xm.power, xs.power, xd.power,  pm1.power, pm2.power, ps1.power, ps2.power, pd1.power, pd2.power
0.000000000000000000e+00 0.000000000000000000e+00 0.000000000000000000e+00 0.000000000000000000e+00 0.000000000000000000e+00 0.000000000000000000e+00 0.000000000000000000e+00 0.000000000000000000e+00 0.000000000000000000e+00 0.000000000000000000e+00
8.691056022563805813e-03 -5.635465137087382012e-05 3.166444230769230853e+04 1.048421649639423094e+03 4.733500984339837794e-12 1.583469711538461706e+04 3.166444230769230853e+04 3.166444230769230853e+04 1.048421649639423094e+03 1.048421649639423094e+03
1.503254434404273886e-02 -2.908910068476365635e-05 2.411289583333333212e+04 7.984774305555555429e+02 5.578238873902049836e-12 1.285835850694444343e+04 2.411289583333333212e+04 2.411289583333333212e+04 7.984774305555555429e+02 7.984774305555555429e+02
2.104537904654678673e-02 1.632002500915213475e-05 2.311805427631578641e+04 7.578259662828946830e+02 8.489994526119765505e-12 1.256595065789473665e+04 2.311805427631578641e+04 2.311805427631578641e+04 7.578259662828946830e+02 7.578259662828946830e+02
2.718418752217394846e-02 -6.406648586002680493e-06 1.736164636752137085e+04 5.727171474358974592e+02 6.190205518165574454e-12 9.278049145299146403e+03 1.736164636752137085e+04 1.736164636752137085e+04 5.727171474358974592e+02 5.727171474358974592e+02
3.359305548768203725e-02 2.553014122596153811e+03 1.979568389423076951e+04 6.508013070913461888e+02 2.604541466346153811e+03 1.118067187500000000e+04 1.979568389423076951e+04 1.979568389423076951e+04 6.508013070913461888e+02 6.508013070913461888e+02
3.967812110980351720e-02 2.853556770833333303e+03 1.595317291666666642e+04 5.183363281250000227e+02 2.932623437499999909e+03 8.781976041666666788e+03 1.595317291666666642e+04 1.595317291666666642e+04 5.183363281250000227e+02 5.183363281250000227e+02
4.573133090443888549e-02 3.771735803324099834e+03 1.407315650969529088e+04 4.535795966066481810e+02 3.853152354570637272e+03 7.708228531855956135e+03 1.407315650969529088e+04 1.407315650969529088e+04 4.535795966066481810e+02 4.535795966066481810e+02
5.186912300623527233e-02 3.821919908466819379e+03 1.295331121281464584e+04 4.131513515446224005e+02 3.909442219679634036e+03 7.065749427917619869e+03 1.295331121281464584e+04 1.295331121281464584e+04 4.131513515446224005e+02 4.131513515446224005e+02
5.807971256735403043e-02 3.678478915662650707e+03 1.189996213425129099e+04 3.796451968588640398e+02 3.785986230636833170e+03 6.539686746987951665e+03 1.189996213425129099e+04 1.189996213425129099e+04 3.796451968588640398e+02 3.796451968588640398e+02
6.422094742881356844e-02 4.023262886597938177e+03 1.138430633284241594e+04 3.599115887334315289e+02 4.141012518409425866e+03 6.220630338733431017e+03 1.138430633284241594e+04 1.138430633284241594e+04 3.599115887334315289e+02 3.599115887334315289e+02
7.029194303550849454e-02 2.788869791666666515e+03 8.990157475490195793e+03 2.851762216605392268e+02 2.882044117647059011e+03 4.986557598039215918e+03 8.990157475490195793e+03 8.990157475490195793e+03 2.851762216605392268e+02 2.851762216605392268e+02
7.656976085866129544e-02 3.200559921414538167e+03 9.091929273084479064e+03 2.860155943025540068e+02 3.328089636542239532e+03 5.072637524557956567e+03 9.091929273084479064e+03 9.091929273084479064e+03 2.860155943025540068e+02 2.860155943025540068e+02
8.283279975513359317e-02 2.682656709956710074e+03 7.641762770562770129e+03 2.366509199134199264e+02 2.790217099567099467e+03 4.286702164502164123e+03 7.641762770562770129e+03 7.641762770562770129e+03 2.366509199134199264e+02 2.366509199134199264e+02
8.886264192081894109e-02 2.242401107594936548e+03 7.028919303797468274e+03 2.147545243275316409e+02 2.330668117088607687e+03 3.897228243670886059e+03 7.028919303797468274e+03 7.028919303797468274e+03 2.147545243275316409e+02 2.147545243275316409e+02
9.493524398572131262e-02 2.007604465449804366e+03 6.163104954367666323e+03 1.881629726205997315e+02 2.105702737940026054e+03 3.370844850065188893e+03 6.163104954367666323e+03 6.163104954367666323e+03 1.881629726205997315e+02 1.881629726205997315e+02
1.010510809291368245e-01 1.841297640653357576e+03 5.545301875378100704e+03 1.699409407138536210e+02 1.933282214156080045e+03 3.093091954022988830e+03 5.545301875378100704e+03 5.545301875378100704e+03 1.699409407138536210e+02 1.699409407138536210e+02
1.071918355362574127e-01 1.742680477885104210e+03 5.060449415353329641e+03 1.524272686832740362e+02 1.836061133706151622e+03 2.820064819522114703e+03 5.060449415353329641e+03 5.060449415353329641e+03 1.524272686832740362e+02 1.524272686832740362e+02
1.133640700251744293e-01 1.610843764650726825e+03 4.749401312705110286e+03 1.411196085325832144e+02 1.710295827473042664e+03 2.618035396155649323e+03 4.749401312705110286e+03 4.749401312705110286e+03 1.411196085325832144e+02 1.411196085325832144e+02
1.195184611122857843e-01 1.565511264080100091e+03 4.620261576971213799e+03 1.351047663746349485e+02 1.676848873591990014e+03 2.552389027951606295e+03 4.620261576971213799e+03 4.620261576971213799e+03 1.351047663746349485e+02 1.351047663746349485e+02
1.256657517103361710e-01 1.388350664136622299e+03 4.224255028462997871e+03 1.225301589184060731e+02 1.498678273244781849e+03 2.341343453510436575e+03 4.224255028462997871e+03 4.224255028462997871e+03 1.225301589184060731e+02 1.225301589184060731e+02
1.317871926578333408e-01 1.392671532846715309e+03 4.090077511296489320e+03 1.160969434306569354e+02 1.496262947514772350e+03 2.289988355926312124e+03 4.090077511296489320e+03 4.090077511296489320e+03 1.160969434306569354e+02 1.160969434306569354e+02
1.378887696062481294e-01 1.265761428121059225e+03 3.827851197982345639e+03 1.071737566992433841e+02 1.363730296343001328e+03 2.121531525851197785e+03 3.827851197982345639e+03 3.827851197982345639e+03 1.071737566992433841e+02 1.071737566992433841e+02
1.440612672229828750e-01 1.261396350156829385e+03 3.486080125463359309e+03 9.876313444539492536e+01 1.370998574280011553e+03 1.993155403478756853e+03 3.486080125463359309e+03 3.486080125463359309e+03 9.876313444539492536e+01 9.876313444539492536e+01
1.501845201433902877e-01 1.064317218902770037e+03 3.177390548614882846e+03 8.846747691472025110e+01 1.171506246605105844e+03 1.795175991309070923e+03 3.177390548614882846e+03 3.177390548614882846e+03 8.846747691472025110e+01 8.846747691472025110e+01
1.563418093457785985e-01 9.953784218043323335e+02 2.889947155439181188e+03 7.923294304927398457e+01 1.110309807188764580e+03 1.632295167817186439e+03 2.889947155439181188e+03 2.889947155439181188e+03 7.923294304927398457e+01 7.923294304927398457e+01
1.625438955957596576e-01 9.368385214007781769e+02 2.698965438315403844e+03 7.376052157244220098e+01 1.042624399176012730e+03 1.530889791714351077e+03 2.698965438315403844e+03 2.698965438315403844e+03 7.376052157244220098e+01 7.376052157244220098e+01
1.686940235306336466e-01 8.884170630816959147e+02 2.513955739400206767e+03 6.792737202688728360e+01 9.991942088934849835e+02 1.434343123061013330e+03 2.513955739400206767e+03 2.513955739400206767e+03 6.792737202688728360e+01 6.792737202688728360e+01
1.747987378343396903e-01 8.077123481781376313e+02 2.364508299595141580e+03 6.352269736842104919e+01 9.168665991902834094e+02 1.347981376518218667e+03 2.364508299595141580e+03 2.364508299595141580e+03 6.352269736842104919e+01 6.352269736842104919e+01
1.809057159377772395e-01 7.702941599281222125e+02 2.314580233602875069e+03 6.038938117699910180e+01 8.778911949685534637e+02 1.290745013477088833e+03 2.314580233602875069e+03 2.314580233602875069e+03 6.038938117699910180e+01 6.038938117699910180e+01
1.870079494254630881e-01 7.501554385964911944e+02 2.212809122807017502e+03 5.656437499999999829e+01 8.589643859649122533e+02 1.228731403508771791e+03 2.212809122807017502e+03 2.212809122807017502e+03 5.656437499999999829e+01 5.656437499999999829e+01
1.931644028143169878e-01 7.033157522402138966e+02 2.111757899701305178e+03 5.468242021694702260e+01 8.052715767961012716e+02 1.202826599591259310e+03 2.111757899701305178e+03 2.111757899701305178e+03 5.468242021694702260e+01 5.468242021694702260e+01
1.993257601852206906e-01 6.862051632498101981e+02 2.017917539863325828e+03 5.002823652239939634e+01 8.020606681852696056e+02 1.124539711465451774e+03 2.017917539863325828e+03 2.017917539863325828e+03 5.002823652239939634e+01 5.002823652239939634e+01
2.054762598507901550e-01 6.588929225997462709e+02 1.937086705202312260e+03 4.748431552234598030e+01 7.687781615677429272e+02 1.091059565769068286e+03 1.937086705202312260e+03 1.937086705202312260e+03 4.748431552234598030e+01 4.748431552234598030e+01
2.116257382464896697e-01 6.202905468645541305e+02 1.769727904800107126e+03 4.314243214333467336e+01 7.388151490841022451e+02 9.976886615857736160e+02 1.769727904800107126e+03 1.769727904800107126e+03 4.314243214333467336e+01 4.314243214333467336e+01
2.177578654451892970e-01 5.604048221744083094e+02 1.653966333375522254e+03 3.999661039741805268e+01 6.766215668902671041e+02 9.338894443741298801e+02 1.653966333375522254e+03 1.653966333375522254e+03 3.999661039741805268e+01 3.999661039741805268e+01
2.238991135097555263e-01 5.225546996297623537e+02 1.570648751940761940e+03 3.646834318643257689e+01 6.376461244476292904e+02 8.727582109160396158e+02 1.570648751940761940e+03 1.570648751940761940e+03 3.646834318643257689e+01 3.646834318643257689e+01
2.300081978121491233e-01 5.404591650507585427e+02 1.510435496749172898e+03 3.545726160602258403e+01 6.598341507927455041e+02 8.669253450439147173e+02 1.510435496749172898e+03 1.510435496749172898e+03 3.545726160602258403e+01 3.545726160602258403e+01
2.361454707693454169e-01 4.712930979133225833e+02 1.381014767255216611e+03 3.187082664526484521e+01 5.812321562332798521e+02 7.883084002140182065e+02 1.381014767255216611e+03 1.381014767255216611e+03 3.187082664526484521e+01 3.187082664526484521e+01
2.422857100963227428e-01 4.625762279179004963e+02 1.342310732155621281e+03 3.033825500357398042e+01 5.809353109363830754e+02 7.580698458082302977e+02 1.342310732155621281e+03 1.342310732155621281e+03 3.033825500357398042e+01 3.033825500357398042e+01
2.484099584913142256e-01 4.488966088481777206e+02 1.324678815045800093e+03 2.918786542584291510e+01 5.593160202689533662e+02 7.501029526408107131e+02 1.324678815045800093e+03 1.324678815045800093e+03 2.918786542584291510e+01 2.918786542584291510e+01
2.545441957051269855e-01 4.300997136523184849e+02 1.258945593940513618e+03 2.731946817845926390e+01 5.450536670977277254e+02 7.059226399408830730e+02 1.258945593940513618e+03 1.258945593940513618e+03 2.731946817845926390e+01 2.731946817845926390e+01
2.606917133414053955e-01 4.081851933216169073e+02 1.200754569420035295e+03 2.544735281195079324e+01 5.244624340949034149e+02 6.722036906854129938e+02 1.200754569420035295e+03 1.200754569420035295e+03 2.544735281195079324e+01 2.544735281195079324e+01
2.668580198415695381e-01 3.923374351247279037e+02 1.162394776494223834e+03 2.381059821279088951e+01 5.125281265695630282e+02 6.413711284111835766e+02 1.162394776494223834e+03 1.162394776494223834e+03 2.381059821279088951e+01 2.381059821279088951e+01
2.730019564931540632e-01 3.710658244145811295e+02 1.115917115957189935e+03 2.254917970950349826e+01 4.884119658807434803e+02 6.209985917759715903e+02 1.115917115957189935e+03 1.115917115957189935e+03 2.254917970950349826e+01 2.254917970950349826e+01
2.791389873202678173e-01 3.539260752688172147e+02 1.051874654377880233e+03 2.114323876728110463e+01 4.721339093701997172e+02 5.884111751152073566e+02 1.051874654377880233e+03 1.051874654377880233e+03 2.114323876728110463e+01 2.114323876728110463e+01
2.852424996643880273e-01 3.419482912998059874e+02 9.919859722429488329e+02 1.947703467766005048e+01 4.612909267273541332e+02 5.568283092075810146e+02 9.919859722429488329e+02 9.919859722429488329e+02 1.947703467766005048e+01 1.947703467766005048e+01
2.913531997893986092e-01 3.298364210526315787e+02 9.603939649122805804e+02 1.853645833333333215e+01 4.515785964912280406e+02 5.378161052631578514e+02 9.603939649122805804e+02 9.603939649122805804e+02 1.853645833333333215e+01 1.853645833333333215e+01
2.975143171497069416e-01 3.120839534569070679e+02 9.075946421323230879e+02 1.711825087099174780e+01 4.320032810174536735e+02 5.057263563793803200e+02 9.075946421323230879e+02 9.075946421323230879e+02 1.711825087099174780e+01 1.711825087099174780e+01
3.036544665973567314e-01 3.006745151456184999e+02 8.858802620483882038e+02 1.626949653791269412e+01 4.214742167736914098e+02 4.930902899396770067e+02 8.858802620483882038e+02 8.858802620483882038e+02 1.626949653791269412e+01 1.626949653791269412e+01
3.097883787544665757e-01 2.864482596425211227e+02 8.447121354656632093e+02 1.502294900439009062e+01 4.107263405456255327e+02 4.688205079962370405e+02 8.447121354656632093e+02 8.447121354656632093e+02 1.502294900439009062e+01 1.502294900439009062e+01
3.159486680635095190e-01 2.732551975359829726e+02 8.220055084996743062e+02 1.446917757507551983e+01 3.959262867973701532e+02 4.540611265770301657e+02 8.220055084996743062e+02 8.220055084996743062e+02 1.446917757507551983e+01 1.446917757507551983e+01
3.221066234444813769e-01 2.642711234911791962e+02 7.893172585886721890e+02 1.357771877901578428e+01 3.847351149025069503e+02 4.353207985143918108e+02 7.893172585886721890e+02 7.893172585886721890e+02 1.357771877901578428e+01 1.357771877901578428e+01
3.282572612915165555e-01 2.526389563776918976e+02 7.650258972943125855e+02 1.281066054665930487e+01 3.755655438983986869e+02 4.175186361126449697e+02 7.650258972943125855e+02 7.650258972943125855e+02 1.281066054665930487e+01 1.281066054665930487e+01
3.343544383171894174e-01 2.493464685028633880e+02 7.397900190891737111e+02 1.218020350422688836e+01 3.760364603217889226e+02 4.060094900463594172e+02 7.397900190891737111e+02 7.397900190891737111e+02 1.218020350422688836e+01 1.218020350422688836e+01
3.404813620364756654e-01 2.326341207751700040e+02 7.142978473180958190e+02 1.133242173518433304e+01 3.562074449046377254e+02 3.889834586081709631e+02 7.142978473180958190e+02 7.142978473180958190e+02 1.133242173518433304e+01 1.133242173518433304e+01
3.466259536752008263e-01 2.294877186826407467e+02 6.820677728206927668e+02 1.058220650157902654e+01 3.576977793373101235e+02 3.727010125820843314e+02 6.820677728206927668e+02 6.820677728206927668e+02 1.058220650157902654e+01 1.058220650157902654e+01
3.527314914776840671e-01 2.176691062427297254e+02 6.601310100814268935e+02 9.946559803945326905e+00 3.468012310973245462e+02 3.576862882900348950e+02 6.601310100814268935e+02 6.601310100814268935e+02 9.946559803945326905e+00 9.946559803945326905e+00
3.588700951741782830e-01 2.112596491228069908e+02 6.365515697137579991e+02 9.389186576638964610e+00 3.414343951985226226e+02 3.432488457987072934e+02 6.365515697137579991e+02 6.365515697137579991e+02 9.389186576638964610e+00 9.389186576638964610e+00
3.650083489029407047e-01 1.972225692558392041e+02 6.082938167662501883e+02 8.791085291055585671e+00 3.249054408835777394e+02 3.251705368459170700e+02 6.082938167662501883e+02 6.082938167662501883e+02 8.791085291055585671e+00 8.791085291055585671e+00
3.711704037116136945e-01 1.979572913981266424e+02 5.928886310904872516e+02 8.417385011171264253e+00 3.270373807682392453e+02 3.202913551602646294e+02 5.928886310904872516e+02 5.928886310904872516e+02 8.417385011171264253e+00 8.417385011171264253e+00
3.773137312255384068e-01 1.898642315352345520e+02 5.761494554854019725e+02 7.810775880333912902e+00 3.213241874655705601e+02 3.091491588626636826e+02 5.761494554854019725e+02 5.761494554854019725e+02 7.810775880333912902e+00 7.810775880333912902e+00
3.834202365329835160e-01 1.798717880414737067e+02 5.588323839186919031e+02 7.338017652965042714e+00 3.107174091225769530e+02 2.945505921888447460e+02 5.588323839186919031e+02 5.588323839186919031e+02 7.338017652965042714e+00 7.338017652965042714e+00
3.895813105051545988e-01 1.784361507643237701e+02 5.433903302345481734e+02 6.918791814150686115e+00 3.136352055700338042e+02 2.860828114668015019e+02 5.433903302345481734e+02 5.433903302345481734e+02 6.918791814150686115e+00 6.918791814150686115e+00
3.957247046642990429e-01 1.702435450104675283e+02 5.264351787237341114e+02 6.544084258936186060e+00 3.042367411025819592e+02 2.756756803907885569e+02 5.264351787237341114e+02 5.264351787237341114e+02 6.544084258936186060e+00 6.544084258936186060e+00
4.018641006880244171e-01 1.661482138935656110e+02 5.110806309933386729e+02 6.179628596003220231e+00 3.020635019398287113e+02 2.676556621037991022e+02 5.110806309933386729e+02 5.110806309933386729e+02 6.179628596003220231e+00 6.179628596003220231e+00
4.079986652309439688e-01 1.586737901608256607e+02 4.921443419277196654e+02 5.768953311330732525e+00 2.941899821304839406e+02 2.571237737500455864e+02 4.921443419277196654e+02 4.921443419277196654e+02 5.768953311330732525e+00 5.768953311330732525e+00
4.141066506702003602e-01 1.528207297080470255e+02 4.748348739056123122e+02 5.349692830234747731e+00 2.906558652202727444e+02 2.449246049740137323e+02 4.748348739056123122e+02 4.748348739056123122e+02 5.349692830234747731e+00 5.349692830234747731e+00
4.202576909860619159e-01 1.452424764413821094e+02 4.667286452528118730e+02 5.090351310500895288e+00 2.789803255986760178e+02 2.374122335934069667e+02 4.667286452528118730e+02 4.667286452528118730e+02 5.090351310500895288e+00 5.090351310500895288e+00
4.264066946730206698e-01 1.398829688994426306e+02 4.541481481481481524e+02 4.799238770159295342e+00 2.761613238349658559e+02 2.298806107977968907e+02 4.541481481481481524e+02 4.541481481481481524e+02 4.799238770159295342e+00 4.799238770159295342e+00
4.325254831734640648e-01 1.331661682904086490e+02 4.349275264460949870e+02 4.439917024372206811e+00 2.714978296517796821e+02 2.170657052827883149e+02 4.349275264460949870e+02 4.349275264460949870e+02 4.439917024372206811e+00 4.439917024372206811e+00
4.386395650806790836e-01 1.310629317080793896e+02 4.260468510704797609e+02 4.230851988591967761e+00 2.683442725425848039e+02 2.127344741365838559e+02 4.260468510704797609e+02 4.260468510704797609e+02 4.230851988591967761e+00 4.230851988591967761e+00
4.447681454847935978e-01 1.238011051817713195e+02 4.100718595555016464e+02 3.963130997771444175e+00 2.635434037779327241e+02 2.018921500257724233e+02 4.100718595555016464e+02 4.100718595555016464e+02 3.963130997771444175e+00 3.963130997771444175e+00
4.509437495939586094e-01 1.236524154939793902e+02 3.972542289278978842e+02 3.719957746989699832e+00 2.649632670825475316e+02 1.972744958653706533e+02 3.972542289278978842e+02 3.972542289278978842e+02 3.719957746989699832e+00 3.719957746989699832e+00
4.571038061189046653e-01 1.201113583172007253e+02 3.920681036724551518e+02 3.537245098818226463e+00 2.657587910659077011e+02 1.906611141610563891e+02 3.920681036724551518e+02 3.920681036724551518e+02 3.537245098818226463e+00 3.537245098818226463e+00
4.632394462505528554e-01 1.109998474044890884e+02 3.800659767499930695e+02 3.297174988902144666e+00 2.530115972588297382e+02 1.830419221485447849e+02 3.800659767499930695e+02 3.800659767499930695e+02 3.297174988902144666e+00 3.297174988902144666e+00
4.693790757792539181e-01 1.106432405485139867e+02 3.681182255244755197e+02 3.086922385475852071e+00 2.541241805069930138e+02 1.782207304414335738e+02 3.681182255244755197e+02 3.681182255244755197e+02 3.086922385475852071e+00 3.086922385475852071e+00
4.755007986458400504e-01 1.044059564248182141e+02 3.575446101586964573e+02 2.900213256661005268e+00 2.459916671089644922e+02 1.712756753887798027e+02 3.575446101586964573e+02 3.575446101586964573e+02 2.900213256661005268e+00 2.900213256661005268e+00
4.816148015649592273e-01 1.036475720100593776e+02 3.483672707474527783e+02 2.726436109706774857e+00 2.503385445023463376e+02 1.648879209768997498e+02 3.483672707474527783e+02 3.483672707474527783e+02 2.726436109706774857e+00 2.726436109706774857e+00
4.877448110253904678e-01 9.845005799147777736e+01 3.385984720506290842e+02 2.555368072539774715e+00 2.431281359521948673e+02 1.587920627316507307e+02 3.385984720506290842e+02 3.385984720506290842e+02 2.555368072539774715e+00 2.555368072539774715e+00
4.938644425720450370e-01 9.447014373412883970e+01 3.279619831858188945e+02 2.421379026343038809e+00 2.407995365005793644e+02 1.536499963018663379e+02 3.279619831858188945e+02 3.279619831858188945e+02 2.421379026343038809e+00 2.421379026343038809e+00
4.999990772533337013e-01 9.238328158586099903e+01 3.224819679961786392e+02 2.234109110042990398e+00 2.421160974444709950e+02 1.481433245760687782e+02 3.224819679961786392e+02 3.224819679961786392e+02 2.234109110042990398e+00 2.234109110042990398e+00
5.061739783630568867e-01 8.839479635385256984e+01 3.117862179338497981e+02 2.114703351869462455e+00 2.372219464675047504e+02 1.426133970404044931e+02 3.117862179338497981e+02 3.117862179338497981e+02 2.114703351869462455e+00 2.114703351869462455e+00
5.123176238977423802e-01 8.630863574883656497e+01 3.070013525595470014e+02 1.985895375793768958e+00 2.369928245569794285e+02 1.386100845922835276e+02 3.070013525595470014e+02 3.070013525595470014e+02 1.985895375793768958e+00 1.985895375793768958e+00
5.184419198367248294e-01 8.290021116374687438e+01 2.973553360743653684e+02 1.874714747385591629e+00 2.338550232391848454e+02 1.337559326957454289e+02 2.973553360743653684e+02 2.973553360743653684e+02 1.874714747385591629e+00 1.874714747385591629e+00
5.245811071337125320e-01 7.978355672000519405e+01 2.913284325401121464e+02 1.760096890360089095e+00 2.338644955936166809e+02 1.287179806422276442e+02 2.913284325401121464e+02 2.913284325401121464e+02 1.760096890360089095e+00 1.760096890360089095e+00
5.307339722686617023e-01 7.836217361673126902e+01 2.824711419687353668e+02 1.663741873695531615e+00 2.328405886612428901e+02 1.243111236529369137e+02 2.824711419687353668e+02 2.824711419687353668e+02 1.663741873695531615e+00 1.663741873695531615e+00
5.368662932732624071e-01 7.399455968241431947e+01 2.778777669237004488e+02 1.552630168821316659e+00 2.296512792800282909e+02 1.196158418722590682e+02 2.778777669237004488e+02 2.778777669237004488e+02 1.552630168821316659e+00 1.552630168821316659e+00
5.429628466927283181e-01 7.198349318733791335e+01 2.714721113077841324e+02 1.464433716759971915e+00 2.271631128308566190e+02 1.160119478862223588e+02 2.714721113077841324e+02 2.714721113077841324e+02 1.464433716759971915e+00 1.464433716759971915e+00
5.491073400914713298e-01 6.849719596846935588e+01 2.632935213145613602e+02 1.364602686624965866e+00 2.261581826738303675e+02 1.118555433546413695e+02 2.632935213145613602e+02 2.632935213145613602e+02 1.364602686624965866e+00 1.364602686624965866e+00
5.552762609626447077e-01 6.738314662465721483e+01 2.552954664799579803e+02 1.284423652439854457e+00 2.267233794270377416e+02 1.085259836240932003e+02 2.552954664799579803e+02 2.552954664799579803e+02 1.284423652439854457e+00 1.284423652439854457e+00
5.614082796802024600e-01 6.501964054280703920e+01 2.513715598078829032e+02 1.202767862673439048e+00 2.248727795989936737e+02 1.043568079591370008e+02 2.513715598078829032e+02 2.513715598078829032e+02 1.202767862673439048e+00 1.202767862673439048e+00
5.675371533509153688e-01 6.298302589537821206e+01 2.467646195571407191e+02 1.135490681657749912e+00 2.233091841283994654e+02 1.003454822410462128e+02 2.467646195571407191e+02 2.467646195571407191e+02 1.135490681657749912e+00 1.135490681657749912e+00
5.736740022558224350e-01 6.045436526018408330e+01 2.382930830219629854e+02 1.066533266312767569e+00 2.214283605212795010e+02 9.726208876332816544e+01 2.382930830219629854e+02 2.382930830219629854e+02 1.066533266312767569e+00 1.066533266312767569e+00
5.798103603643611770e-01 5.842015021115090434e+01 2.343259564156020076e+02 1.003553426970296369e+00 2.229525311380766368e+02 9.366348603909409576e+01 2.343259564156020076e+02 2.343259564156020076e+02 1.003553426970296369e+00 1.003553426970296369e+00
5.859425366486809006e-01 5.604050267136920382e+01 2.295004364982365530e+02 9.476540402276774078e-01 2.198632014526661180e+02 9.080286866641058907e+01 2.295004364982365530e+02 2.295004364982365530e+02 9.476540402276774078e-01 9.476540402276774078e-01
5.920586774162177601e-01 5.463273209183849133e+01 2.232209562493546002e+02 8.925901593318646965e-01 2.215137688891948642e+02 8.783329317407319081e+01 2.232209562493546002e+02 2.232209562493546002e+02 8.925901593318646965e-01 8.925901593318646965e-01
5.981941542880485629e-01 5.245891356792279936e+01 2.170028450212128917e+02 8.387259145453789255e-01 2.192274519590716295e+02 8.500495799018383991e+01 2.170028450212128917e+02 2.170028450212128917e+02 8.387259145453789255e-01 8.387259145453789255e-01
6.043590774859866066e-01 5.111363971069511081e+01 2.143463640528864858e+02 7.878766010562573419e-01 2.188852107605707431e+02 8.287963902343237521e+01 2.143463640528864858e+02 2.143463640528864858e+02 7.878766010562573419e-01 7.878766010562573419e-01
6.104910230252050818e-01 4.903601612903226226e+01 2.098353870967742125e+02 7.372069052419355506e-01 2.164035483870967767e+02 7.915666129032258880e+01 2.098353870967742125e+02 2.098353870967742125e+02 7.372069052419355506e-01 7.372069052419355506e-01
6.166050503334797872e-01 4.854279784963237887e+01 2.062763696734919563e+02 7.062229474662028439e-01 2.199205945134002604e+02 7.702301367697050694e+01 2.062763696734919563e+02 2.062763696734919563e+02 7.062229474662028439e-01 7.062229474662028439e-01
6.227565424953059869e-01 4.583648636203164983e+01 1.998265974919031578e+02 6.551922683962915217e-01 2.173871740164852611e+02 7.363749251715297817e+01 1.998265974919031578e+02 1.998265974919031578e+02 6.551922683962915217e-01 6.551922683962915217e-01
6.288977757446623240e-01 4.422153578271845475e+01 1.956321664284193673e+02 6.214469033235500151e-01 2.162939262143009387e+02 7.157117004775085434e+01 1.956321664284193673e+02 1.956321664284193673e+02 6.214469033235500151e-01 6.214469033235500151e-01
6.350332706002194127e-01 4.279819000503599824e+01 1.917585537814379393e+02 5.872501328428177958e-01 2.148747222798234588e+02 6.947054684954231618e+01 1.917585537814379393e+02 1.917585537814379393e+02 5.872501328428177958e-01 5.872501328428177958e-01
6.411743038514937654e-01 4.158954347096341309e+01 1.882316943240363685e+02 5.505037185114642906e-01 2.178946100967642963e+02 6.681254287257176827e+01 1.882316943240363685e+02 1.882316943240363685e+02 5.505037185114642906e-01 5.505037185114642906e-01
6.473071136295037720e-01 4.075429827068743549e+01 1.842981849364013271e+02 5.231045448049164159e-01 2.192468343575818324e+02 6.530416607117335559e+01 1.842981849364013271e+02 1.842981849364013271e+02 5.231045448049164159e-01 5.231045448049164159e-01
6.534392957951101755e-01 3.889339922840810004e+01 1.801489679254315490e+02 4.909565873954549464e-01 2.167473740531102919e+02 6.305590521246937641e+01 1.801489679254315490e+02 1.801489679254315490e+02 4.909565873954549464e-01 4.909565873954549464e-01
6.595783755518781488e-01 3.829874467822968143e+01 1.770080630809456750e+02 4.676712078536324757e-01 2.189776588317430708e+02 6.078285808156169168e+01 1.770080630809456750e+02 1.770080630809456750e+02 4.676712078536324757e-01 4.676712078536324757e-01
6.657085753353266799e-01 3.663159204998090246e+01 1.728555546461504946e+02 4.405694286009030347e-01 2.167721258252850873e+02 5.938675178698095891e+01 1.728555546461504946e+02 1.728555546461504946e+02 4.405694286009030347e-01 4.405694286009030347e-01
6.718369711955728407e-01 3.575585061474328086e+01 1.694890243258930980e+02 4.147836494858450629e-01 2.178700464355442818e+02 5.685303545987019191e+01 1.694890243258930980e+02 1.694890243258930980e+02 4.147836494858450629e-01 4.147836494858450629e-01
6.779675665423466890e-01 3.412376605281491493e+01 1.677063370006703735e+02 3.953499877180357003e-01 2.180060333609369536e+02 5.549077907909092033e+01 1.677063370006703735e+02 1.677063370006703735e+02 3.953499877180357003e-01 3.953499877180357003e-01
6.841025602423458363e-01 3.284873730633825062e+01 1.615891384196947058e+02 3.725018289834902685e-01 2.176085967387298012e+02 5.337130311002655958e+01 1.615891384196947058e+02 1.615891384196947058e+02 3.725018289834902685e-01 3.725018289834902685e-01
6.902473351098605825e-01 3.239236259994451217e+01 1.606726864579917731e+02 3.541888267476101526e-01 2.194907811435922156e+02 5.215516936968749206e+01 1.606726864579917731e+02 1.606726864579917731e+02 3.541888267476101526e-01 3.541888267476101526e-01
6.963896182979992799e-01 3.133009589074863754e+01 1.575480686272093180e+02 3.348818341801834131e-01 2.193952227179727288e+02 5.064260975669879628e+01 1.575480686272093180e+02 1.575480686272093180e+02 3.348818341801834131e-01 3.348818341801834131e-01
7.025354447064345864e-01 3.050448954862163120e+01 1.535314753105119792e+02 3.182666710845198366e-01 2.210693971523780874e+02 4.869638594365343920e+01 1.535314753105119792e+02 1.535314753105119792e+02 3.182666710845198366e-01 3.182666710845198366e-01
7.086795257259553837e-01 2.926539919874087659e+01 1.515876734869079883e+02 3.031379342016621292e-01 2.207804645395144689e+02 4.748492273572757227e+01 1.515876734869079883e+02 1.515876734869079883e+02 3.031379342016621292e-01 3.031379342016621292e-01
7.148105300560909647e-01 2.830720941436360505e+01 1.480665303628501590e+02 2.876521162709743673e-01 2.227731246474901354e+02 4.566911073510058827e+01 1.480665303628501590e+02 1.480665303628501590e+02 2.876521162709743673e-01 2.876521162709743673e-01
7.209489185367295994e-01 2.800694053109151227e+01 1.451474244706910781e+02 2.737547062062263836e-01 2.230141340724299539e+02 4.466054362701689939e+01 1.451474244706910781e+02 1.451474244706910781e+02 2.737547062062263836e-01 2.737547062062263836e-01
7.270775917581103753e-01 2.716782601264741004e+01 1.425174727966729336e+02 2.598699518956873455e-01 2.248941605423574117e+02 4.340584515467441662e+01 1.425174727966729336e+02 1.425174727966729336e+02 2.598699518956873455e-01 2.598699518956873455e-01
7.331906622449658739e-01 2.528160355254055602e+01 1.405324682569790014e+02 2.487810238867627644e-01 2.222314060652042826e+02 4.205478599959833019e+01 1.405324682569790014e+02 1.405324682569790014e+02 2.487810238867627644e-01 2.487810238867627644e-01
7.393386679216931157e-01 2.552570629492866061e+01 1.367017720191404351e+02 2.360425412278497614e-01 2.269497017501693392e+02 4.087362073109445504e+01 1.367017720191404351e+02 1.367017720191404351e+02 2.360425412278497614e-01 2.360425412278497614e-01
7.454822748005143218e-01 2.471541982510432334e+01 1.343321723940867685e+02 2.279965382422552977e-01 2.270641895170420810e+02 3.988119332334134981e+01 1.343321723940867685e+02 1.343321723940867685e+02 2.279965382422552977e-01 2.279965382422552977e-01
7.516118807450163919e-01 2.423282747179121799e+01 1.329602790569067849e+02 2.179478418354053593e-01 2.298429028724569605e+02 3.892402505556678705e+01 1.329602790569067849e+02 1.329602790569067849e+02 2.179478418354053593e-01 2.179478418354053593e-01
7.577553313207755492e-01 2.337971470395863705e+01 1.297365475856770445e+02 2.083769091436446785e-01 2.292796586414177682e+02 3.777485439312299320e+01 1.297365475856770445e+02 1.297365475856770445e+02 2.083769091436446785e-01 2.083769091436446785e-01
7.639042897236033580e-01 2.261539745472847684e+01 1.276021754984233354e+02 1.998050867233480965e-01 2.306433846564705448e+02 3.667780950522304551e+01 1.276021754984233354e+02 1.276021754984233354e+02 1.998050867233480965e-01 1.998050867233480965e-01
7.700556058884338029e-01 2.214777837016769269e+01 1.253345572332485034e+02 1.906249528463217768e-01 2.321365872305324558e+02 3.580247512800652032e+01 1.253345572332485034e+02 1.253345572332485034e+02 1.906249528463217768e-01 1.906249528463217768e-01
7.761646078124272430e-01 2.120850705984248918e+01 1.231223236046488267e+02 1.832666752271033539e-01 2.313043487018349538e+02 3.491750256813100606e+01 1.231223236046488267e+02 1.231223236046488267e+02 1.832666752271033539e-01 1.832666752271033539e-01
7.822760392858680856e-01 2.096230460745858082e+01 1.209886716234412489e+02 1.768448670733075712e-01 2.370683605565638175e+02 3.432684464219503440e+01 1.209886716234412489e+02 1.209886716234412489e+02 1.768448670733075712e-01 1.768448670733075712e-01
