# k, xm.power, xs.power, xd.power,  pm1.power, pm2.power, ps1.power, ps2.power, pd1.power, pd2.power
0.000000000000000000e+00 0.000000000000000000e+00 0.000000000000000000e+00 0.000000000000000000e+00 0.000000000000000000e+00 0.000000000000000000e+00 0.000000000000000000e+00 0.000000000000000000e+00 0.000000000000000000e+00 0.000000000000000000e+00
8.691056022563805813e-03 7.479896634615384755e+03 3.033468750000000000e+03 1.004056772085336604e+02 3.668534254807692378e+03 1.583738581730769329e+04 7.117940204326923777e+02 3.166443990384615608e+04 2.350820218599759670e+01 1.048979417067307850e+03
1.503254434404273886e-02 6.744799479166666060e+03 5.140917100694444343e+03 1.698733859592013857e+02 3.919600260416666515e+03 1.286450000000000000e+04 3.665169704861110858e+03 2.411289756944444161e+04 1.206062011718750000e+02 7.999781901041666288e+02
2.104537904654678673e-02 7.158666118421052488e+03 7.007069078947368325e+03 2.307340666118420813e+02 4.417212993421052488e+03 1.257740625000000000e+04 4.021449013157894569e+03 2.311805427631578641e+04 1.323142860814144797e+02 7.615695415296052033e+02
2.718418752217394846e-02 5.439291132478632790e+03 5.867856303418803691e+03 1.937234575320512988e+02 3.504190438034188446e+03 9.291579059829060498e+03 3.836114850427351030e+03 1.736164636752137085e+04 1.258053135016025834e+02 5.750043402777778283e+02
3.359305548768203725e-02 7.441790865384616154e+03 1.099763221153846280e+04 3.638561448317307736e+02 5.449497596153846644e+03 1.120564543269230853e+04 1.142300120192307804e+04 1.979568269230769511e+04 3.767239332932692264e+02 6.560812049278846416e+02
3.967812110980351720e-02 6.255281250000000000e+03 9.860637500000000728e+03 3.249954101562499886e+02 4.909548958333332848e+03 8.809635416666666060e+03 1.086123125000000073e+04 1.595317291666666642e+04 3.571003255208333371e+02 5.253522786458332803e+02
4.573133090443888549e-02 6.005136426592797761e+03 1.055814750692520829e+04 3.471869806094182991e+02 5.045202562326870066e+03 7.740554016620498260e+03 1.175513850415512388e+04 1.407315650969529088e+04 3.873637465373961390e+02 4.619481907894736992e+02
5.186912300623527233e-02 5.721348970251716310e+03 1.044982723112128224e+04 3.434759725400457455e+02 4.954966819221967853e+03 7.103853546910755540e+03 1.160863501144164729e+04 1.295331006864988558e+04 3.823658824370709226e+02 4.232872926201372934e+02
5.807971256735403043e-02 5.323948364888124161e+03 9.408501721170396195e+03 3.093151086488812780e+02 4.640073149741824636e+03 6.583965146299483422e+03 1.033033390705679813e+04 1.189996299483648909e+04 3.403152700086058644e+02 3.902746073580034363e+02
6.422094742881356844e-02 5.257765463917525267e+03 9.604811487481591030e+03 3.157012150220913327e+02 4.693307069219440564e+03 6.272233431516936434e+03 1.067437481590574316e+04 1.138430633284241594e+04 3.520193068851251610e+02 3.718615150957290325e+02
7.029194303550849454e-02 4.060794117647058556e+03 6.917161151960784082e+03 2.283382352941176521e+02 3.545071384803921319e+03 5.036273284313725526e+03 7.534614583333333030e+03 8.990158088235293690e+03 2.486645029105391984e+02 2.953780254289215463e+02
7.656976085866129544e-02 4.305921414538310273e+03 7.525186640471511964e+03 2.481496347003929088e+02 3.858329076620824708e+03 5.132205304518663979e+03 8.167481335952847985e+03 9.091929273084479064e+03 2.702681114931237403e+02 2.977732686640471229e+02
8.283279975513359317e-02 3.666804761904762017e+03 6.356438528138528454e+03 2.086396915584415694e+02 3.309998917748917847e+03 4.345875324675324919e+03 7.005946320346320135e+03 7.641761904761904589e+03 2.308420183982684080e+02 2.484969155844155750e+02
8.886264192081894109e-02 3.301463607594936548e+03 5.572973101265823061e+03 1.823866198575949227e+02 2.954213014240506254e+03 3.959310126582278372e+03 5.944439873417721174e+03 7.028919303797468274e+03 1.953091129351265920e+02 2.276525415348101262e+02
9.493524398572131262e-02 2.852117340286831677e+03 4.871985658409386815e+03 1.598313844524119816e+02 2.558349739243807107e+03 3.432065840938721976e+03 5.246320404172099188e+03 6.163104302477183410e+03 1.727940840938722147e+02 1.995971316818774426e+02
1.010510809291368245e-01 2.652078947368421268e+03 4.450147307924985398e+03 1.459603656231095101e+02 2.397181336963097692e+03 3.157042347247429007e+03 4.820887779794314156e+03 5.545301875378100704e+03 1.582798132183908137e+02 1.803885549001815036e+02
1.071918355362574127e-01 2.457399084900864182e+03 4.135731570920183003e+03 1.354809513218098687e+02 2.249668022369090068e+03 2.885660650737162996e+03 4.500471784443314391e+03 5.060448906964921662e+03 1.478533140569394959e+02 1.634269032791052325e+02
1.133640700251744293e-01 2.271386544772620709e+03 3.782614861697140441e+03 1.234350093764650751e+02 2.077792780121894339e+03 2.686132208157524929e+03 4.131045007032348622e+03 4.749401312705110286e+03 1.353207337083919413e+02 1.526461409985935518e+02
1.195184611122857843e-01 2.207433041301626872e+03 3.608812682519816462e+03 1.177404828952857656e+02 2.009228201919065441e+03 2.626386316228618853e+03 3.913421360033375095e+03 4.620261159783061885e+03 1.282748096579057062e+02 1.476418309345014563e+02
1.256657517103361710e-01 2.026449525616698338e+03 3.263861859582542820e+03 1.061723790322580641e+02 1.843025616698292197e+03 2.416607779886147910e+03 3.516584819734345274e+03 4.224255028462997871e+03 1.147035934535104360e+02 1.350675996204933540e+02
1.317871926578333408e-01 2.009720194647202106e+03 3.212737921445950633e+03 1.045431438998957248e+02 1.838828467153284691e+03 2.370980361487660957e+03 3.468288147375738845e+03 4.090077163712200218e+03 1.137063998957247151e+02 1.297794251824817593e+02
1.378887696062481294e-01 1.857776008827238229e+03 2.961315258511979664e+03 9.595977498423707175e+01 1.702423076923076906e+03 2.203779949558638236e+03 3.217973518284993588e+03 3.827851197982345639e+03 1.050535052805800689e+02 1.206527033417402208e+02
1.440612672229828750e-01 1.782580125463359082e+03 2.802981465640148599e+03 9.148794375534646406e+01 1.650602081551183574e+03 2.077801824921585649e+03 3.104099515255204096e+03 3.486080125463359309e+03 1.014657381665241047e+02 1.113106109210151260e+02
1.501845201433902877e-01 1.583002172732210511e+03 2.448483432916892980e+03 7.948328014665941055e+01 1.457894350896251808e+03 1.878110401955458883e+03 2.727729223248234575e+03 3.177390548614882846e+03 8.895337961705594410e+01 1.007487778381314456e+02
1.563418093457785985e-01 1.453609259700071334e+03 2.214719590573673031e+03 7.173721286598429003e+01 1.348381813853844278e+03 1.714224946441323482e+03 2.484679838133777594e+03 2.889947155439181188e+03 8.099808825279694702e+01 9.095647613663413722e+01
1.625438955957596576e-01 1.373898603799496414e+03 2.081073014419775518e+03 6.764896143282216201e+01 1.278492103456168479e+03 1.614011902037079381e+03 2.347472648203250174e+03 2.698965438315403844e+03 7.644992418173495707e+01 8.517428902494850718e+01
1.686940235306336466e-01 1.295546535677352495e+03 1.953255429162357814e+03 6.368160548086866157e+01 1.211965149948293629e+03 1.518551913133402195e+03 2.239239503619441621e+03 2.513955739400206767e+03 7.302717166494312551e+01 7.930352895553257042e+01
1.747987378343396903e-01 1.217432085020242766e+03 1.789569635627530261e+03 5.805664220647773277e+01 1.138013562753036467e+03 1.432961437246963442e+03 2.072090080971659972e+03 2.364508299595141580e+03 6.717477859311740929e+01 7.438124999999999432e+01
1.809057159377772395e-01 1.169793081761006306e+03 1.755430188679245248e+03 5.635912511230907285e+01 1.095028122192273031e+03 1.378264420485175151e+03 2.013936208445642478e+03 2.314580233602875069e+03 6.496079290206648693e+01 7.184086365678346908e+01
1.870079494254630881e-01 1.121004035087719103e+03 1.648499649122806886e+03 5.306399671052631106e+01 1.051829649122807041e+03 1.317947982456140153e+03 1.879791228070175293e+03 2.212809122807017502e+03 6.105564692982455455e+01 6.819083333333333030e+01
1.931644028143169878e-01 1.097614840433894187e+03 1.562951265524288829e+03 5.078248801289105785e+01 1.027938295865430064e+03 1.296194151862914623e+03 1.801023423989938692e+03 2.111757899701305178e+03 5.854713783210187472e+01 6.605797535764817496e+01
1.993257601852206906e-01 1.035844343204252027e+03 1.486259377372816971e+03 4.767120349278663838e+01 9.768119969627942965e+02 1.217953530751708513e+03 1.728075474563401713e+03 2.017917539863325828e+03 5.594503606681853114e+01 6.174766989369780390e+01
2.054762598507901550e-01 1.012568447765402539e+03 1.431735372902862082e+03 4.614369360637248008e+01 9.553745946708022529e+02 1.187566896940645847e+03 1.663692231777809184e+03 1.937086705202312260e+03 5.388924820245312475e+01 5.928216639644720232e+01
2.116257382464896697e-01 9.343943040513438518e+02 1.303169675090252895e+03 4.210941051611177954e+01 8.885369033293221719e+02 1.091380732718277841e+03 1.550338280518785950e+03 1.769727904800107126e+03 5.011137852654098879e+01 5.408216756919375001e+01
2.177578654451892970e-01 8.728421085938489341e+02 1.201291861789646873e+03 3.876277923680547133e+01 8.285223389444374789e+02 1.027232755347424472e+03 1.445308568535628410e+03 1.653966459941779704e+03 4.671731821921275696e+01 5.048842314264017261e+01
2.238991135097555263e-01 8.227999522273975117e+02 1.144205063895855574e+03 3.623949375970380515e+01 7.834261913292726831e+02 9.652177833512480447e+02 1.377649587961304178e+03 1.570648871372267877e+03 4.401468261077272359e+01 4.714022378478442477e+01
2.300081978121491233e-01 8.273938063191513947e+02 1.105440629633854314e+03 3.576203019847154252e+01 7.903577620622789937e+02 9.640489335006272995e+02 1.350804151933386493e+03 1.510435610813276980e+03 4.367678510322801344e+01 4.595774994296795057e+01
2.361454707693454169e-01 7.532753344034242673e+02 9.924662386302835557e+02 3.184147605671481784e+01 7.235029427501336841e+02 8.817078116639913787e+02 1.238699197431781613e+03 1.381014446227929284e+03 3.980724317817013969e+01 4.163197231139646703e+01
2.422857100963227428e-01 7.266520473807821645e+02 9.592764219340344880e+02 3.072007747881139395e+01 6.978380986418869725e+02 8.530425814357193985e+02 1.199326355560093816e+03 1.342310732155621281e+03 3.847796895741856105e+01 4.031958414173389116e+01
2.484099584913142256e-01 7.240993471058272917e+02 9.514581952835703760e+02 3.031965625609042903e+01 6.961296530890664371e+02 8.491853439875267213e+02 1.198492594036250239e+03 1.324678620152017174e+03 3.834658205028259204e+01 3.952293351685830913e+01
2.545441957051269855e-01 6.898944670238315666e+02 9.080365786070570948e+02 2.906155897838536717e+01 6.673401533345648886e+02 8.041258082394235771e+02 1.163196748568261683e+03 1.258945501570293800e+03 3.725469356179567626e+01 3.736534442545723067e+01
2.606917133414053955e-01 6.611534270650264489e+02 8.674868189806678629e+02 2.757165257029877026e+01 6.402059753954306416e+02 7.706033391915641459e+02 1.118690861159929682e+03 1.200754393673110826e+03 3.568582765817223645e+01 3.531299978031634623e+01
2.668580198415695381e-01 6.337443495730788072e+02 8.329952285283776519e+02 2.629568474803281219e+01 6.130926670015066975e+02 7.402516323455549809e+02 1.073856521011217183e+03 1.162394525364138644e+03 3.406042294491879829e+01 3.378169470952619946e+01
2.730019564931540632e-01 6.156044902229017453e+02 7.926775569324856860e+02 2.511595718998953686e+01 5.961363160859418713e+02 7.214738875030175222e+02 1.043284622193610630e+03 1.115917035487245357e+03 3.300430514202945176e+01 3.252380904482175339e+01
2.791389873202678173e-01 5.883172427035329974e+02 7.461125192012289062e+02 2.364292194700460925e+01 5.718221198156682021e+02 6.883799539170506705e+02 9.937341013824884612e+02 1.051874654377880233e+03 3.139887912826420902e+01 3.070720286098310225e+01
2.852424996643880273e-01 5.599394866437845621e+02 7.028512162363826974e+02 2.221867538427100541e+01 5.458549470228324481e+02 6.559155349947768627e+02 9.480235785703627016e+02 9.919861960901357634e+02 2.995925048500224008e+01 2.872958093941202762e+01
2.913531997893986092e-01 5.475862105263157673e+02 6.735981754385963995e+02 2.145232675438596459e+01 5.356081754385965041e+02 6.380054035087719058e+02 9.152839298245613691e+02 9.603939649122805804e+02 2.894934649122806647e+01 2.770110526315789201e+01
2.975143171497069416e-01 5.201198416993640876e+02 6.336793397375186032e+02 2.014446624272764197e+01 5.116039778108510063e+02 6.044726018130157854e+02 8.806367879853876275e+02 9.075947774320119379e+02 2.776252367744554306e+01 2.593541131105398279e+01
3.036544665973567314e-01 5.096945903872348822e+02 6.163247713562950594e+02 1.941098097878964879e+01 5.010335019783356643e+02 5.937583187390542889e+02 8.567469676331322717e+02 8.858801971849258052e+02 2.687470608743594980e+01 2.517045915223454955e+01
3.097883787544665757e-01 4.880584822828472511e+02 5.809525243022891345e+02 1.813911688617121243e+01 4.809899027908434732e+02 5.691136406396989287e+02 8.154306052053934764e+02 8.447121354656632093e+02 2.546489691125744415e+01 2.369999412041392262e+01
3.159486680635095190e-01 4.730467334004620170e+02 5.580777113072321072e+02 1.754612257892554794e+01 4.649865841378901905e+02 5.552186815139489227e+02 7.875323106083042148e+02 8.220055677308536133e+02 2.456894879464550385e+01 2.322273329680744069e+01
3.221066234444813769e-01 4.587185759052924823e+02 5.309095287836582884e+02 1.676487965703342553e+01 4.534531975394614847e+02 5.367393802228411914e+02 7.598201021355617968e+02 7.893171425255338818e+02 2.374254475684772459e+01 2.212915288416898818e+01
3.282572612915165555e-01 4.420499723909442196e+02 5.113679734953064440e+02 1.606301249309773738e+01 4.363810601877415820e+02 5.188122032026504939e+02 7.374194367752622838e+02 7.650260629486472226e+02 2.297102774710105066e+01 2.124564467145223645e+01
3.343544383171894174e-01 4.360559312789746400e+02 4.939954731388056075e+02 1.552844457322061622e+01 4.314145077720207269e+02 5.089961276247614137e+02 7.160582492500682292e+02 7.397901827106627479e+02 2.226509408235614984e+01 2.059546632124352428e+01
3.404813620364756654e-01 4.202070869765301495e+02 4.714042542312215573e+02 1.482019225852635813e+01 4.166869407373318950e+02 4.916477987421383773e+02 6.925475277394283466e+02 7.142978473180958190e+02 2.144635552487600449e+01 1.961826008590274384e+01
3.466259536752008263e-01 4.077322672815679994e+02 4.464216251441175132e+02 1.400983288636021840e+01 4.071758985412802758e+02 4.750675221815629925e+02 6.603408190886760849e+02 6.820678229485187103e+02 2.051627117900646624e+01 1.863531380019048456e+01
3.527314914776840671e-01 3.926754071345482657e+02 4.267512601783636796e+02 1.332244662417603642e+01 3.904575416828228072e+02 4.600050407134548323e+02 6.319125630089181413e+02 6.601308162078324813e+02 1.947068722130670793e+01 1.793872685633966668e+01
3.588700951741782830e-01 3.809385964912280542e+02 4.099124653739611972e+02 1.273513388734995289e+01 3.800196445060018391e+02 4.452803324099722886e+02 6.157286241920591010e+02 6.365514312096029244e+02 1.887828081717451312e+01 1.716315068097876306e+01
3.650083489029407047e-01 3.644494160782183485e+02 3.903303005612891639e+02 1.218004396387832600e+01 3.650508781459351439e+02 4.255540467137425367e+02 6.013833514394350459e+02 6.082938167662501883e+02 1.837813886248415685e+01 1.634565962791960914e+01
3.711704037116136945e-01 3.623056629715562167e+02 3.795034802784222734e+02 1.189971105095814963e+01 3.622981868179084017e+02 4.230215691329379979e+02 5.815701641316489940e+02 5.928883732920855891e+02 1.786483307553493205e+01 1.601312623528400536e+01
3.773137312255384068e-01 3.528743378956735341e+02 3.656365100216110591e+02 1.133160170981821224e+01 3.540653629391076151e+02 4.125091317428704656e+02 5.647583372176786725e+02 5.761492859866943945e+02 1.718263750582651639e+01 1.530572270011441205e+01
3.834202365329835160e-01 3.402650096307528429e+02 3.467362812999467110e+02 1.079285300807343972e+01 3.434935863284291599e+02 3.966493996147698908e+02 5.413379369697963739e+02 5.588322609729109445e+02 1.654524660874554343e+01 1.464219576041965531e+01
3.895813105051545988e-01 3.327630401804815392e+02 3.373615465401221059e+02 1.043855507798825144e+01 3.356339025244077447e+02 3.889014741919172025e+02 5.311697071064606916e+02 5.433902524407794772e+02 1.613469991053716512e+01 1.417417417052394057e+01
3.957247046642990429e-01 3.233204427386213524e+02 3.232064433589206374e+02 1.000156165193455671e+01 3.266475924633635373e+02 3.783270915716832974e+02 5.135535395828486571e+02 5.264351011863222993e+02 1.555591658912925368e+01 1.366884740637357432e+01
4.018641006880244171e-01 3.182279115730912622e+02 3.120417246175243235e+02 9.692881423395066420e+00 3.217582534221506307e+02 3.710849132567161632e+02 5.006214405973208272e+02 5.110806309933386729e+02 1.517332186516360437e+01 1.319282309128175079e+01
4.079986652309439688e-01 3.079915393311695766e+02 2.990513292731848196e+02 9.286067817548595116e+00 3.121334743444805326e+02 3.600359578425294558e+02 4.867927865504540819e+02 4.921442689909193859e+02 1.474983703183691475e+01 1.260254686189416873e+01
4.141066506702003602e-01 2.971707070354738676e+02 2.867738672433638953e+02 8.861956185252362062e+00 3.023988977641354836e+02 3.465450486588300691e+02 4.704456730266140880e+02 4.748348739056123122e+02 1.422337280686455685e+01 1.201865909170183677e+01
4.202576909860619159e-01 2.903362380518120744e+02 2.814501300368156080e+02 8.557189283784241596e+00 2.946944303711960060e+02 3.394780288445300016e+02 4.605930016550140635e+02 4.667286452528118730e+02 1.372185948424359125e+01 1.168268272705779154e+01
4.264066946730206698e-01 2.838637577916295527e+02 2.697987203588272109e+02 8.254138014907159260e+00 2.887950925101415010e+02 3.324014709277398651e+02 4.458578542924046246e+02 4.541479502654925682e+02 1.334901244187197022e+01 1.132066162890405892e+01
4.325254831734640648e-01 2.710079418668209996e+02 2.559393588630590557e+02 7.787209916883701233e+00 2.768775923603742513e+02 3.169064660300311971e+02 4.315066396578887975e+02 4.349274942927879692e+02 1.282542763898266891e+01 1.068389983441046809e+01
4.386395650806790836e-01 2.682501328332551793e+02 2.503149554617909018e+02 7.584012638693546471e+00 2.737879043600562454e+02 3.140892326926082205e+02 4.266216908892014317e+02 4.260467885607126277e+02 1.262253672448820119e+01 1.041173132520706446e+01
4.447681454847935978e-01 2.584804281252842770e+02 2.399777144416482315e+02 7.292577544646917431e+00 2.651965374003214038e+02 3.013893757011612706e+02 4.132228555835177986e+02 4.100718292350140928e+02 1.218335556835753941e+01 9.980646053788545302e+00
4.509437495939586094e-01 2.542553024807776012e+02 2.306735383722617030e+02 7.062874020745684156e+00 2.606950819672131274e+02 2.977715653561584190e+02 4.020227187001305538e+02 3.972542869577832221e+02 1.189275079791092438e+01 9.650616567532278367e+00
4.571038061189046653e-01 2.491590915657776861e+02 2.246026033690658608e+02 6.795843837585599623e+00 2.554239359704123160e+02 2.912441850385737894e+02 3.898974544193707175e+02 3.920682192493281946e+02 1.148613980467508533e+01 9.379026228726631942e+00
4.632394462505528554e-01 2.408742612990039618e+02 2.168093943345448622e+02 6.527246535388286475e+00 2.474656382654052038e+02 2.826428987598146705e+02 3.802215964264905779e+02 3.800659767499930695e+02 1.115446653996615112e+01 9.013685909885415626e+00
4.693790757792539181e-01 2.377861669580419459e+02 2.086764368444056004e+02 6.308205771279501661e+00 2.444142810314685335e+02 2.786595279720279450e+02 3.718504971590909349e+02 3.681182255244755197e+02 1.089117388958697497e+01 8.700887613363200046e+00
4.755007986458400504e-01 2.306638713444084772e+02 1.995467464571944163e+02 6.041716286953983328e+00 2.377072076853670239e+02 2.710242025370203578e+02 3.609896502308794766e+02 3.575447163101746355e+02 1.055306412876174349e+01 8.362004737009712585e+00
4.816148015649592273e-01 2.254269269658551877e+02 1.931927873272666147e+02 5.850588038941173963e+00 2.325374504161157461e+02 2.639283917969459026e+02 3.486452516139068507e+02 3.483672707474527783e+02 1.024668954655051856e+01 8.040939922480619728e+00
4.877448110253904678e-01 2.191166637250699694e+02 1.875601598547691822e+02 5.650308631275056115e+00 2.267946093139356094e+02 2.569924611078893690e+02 3.418610725902019567e+02 3.385983964095711372e+02 1.001516288041148783e+01 7.774989914525604284e+00
4.938644425720450370e-01 2.145173195927121981e+02 1.790597988215280623e+02 5.417563592490322932e+00 2.222925963363822461e+02 2.517094253100268588e+02 3.333460466951012222e+02 3.279619338773699155e+02 9.682759454895096596e+00 7.482164209462291105e+00
4.999990772533337013e-01 2.090916407929305194e+02 1.745854788631478414e+02 5.221231266419871453e+00 2.162142823023644667e+02 2.455885598280391662e+02 3.223958203964652398e+02 3.224819441127298774e+02 9.334332457606878464e+00 7.226609147360878893e+00
5.061739783630568867e-01 2.042373938859767009e+02 1.687173887832258572e+02 5.033419393932365260e+00 2.117303428120795843e+02 2.397277914366563039e+02 3.164143433687432889e+02 3.117862411281718096e+02 9.103092962842696423e+00 6.970185148675604125e+00
5.123176238977423802e-01 2.011250085967767802e+02 1.658743036610806598e+02 4.912486245157149156e+00 2.089001398409023125e+02 2.357027349212535228e+02 3.112109763645950125e+02 3.070013067100708213e+02 8.927952562985717933e+00 6.778062745008138101e+00
5.184419198367248294e-01 1.956146094029317055e+02 1.566992536646406791e+02 4.687158185667679611e+00 2.033859045405791903e+02 2.301524848051483616e+02 3.004637781551662670e+02 2.973552466928852027e+02 8.653363257508043915e+00 6.511171288434036697e+00
5.245811071337125320e-01 1.905893510599138096e+02 1.524279496784531034e+02 4.499410971028300565e+00 1.982886343459714453e+02 2.245289175670701241e+02 2.906559989606565182e+02 2.913283675811445619e+02 8.328165261026784449e+00 6.318081734620964340e+00
5.307339722686617023e-01 1.868081100651701547e+02 1.472266154108276055e+02 4.346840125441921998e+00 1.952495208075989126e+02 2.195415726029731047e+02 2.849398560293052469e+02 2.824710993738552247e+02 8.144616273373939563e+00 6.069522830855730966e+00
5.368662932732624071e-01 1.817211564442042686e+02 1.414116558934175885e+02 4.188411590942156870e+00 1.897107018893022712e+02 2.141217966038284999e+02 2.767589424895558636e+02 2.778777253548936983e+02 7.901123397002889348e+00 5.875032475630287188e+00
5.429628466927283181e-01 1.784233524060428806e+02 1.360375931338245437e+02 4.028431222471493989e+00 1.871224426789609936e+02 2.102819330671386808e+02 2.684648458403655127e+02 2.714721524719054742e+02 7.688426835919812241e+00 5.694880598320503751e+00
5.491073400914713298e-01 1.742203419741950654e+02 1.323507784619004610e+02 3.879820041962430022e+00 1.825244911565159498e+02 2.052866386917134207e+02 2.613030511000431488e+02 2.632935017059492679e+02 7.423297237146555538e+00 5.462977102043217847e+00
5.552762609626447077e-01 1.720119610245638739e+02 1.252641927767081000e+02 3.750921691755645160e+00 1.802686271077659228e+02 2.022584942723223946e+02 2.541803100141976302e+02 2.552955053775988574e+02 7.240640255168524497e+00 5.278478543088861663e+00
5.614082796802024600e-01 1.667819051612411272e+02 1.241051212167416367e+02 3.617626458031562020e+00 1.747677250895784198e+02 1.969621864755660567e+02 2.493929823892658533e+02 2.513715407486467939e+02 7.040545546809483746e+00 5.089737435198597559e+00
5.675371533509153688e-01 1.628029796403625937e+02 1.203126671868033810e+02 3.505752270954079375e+00 1.710814385495615966e+02 1.920093253083667548e+02 2.425050899093475891e+02 2.467646009808292433e+02 6.853976839983652702e+00 4.942189357631148638e+00
5.736740022558224350e-01 1.596068167319784834e+02 1.146957349858744095e+02 3.374706666362890406e+00 1.678598377836507609e+02 1.884192290166772921e+02 2.355027248701357792e+02 2.382930465688507979e+02 6.654138567392690717e+00 4.760165861660438757e+00
5.798103603643611770e-01 1.552125942160688510e+02 1.120468273908162757e+02 3.225935924163860324e+00 1.634719980043120984e+02 1.837610520126156075e+02 2.315913472675112530e+02 2.343259207783182774e+02 6.455296368560787812e+00 4.601907596977958370e+00
5.859425366486809006e-01 1.528717393581729880e+02 1.075760030729475858e+02 3.142006244107273805e+00 1.611500157139365115e+02 1.808743408876628109e+02 2.242057128889199191e+02 2.295004714180954579e+02 6.296661661486887773e+00 4.469857887086636339e+00
5.920586774162177601e-01 1.495633541014078673e+02 1.035218581115968561e+02 3.018882202850160290e+00 1.581133523802967318e+02 1.771598912257753682e+02 2.194248734983305269e+02 2.232208874049086091e+02 6.135984991910778064e+00 4.311792730887060721e+00
5.981941542880485629e-01 1.466906413775892304e+02 9.961016554363197884e+01 2.911016918309624835e+00 1.547605190915897140e+02 1.738716080192995719e+02 2.137005407204059679e+02 2.170028450212128917e+02 5.971617377921970338e+00 4.142257819648947681e+00
6.043590774859866066e-01 1.445258541693938810e+02 9.779420572064405803e+01 2.821347996301871941e+00 1.527181731902081196e+02 1.717179113758345181e+02 2.092517017934284524e+02 2.143464295064798932e+02 5.837002654961382042e+00 4.033956608358423956e+00
6.104910230252050818e-01 1.400606935483870927e+02 9.354249193548388064e+01 2.698313256048387121e+00 1.483069354838709728e+02 1.663099677419354805e+02 2.024156451612903425e+02 2.098353870967742125e+02 5.630190524193548818e+00 3.869649193548387434e+00
6.166050503334797872e-01 1.380646691438058156e+02 9.152189105858170137e+01 2.635322950430864175e+00 1.461397580836429597e+02 1.643674440667246301e+02 1.988928452842121715e+02 2.062763854850185794e+02 5.503685073918886950e+00 3.794528223574986203e+00
6.227565424953059869e-01 1.336899722175321017e+02 8.813457612549693465e+01 2.511373447788914248e+00 1.420282583002041292e+02 1.591907013154461197e+02 1.938609341662956922e+02 1.998265360941840925e+02 5.341455739919261703e+00 3.611142342936959793e+00
6.288977757446623240e-01 1.314309133489461487e+02 8.381837190912132485e+01 2.425969321223273134e+00 1.394742692904285377e+02 1.570501231789287999e+02 1.883026095684175516e+02 1.956321512211441984e+02 5.197945021898476625e+00 3.507133400118616962e+00
6.350332706002194127e-01 1.290412655153005232e+02 8.270203957697663100e+01 2.361035303788844075e+00 1.371675948692123086e+02 1.542172734543946433e+02 1.846453476316023341e+02 1.917585389696951950e+02 5.082759224012797894e+00 3.400387558506384078e+00
6.411743038514937654e-01 1.256565961732124919e+02 8.009685187617671431e+01 2.264952037450559619e+00 1.335509727512879863e+02 1.504668038588963270e+02 1.793523359166338196e+02 1.882316943240363685e+02 4.913305274603382955e+00 3.279157909715836983e+00
6.473071136295037720e-01 1.249810490210089995e+02 7.684961412033729289e+01 2.204191528512219556e+00 1.331777618979562590e+02 1.489466914391882142e+02 1.755477061597827628e+02 1.842982135200800258e+02 4.842545912533942953e+00 3.196290151136201185e+00
6.534392957951101755e-01 1.216125566725803253e+02 7.458151699473403085e+01 2.112782834896229200e+00 1.294356959815268624e+02 1.457485004646447635e+02 1.724240376221452493e+02 1.801489116048548169e+02 4.688000725127425383e+00 3.072955827067668899e+00
6.595783755518781488e-01 1.190904461388930713e+02 7.219562896138208430e+01 2.059301590370846924e+00 1.270880504866596397e+02 1.426182425495215398e+02 1.675631151692699348e+02 1.770080357020629833e+02 4.580488781502826789e+00 2.991499498624210940e+00
6.657085753353266799e-01 1.175394636328913691e+02 6.952106864189447322e+01 1.985374848243029344e+00 1.253566868554591593e+02 1.407626179953074654e+02 1.629109919790473100e+02 1.728555273639984762e+02 4.445935300376493871e+00 2.883219387720303395e+00
6.718369711955728407e-01 1.145586512585087888e+02 6.805735845074138979e+01 1.908058529233285894e+00 1.223551659543032031e+02 1.371735528468154541e+02 1.604710833201414175e+02 1.694889715582291103e+02 4.331254782069547282e+00 2.770260515606036478e+00
6.779675665423466890e-01 1.125838821194316353e+02 6.642142171747046575e+01 1.857698861022385239e+00 1.203393404051158768e+02 1.353178227322318321e+02 1.568209840030495457e+02 1.677063370006703735e+02 4.251627873733191620e+00 2.702725322699370381e+00
6.841025602423458363e-01 1.096565371563655731e+02 6.287000038128645940e+01 1.785132568536241360e+00 1.174018250911910144e+02 1.318427701732311448e+02 1.521616273306134985e+02 1.615891257101460212e+02 4.120774869409387087e+00 2.599925450553500994e+00
6.902473351098605825e-01 1.082047443690569395e+02 6.177336242338638783e+01 1.732190881403385063e+00 1.157192725805231248e+02 1.303025575705601966e+02 1.487051479304865609e+02 1.606726864579917731e+02 4.016620898176406662e+00 2.530392826065023915e+00
6.963896182979992799e-01 1.057233465624768911e+02 5.990782532600389487e+01 1.668612072312470662e+00 1.129801932605319621e+02 1.276374392979515306e+02 1.445186728128774689e+02 1.575480563019202691e+02 3.889951731086843889e+00 2.443141901052579890e+00
7.025354447064345864e-01 1.032726688882157049e+02 5.734814904574371752e+01 1.597665669494092722e+00 1.106187821872159986e+02 1.247650530142381200e+02 1.418529900030293902e+02 1.535315237806725293e+02 3.783333838230839241e+00 2.357247046349591368e+00
7.086795257259553837e-01 1.016735822959889362e+02 5.569367339152000795e+01 1.545409248014737447e+00 1.089467735012161995e+02 1.229625959841655884e+02 1.389416702437163167e+02 1.515876257929126609e+02 3.702223285400867869e+00 2.276659080340535102e+00
7.148105300560909647e-01 9.920024910697499365e+01 5.415873519458545360e+01 1.492528443140157979e+00 1.065944491445760463e+02 1.201110876104530973e+02 1.361720718180109202e+02 1.480665303628501590e+02 3.603496897913141872e+00 2.196855465078022096e+00
7.209489185367295994e-01 9.747912090439663757e+01 5.206980782721700507e+01 1.436120932429013397e+00 1.049580117994778874e+02 1.180730969604269092e+02 1.324401113245086492e+02 1.451474474716225984e+02 3.513251411682173142e+00 2.126111412199694239e+00
7.270775917581103753e-01 9.617998063009171972e+01 5.062335783057027072e+01 1.397094513758331935e+00 1.035996012077707462e+02 1.165227824303537858e+02 1.302510567994075075e+02 1.425174841907366101e+02 3.444869822822309580e+00 2.060223323648378901e+00
7.331906622449658739e-01 9.373102671099903205e+01 4.959645638542387047e+01 1.352870016792002250e+00 1.008919175239327757e+02 1.139472586079932057e+02 1.268283756945529177e+02 1.405324794144556222e+02 3.345037642536763833e+00 1.993395645515809944e+00
7.393386679216931157e-01 9.167809775602508182e+01 4.768958529071164776e+01 1.302902302696265835e+00 9.887187274673891579e+01 1.115234339152664518e+02 1.243969235475342430e+02 1.367017720191404351e+02 3.263652030939323101e+00 1.921074580210632154e+00
7.454822748005143218e-01 9.005397289224829649e+01 4.550653971813976284e+01 1.259855235278894980e+00 9.705426941697847099e+01 1.098303770716295844e+02 1.208456669649885100e+02 1.343321831768042216e+02 3.166521549260844726e+00 1.864483817836771085e+00
7.516118807450163919e-01 8.875488402760792894e+01 4.478301304888813661e+01 1.220416338760621500e+00 9.564405355680574417e+01 1.083548510597568963e+02 1.187971732726441303e+02 1.329602258829534946e+02 3.097128540055939183e+00 1.811254067807425372e+00
7.577553313207755492e-01 8.708537079141619586e+01 4.334361925229181622e+01 1.173546575383353607e+00 9.414129836691894582e+01 1.062993116765814250e+02 1.155254721192678602e+02 1.297365268217730261e+02 3.020567944684959816e+00 1.747690988984748950e+00
7.639042897236033580e-01 8.473854473740973958e+01 4.179577996446069932e+01 1.135408856065819760e+00 9.175121460192899292e+01 1.036925644791848669e+02 1.131144961327896397e+02 1.276021754984233354e+02 2.951362960547264436e+00 1.682634209661349578e+00
7.700556058884338029e-01 8.363788992948325074e+01 4.035323260469374418e+01 1.095455155594563967e+00 9.047175809031375593e+01 1.025196712571296445e+02 1.105970384975203444e+02 1.253345270548944370e+02 2.858571658501745549e+00 1.630014793680652829e+00
7.761646078124272430e-01 8.160713134731201990e+01 3.917759633009043796e+01 1.048705029382440035e+00 8.836823977279594544e+01 1.004382238604548121e+02 1.083762966543799280e+02 1.231223236046488267e+02 2.770344884887304460e+00 1.578296208733659611e+00
7.822760392858680856e-01 8.076337743691821913e+01 3.812080674433580896e+01 1.026607902542786332e+00 8.731420876997833602e+01 9.931657006810686994e+01 1.064121538551607102e+02 1.209886813808715402e+02 2.717388228636106628e+00 1.532346186308373825e+00
7.884165269731352454e-01 7.888039016852576424e+01 3.707974793568013894e+01 9.917122386402048573e-01 8.558379448548940616e+01 9.723256555120963185e+01 1.034829301269979283e+02 1.197886136462407762e+02 2.663585578733884240e+00 1.484493758752233550e+00
7.945591276009631443e-01 7.721115385342432091e+01 3.541505122776506909e+01 9.546371110659533921e-01 8.406631254607663095e+01 9.519517589459556461e+01 1.015036294209939314e+02 1.168056842025670505e+02 2.592352637473771537e+00 1.434645906977183749e+00
8.007019309919388705e-01 7.534224824355970895e+01 3.401727868852458414e+01 9.185295667447306300e-01 8.216394379391100244e+01 9.314177049180327117e+01 9.882429976580795028e+01 1.149892833723653354e+02 2.524509367681498695e+00 1.376931645199063192e+00
8.068322471611056868e-01 7.407820820572248977e+01 3.337233626723320867e+01 8.854563294981099286e-01 8.061147439965418471e+01 9.170823791260841062e+01 9.684417220796659365e+01 1.129796282500528832e+02 2.442957088265320209e+00 1.334911224236404292e+00
8.129795759107908415e-01 7.245224808024528329e+01 3.208553875236294317e+01 8.558529765242716136e-01 7.891243747795334684e+01 9.000367218096796762e+01 9.473363120811134763e+01 1.107640126265138605e+02 2.394054526460505983e+00 1.292641759978654159e+00
8.191384193203445907e-01 7.150478740884827289e+01 3.140926128238606907e+01 8.299343646468954061e-01 7.793811896577757636e+01 8.882399388917015415e+01 9.375609084530186976e+01 1.089120502367058521e+02 2.358413382539724878e+00 1.247289596045724647e+00
8.252636533623828319e-01 6.973753426358788943e+01 3.046305963860231003e+01 8.023535702880358889e-01 7.629362453317247628e+01 8.692078347186614451e+01 9.158360315446778088e+01 1.070358736438715823e+02 2.287217990712238969e+00 1.208371126773057469e+00
8.313801266770000087e-01 6.852105053341306018e+01 2.953975032282106739e+01 7.737879450164227846e-01 7.503285408487811026e+01 8.556069469360164703e+01 8.927460156514052869e+01 1.055056201197687926e+02 2.238541206267495198e+00 1.171985631212680623e+00
8.375206517277707929e-01 6.737762398684064635e+01 2.848700258243771799e+01 7.460833294270056149e-01 7.405874832738150815e+01 8.404584466168361701e+01 8.770058211384885283e+01 1.041871542900000804e+02 2.188319396621523527e+00 1.129617945172205040e+00
8.436596178727920892e-01 6.639813572904805028e+01 2.775572145598717810e+01 7.248273994052891744e-01 7.284626934919229768e+01 8.275978742249779430e+01 8.619707284153697913e+01 1.020285039436500938e+02 2.133715572145598927e+00 1.092309816419924973e+00
8.497926552975230141e-01 6.503707813988157227e+01 2.666871299018593078e+01 6.960695836266512782e-01 7.128519607437161199e+01 8.152985216779163125e+01 8.397897221417036917e+01 1.006591411652656518e+02 2.077837721023644946e+00 1.060411339496459604e+00
8.559261024612236923e-01 6.403295850945951884e+01 2.583399064308285631e+01 6.767844318135183279e-01 7.022163581893543949e+01 8.046937251200394314e+01 8.205759428735585459e+01 9.926522756186645324e+01 2.028538469035991110e+00 1.026730696228505657e+00
8.620635216668264267e-01 6.244948626698050731e+01 2.525122307822077516e+01 6.502434985057961025e-01 6.869760847036897644e+01 7.869450759553667751e+01 8.100119696981869311e+01 9.740828720848965361e+01 1.984658050224532344e+00 9.872510036672264011e-01
8.681991121454618598e-01 6.155746072985487416e+01 2.439478549853757983e+01 6.303287280736709075e-01 6.782262884831483518e+01 7.755914629772786384e+01 7.913259003642102130e+01 9.588249639376140010e+01 1.945968434454123042e+00 9.587311070953242753e-01
8.743258064632770665e-01 5.998420775712456532e+01 2.329427089468434886e+01 6.053613550427592305e-01 6.630691607573365332e+01 7.573822256775115136e+01 7.768870984207757147e+01 9.379406475526342035e+01 1.888272433858694255e+00 9.255420117047925554e-01
8.804649962982444844e-01 5.897084298945974723e+01 2.274651224563645613e+01 5.870309119553752675e-01 6.512987842904767888e+01 7.472897915816542991e+01 7.629202436038588075e+01 9.282497324515141202e+01 1.845965335147786934e+00 8.990857396656991574e-01
8.866060715851544760e-01 5.828161306359707083e+01 2.203389613369535738e+01 5.638811474626179709e-01 6.449504761176335421e+01 7.372289571302917466e+01 7.463769168993077585e+01 9.150648973192090807e+01 1.804051421660483934e+00 8.680967723431105565e-01
8.927497452568226022e-01 5.660369283169382015e+01 2.096912556673463968e+01 5.454498187756291472e-01 6.290437776831664252e+01 7.186350565054040374e+01 7.278517489412239172e+01 8.971169919555426020e+01 1.763371482884053876e+00 8.361639721095600608e-01
8.989002179133253057e-01 5.560524634731517324e+01 2.051482986325179780e+01 5.294494232211963691e-01 6.179328440803107725e+01 7.086670578710065627e+01 7.140754083504795346e+01 8.847104221292904924e+01 1.728484186864447603e+00 8.104805894248553466e-01
9.050334286265421246e-01 5.445702299178498862e+01 1.980141878991375393e+01 5.079947522329756326e-01 6.059153188345366914e+01 6.941859240239647022e+01 7.033835158484575345e+01 8.740530061960043895e+01 1.678561582395154295e+00 7.835533847594384760e-01
9.111662727418216035e-01 5.365842774516387692e+01 1.913705601166879688e+01 4.876392484240625325e-01 5.982901169045916845e+01 6.858131692769822507e+01 6.914567944024435064e+01 8.575004512993811545e+01 1.652356753063420225e+00 7.529565750709442673e-01
9.173141852908638372e-01 5.250695208030361982e+01 1.845779094101372664e+01 4.746005214060227684e-01 5.861755045578689760e+01 6.735920263895293658e+01 6.774265243145461568e+01 8.438032845032455498e+01 1.611707028340368275e+00 7.332417399709147965e-01
9.234386234055659282e-01 5.144434187163543726e+01 1.781582167894003277e+01 4.577646511109696448e-01 5.753623649752763924e+01 6.592744919108960744e+01 6.614406881574386432e+01 8.299225398442308688e+01 1.576478419034683887e+00 7.082046751978947619e-01
9.295586914769259357e-01 5.074101110749253962e+01 1.747859053333980128e+01 4.492297663303699840e-01 5.686703229695739736e+01 6.508829867583168038e+01 6.533695268055738836e+01 8.230482895293000922e+01 1.554698814069028767e+00 6.876410739898972668e-01
9.356866131768992734e-01 4.952016525065764085e+01 1.670373702754864453e+01 4.267084132485559622e-01 5.570173492585698938e+01 6.388157036202669303e+01 6.399614689863115302e+01 8.064242395104294303e+01 1.506173182654862330e+00 6.626724258569888226e-01
9.418341995598693561e-01 4.877944863835664080e+01 1.617497888145456386e+01 4.143613127522493000e-01 5.483093095911717541e+01 6.289846337440834390e+01 6.292947076254709771e+01 7.915453411818340612e+01 1.478898320069992778e+00 6.422489595764222514e-01
9.479856668247271800e-01 4.761536327043688743e+01 1.526819862528249772e+01 3.981196885154922871e-01 5.374235413685659779e+01 6.156051832733788842e+01 6.135836932828735257e+01 7.796028296714317207e+01 1.438727680063921710e+00 6.210210879725590605e-01
9.541104538204613350e-01 4.706023453806799495e+01 1.500627497975282054e+01 3.857827551638540187e-01 5.310437339092531772e+01 6.101432117624594298e+01 6.027692216523016100e+01 7.709141848781548845e+01 1.414057921750409896e+00 6.021330322045393979e-01
9.602408593380125090e-01 4.586951453781786370e+01 1.459402858724318719e+01 3.701398837625761162e-01 5.192998404584378136e+01 5.967603946211702493e+01 5.910139680265685769e+01 7.605804708104059841e+01 1.377433822811187536e+00 5.793198828671898282e-01
9.663673603621276698e-01 4.506036204383311627e+01 1.387683895535135115e+01 3.608298948239547221e-01 5.103929633268476351e+01 5.882940016824314000e+01 5.816303531179563890e+01 7.521698228309797685e+01 1.351864962402152370e+00 5.634964854360515751e-01
9.725109363121978712e-01 4.426986622221380685e+01 1.354319210591109623e+01 3.468088193747356218e-01 5.026616350057135207e+01 5.782313427653301829e+01 5.706537371288597882e+01 7.385217523059148448e+01 1.326052280819712603e+00 5.453314594815558136e-01
9.786539223807257937e-01 4.336048318866919260e+01 1.288084871369034445e+01 3.352157134239964753e-01 4.930220599755585198e+01 5.669456961113025528e+01 5.584425155892582637e+01 7.294768276251056704e+01 1.293746181023407438e+00 5.257563042490520644e-01
9.847742802912333726e-01 4.254622067444137201e+01 1.265978324182974113e+01 3.232100061656483780e-01 4.849199085377188823e+01 5.579509598582210828e+01 5.490494367261956654e+01 7.180234604469011117e+01 1.264431857967009076e+00 5.084792672328322105e-01
9.909163226000885505e-01 4.145733175269013060e+01 1.208782828743388649e+01 3.103216285944433994e-01 4.735332239041886737e+01 5.474393580156848316e+01 5.384508480758708515e+01 7.046954830080855459e+01 1.234215415830749452e+00 4.929535990029789150e-01
9.970641613013051519e-01 4.090071891332097209e+01 1.177376357746682345e+01 3.014125664573348296e-01 4.671391283928614513e+01 5.393709207389031945e+01 5.288345054309867521e+01 6.948872859516870903e+01 1.212331372979937871e+00 4.770835559867295794e-01
1.003199363263552968e+00 4.004233862553731882e+01 1.129133180509267831e+01 2.902263333850033655e-01 4.595015530820182192e+01 5.301711669279978167e+01 5.166055767866405546e+01 6.894606840715192675e+01 1.184397189547549356e+00 4.614975019525311417e-01
1.009337884460522083e+00 3.947570149990016120e+01 1.092915629147629097e+01 2.808674913230129189e-01 4.525321826659932611e+01 5.238095937232055377e+01 5.079734904098004478e+01 6.788044257038490059e+01 1.162256537838123549e+00 4.467506812389151483e-01
1.015478646350256975e+00 3.837155779536336553e+01 1.030871270400668926e+01 2.702459265793644705e-01 4.419472587190905699e+01 5.118853091960496471e+01 4.974372521583632079e+01 6.710262603273396564e+01 1.131248385219203900e+00 4.317647612737101070e-01
1.021609453879374962e+00 3.756100188371650717e+01 1.024838559158491336e+01 2.616022328449303935e-01 4.337317460957527260e+01 5.025686519617726589e+01 4.867624270563905498e+01 6.610307443272482431e+01 1.107039796391559472e+00 4.182713840707862896e-01
1.027737761654253790e+00 3.701891925557273311e+01 9.886538962399288977e+00 2.539809163722476226e-01 4.277508648559894766e+01 4.955470249520153914e+01 4.780342998205176031e+01 6.509588436125218891e+01 1.085345609758859409e+00 4.066303207752280380e-01
1.033868183565701315e+00 3.642300978145184587e+01 9.327971460910795543e+00 2.437491113210309701e-01 4.213183561304418845e+01 4.888329832583441004e+01 4.660616845270608621e+01 6.395255123014286625e+01 1.061474411676924801e+00 3.926394856431713043e-01
1.040006632801374398e+00 3.560778865661109904e+01 8.964857187748082268e+00 2.335232104365131955e-01 4.134922157537267395e+01 4.789688078856840292e+01 4.562110512040221977e+01 6.314401406897768254e+01 1.033312866609332303e+00 3.787123932560421680e-01
1.046156808389768100e+00 3.493035879420632739e+01 8.684278061405956706e+00 2.257437844047364972e-01 4.057593665698135510e+01 4.728101624614912879e+01 4.477663049723393840e+01 6.256747705894905920e+01 1.011678373168956702e+00 3.671171344479647325e-01
1.052295850575665437e+00 3.429179680099596794e+01 8.343221738071395777e+00 2.193110351430349880e-01 3.989861159977265714e+01 4.640418414571436045e+01 4.362875043979538958e+01 6.182168394273187317e+01 9.916968321199490788e-01 3.551109722184632722e-01
1.058425977651756611e+00 3.377287252834309328e+01 8.101862507895384979e+00 2.126755719470286576e-01 3.933221102891584309e+01 4.581596527101243055e+01 4.279252534552345111e+01 6.075190827436328078e+01 9.710011883223244045e-01 3.461602042161354698e-01
1.064562605041261323e+00 3.303347049085822107e+01 7.733130549987571101e+00 2.036309735914468566e-01 3.851703009884861473e+01 4.499301871724217960e+01 4.201958196925062339e+01 5.981093416967690501e+01 9.486428644150266543e-01 3.327912743551568742e-01
1.070698774491387617e+00 3.230789826669241904e+01 7.506910265711199237e+00 1.951346382940412072e-01 3.781312793908110592e+01 4.415308013089838823e+01 4.096339229327919185e+01 5.946164645953267325e+01 9.250454399553234008e-01 3.213712909187939615e-01
1.076840726399151738e+00 3.158140724021630774e+01 7.017556930578009222e+00 1.878277922647239584e-01 3.701324291240774045e+01 4.336966009513824361e+01 4.005687376364190300e+01 5.853243325603136071e+01 9.051238811443447219e-01 3.109304829414863969e-01
1.082972309238944275e+00 3.104077278501762294e+01 6.933515311244979884e+00 1.818820042606651144e-01 3.642004241455618541e+01 4.270853311203999425e+01 3.907871793295631591e+01 5.787099418080484980e+01 8.829856255378657481e-01 3.027574864188898318e-01
1.089087945679088287e+00 3.043267929463167931e+01 6.518812694196779667e+00 1.742460698119997764e-01 3.579575440855200696e+01 4.204966115354788059e+01 3.809213480867974511e+01 5.690587823830257719e+01 8.574710478896228061e-01 2.917337353069386352e-01
1.095217492047269259e+00 2.980072355214668889e+01 6.391193161957835933e+00 1.686821513816899876e-01 3.510757158122859067e+01 4.146957236020813298e+01 3.764328729364532933e+01 5.614790624282191089e+01 8.420125885090532503e-01 2.838940948295233246e-01
1.101360503814608816e+00 2.925444931012910743e+01 6.074032432059662590e+00 1.624643565679353974e-01 3.461777802954548378e+01 4.064704274194740208e+01 3.639132994103709251e+01 5.560284519405543335e+01 8.267248927387454982e-01 2.737999569908230457e-01
1.107509538678442151e+00 2.870048322147650666e+01 5.869793166564978293e+00 1.579121224832214787e-01 3.397710311165344166e+01 4.002704331909701096e+01 3.557375716900548923e+01 5.476259670530811263e+01 8.050240237949969346e-01 2.651223116229408094e-01
1.113637274621421813e+00 2.801640103376212920e+01 5.585207188816749380e+00 1.509143701330265819e-01 3.317749482391617732e+01 3.937015666442005823e+01 3.473220372678035517e+01 5.410083059780738068e+01 7.844574748953873078e-01 2.566842470676939936e-01
1.119766029293861820e+00 2.754137220188870927e+01 5.315518512509483706e+00 1.445240082988962504e-01 3.262304293260673660e+01 3.876573885408067355e+01 3.381801480237258062e+01 5.344995490573150221e+01 7.659855006418179180e-01 2.486460348955673860e-01
1.125921199838792353e+00 2.693374338798636813e+01 5.083133717975264254e+00 1.397139362893661807e-01 3.201595354178039088e+01 3.818330101839127622e+01 3.283941983698209555e+01 5.270325000470605659e+01 7.466963462153868303e-01 2.420259681835080778e-01
1.132060593734519616e+00 2.644767109285620776e+01 5.005203351525723043e+00 1.352100681745719291e-01 3.144170933438361715e+01 3.752275455278606131e+01 3.214661752846077292e+01 5.209223728877135784e+01 7.323129712203905184e-01 2.336657884032896371e-01
1.138193835500512563e+00 2.577233748782053624e+01 4.883764020817075391e+00 1.298083187920509307e-01 3.082178727609407787e+01 3.677002627532290546e+01 3.140058553795145002e+01 5.150952422732541436e+01 7.125302466370819765e-01 2.270037891994107770e-01
1.144331290643838761e+00 2.535132534536873905e+01 4.492770452931338809e+00 1.248664416710577596e-01 3.028098009118193090e+01 3.625244335494512882e+01 3.063395724987972457e+01 5.081856629017847382e+01 6.974223349904923319e-01 2.196705000400925589e-01
1.150477416657047947e+00 2.477586680537353914e+01 4.416551265249874625e+00 1.192137536112199275e-01 2.968164520763247793e+01 3.553206020238593510e+01 2.980013600479168900e+01 5.007314085502879664e+01 6.796179424996959817e-01 2.117063795310536456e-01
1.156613064375511923e+00 2.430967111103100819e+01 4.141953338680389507e+00 1.163738599957644254e-01 2.912878668402957771e+01 3.508559944847225864e+01 2.903540772048718566e+01 4.936875757562103928e+01 6.631748639204431139e-01 2.057307742566316378e-01
1.162735018537596643e+00 2.379164399258502272e+01 4.040326683744121183e+00 1.122833225354932379e-01 2.863054961973906032e+01 3.448076574244898040e+01 2.837272429643983784e+01 4.892831893252635922e+01 6.455006879648187423e-01 1.994913574419654168e-01
1.168863107201693285e+00 2.341450394797137591e+01 3.866012141333850405e+00 1.078834693707259734e-01 2.816861274630758771e+01 3.400841807959392327e+01 2.746505428460643472e+01 4.832183016673128861e+01 6.304495278737354269e-01 1.930701136694102649e-01
1.175003119642887395e+00 2.286926369013464466e+01 3.725280532893856744e+00 1.032328153379553082e-01 2.752455444775681315e+01 3.336917740550754274e+01 2.682874874348011573e+01 4.759722767493129680e+01 6.148847453093518878e-01 1.868809920628928534e-01
1.181141063188670737e+00 2.239634804535366541e+01 3.518866687247951042e+00 9.909477823216120140e-02 2.704846892513881329e+01 3.287442897729725644e+01 2.613571126328788097e+01 4.719577119368571516e+01 5.985673294056181870e-01 1.818816938649061576e-01
1.187270909488056914e+00 2.189333655464144002e+01 3.262158318816254177e+00 9.563836273306801361e-02 2.650703813435398359e+01 3.223641010643032701e+01 2.540815033336300743e+01 4.653185916101878661e+01 5.852648598730975094e-01 1.749675617452708387e-01
1.193410238621095854e+00 2.149545919807247785e+01 3.236947827112547138e+00 9.215231622230975195e-02 2.606224015703255859e+01 3.178252802197107840e+01 2.476372034051802373e+01 4.607483056237705910e+01 5.709688535949419830e-01 1.703446545799758294e-01
1.199554515593299175e+00 2.110158206166303074e+01 3.107487023772448786e+00 8.890079187428630292e-02 2.558172531921519521e+01 3.133900134952766336e+01 2.404248935949340549e+01 4.536825495691891774e+01 5.555829570227343028e-01 1.658210707982974985e-01
1.205699244952225024e+00 2.055310326653133401e+01 2.943571731512783174e+00 8.567012622139778821e-02 2.500146588321522501e+01 3.071038512375595531e+01 2.333563990331759186e+01 4.482941401730236208e+01 5.421985726168074837e-01 1.600025136963315886e-01
1.211823614414484052e+00 2.017077331933462503e+01 2.829320751583057625e+00 8.242135914789691653e-02 2.463302396732176547e+01 3.020613373142163738e+01 2.268483217953345132e+01 4.443552938088520676e+01 5.317652112930214559e-01 1.557689278632419239e-01
1.217948190684038368e+00 1.983660364111751306e+01 2.813420467567262051e+00 7.907253782491244221e-02 2.419674099000951983e+01 2.986100889297761185e+01 2.194458028696395857e+01 4.414795671331041405e+01 5.157502718531609132e-01 1.506520125708129543e-01
1.224088465910863066e+00 1.928407978096208453e+01 2.675296780382516726e+00 7.637878438705357487e-02 2.361442732378040077e+01 2.918541079601094879e+01 2.135569278733736809e+01 4.328111597417910161e+01 5.029043507804223934e-01 1.461369211783280220e-01
1.230226458808759915e+00 1.893965151965151961e+01 2.458585536085536205e+00 7.334129974754974302e-02 2.323988713988714139e+01 2.882321354321354434e+01 2.077683595683595641e+01 4.290002970002969818e+01 4.905477180477180732e-01 1.418560043560043449e-01
1.236361550594031522e+00 1.858954764972915186e+01 2.296020833414933016e+00 7.069106709562063273e-02 2.276750903799679548e+01 2.834159319418278145e+01 2.019299403472627574e+01 4.223642929603502694e+01 4.782130298929540557e-01 1.382104509304338535e-01
1.242496792651986093e+00 1.815710901672183653e+01 2.275095151873475885e+00 6.794412635313062943e-02 2.234789508691542892e+01 2.786563991458211120e+01 1.958271454632442499e+01 4.200299118204201676e+01 4.659524218753038904e-01 1.334460962448801857e-01
1.248637470443478836e+00 1.783992719700826513e+01 2.071316645167711190e+00 6.512005065492071365e-02 2.196076025921233565e+01 2.758207752638247356e+01 1.894097292662667797e+01 4.131131891308424997e+01 4.526029366169957990e-01 1.299193364525957628e-01
1.254772466883479876e+00 1.745391862709499620e+01 2.048263802625795549e+00 6.303603720354691853e-02 2.155112083627954789e+01 2.706449060714353649e+01 1.849670151164790610e+01 4.091366598505551622e+01 4.446970791847421056e-01 1.255459060332141941e-01
1.260914491442226115e+00 1.712943117630313239e+01 1.971699045218225033e+00 6.042087790924703661e-02 2.117826026699428965e+01 2.666427003580899679e+01 1.781843039719521116e+01 4.047628590264147164e+01 4.322567944859385669e-01 1.223070824140733842e-01
1.267057912247927520e+00 1.665911899750575031e+01 1.896205114713086282e+00 5.809443453807665997e-02 2.067944751960571281e+01 2.610943620933733911e+01 1.736769607586118980e+01 3.998106091815410679e+01 4.221620870066738473e-01 1.185866541642011385e-01
1.273186365191749214e+00 1.641274185500711624e+01 1.838133858777003748e+00 5.569559734952783669e-02 2.038650971115998090e+01 2.583306968750577326e+01 1.691475061445493822e+01 3.963846765102655212e+01 4.108019907415962901e-01 1.148025168397612400e-01
1.279317993167675471e+00 1.616422533972792408e+01 1.718774387317312691e+00 5.401373237815958878e-02 2.005374460960141292e+01 2.547995156426893715e+01 1.635433008840803382e+01 3.916636318005122064e+01 4.015840364055704437e-01 1.118069193116410648e-01
1.285454867222016517e+00 1.571737381351908702e+01 1.650083946129508039e+00 5.218435980656600803e-02 1.956257044588849681e+01 2.498751635431881013e+01 1.583338165634366312e+01 3.869023742303050284e+01 3.887117768763522774e-01 1.088985912747670592e-01
1.291590440177868837e+00 1.535833276426592064e+01 1.626530304636761404e+00 4.986095076451212138e-02 1.913269094607757026e+01 2.454666232977396589e+01 1.535634342439609945e+01 3.827347223370340856e+01 3.796466787728270953e-01 1.052705966087775363e-01
1.297722286883003173e+00 1.501368677479325520e+01 1.448427405424849157e+00 4.804017496224829292e-02 1.881485992691839115e+01 2.411123220149439561e+01 1.487609782678376824e+01 3.777007429251162307e+01 3.719514549988959251e-01 1.024014167908733480e-01
1.303853449480362636e+00 1.476067431182954870e+01 1.434450794843041388e+00 4.653321104555007554e-02 1.847764812503085707e+01 2.379179449745748798e+01 1.444702868346627689e+01 3.729323854459796195e+01 3.630835806197941773e-01 9.975364609781083025e-02
1.310000794114592582e+00 1.448866665739816995e+01 1.347881069850858315e+00 4.423931003943165630e-02 1.816474924664509416e+01 2.345242655006899213e+01 1.397116136566647882e+01 3.699144286146263738e+01 3.532576028455439721e-01 9.653704521736938826e-02
1.316143719180109750e+00 1.414738441577364192e+01 1.316217871106285076e+00 4.265144925855064717e-02 1.778797618758521182e+01 2.307460460081941989e+01 1.353949828796231003e+01 3.657822815373994274e+01 3.432777314980243188e-01 9.399780883676839283e-02
1.322267763843804511e+00 1.387896752571838199e+01 1.219486112588028970e+00 4.108745279103192399e-02 1.746420351052918463e+01 2.278131056554714107e+01 1.315513012695396178e+01 3.610521639802005467e+01 3.364786236849236500e-01 9.134014109735766329e-02
1.328401901823275777e+00 1.355567647807277964e+01 1.174837772499788047e+00 3.975198012978200385e-02 1.708655017389091668e+01 2.233823903638985442e+01 1.277241750784629737e+01 3.570228857409449574e+01 3.274791648994825888e-01 8.880995392951056278e-02
1.334537614144214679e+00 1.327392260260125312e+01 1.131030982545993657e+00 3.768944220045151311e-02 1.677819428532919943e+01 2.199823438237077866e+01 1.237133314239503967e+01 3.540382438169687873e+01 3.192666916571197389e-01 8.640021385790822017e-02
1.340678552423816727e+00 1.305689168313871384e+01 1.031113482716808027e+00 3.655469891969669038e-02 1.653216617112104103e+01 2.170469744032689263e+01 1.198421258076839990e+01 3.498496420444163846e+01 3.111151541451422364e-01 8.405105694483663847e-02
1.346815149096061148e+00 1.284098789988397193e+01 1.053735910823802469e+00 3.530401153033316947e-02 1.625733465937344491e+01 2.145169567379413422e+01 1.164654649428145206e+01 3.460047737444057958e+01 3.049280519641969223e-01 8.185927917288247924e-02
1.352940200955950356e+00 1.251064574939202245e+01 9.832991226462338696e-01 3.377333117547566543e-02 1.587469273797873193e+01 2.103989414802910574e+01 1.129378913397115092e+01 3.433797022135958343e+01 2.973370181591445394e-01 7.934507263821471978e-02
1.359082410299650379e+00 1.221407015487434933e+01 9.538563364752891127e-01 3.268848901178961902e-02 1.556181212378291079e+01 2.064547762368415107e+01 1.091073354035054876e+01 3.384313103283025725e+01 2.896704629716576607e-01 7.727257307597035219e-02
1.365220173749337018e+00 1.207203044655592628e+01 9.185425433950357155e-01 3.146816122692601414e-02 1.536554220048490293e+01 2.045606725546321769e+01 1.057097193288620929e+01 3.360505768295784890e+01 2.830797092991432229e-01 7.540213834854157804e-02
1.371355627496639196e+00 1.183750321963132457e+01 8.830861438197388225e-01 3.068182885294473347e-02 1.507260149390893567e+01 2.014462265920878181e+01 1.028935502437380300e+01 3.324803403746538066e+01 2.769585245900336168e-01 7.326722597161318407e-02
1.377497312851453160e+00 1.159313396977935184e+01 8.130046982676867318e-01 2.956509165375861489e-02 1.478143137130935081e+01 1.984675507365492919e+01 9.972181039388001267e+00 3.283030916102927677e+01 2.709145025921477212e-01 7.146610574263451143e-02
1.383633079758801232e+00 1.129445541491824656e+01 7.679612487541047638e-01 2.838263777198790291e-02 1.448397442907536536e+01 1.948226220196156078e+01 9.646200136853188667e+00 3.246074219421279849e+01 2.638804538182977222e-01 6.938083696035944603e-02
1.389766479619330530e+00 1.108902949056656695e+01 7.501495124581073481e-01 2.720260963177245292e-02 1.422276938109330224e+01 1.915408719897186174e+01 9.388686880945490643e+00 3.213932168896274533e+01 2.585307918841039942e-01 6.747133177626440936e-02
1.395898899779254521e+00 1.092327650224930835e+01 6.898459699642197629e-01 2.651271981961040788e-02 1.400500800913225241e+01 1.894597057794634765e+01 9.097986056131436072e+00 3.181609989014294015e+01 2.525699801766305153e-01 6.608837078216388272e-02
1.402038197914537321e+00 1.067114851195107939e+01 6.896985835080299276e-01 2.560110485114933457e-02 1.370261602448498728e+01 1.865125064462285209e+01 8.755639877819175965e+00 3.150683071364708354e+01 2.473037171089771113e-01 6.441737751593629158e-02
1.408181749899602986e+00 1.047152711036662431e+01 6.435949744065606604e-01 2.461313448361959755e-02 1.347542186243112106e+01 1.834629625724193502e+01 8.468499281455526884e+00 3.120181910755872678e+01 2.415338005880917627e-01 6.273647263769090154e-02
1.414313666006327352e+00 1.033027069273894050e+01 6.390491842393999367e-01 2.412008978392301412e-02 1.328841928065771860e+01 1.815411900861226613e+01 8.191744698119729051e+00 3.091005666361053628e+01 2.372596822253618398e-01 6.112248221747102611e-02
1.420444380108462745e+00 1.007173676372870119e+01 6.122592174818453081e-01 2.306880930106139371e-02 1.300605896103279768e+01 1.782214835777682893e+01 7.964114931890454940e+00 3.059589918838103273e+01 2.316774830616070979e-01 5.942451063877912665e-02
1.426582768631972087e+00 9.902214937395303451e+00 5.545554558675894752e-01 2.216591971992751611e-02 1.281854205981670347e+01 1.759961256627736859e+01 7.696653526500642606e+00 3.019711721047719521e+01 2.273546497934766097e-01 5.818143696400340098e-02
1.432726168338077644e+00 9.726186556247778725e+00 5.306406223592421423e-01 2.127130027320005973e-02 1.260292326431181564e+01 1.737210718635810025e+01 7.494063576336478683e+00 3.000259923421664610e+01 2.223549987178665144e-01 5.667583131057352119e-02
1.438861657952483553e+00 9.558263918888750155e+00 4.918588580611117367e-01 2.070884208769559198e-02 1.238380993247494111e+01 1.710408977440426170e+01 7.259637324627655097e+00 2.961511297182735092e+01 2.177115240904122506e-01 5.532597796628965781e-02
1.444991779317132963e+00 9.399937603098328154e+00 4.875381015563365339e-01 1.984777587768055823e-02 1.220034712759090567e+01 1.689903033780391439e+01 7.064806713045973297e+00 2.927376317865595468e+01 2.135228698988739793e-01 5.408768624937244224e-02
1.451129573505090198e+00 9.178742644525989647e+00 4.685309282202528292e-01 1.923395180225126455e-02 1.195839370966410442e+01 1.660104649143533706e+01 6.867634206263575791e+00 2.900910698069001370e+01 2.099965811457885634e-01 5.265867847184067113e-02
1.457259699941714226e+00 9.058716941267523026e+00 4.323430689999971932e-01 1.889771421885636654e-02 1.178853497877292611e+01 1.641718757502916404e+01 6.719520152303907423e+00 2.869393185304028648e+01 2.051078442726443352e-01 5.154681228444562419e-02
1.463381498859491758e+00 8.857216164838218830e+00 4.280159548031482464e-01 1.803477150525368417e-02 1.156526601166424584e+01 1.615120840364921762e+01 6.508557244384790330e+00 2.851162353179026709e+01 2.016707422970760721e-01 5.038117666848715426e-02
1.469517533590522174e+00 8.686300655871878718e+00 3.928271098778949866e-01 1.774977059735287008e-02 1.132943529210078104e+01 1.592133823301701057e+01 6.322259965270864868e+00 2.823522629238834725e+01 1.973061071847280190e-01 4.914225616849989681e-02
1.475660550406120208e+00 8.535362191056126591e+00 3.847053409059598694e-01 1.689385721118741995e-02 1.116662235141762949e+01 1.571723059543162648e+01 6.162754525666106709e+00 2.797524315983798715e+01 1.941794905353649570e-01 4.809662740576695766e-02
1.481800492405727532e+00 8.407664115319789744e+00 4.021069118491955030e-01 1.648065187491320679e-02 1.100477118203328963e+01 1.553801969737813060e+01 6.005041428754251065e+00 2.762578793596854609e+01 1.908093310678897758e-01 4.686095478608984927e-02
1.487943725053375577e+00 8.294245962517884152e+00 3.691271066447042726e-01 1.595668703115237647e-02 1.088004871214395664e+01 1.536344777035780851e+01 5.873242265155265152e+00 2.739101705871692971e+01 1.872399235373509441e-01 4.613041279383484072e-02
1.494084839802395370e+00 8.087862627357061740e+00 3.476560509522111375e-01 1.545524628371492543e-02 1.064024831777380342e+01 1.509067795928328870e+01 5.739092013548994231e+00 2.716297144573563571e+01 1.839919189111993703e-01 4.505163844406481072e-02
1.500230994160872244e+00 7.977798715078309399e+00 3.363527739820620921e-01 1.491192867562499830e-02 1.047655177267669124e+01 1.493097861739451560e+01 5.596274842571862251e+00 2.687221961059276865e+01 1.801308891137546053e-01 4.400551882398325704e-02
1.506363835328208056e+00 7.818820131685279229e+00 3.211151434760144419e-01 1.437815985884238756e-02 1.029413576566908972e+01 1.470941404024747179e+01 5.427894360319541533e+00 2.658453691559688892e+01 1.774664700992276412e-01 4.315485098879880133e-02
1.512486114839888929e+00 7.673076771756806025e+00 2.776963227194040873e-01 1.403305789315362033e-02 1.012955856895556828e+01 1.452657110633163562e+01 5.322309906625399378e+00 2.626151445207994328e+01 1.744475349826889732e-01 4.215698338240308346e-02
1.518627690030334820e+00 7.590436299813096532e+00 2.851832089030634787e-01 1.354053882858651837e-02 1.001526816362666850e+01 1.434917446297379762e+01 5.210647201354409397e+00 2.605699286036024631e+01 1.706935407358126378e-01 4.135644883657266235e-02
1.524765346634578744e+00 7.459971497813194574e+00 2.693340062836717674e-01 1.338512120016643533e-02 9.857681753168993311e+00 1.418528490547981846e+01 5.088861128138280066e+00 2.583952389450569953e+01 1.684157030690285883e-01 4.055586114204021153e-02
1.530890949051883609e+00 7.308440678659348322e+00 2.644263123014036765e-01 1.295244394287647927e-02 9.678426720997588717e+00 1.398551189596684985e+01 4.966622399235140151e+00 2.561929071559858073e+01 1.646501006242602483e-01 3.965317123795001480e-02
1.537028126588163568e+00 7.206071496482220340e+00 2.426825045952969440e-01 1.256760236420105190e-02 9.560227546428343715e+00 1.381890473474044434e+01 4.871276541801355719e+00 2.541328009127210308e+01 1.622259955156239997e-01 3.905242798060467452e-02
1.543169805434377873e+00 7.076316087114976838e+00 2.414077128862805455e-01 1.203906441451560276e-02 9.400891634096993243e+00 1.363839116283161523e+01 4.774552612066907287e+00 2.511128146481847168e+01 1.594081849371017934e-01 3.813422011077878537e-02
1.549306732909000672e+00 6.978990085657917675e+00 2.184608186824164022e-01 1.194396443744849198e-02 9.292012961066852483e+00 1.349218839747271659e+01 4.683315123741977004e+00 2.490245735833978458e+01 1.581216110649801276e-01 3.768527446276502546e-02
1.555434294201658130e+00 6.883151438229763386e+00 1.993787109146997194e-01 1.147721503419536770e-02 9.165110788772343753e+00 1.336448897576580919e+01 4.591993738403876257e+00 2.461116754799273565e+01 1.570550728925792228e-01 3.689492142578604944e-02
1.561571446339652391e+00 6.771265735395643581e+00 1.897182409406718839e-01 1.137233991828427368e-02 9.034721304171135614e+00 1.318448297810876646e+01 4.477358412040914004e+00 2.440234629376655917e+01 1.541284221884379468e-01 3.622103147170933901e-02
1.567719175442112256e+00 6.661957309087184420e+00 1.912329625966728286e-01 1.093809448754563818e-02 8.885744981305654377e+00 1.301670418543621466e+01 4.386483975054693119e+00 2.418097054512373845e+01 1.533854750992032223e-01 3.557173153414980304e-02
