# k, xm.power, xs.power, xd.power,  pm1.power, pm2.power, ps1.power, ps2.power, pd1.power, pd2.power
0.000000000000000000e+00 0.000000000000000000e+00 0.000000000000000000e+00 0.000000000000000000e+00 0.000000000000000000e+00 0.000000000000000000e+00 0.000000000000000000e+00 0.000000000000000000e+00 0.000000000000000000e+00 0.000000000000000000e+00
8.691056022563805813e-03 4.890819711538461888e+03 3.964922175480769511e+03 2.556644381009615472e+02 1.625224008413461661e+03 1.559212019230769329e+04 8.190544621394230944e+02 3.166443990384615608e+04 5.266193565955529010e+01 2.046842848557692378e+03
1.503254434404273886e-02 5.358582465277777374e+03 6.251870659722221717e+03 4.028623318142360858e+02 2.811915581597222172e+03 1.302900694444444343e+04 3.944819444444444343e+03 2.411289756944444161e+04 2.524192979600694287e+02 1.561972981770833258e+03
2.104537904654678673e-02 6.003027549342104976e+03 8.277564144736841627e+03 5.305426603618420813e+02 3.236963199013157919e+03 1.270930756578947330e+04 4.495119654605263349e+03 2.311805427631578641e+04 2.875451017680920813e+02 1.483339432565789366e+03
2.718418752217394846e-02 4.706733440170940412e+03 6.992524572649573201e+03 4.500623330662393755e+02 2.839749198717949184e+03 9.284895299145300669e+03 4.493394764957265579e+03 1.736164636752137085e+04 2.865639356303419163e+02 1.121970886752136948e+03
3.359305548768203725e-02 7.165590144230769511e+03 1.216353365384615427e+04 7.845605468750000000e+02 5.245913461538461888e+03 1.128857812500000000e+04 1.143555168269230853e+04 1.979568269230769511e+04 7.347402343750000000e+02 1.280895883413461661e+03
3.967812110980351720e-02 5.998882291666666788e+03 1.072336666666666679e+04 6.877756510416666060e+02 4.721189583333332848e+03 8.735764583333333576e+03 1.064914999999999964e+04 1.595317291666666642e+04 6.810852864583333712e+02 1.023644661458333303e+03
4.573133090443888549e-02 5.878464681440443201e+03 1.105608795013850431e+04 7.079105349722991605e+02 4.957346952908586900e+03 7.767428670360111028e+03 1.168413573407202239e+04 1.407315650969529088e+04 7.490276142659279230e+02 8.994242555401662003e+02
5.186912300623527233e-02 5.639046910755148929e+03 1.083213958810068652e+04 6.934415045766589856e+02 4.886224256292905920e+03 7.106197940503432619e+03 1.149607322654462223e+04 1.295331006864988558e+04 7.364382866132723393e+02 8.233877288329518933e+02
5.807971256735403043e-02 5.224689328743545957e+03 9.968260757314974398e+03 6.387024526678141001e+02 4.524738382099828414e+03 6.563966006884681519e+03 1.044778829604130806e+04 1.189996299483648909e+04 6.697160068846816330e+02 7.604155012908778417e+02
6.422094742881356844e-02 5.245829896907216607e+03 1.015626067746686203e+04 6.499503405743740814e+02 4.677087997054492007e+03 6.290008100147275400e+03 1.091582106038291568e+04 1.138430633284241594e+04 6.993428755522827487e+02 7.237586524300442079e+02
7.029194303550849454e-02 4.174897365196078681e+03 7.959954656862744741e+03 5.127281326593137010e+02 3.734499080882352700e+03 5.014466299019607504e+03 8.575283700980391586e+03 8.990158088235293690e+03 5.507975643382352473e+02 5.763788679534313815e+02
7.656976085866129544e-02 4.392928290766208193e+03 8.372895874263260339e+03 5.393819990176816646e+02 3.989002455795677633e+03 5.127474950884085956e+03 9.071736738703339142e+03 9.091929273084479064e+03 5.851012401768172140e+02 5.805507121807464728e+02
8.283279975513359317e-02 3.791720346320346380e+03 7.310490043290043104e+03 4.672818181818182097e+02 3.490186363636363694e+03 4.326288744588744521e+03 8.049740259740259717e+03 7.641761904761904589e+03 5.155890692640692805e+02 4.840359848484848726e+02
8.886264192081894109e-02 3.417047863924050489e+03 6.595659414556961565e+03 4.204755735759493405e+02 3.135070609177214919e+03 3.912809731012658176e+03 7.136303006329113487e+03 7.028919303797468274e+03 4.561169897151898454e+02 4.431965981012658062e+02
9.493524398572131262e-02 3.027085397653194377e+03 5.907593220338982974e+03 3.779386408083441893e+02 2.792155149934810652e+03 3.433776727509778084e+03 6.474684485006519026e+03 6.163104302477183410e+03 4.145239569752281454e+02 3.888318529986962062e+02
1.010510809291368245e-01 2.791529340592861899e+03 5.379323653962493154e+03 3.455170523290986466e+02 2.601213853599516369e+03 3.129465214761040897e+03 5.945884452510586925e+03 5.545301875378100704e+03 3.807082577132486563e+02 3.519304295220811127e+02
1.071918355362574127e-01 2.569870869344179027e+03 4.942844433146924530e+03 3.161193124046772027e+02 2.397520843924758537e+03 2.869331469242501498e+03 5.483311642094560739e+03 5.060448906964921662e+03 3.512381481952211288e+02 3.186601741230300036e+02
1.133640700251744293e-01 2.384660571964369410e+03 4.613446319737458907e+03 2.933759669479606487e+02 2.230216361931552001e+03 2.661496483825597807e+03 5.105861697140178876e+03 4.749401312705110286e+03 3.252365799343647836e+02 2.971420241443975669e+02
1.195184611122857843e-01 2.308994367959950068e+03 4.420800166875260402e+03 2.807155037546933727e+02 2.145070921985815403e+03 2.595413850646641549e+03 4.867466833541927372e+03 4.620261159783061885e+03 3.098175844806007717e+02 2.875108468919482902e+02
1.256657517103361710e-01 2.136243643263756894e+03 4.054765844402276798e+03 2.582248814041745959e+02 1.989455218216318826e+03 2.393533396584440197e+03 4.480684250474383589e+03 4.224255028462997871e+03 2.854104601518026811e+02 2.633370730550284406e+02
1.317871926578333408e-01 2.097661800486618176e+03 3.956650677789364181e+03 2.509717805005213904e+02 1.959620785540493671e+03 2.335945081682308228e+03 4.388394855752520016e+03 4.090077163712200218e+03 2.793761730969760038e+02 2.526323427181091574e+02
1.378887696062481294e-01 1.961945302648171491e+03 3.749691046658259893e+03 2.362845011034047786e+02 1.841343631778057897e+03 2.170121216897856357e+03 4.178822824716266950e+03 3.827851197982345639e+03 2.645661057692307736e+02 2.346983370113493095e+02
1.440612672229828750e-01 1.848319788993441762e+03 3.391317650413458978e+03 2.165602723125178386e+02 1.738063872255489059e+03 2.048619190191046528e+03 3.815509552323923799e+03 3.486080125463359309e+03 2.431167308240661669e+02 2.176596449957228572e+02
1.501845201433902877e-01 1.643409152634437760e+03 3.035579304725692054e+03 1.925218800923410924e+02 1.540582835415534873e+03 1.840210483432916817e+03 3.408013307984790572e+03 3.177390548614882846e+03 2.160582563824008560e+02 1.967097535306898237e+02
1.563418093457785985e-01 1.518659247798143269e+03 2.778076648417043543e+03 1.764033117114972526e+02 1.429311235420138019e+03 1.685798857414901249e+03 3.132596286598428833e+03 2.889947155439181188e+03 1.988398595572482748e+02 1.777940222566055581e+02
1.625438955957596576e-01 1.433236324101625087e+03 2.613053788052186064e+03 1.662265678644998843e+02 1.349918402380407315e+03 1.585819981689173801e+03 2.957407873655298772e+03 2.698965438315403844e+03 1.876880149919890073e+02 1.665686369878690698e+02
1.686940235306336466e-01 1.346691416752843907e+03 2.398162150982419917e+03 1.530444932781799423e+02 1.271241882109617336e+03 1.498983143743536630e+03 2.731398965873836460e+03 2.513955739400206767e+03 1.737197388831437479e+02 1.554039296794208838e+02
1.747987378343396903e-01 1.265495445344129394e+03 2.246140890688258878e+03 1.425151442307692378e+02 1.193418825910931218e+03 1.408112955465586992e+03 2.560042105263157737e+03 2.364508299595141580e+03 1.613199519230769283e+02 1.457786563765181995e+02
1.809057159377772395e-01 1.218400000000000091e+03 2.209947708894878815e+03 1.385620732255166274e+02 1.148996226415094270e+03 1.353763342318059358e+03 2.513307996406109396e+03 2.314580233602875069e+03 1.575876909254267844e+02 1.402518306379155320e+02
1.870079494254630881e-01 1.164443508771929828e+03 2.087301754385964614e+03 1.311423245614035125e+02 1.098887017543859656e+03 1.292958070175438479e+03 2.364497543859648886e+03 2.212809122807017502e+03 1.489862719298245395e+02 1.331067105263157657e+02
1.931644028143169878e-01 1.145857962584499319e+03 1.997408269140072434e+03 1.271620519572394414e+02 1.082996934444269755e+03 1.271616726929728202e+03 2.281881622386417348e+03 2.111757899701305178e+03 1.443401980820625852e+02 1.295143255777393563e+02
1.993257601852206906e-01 1.063818602885345626e+03 1.882524829157175418e+03 1.177348139711465507e+02 1.004538116932422213e+03 1.184675778283978843e+03 2.141361123766135279e+03 2.017917539863325828e+03 1.341167520880789823e+02 1.205772019741837511e+02
2.054762598507901550e-01 1.047118074157620185e+03 1.827833920766953497e+03 1.144225645002114788e+02 9.907922599746229935e+02 1.160642393909488419e+03 2.099608064288735477e+03 1.937086705202312260e+03 1.311971309741999221e+02 1.159662078810094528e+02
2.116257382464896697e-01 9.653615456611847776e+02 1.660388955742746475e+03 1.048996105762802529e+02 9.174330124348175559e+02 1.066606899318090655e+03 1.917332932210188574e+03 1.769727904800107126e+03 1.208535315550207372e+02 1.060050474662388069e+02
2.177578654451892970e-01 9.060280977091507566e+02 1.532668143273003579e+03 9.680122769269712535e+01 8.610187950892292292e+02 1.005753828629287455e+03 1.776044045057587709e+03 1.653966459941779704e+03 1.116925784710796137e+02 9.914344703202127107e+01
2.238991135097555263e-01 8.480409052908156582e+02 1.457364863250925509e+03 9.036791621879851277e+01 8.071240893347664951e+02 9.401516780126596586e+02 1.699323062223814532e+03 1.570648871372267877e+03 1.052450585214379544e+02 9.222858443807476192e+01
2.300081978121491233e-01 8.543645488764685751e+02 1.405637504277403877e+03 8.918466265541233895e+01 8.146497091365347387e+02 9.430052469487851567e+02 1.649983916961332170e+03 1.510435610813276980e+03 1.039426827877266959e+02 9.048248403102543591e+01
2.361454707693454169e-01 7.798724986623863060e+02 1.273277153558052305e+03 8.025558453718565488e+01 7.447424291064739919e+02 8.618256286784376243e+02 1.502883253076511437e+03 1.381014446227929284e+03 9.415405965757088325e+01 8.194175361155697601e+01
2.422857100963227428e-01 7.499741141631777737e+02 1.224122230164403163e+03 7.711295695905238290e+01 7.158707239865209431e+02 8.321540385989992501e+02 1.447222199530276612e+03 1.342310732155621281e+03 9.045706116613907000e+01 7.930020805677524720e+01
2.484099584913142256e-01 7.473486649775871911e+02 1.214803839407522901e+03 7.616230388813096397e+01 7.135647534593646242e+02 8.260333268368739255e+02 1.435003702981874767e+03 1.324678620152017174e+03 8.947651529916196012e+01 7.765772388423309280e+01
2.545441957051269855e-01 7.111353685571771166e+02 1.155141326436356849e+03 7.240752586366156152e+01 6.803440790689081723e+02 7.855613338259745433e+02 1.376905412894882602e+03 1.258945501570293800e+03 8.584474875300203678e+01 7.355798540550526354e+01
2.606917133414053955e-01 6.772224077328646672e+02 1.094314938488576445e+03 6.811590509666081061e+01 6.484735500878734911e+02 7.486267135325132358e+02 1.306694551845342858e+03 1.200754393673110826e+03 8.103319969244289211e+01 6.943739015817223503e+01
2.668580198415695381e-01 6.495837937384898169e+02 1.051514816675037537e+03 6.498405323957810253e+01 6.221523522517996980e+02 7.190940900719905358e+02 1.262920642893018567e+03 1.162394525364138644e+03 7.782538088062949555e+01 6.629230495563368208e+01
2.730019564931540632e-01 6.321052949223465021e+02 1.014105898446930041e+03 6.285413816689465705e+01 6.054835036613824286e+02 6.989931600547195103e+02 1.224837370242214320e+03 1.115917035487245357e+03 7.545713466645207745e+01 6.394816226764302769e+01
2.791389873202678173e-01 6.041692012288785918e+02 9.456216589861751345e+02 5.911364727342549941e+01 5.790073732718893780e+02 6.686043778801843018e+02 1.145094777265745051e+03 1.051874654377880233e+03 7.086637864823349275e+01 6.059112903225806690e+01
2.852424996643880273e-01 5.753877033278615727e+02 8.870861065512609684e+02 5.525178611401283746e+01 5.528965825996119747e+02 6.377701835546932898e+02 1.085909341889270308e+03 9.919861960901357634e+02 6.690794750783464906e+01 5.672180458140576320e+01
2.913531997893986092e-01 5.590178596491227836e+02 8.554119298245612981e+02 5.339220175438595817e+01 5.385745263157893987e+02 6.166095438596490794e+02 1.054613894736841985e+03 9.603939649122805804e+02 6.506362280701753775e+01 5.460618859649122214e+01
2.975143171497069416e-01 5.322036260316601783e+02 8.046532945474225471e+02 5.020736368556352147e+01 5.134628602354214308e+02 5.870363956162900649e+02 1.000795562170206949e+03 9.075947774320119379e+02 6.155313049654985491e+01 5.123367101880665331e+01
3.036544665973567314e-01 5.220078484789518143e+02 7.889759356554453689e+02 4.891223162742427633e+01 5.033874618927158622e+02 5.747906856067977515e+02 9.813393656353376855e+02 8.858801971849258052e+02 6.000437017577998944e+01 4.979526658883051482e+01
3.097883787544665757e-01 4.973199749137660319e+02 7.410269677014737226e+02 4.559993728441517646e+01 4.809639385387268362e+02 5.489132016306051582e+02 9.297665725932893110e+02 8.447121354656632093e+02 5.648667293822514779e+01 4.683047977422388897e+01
3.159486680635095190e-01 4.822376947225019421e+02 7.146962625125867135e+02 4.442438399573535435e+01 4.645477995616893168e+02 5.347113072321270693e+02 8.985991233785465511e+02 8.220055677308536133e+02 5.488947832138838123e+01 4.583957235088551130e+01
3.221066234444813769e-01 4.674617862116991773e+02 6.829691852367687943e+02 4.251616179201485579e+01 4.518360608170845012e+02 5.170080663881151395e+02 8.618725626740947519e+02 7.893171425255338818e+02 5.290984795728876833e+01 4.369601975974930497e+01
3.282572612915165555e-01 4.530505521811153926e+02 6.612568746548868148e+02 4.086615129762562049e+01 4.386530369961347446e+02 5.002070679182772324e+02 8.401366096079514136e+02 7.650260629486472226e+02 5.102250828271673555e+01 4.205071783545002972e+01
3.343544383171894174e-01 4.453606217616580238e+02 6.364127079356422882e+02 3.946249318243796012e+01 4.308120261794382486e+02 4.920889555494954948e+02 8.123349877283883416e+02 7.397901827106627479e+02 4.941429983637851109e+01 4.077553176983910532e+01
3.404813620364756654e-01 4.297346218745206556e+02 6.127913790458659378e+02 3.777191990080277861e+01 4.161973462187452242e+02 4.749948867413202152e+02 7.860945441529886466e+02 7.142978473180958190e+02 4.769779682466636217e+01 3.883647479163470706e+01
3.466259536752008263e-01 4.148134242317910889e+02 5.789841596069978777e+02 3.590373577622938228e+01 4.020662188580881207e+02 4.575322572560028220e+02 7.468649055090480715e+02 6.820678229485187103e+02 4.548351734422777781e+01 3.689029838588400168e+01
3.527314914776840671e-01 4.011718447072508411e+02 5.598204730515703886e+02 3.458596779274912336e+01 3.895569503683598214e+02 4.423256591702210017e+02 7.270850620395501664e+02 6.601308162078324813e+02 4.393787865936409531e+01 3.558750060585498431e+01
3.588700951741782830e-01 3.871397737765465763e+02 5.318490304709140446e+02 3.266232686980609401e+01 3.761642659279777945e+02 4.283866112650046034e+02 6.920688827331485982e+02 6.365514312096029244e+02 4.165677804709140730e+01 3.404536011080332258e+01
3.650083489029407047e-01 3.696909967409016531e+02 5.091572062284989784e+02 3.118495382944051997e+01 3.599179567264167758e+02 4.085400144848813966e+02 6.705772225239905993e+02 6.082938167662501883e+02 4.009408666032953050e+01 3.239461117146478131e+01
3.711704037116136945e-01 3.706952822892498034e+02 4.930998539142390200e+02 3.086442758013233600e+01 3.608499183638394356e+02 4.086058262438772886e+02 6.531537767465841853e+02 5.928883732920855891e+02 3.965879307381627683e+01 3.186193015811635121e+01
3.773137312255384068e-01 3.575702360269502833e+02 4.770480952582736336e+02 2.944882728081698531e+01 3.482017670240264238e+02 3.945495995593033740e+02 6.364158650790287766e+02 5.761492859866943945e+02 3.820696321878045865e+01 3.037443853553116568e+01
3.834202365329835160e-01 3.435159009876644518e+02 4.557138641858940105e+02 2.801398764394901875e+01 3.353846973484693308e+02 3.794278513175689795e+02 6.112078193516658757e+02 5.588322609729109445e+02 3.655809444285070242e+01 2.909430965944018865e+01
3.895813105051545988e-01 3.383619355089657006e+02 4.445427671243533041e+02 2.724680073126142332e+01 3.305949667431638659e+02 3.730846007234820263e+02 5.995726788284257509e+02 5.433902524407794772e+02 3.576958701233031235e+01 2.814901882609202843e+01
3.957247046642990429e-01 3.299412654105605611e+02 4.270239202915406054e+02 2.627952721563153915e+01 3.222399782895246858e+02 3.635815305885089401e+02 5.771117701791113177e+02 5.264351011863222993e+02 3.453214410327982620e+01 2.720814918198030341e+01
4.018641006880244171e-01 3.222750164702437132e+02 4.100562916331161318e+02 2.529633857331088365e+01 3.154259571041651498e+02 3.554307883756679303e+02 5.574101090696142364e+02 5.110806309933386729e+02 3.342772765536929569e+01 2.627615566210379683e+01
4.079986652309439688e-01 3.120171766164618248e+02 3.912774151197987180e+02 2.409416140913898374e+01 3.051856970934685478e+02 3.451869005506728740e+02 5.383279603223807044e+02 4.921442689909193859e+02 3.205818077385945486e+01 2.515331543342693621e+01
4.141066506702003602e-01 3.006693292406432079e+02 3.743707140116501932e+02 2.305051187694024861e+01 2.949167742160521470e+02 3.318693013359377346e+02 5.178047019428651083e+02 4.748348739056123122e+02 3.091204567651470114e+01 2.394440641459415886e+01
4.202576909860619159e-01 2.932402134630324326e+02 3.662804066605870617e+02 2.226943585976289697e+01 2.870108758063971663e+02 3.242101867801533785e+02 5.063106022224474145e+02 4.667286452528118730e+02 2.988938637822136712e+01 2.327410958557098297e+01
4.264066946730206698e-01 2.884439827182480940e+02 3.554094192144058297e+02 2.167562085683189821e+01 2.828414959928762187e+02 3.187870123017050901e+02 4.951080109495069337e+02 4.541479502654925682e+02 2.931862817849015457e+01 2.254619735496850197e+01
4.325254831734640648e-01 2.737430629240217286e+02 3.355471528246679895e+02 2.040218964020449377e+01 2.692238030931480921e+02 3.024552265200475745e+02 4.737600077167936661e+02 4.349274942927879692e+02 2.785277000739526088e+01 2.129572602167132800e+01
4.386395650806790836e-01 2.719540553211439260e+02 3.281608376308798256e+02 2.000094546022816289e+01 2.672510392248789231e+02 2.999905922800437565e+02 4.626270354742928816e+02 4.260467885607126277e+02 2.732948116893264512e+01 2.077615643069229634e+01
4.447681454847935978e-01 2.607378187441253772e+02 3.132153664230920640e+02 1.909374526242381975e+01 2.567876353051756837e+02 2.875454958915739212e+02 4.468679845971923328e+02 4.100718292350140928e+02 2.630622744913738131e+01 1.991710189199842418e+01
4.509437495939586094e-01 2.574752357464093961e+02 3.013471347744088007e+02 1.856544683011750863e+01 2.533937327723777742e+02 2.843056143914115523e+02 4.340535035543304616e+02 3.972542869577832221e+02 2.568489409545916047e+01 1.932247388655157394e+01
4.571038061189046653e-01 2.516165448293796487e+02 2.931352827299257342e+02 1.783550702129504018e+01 2.480390360888786176e+02 2.782766043514693024e+02 4.222625039729550167e+02 3.920682192493281946e+02 2.483220224508076157e+01 1.872612434626831046e+01
4.632394462505528554e-01 2.438463779374635862e+02 2.827975196293316458e+02 1.716952667646977204e+01 2.408520655883250754e+02 2.694057653358488551e+02 4.100185611630552671e+02 3.800659767499930695e+02 2.403025726215908975e+01 1.802301937962988632e+01
4.693790757792539181e-01 2.406710555069930138e+02 2.718182910839161082e+02 1.669371790319056004e+01 2.375021306818181870e+02 2.655849267919580257e+02 3.984906850961538680e+02 3.681182255244755197e+02 2.351504452578671334e+01 1.739825652862762340e+01
4.755007986458400504e-01 2.330658139164587794e+02 2.603433469561063589e+02 1.593866932487659938e+01 2.304748686375457680e+02 2.579587070749960276e+02 3.854615997027758567e+02 3.575447163101746355e+02 2.266764967358420435e+01 1.675502229181041258e+01
4.816148015649592273e-01 2.276857224339529751e+02 2.506124290269891901e+02 1.535612733660003748e+01 2.255170724119157057e+02 2.513915636099660560e+02 3.723492261025122616e+02 3.483672707474527783e+02 2.188429778849394580e+01 1.612097495527728341e+01
4.877448110253904678e-01 2.211990368371952229e+02 2.432045082070548006e+02 1.483788545422455307e+01 2.189934192279569345e+02 2.444315070220115444e+02 3.630169183832984459e+02 3.385983964095711372e+02 2.127046563374599586e+01 1.558530577897682790e+01
4.938644425720450370e-01 2.176979857498582476e+02 2.329414215625847362e+02 1.436019976085402305e+01 2.155784374152511020e+02 2.404404477207169464e+02 3.528094474988289448e+02 3.279619338773699155e+02 2.070672721333300359e+01 1.507678095954241826e+01
4.999990772533337013e-01 2.111458084547408589e+02 2.265154287079054143e+02 1.378611774540243573e+01 2.097011464055409533e+02 2.333019345593503715e+02 3.450320277048005551e+02 3.224819441127298774e+02 2.011379119894913003e+01 1.448015136135657954e+01
5.061739783630568867e-01 2.052425430254673415e+02 2.183569374217191523e+02 1.327127499188198634e+01 2.037004221366609329e+02 2.273637333580739437e+02 3.367344714014009242e+02 3.117862411281718096e+02 1.950932411745604611e+01 1.398519912325462577e+01
5.123176238977423802e-01 2.023810779211847546e+02 2.137844386877879970e+02 1.292313478599757026e+01 2.010212053827285104e+02 2.237387496847848354e+02 3.292179684097109202e+02 3.070013067100708213e+02 1.911291149904862152e+01 1.356438699250361068e+01
5.184419198367248294e-01 1.968369458348230125e+02 2.042623346442616992e+02 1.243304628843403670e+01 1.955060109045405738e+02 2.177543350017876378e+02 3.168956247765462990e+02 2.973552466928852027e+02 1.844737665355738088e+01 1.306918685198426822e+01
5.245811071337125320e-01 1.920292315354134587e+02 1.952703375701015318e+02 1.193249409956044360e+01 1.911248944416776681e+02 2.129594439512374606e+02 3.052358443583136705e+02 2.913283675811445619e+02 1.780214987116471193e+01 1.269752668730918188e+01
5.307339722686617023e-01 1.885431699109767010e+02 1.875583336882906451e+02 1.148567614047791352e+01 1.880681518081526349e+02 2.087500532436000924e+02 2.960745197427269204e+02 2.824710993738552247e+02 1.731496384759551788e+01 1.221779294628785451e+01
5.368662932732624071e-01 1.823960883752831990e+02 1.816449816058030251e+02 1.107983808949764182e+01 1.816146987300729734e+02 2.025646914555317721e+02 2.869824787479475390e+02 2.778777253548936983e+02 1.673039770955874772e+01 1.180774426870076788e+01
5.429628466927283181e-01 1.796254888239410548e+02 1.758785040958300669e+02 1.074098698699213728e+01 1.791018194541637456e+02 1.990512904952043698e+02 2.807873255670357366e+02 2.714721524719054742e+02 1.632631313547112129e+01 1.142476742271436230e+01
5.491073400914713298e-01 1.745081767912467399e+02 1.685061963214243690e+02 1.027353217283030773e+01 1.742405976704968964e+02 1.938686615161379052e+02 2.716724577434409298e+02 2.632935017059492679e+02 1.578320718459547578e+01 1.101183379740382051e+01
5.552762609626447077e-01 1.717687924227395513e+02 1.609552385397825560e+02 9.979040857109517049e+00 1.717858101406149842e+02 1.906614932804325520e+02 2.630666511076103120e+02 2.552955053775988574e+02 1.543497894665188497e+01 1.066905036272050111e+01
5.614082796802024600e-01 1.671393420751696226e+02 1.575334203705115499e+02 9.614772337424716042e+00 1.671953762293207433e+02 1.853163452008843421e+02 2.573233589997713011e+02 2.513715407486467939e+02 1.498710404436990196e+01 1.023616537699169093e+01
5.675371533509153688e-01 1.631875092881557521e+02 1.519095519393669065e+02 9.289333017536037573e+00 1.634175954822410404e+02 1.812952890474067544e+02 2.507727374052608127e+02 2.467646009808292433e+02 1.454586026898499007e+01 9.948764210878287884e+00
5.736740022558224350e-01 1.595291716030255884e+02 1.437509979039460291e+02 8.923902989155198640e+00 1.597613414745283649e+02 1.775311765241957289e+02 2.410877426410279725e+02 2.382930465688507979e+02 1.400437779094140112e+01 9.614776041192016010e+00
5.798103603643611770e-01 1.561850822330322046e+02 1.406383439354252403e+02 8.608712090839436115e+00 1.566103063024536368e+02 1.736898843570143072e+02 2.363656385310311521e+02 2.343259207783182774e+02 1.364328860854225667e+01 9.287747122289339075e+00
5.859425366486809006e-01 1.537157523483604962e+02 1.356220710968327694e+02 8.398062384327966257e+00 1.540330691064008022e+02 1.710455005761776590e+02 2.291103991339874995e+02 2.295004714180954579e+02 1.337707118413241503e+01 9.041556268987672951e+00
5.920586774162177601e-01 1.488377680630615316e+02 1.302891122508691524e+02 8.032082587518502237e+00 1.491173281470517509e+02 1.660571753123816734e+02 2.241516471033699531e+02 2.232208874049086091e+02 1.291395519947678316e+01 8.698943775601529538e+00
5.981941542880485629e-01 1.462044921387571890e+02 1.238180184676815543e+02 7.733674403127859698e+00 1.469193245154313274e+02 1.630601613842442532e+02 2.157374428084185922e+02 2.170028450212128917e+02 1.257108185675068590e+01 8.385052720239581703e+00
6.043590774859866066e-01 1.439438408168608419e+02 1.211181437360910991e+02 7.559113799253828425e+00 1.446280272286948332e+02 1.605500883623510902e+02 2.108475913077627695e+02 2.143464295064798932e+02 1.231106717993192667e+01 8.172679874656367360e+00
6.104910230252050818e-01 1.400711290322580567e+02 1.164783387096774305e+02 7.200020665322581337e+00 1.409429193548387218e+02 1.561865161290322703e+02 2.050309354838709623e+02 2.098353870967742125e+02 1.187747177419354827e+01 7.829950100806452262e+00
6.166050503334797872e-01 1.376659498774606618e+02 1.128427148391177184e+02 7.012206004427227413e+00 1.385101589058423599e+02 1.540154320499644314e+02 2.006216776029725679e+02 2.062763854850185794e+02 1.159525456557830658e+01 7.679354593248477912e+00
6.227565424953059869e-01 1.334559548112787581e+02 1.083982639794931515e+02 6.697739028995072452e+00 1.345292483384242246e+02 1.493031051896421957e+02 1.942678168506039924e+02 1.998265360941840925e+02 1.119189665228936725e+01 7.350359848194139012e+00
6.288977757446623240e-01 1.313982633291766717e+02 1.038329100641747118e+02 6.512748924085282276e+00 1.324232640895404529e+02 1.471627178442166723e+02 1.895851911554487685e+02 1.956321512211441984e+02 1.097946637671462078e+01 7.126952709176070044e+00
6.350332706002194127e-01 1.280696448144088606e+02 1.014115664899132128e+02 6.272241683206446261e+00 1.289238676422667993e+02 1.437365287199691863e+02 1.854540984092188296e+02 1.917585389696951950e+02 1.064377018099949623e+01 6.902866442515626311e+00
6.411743038514937654e-01 1.249447728301005611e+02 9.724455974429703531e+01 6.018587540318461215e+00 1.260663047126990364e+02 1.404019148532480870e+02 1.785848183662448605e+02 1.882316943240363685e+02 1.031226283258169474e+01 6.652941970605835031e+00
6.473071136295037720e-01 1.237175789624124604e+02 9.333321423467199907e+01 5.862503126339859705e+00 1.248657996284121765e+02 1.390502358153494242e+02 1.737370444476204057e+02 1.842982135200800258e+02 1.009185811776475639e+01 6.485373642275260586e+00
6.534392957951101755e-01 1.207856579651375597e+02 8.966875052800540402e+01 5.654598223085804065e+00 1.218366140069274337e+02 1.360444369350342129e+02 1.706796767198896134e+02 1.801489116048548169e+02 9.812948804595759356e+00 6.270764692630452330e+00
6.595783755518781488e-01 1.179396021848348397e+02 8.695116976276197818e+01 5.495086773946255221e+00 1.190547851442182576e+02 1.326933838930033289e+02 1.661167709345781418e+02 1.770080357020629833e+02 9.575772768963298986e+00 6.098676487700037008e+00
6.657085753353266799e-01 1.162464396791618952e+02 8.342607900911224306e+01 5.260116989278114552e+00 1.173066241065095170e+02 1.311378021498335897e+02 1.605127407649915483e+02 1.728555273639984762e+02 9.248013518306324343e+00 5.882284760871937301e+00
6.718369711955728407e-01 1.130134425623977563e+02 8.099429449633264255e+01 5.080927045406574472e+00 1.143780011608886014e+02 1.273854282095931580e+02 1.577262677431270106e+02 1.694889715582291103e+02 9.067754505039312463e+00 5.659356696216558014e+00
6.779675665423466890e-01 1.116674553412989468e+02 7.842426751843527200e+01 4.941924382533485982e+00 1.128033834141724867e+02 1.261102698581700139e+02 1.537308647817343115e+02 1.677063370006703735e+02 8.846140259211063395e+00 5.517393151018048059e+00
6.841025602423458363e-01 1.085072889261702329e+02 7.436634003126549430e+01 4.753362072800294769e+00 1.098381438975101929e+02 1.225481247060916843e+02 1.487205043148917696e+02 1.615891257101460212e+02 8.591689067246221612e+00 5.324953371843265337e+00
6.902473351098605825e-01 1.068968648321436774e+02 7.244118722728074999e+01 4.601890590713042961e+00 1.081126062501576399e+02 1.212074936312961881e+02 1.451088480843443449e+02 1.606726864579917731e+02 8.375699926854490940e+00 5.178075815950765382e+00
6.963896182979992799e-01 1.044736731826361336e+02 6.965006039391623460e+01 4.434556566913994580e+00 1.056192225207681190e+02 1.185446052209924375e+02 1.406465353612542231e+02 1.575480563019202691e+02 8.111574678926221083e+00 5.001282600389479249e+00
7.025354447064345864e-01 1.017098091487428064e+02 6.673688579218419648e+01 4.267040669494092775e+00 1.030776734322932526e+02 1.154186004241139045e+02 1.377027930930021284e+02 1.535315237806725293e+02 7.900573311117843112e+00 4.828521660102999213e+00
7.086795257259553837e-01 1.001689798254399761e+02 6.461847188438974854e+01 4.109566893809319055e+00 1.015421137978728439e+02 1.138005198645490452e+02 1.341996232174369084e+02 1.515876257929126609e+02 7.675412553059569376e+00 4.660065147016740461e+00
7.148105300560909647e-01 9.800883624741493350e+01 6.237005898665162817e+01 3.959652307764617518e+00 9.929176066929873912e+01 1.116240129723632322e+02 1.308260128783605865e+02 1.480665303628501590e+02 7.483326283135927959e+00 4.514144825742620881e+00
7.209489185367295994e-01 9.603432889032006869e+01 5.934336365622807818e+01 3.809961272181523473e+00 9.733925223971571938e+01 1.094976941566133490e+02 1.273177578691937128e+02 1.451474474716225984e+02 7.260967131668833119e+00 4.371707632284107525e+00
7.270775917581103753e-01 9.442646271292656479e+01 5.748298296587477552e+01 3.716717939953284144e+00 9.572571070472284305e+01 1.075869537970717289e+02 1.239031048823562884e+02 1.425174841907366101e+02 7.089201988264114185e+00 4.238208568335896764e+00
7.331906622449658739e-01 9.210071296275633301e+01 5.626375158994041925e+01 3.592831251534152948e+00 9.343084038113939016e+01 1.051354182937986650e+02 1.211343248610894108e+02 1.405324794144556222e+02 6.916807064914198833e+00 4.105847494030749445e+00
7.393386679216931157e-01 9.002835012126641345e+01 5.329885616273734428e+01 3.437907976817357270e+00 9.131536368999496744e+01 1.030691874057727233e+02 1.173751720672100021e+02 1.367017720191404351e+02 6.699064009002118958e+00 3.960136056001048566e+00
7.454822748005143218e-01 8.836770144811895022e+01 5.162933330457941850e+01 3.350790440581835394e+00 8.968604500706267402e+01 1.012852891385687002e+02 1.151505806493352395e+02 1.343321831768042216e+02 6.546193835520427662e+00 3.860474668701006085e+00
7.516118807450163919e-01 8.651980729759334565e+01 4.977162318809754282e+01 3.239915227424998267e+00 8.779579606725442886e+01 9.945132988057130774e+01 1.123392072827046491e+02 1.329602258829534946e+02 6.412602625729812544e+00 3.729914536163605909e+00
7.577553313207755492e-01 8.527804424787947823e+01 4.782657468257181677e+01 3.109580854642289616e+00 8.660558964296467366e+01 9.799711381733993676e+01 1.093900084093811245e+02 1.297365268217730261e+02 6.221724753688188336e+00 3.607279305655049395e+00
7.639042897236033580e-01 8.303602719886603722e+01 4.605557381595571087e+01 3.013156475651468380e+00 8.439362346826628425e+01 9.557300450917756507e+01 1.064920960999209143e+02 1.276021754984233354e+02 6.047569127027332847e+00 3.487189544665509899e+00
7.700556058884338029e-01 8.153180798519248640e+01 4.416316933074470086e+01 2.911122546751300444e+00 8.270389501956563549e+01 9.407726664587713117e+01 1.030783832449778288e+02 1.253345270548944370e+02 5.894127418040620014e+00 3.379136320655071746e+00
7.761646078124272430e-01 7.998372509920035611e+01 4.276417507603682111e+01 2.819914534110822490e+00 8.113416218502628396e+01 9.239125224082019372e+01 1.010966725079058222e+02 1.231223236046488267e+02 5.744339411243378102e+00 3.281307594114448278e+00
7.822760392858680856e-01 7.901415315262572392e+01 4.123971566848155135e+01 2.735916369065042986e+00 8.019367523369045614e+01 9.116960365318189474e+01 9.857479070312042779e+01 1.209886813808715402e+02 5.619009547645531732e+00 3.181787329488905858e+00
7.884165269731352454e-01 7.679176686464822410e+01 4.010930271862475394e+01 2.624058078613163758e+00 7.800145830315322826e+01 8.905049978270318434e+01 9.584342073494616443e+01 1.197886136462407762e+02 5.441514558887440955e+00 3.078801185474914437e+00
7.945591276009631443e-01 7.540105101982949520e+01 3.814111737018203740e+01 2.534026707907222953e+00 7.671337498345967276e+01 8.736845239220430415e+01 9.406372280297158284e+01 1.168056842025670505e+02 5.315220293567229248e+00 2.976549651707907085e+00
8.007019309919388705e-01 7.329121311475408618e+01 3.656463231850116813e+01 2.441149882903981272e+00 7.459125995316158253e+01 8.507477283372364241e+01 9.075880093676813942e+01 1.149892833723653354e+02 5.171903981264637018e+00 2.866628220140515104e+00
8.068322471611056868e-01 7.204580654655151761e+01 3.515881227639360418e+01 2.358201210118735514e+00 7.327944706564025523e+01 8.386866429379466581e+01 8.852064306670713734e+01 1.129796282500528832e+02 5.035837954915431958e+00 2.776646524846177133e+00
8.129795759107908415e-01 7.054331545481679200e+01 3.390637747487811993e+01 2.284642782038874387e+00 7.180446540823616886e+01 8.223218856558821699e+01 8.657183817078353627e+01 1.107640126265138605e+02 4.938028554372698942e+00 2.700204807753185943e+00
8.191384193203445907e-01 6.898845337383535536e+01 3.270674012097311589e+01 2.202393621155195547e+00 7.026800607530176990e+01 8.054897101796832715e+01 8.472491495465729372e+01 1.089120502367058521e+02 4.791190368337375105e+00 2.608279041985309465e+00
8.252636533623828319e-01 6.802649273922415318e+01 3.168347984990552391e+01 2.143012501219739185e+00 6.933383157838710531e+01 7.946077761711714516e+01 8.270420211303213875e+01 1.070358736438715823e+02 4.687448438290058306e+00 2.530378995200879721e+00
8.313801266770000087e-01 6.661250639142379271e+01 3.047982043349019676e+01 2.066657404518628560e+00 6.788510603263742382e+01 7.799295426773782935e+01 8.120624149615647980e+01 1.055056201197687926e+02 4.563840574058185773e+00 2.447995746994947819e+00
8.375206517277707929e-01 6.539383027503387780e+01 2.912614100280403306e+01 1.988929422957274706e+00 6.672191066299613738e+01 7.660930188952620767e+01 7.893185944038660296e+01 1.041871542900000804e+02 4.448706810220657282e+00 2.374057687226734714e+00
8.436596178727920892e-01 6.391856257117550655e+01 2.838210595132650127e+01 1.924987741996710300e+00 6.525337635497069755e+01 7.488347884769497398e+01 7.712527732084862464e+01 1.020285039436500938e+02 4.337898582816651860e+00 2.292861097051752672e+00
8.497926552975230141e-01 6.313174872665535275e+01 2.718379228953580196e+01 1.864832006501304651e+00 6.437061576048698441e+01 7.415967534887573720e+01 7.559127914199346776e+01 1.006591411652656518e+02 4.257807517909644623e+00 2.226834444490455311e+00
8.559261024612236923e-01 6.178373620059917215e+01 2.605047194976812719e+01 1.807941324332088540e+00 6.302672877252020811e+01 7.274049329010547638e+01 7.362705298149136013e+01 9.926522756186645324e+01 4.154306285139738542e+00 2.157505027291008126e+00
8.620635216668264267e-01 6.069862067303444064e+01 2.527712662976679425e+01 1.733216188615130271e+00 6.204543263630594652e+01 7.154688667346825071e+01 7.163714944449354505e+01 9.740828720848965361e+01 4.033191059278123269e+00 2.077335346358078816e+00
8.681991121454618598e-01 5.958399148847995974e+01 2.438594124819687892e+01 1.695870184376419676e+00 6.085231556380850293e+01 7.028381296970759706e+01 7.026039035042278158e+01 9.588249639376140010e+01 3.951783245136558875e+00 2.024302138041234489e+00
8.743258064632770665e-01 5.791563989602720142e+01 2.323941424992736060e+01 1.623842428989877407e+00 5.918898862110395953e+01 6.848048939461759232e+01 6.881869939768024835e+01 9.379406475526342035e+01 3.847447993968949209e+00 1.953812008701046654e+00
8.804649962982444844e-01 5.721793845229937858e+01 2.256468513970265732e+01 1.579850230592148241e+00 5.852118445062094310e+01 6.779456125897922902e+01 6.703459267186622128e+01 9.282497324515141202e+01 3.768819100652125442e+00 1.901902818305705845e+00
8.866060715851544760e-01 5.623333970706336515e+01 2.171510191594324723e+01 1.521170503652147232e+00 5.753995181460093278e+01 6.664492714826570818e+01 6.538827488622891337e+01 9.150648973192090807e+01 3.655235381850165943e+00 1.838560509006080368e+00
8.927497452568226022e-01 5.460625854303448534e+01 2.065924029548629193e+01 1.462365715635527197e+00 5.587476191543236581e+01 6.490245068381622673e+01 6.394471209506950515e+01 8.971169919555426020e+01 3.564195769003816849e+00 1.776227932828407408e+00
8.989002179133253057e-01 5.371856685508850404e+01 2.020644075854026411e+01 1.421845172216568809e+00 5.501537581614386596e+01 6.392412368989875660e+01 6.250367311163437023e+01 8.847104221292904924e+01 3.494582949556924056e+00 1.722168008646111081e+00
9.050334286265421246e-01 5.282608393501144661e+01 1.954106773176494727e+01 1.372596373654911162e+00 5.416328702789299143e+01 6.286558986400977034e+01 6.140372052874521813e+01 8.740530061960043895e+01 3.402838585672379956e+00 1.666458753959371153e+00
9.111662727418216035e-01 5.184816122580132713e+01 1.856608647618222463e+01 1.328170242762963138e+00 5.314337961859786930e+01 6.185692004419123435e+01 5.962907162301699060e+01 8.575004512993811545e+01 3.325395202868097755e+00 1.603108820917184651e+00
9.173141852908638372e-01 5.070535593941758634e+01 1.777411591529812540e+01 1.287577701025077070e+00 5.195185329691767606e+01 6.058964991309899517e+01 5.822200900932855916e+01 8.438032845032455498e+01 3.248282596743872652e+00 1.562267783669705201e+00
9.234386234055659282e-01 4.955561568444359466e+01 1.690403075769473062e+01 1.240660789952109155e+00 5.084164880484992466e+01 5.938014190417577254e+01 5.707452091424205776e+01 8.299225398442308688e+01 3.177957633892885880e+00 1.513724750288264920e+00
9.295586914769259357e-01 4.883175578760645408e+01 1.659056105656298286e+01 1.205816016131155743e+00 5.016887476873826301e+01 5.847902880464533126e+01 5.572973384978900668e+01 8.230482895293000922e+01 3.099523964605694459e+00 1.469619180346043885e+00
9.356866131768992734e-01 4.792854935197840405e+01 1.554874070207490533e+01 1.155377836596907848e+00 4.922010755716120656e+01 5.756047514715275781e+01 5.479687424878260060e+01 8.064242395104294303e+01 3.015794023915328026e+00 1.414423245327857126e+00
9.418341995598693561e-01 4.689749460303838902e+01 1.529895982783357233e+01 1.124375452540259390e+00 4.811321886858230812e+01 5.645667010820740472e+01 5.338758564743426405e+01 7.915453411818340612e+01 2.955069875568189453e+00 1.375840237365746344e+00
9.479856668247271800e-01 4.589750799021115313e+01 1.422775110659409670e+01 1.079783532977172777e+00 4.721731368432313758e+01 5.529740301421522020e+01 5.191940919242033203e+01 7.796028296714317207e+01 2.874568938137712415e+00 1.331026779744313160e+00
9.541104538204613350e-01 4.514490725803796778e+01 1.412653170741343267e+01 1.049255895550887940e+00 4.646712384689839581e+01 5.448394382148242698e+01 5.092046315013202218e+01 7.709141848781548845e+01 2.820357099352748698e+00 1.291045910892653747e+00
9.602408593380125090e-01 4.425520463647315950e+01 1.338856835867547979e+01 1.011809942044085586e+00 4.560071630905479623e+01 5.349910786963175724e+01 4.948908605476508882e+01 7.605804708104059841e+01 2.745963028684921703e+00 1.247922194998860368e+00
9.663673603621276698e-01 4.333238295221766379e+01 1.282206601938006862e+01 9.777788212705568194e-01 4.464597340217174803e+01 5.248367977293597164e+01 4.830910182563074784e+01 7.521698228309797685e+01 2.683255994464671890e+00 1.209880612385777710e+00
9.725109363121978712e-01 4.241759313623364136e+01 1.243409202825811199e+01 9.483874970801214888e-01 4.379791599588376272e+01 5.142313932713371827e+01 4.735581797635056489e+01 7.385217523059148448e+01 2.631688494731592165e+00 1.173249611735070808e+00
9.786539223807257937e-01 4.163850468461128429e+01 1.196454736314354683e+01 9.111852928273743712e-01 4.299260802807633297e+01 5.052542850875818203e+01 4.640647071726255746e+01 7.294768276251056704e+01 2.559313602607087734e+00 1.134904564754175338e+00
9.847742802912333726e-01 4.104570945234171120e+01 1.140935489967653638e+01 8.797685984149016258e-01 4.239592757377089782e+01 4.992179541201402770e+01 4.523373694059909411e+01 7.180234604469011117e+01 2.513544480970144601e+00 1.098915763765816900e+00
9.909163226000885505e-01 4.002547267311082635e+01 1.092010608547631989e+01 8.534929934950452601e-01 4.132294972338743833e+01 4.887825399720347264e+01 4.432689525199100444e+01 7.046954830080855459e+01 2.443352939388412803e+00 1.065289968235151097e+00
9.970641613013051519e-01 3.920050697237542181e+01 1.044669414272295960e+01 8.268674473459213248e-01 4.050164976758748736e+01 4.795363189711230234e+01 4.321679692203944967e+01 6.948872859516870903e+01 2.392202514992413320e+00 1.034267580712169732e+00
1.003199363263552968e+00 3.864273747846253571e+01 1.022378913259922228e+01 8.021917348313669649e-01 3.997153477890193329e+01 4.724104071400039118e+01 4.223539774996869767e+01 6.894606840715192675e+01 2.339868785436204579e+00 1.004192445791177501e+00
1.009337884460522083e+00 3.784353821397949247e+01 9.680907838945723043e+00 7.749808401555103865e-01 3.915647646789367542e+01 4.644246467541314871e+01 4.124982675389657061e+01 6.788044257038490059e+01 2.285550687698939321e+00 9.727000662152479604e-01
1.015478646350256975e+00 3.703307071070675960e+01 9.355943409371970887e+00 7.446481356357810277e-01 3.834767210297439277e+01 4.551010816491230315e+01 4.015076319257767068e+01 6.710262603273396564e+01 2.230214580781133105e+00 9.341409837897780566e-01
1.021609453879374962e+00 3.618929622738244234e+01 8.955191165542389697e+00 7.162047594805089901e-01 3.746144717816962810e+01 4.467572137125345222e+01 3.889074732276070989e+01 6.610307443272482431e+01 2.176985823161072364e+00 9.057495477928257932e-01
1.027737761654253790e+00 3.546425922465873271e+01 8.633198438446600065e+00 6.943117582904444474e-01 3.678373221454090469e+01 4.381725635407289587e+01 3.797066000826638543e+01 6.509588436125218891e+01 2.120727384935935600e+00 8.842685384924612313e-01
1.033868183565701315e+00 3.499541899189665628e+01 8.190407476025024280e+00 6.725417291968172062e-01 3.632779126145251780e+01 4.321056025137824008e+01 3.702704399682398417e+01 6.395255123014286625e+01 2.087159169618371113e+00 8.535994665814473636e-01
1.040006632801374398e+00 3.424310884713769099e+01 7.912937174737584733e+00 6.470660744409896248e-01 3.551161021434241860e+01 4.241786021434241860e+01 3.623664770221398612e+01 6.314401406897768254e+01 2.022571109806386325e+00 8.282463704297874374e-01
1.046156808389768100e+00 3.349731054823229215e+01 7.563555739777073406e+00 6.265547110549326559e-01 3.477578234866020068e+01 4.166639307035255513e+01 3.548609036339062328e+01 6.256747705894905920e+01 1.981110226483028702e+00 8.030667410848640886e-01
1.052295850575665437e+00 3.297884110530731050e+01 7.223829467644590885e+00 6.079594085766867329e-01 3.426573384935992550e+01 4.100767273809845648e+01 3.463924598771279051e+01 6.182168394273187317e+01 1.940512767598581823e+00 7.762913069365882102e-01
1.058425977651756611e+00 3.244375809611493366e+01 6.940460769304885424e+00 5.903694956454945686e-01 3.366565320258219174e+01 4.042464858846577869e+01 3.351292166707705178e+01 6.075190827436328078e+01 1.895644758535044883e+00 7.579350290121936728e-01
1.064562605041261323e+00 3.169977839716094437e+01 6.649488039264426220e+00 5.689817342934360145e-01 3.301090825430908637e+01 3.955261084108590808e+01 3.284975697731611888e+01 5.981093416967690501e+01 1.860116843931308273e+00 7.318086678972058889e-01
1.070698774491387617e+00 3.107454370847447223e+01 6.357762175167929186e+00 5.480452093304244432e-01 3.235485310466130215e+01 3.891278399156571766e+01 3.202427204734889443e+01 5.946164645953267325e+01 1.811412931434924101e+00 7.077817799153440781e-01
1.076840726399151738e+00 3.044886965234772447e+01 6.128874352445341955e+00 5.272479766338004081e-01 3.171850030731407699e+01 3.820271882569868893e+01 3.107685434345834352e+01 5.853243325603136071e+01 1.768079235381921688e+00 6.871859069380672480e-01
1.082972309238944275e+00 2.970299565609376202e+01 5.887329291656421937e+00 5.135889940501803252e-01 3.093536902712892456e+01 3.741580608146873033e+01 3.034100688468158324e+01 5.787099418080484980e+01 1.724250637755102122e+00 6.680746022995041056e-01
1.089087945679088287e+00 2.926063298646134925e+01 5.604773122405429575e+00 4.931327045117012697e-01 3.047704866514266087e+01 3.692844688195370395e+01 2.954685559616194013e+01 5.690587823830257719e+01 1.680361921971543993e+00 6.449950215295483513e-01
1.095217492047269259e+00 2.873415325923041053e+01 5.294305709520528147e+00 4.743162628831231742e-01 2.992677592354016625e+01 3.636701171465380611e+01 2.877992080374709261e+01 5.614790624282191089e+01 1.639455750466888517e+00 6.293338148899941809e-01
1.101360503814608816e+00 2.818121610371953878e+01 4.959918033190646725e+00 4.603044076863587186e-01 2.939301459541202632e+01 3.569636567836894159e+01 2.794824613687077886e+01 5.560284519405543335e+01 1.605708829411503835e+00 6.069653931599091612e-01
1.107509538678442151e+00 2.769082123245881633e+01 4.863423123856009056e+00 4.460468654667479882e-01 2.885398169615618968e+01 3.514839048200121852e+01 2.711732275777913159e+01 5.476259670530811263e+01 1.567271354484441659e+00 5.897573596705307786e-01
1.113637274621421813e+00 2.699560942023012444e+01 4.684297676944486177e+00 4.268046667789969772e-01 2.819139145740095032e+01 3.443920101630648389e+01 2.640210776921696834e+01 5.410083059780738068e+01 1.529516860456659133e+00 5.699931616901914300e-01
1.119766029293861820e+00 2.648152327961786767e+01 4.407530206002070905e+00 4.111640673837211879e-01 2.765682068705531904e+01 3.383971731381316062e+01 2.569129990790271023e+01 5.344995490573150221e+01 1.494690984963805258e+00 5.529773774103959871e-01
1.125921199838792353e+00 2.603256593189390600e+01 4.137060748169342439e+00 4.016414809145755771e-01 2.717916203904146855e+01 3.335893351279106867e+01 2.494896043145153541e+01 5.270325000470605659e+01 1.456789990917304989e+00 5.402012928722021989e-01
1.132060593734519616e+00 2.541959010859168444e+01 4.073752731202761268e+00 3.874391340328963707e-01 2.657329469795007526e+01 3.263592949980307623e+01 2.437745456591459003e+01 5.209223728877135784e+01 1.430914929481048148e+00 5.198226124833549289e-01
1.138193835500512563e+00 2.489283223968266512e+01 3.939583496880671554e+00 3.734645069567265607e-01 2.607712661565529189e+01 3.203410250608396126e+01 2.357538801124897887e+01 5.150952422732541436e+01 1.394879659944678885e+00 5.064002807626770686e-01
1.144331290643838761e+00 2.441219959220142499e+01 3.666856915393250649e+00 3.572384605031043159e-01 2.559857041398428379e+01 3.158491145272514800e+01 2.285176521798895877e+01 5.081856629017847382e+01 1.355956465211116013e+00 4.909572312653210924e-01
1.150477416657047947e+00 2.381560992744909555e+01 3.527598671026025201e+00 3.430534398629143666e-01 2.505825913866634025e+01 3.095994163502978580e+01 2.227635993533017000e+01 5.007314085502879664e+01 1.327384812498029643e+00 4.755800398894848291e-01
1.156613064375511923e+00 2.338490012571588395e+01 3.284534411906510964e+00 3.323898423031690363e-01 2.459234484902829365e+01 3.051486286154581151e+01 2.155578585944153502e+01 4.936875757562103928e+01 1.293214412041689076e+00 4.617147756151742666e-01
1.162735018537596643e+00 2.272004477301585368e+01 3.213109822190957754e+00 3.193493354281972674e-01 2.399314689707957982e+01 2.988207486649943334e+01 2.087715735591450894e+01 4.892831893252635922e+01 1.260132687619730296e+00 4.470316170712607673e-01
1.168863107201693285e+00 2.229020894286016485e+01 3.084212741020127435e+00 3.083247985807571756e-01 2.358218257605132351e+01 2.939707955867319811e+01 2.028048441961295723e+01 4.832183016673128861e+01 1.231834815291339202e+00 4.352846017549966695e-01
1.175003119642887395e+00 2.183690048362533531e+01 2.951345986254858555e+00 2.953103833302414549e-01 2.310286637531224230e+01 2.894029750939423806e+01 1.963717098593129151e+01 4.759722767493129680e+01 1.197279958022528845e+00 4.212797371878114205e-01
1.181141063188670737e+00 2.133539002253866457e+01 2.794798566074558899e+00 2.837195517525755162e-01 2.260937945268175397e+01 2.843441334703499734e+01 1.908175663422595392e+01 4.719577119368571516e+01 1.168812364530530612e+00 4.089741641911554537e-01
1.187270909488056914e+00 2.087611315268576817e+01 2.595226212123138865e+00 2.744714942048243622e-01 2.217927003462906299e+01 2.790827960954355191e+01 1.855619699146777535e+01 4.653185916101878661e+01 1.143898561643545309e+00 3.957619731465822910e-01
1.193410238621095854e+00 2.051518725542642585e+01 2.473939356284461599e+00 2.640189328641592836e-01 2.182671448970737416e+01 2.752088431906926402e+01 1.782432403971306201e+01 4.607483056237705910e+01 1.118756002451527509e+00 3.836702516396170437e-01
1.199554515593299175e+00 2.008778573653067312e+01 2.451513806706114185e+00 2.552147727862555393e-01 2.141180940516972697e+01 2.707448354614346187e+01 1.732070383058237084e+01 4.536825495691891774e+01 1.091659529741513479e+00 3.747114411398317912e-01
1.205699244952225024e+00 1.957770622218013301e+01 2.296551571500924371e+00 2.466293661238918578e-01 2.087151698324528581e+01 2.654729738076316536e+01 1.682200533647372964e+01 4.482941401730236208e+01 1.062836682183342596e+00 3.627062427683780954e-01
1.211823614414484052e+00 1.917796884740313246e+01 2.170388833295056052e+00 2.356658157563404632e-01 2.050069720135175189e+01 2.609039420584664981e+01 1.626050928508153248e+01 4.443552938088520676e+01 1.038080266330916546e+00 3.523204181054989115e-01
1.217948190684038368e+00 1.873145749608611865e+01 2.142088921706289284e+00 2.263583579463838702e-01 2.002678384092706310e+01 2.563596491228069851e+01 1.568946198292418970e+01 4.414795671331041405e+01 1.009547896592908112e+00 3.417597410686905590e-01
1.224088465910863066e+00 1.828486719827327533e+01 2.049989382856685971e+00 2.190550711223694103e-01 1.962726382476966691e+01 2.510094330195655132e+01 1.518546375681995109e+01 4.328111597417910161e+01 9.875563333133480226e-01 3.319795538801286749e-01
1.230226458808759915e+00 1.798523908523908688e+01 1.951922705672705760e+00 2.119544166419166376e-01 1.928098406098406059e+01 2.483664389664389560e+01 1.467106524106524112e+01 4.290002970002969818e+01 9.651006088506088876e-01 3.235545985545985603e-01
1.236361550594031522e+00 1.756270783475839181e+01 1.776662212948129760e+00 2.038824248906235814e-01 1.885444418767698949e+01 2.433036179404725985e+01 1.417091801763339554e+01 4.223642929603502694e+01 9.422753646533051919e-01 3.141856586183125466e-01
1.242496792651986093e+00 1.718138271182353094e+01 1.732767276118386990e+00 1.962886332651338772e-01 1.848262663902384162e+01 2.390945353554605646e+01 1.369334160543625067e+01 4.200299118204201676e+01 9.182812177883923344e-01 3.057616355620038084e-01
1.248637470443478836e+00 1.685005531036964044e+01 1.657760987433637201e+00 1.902361228866271403e-01 1.813069897761939586e+01 2.357188816970522893e+01 1.325991280482903534e+01 4.131131891308424997e+01 8.987963176499408346e-01 2.965505120993826016e-01
1.254772466883479876e+00 1.647229346226613345e+01 1.571682162172492125e+00 1.828658006382938017e-01 1.774626292353851653e+01 2.312918187551359495e+01 1.280311884877787776e+01 4.091366598505551622e+01 8.764973149616832604e-01 2.874223333556290005e-01
1.260914491442226115e+00 1.612135542304061886e+01 1.475442064149049326e+00 1.762705774154218474e-01 1.737649641160870573e+01 2.275864135564778223e+01 1.228232080517807034e+01 4.047628590264147164e+01 8.538888792644920844e-01 2.802116771609007850e-01
1.267057912247927520e+00 1.582318717370624839e+01 1.438371794175586471e+00 1.692866818312897537e-01 1.707362160785577032e+01 2.241733954024882536e+01 1.191777584695933534e+01 3.998106091815410679e+01 8.361650746777322674e-01 2.724577994974046180e-01
1.273186365191749214e+00 1.549789791732116129e+01 1.349203980559200211e+00 1.643019295271006819e-01 1.675691608301147539e+01 2.202015227394526420e+01 1.145349453920499627e+01 3.963846765102655212e+01 8.150214019736476967e-01 2.641739277068356762e-01
1.279317993167675471e+00 1.516736523545554149e+01 1.313299514726733896e+00 1.575976425822253335e-01 1.638292438969879683e+01 2.166647309472079641e+01 1.106152290438522812e+01 3.916636318005122064e+01 7.943782195838630100e-01 2.567600670387888973e-01
1.285454867222016517e+00 1.485001141631119026e+01 1.172351755574965404e+00 1.524053476810391383e-01 1.606878418097933903e+01 2.130581035876210905e+01 1.071201448965464742e+01 3.869023742303050284e+01 7.754646030929143175e-01 2.500773545688802502e-01
1.291590440177868837e+00 1.452308496835386187e+01 1.197261827317392280e+00 1.457534158645811262e-01 1.571805824614621550e+01 2.091564803599860767e+01 1.032821052858575328e+01 3.827347223370340856e+01 7.559685250311789506e-01 2.426547062174508607e-01
1.297722286883003173e+00 1.418894284533908845e+01 1.109386129630816731e+00 1.404688234555633852e-01 1.539201230848131274e+01 2.055716178387503490e+01 9.951400908890169816e+00 3.777007429251162307e+01 7.380669211345456393e-01 2.363921342892350563e-01
1.303853449480362636e+00 1.393186178053304580e+01 1.023181122125129683e+00 1.370699265281509760e-01 1.511300947182080456e+01 2.026019296278272819e+01 9.586388930029833944e+00 3.729323854459796195e+01 7.240917842709941876e-01 2.302715076407549355e-01
1.310000794114592582e+00 1.366015525888645854e+01 1.003672062089651762e+00 1.317257372146896366e-01 1.483998463746858754e+01 1.991917640148342272e+01 9.258789140567161624e+00 3.699144286146263738e+01 7.063847045493251153e-01 2.230196085161254282e-01
1.316143719180109750e+00 1.332230367073369592e+01 9.892401380037675329e-01 1.270841744274994467e-01 1.450361921645221308e+01 1.953303695017918074e+01 8.878291813094746132e+00 3.657822815373994274e+01 6.915723773906949923e-01 2.180774544193815889e-01
1.322267763843804511e+00 1.311377661453813204e+01 9.567938250155219038e-01 1.223989509404060649e-01 1.426557167015981520e+01 1.932256288526119548e+01 8.571457483629078666e+00 3.610521639802005467e+01 6.762438662644113530e-01 2.118666183714492390e-01
1.328401901823275777e+00 1.280792603274238672e+01 8.329197769106795324e-01 1.184370626219357070e-01 1.394565018237339871e+01 1.896795656968360433e+01 8.247818305199762889e+00 3.570228857409449574e+01 6.593460005089490927e-01 2.057175916108236469e-01
1.334537614144214679e+00 1.254744844666082670e+01 8.211552433620864511e-01 1.139282333504616218e-01 1.365652840487903497e+01 1.868120156344767224e+01 7.924501314104723804e+00 3.540382438169687873e+01 6.461461351843116319e-01 2.006593425685693211e-01
1.340678552423816727e+00 1.233456057007125928e+01 7.796339571948242009e-01 1.104198762935401923e-01 1.345244589140076030e+01 1.839178446256831023e+01 7.629528428815839369e+00 3.498496420444163846e+01 6.293513197016760152e-01 1.955008471338637588e-01
1.346815149096061148e+00 1.202963782529421444e+01 7.650059050223769752e-01 1.067496736698160115e-01 1.315346345101939285e+01 1.801083706282114960e+01 7.347000663020056166e+00 3.460047737444057958e+01 6.170750973810708029e-01 1.906462114619592307e-01
1.352940200955950356e+00 1.179259445340909451e+01 6.791325821301973376e-01 1.020178632872208446e-01 1.288597264999787306e+01 1.777235443717453123e+01 7.096999878895395852e+00 3.433797022135958343e+01 6.040967723986240268e-01 1.849659449555022539e-01
1.359082410299650379e+00 1.157061224423713952e+01 6.795575492745223878e-01 9.913220387930615773e-02 1.266677163238146520e+01 1.746736240856649758e+01 6.853854535328383513e+00 3.384313103283025725e+01 5.907189632031758508e-01 1.803916927866697495e-01
1.365220173749337018e+00 1.130607063626733400e+01 6.512480198147319044e-01 9.589706216171835218e-02 1.240114609259539513e+01 1.715228590655457452e+01 6.559283205131094974e+00 3.360505768295784890e+01 5.769617920837666336e-01 1.753665103581398543e-01
1.371355627496639196e+00 1.112191988603300175e+01 6.461834351160816725e-01 9.275724307739517671e-02 1.217913154221135485e+01 1.695920369375184933e+01 6.336518250937270835e+00 3.324803403746538066e+01 5.653994568760195571e-01 1.711446330931991888e-01
1.377497312851453160e+00 1.092756053613200962e+01 6.118851552127457794e-01 8.981945478954606044e-02 1.197650629069988071e+01 1.669971233482961281e+01 6.080924400960991960e+00 3.283030916102927677e+01 5.537822734241638623e-01 1.671766582237466103e-01
1.383633079758801232e+00 1.067606178390319016e+01 5.796657700647709355e-01 8.673041562126035386e-02 1.170867143049076553e+01 1.642204367428940870e+01 5.870851832989116836e+00 3.246074219421279849e+01 5.432569731074109454e-01 1.629943230727290415e-01
1.389766479619330530e+00 1.039128523729061548e+01 5.294011022009790235e-01 8.309774181245468960e-02 1.143541295195063512e+01 1.605821874115080661e+01 5.632887645204554872e+00 3.213932168896274533e+01 5.325819493585016717e-01 1.582893742395529157e-01
1.395898899779254521e+00 1.026964308729033704e+01 5.489711640552600302e-01 8.109924860684060433e-02 1.130006935110685617e+01 1.592074334566923888e+01 5.442697113643756524e+00 3.181609989014294015e+01 5.216558228846378542e-01 1.549950489523686803e-01
1.402038197914537321e+00 1.006118805899100010e+01 4.986588316382422059e-01 7.863059029144581213e-02 1.108199068691621569e+01 1.565471253635062610e+01 5.244578683657246998e+00 3.150683071364708354e+01 5.111404370008940656e-01 1.512239085085639312e-01
1.408181749899602986e+00 9.867311800097011698e+00 4.825370249999246797e-01 7.554367817379738226e-02 1.086793017013084395e+01 1.542918043751374668e+01 5.027735138783024027e+00 3.120181910755872678e+01 4.993159611021900091e-01 1.474856427621331623e-01
1.414313666006327352e+00 9.673559737273231818e+00 4.742678445282791921e-01 7.302544531473102729e-02 1.066891767994829543e+01 1.518500293087640607e+01 4.838743931582823343e+00 3.091005666361053628e+01 4.914804025821772338e-01 1.437494833390948745e-01
1.420444380108462745e+00 9.465751667141297787e+00 4.500769328604822261e-01 7.058484501444657611e-02 1.045483886278418595e+01 1.492643219896530482e+01 4.665751148013669081e+00 3.059589918838103273e+01 4.815570176414400438e-01 1.400470881204316786e-01
1.426582768631972087e+00 9.310894954235127585e+00 4.155955321472836750e-01 6.844431472844310360e-02 1.028597157249220473e+01 1.472695343435265158e+01 4.497508986637068773e+00 3.019711721047719521e+01 4.705635655531381634e-01 1.368070017568470687e-01
1.432726168338077644e+00 9.120298358286369478e+00 3.842625947758889215e-01 6.615227056003007700e-02 1.007997161822727605e+01 1.450757624323237494e+01 4.328869420533949963e+00 3.000259923421664610e+01 4.634372049636049096e-01 1.337284332037601553e-01
1.438861657952483553e+00 8.979543879690004005e+00 3.750534334781057688e-01 6.389021610591488765e-02 9.927748333618431786e+00 1.430610537852012953e+01 4.182387238373019400e+00 2.961511297182735092e+01 4.556199062651307696e-01 1.306221464393506615e-01
1.444991779317132963e+00 8.760701427239474981e+00 3.564362269597647348e-01 6.193974462992182795e-02 9.706264075163163696e+00 1.403696048196227508e+01 4.033071075091443802e+00 2.927376317865595468e+01 4.470172756938965986e-01 1.274971311769346749e-01
1.451129573505090198e+00 8.607276047701335031e+00 3.392267348883619138e-01 6.026439472847020667e-02 9.558686505213952245e+00 1.382771465742778361e+01 3.895660448260449993e+00 2.900910698069001370e+01 4.406251423410548762e-01 1.243095902819491561e-01
1.457259699941714226e+00 8.456750718161506697e+00 3.059568169203653043e-01 5.852075655348855376e-02 9.389886139271077070e+00 1.364251092424631828e+01 3.757434419214245036e+00 2.869393185304028648e+01 4.326214271994667238e-01 1.217844817267794422e-01
1.463381498859491758e+00 8.308040440175103569e+00 3.135271852211685695e-01 5.664577474651181360e-02 9.230256562893989880e+00 1.346059034456421877e+01 3.616188635642501925e+00 2.851162353179026709e+01 4.246889662792623921e-01 1.196485633095686618e-01
1.469517533590522174e+00 8.141131351339394584e+00 3.117981071791979253e-01 5.443669515195379005e-02 9.052067434246907851e+00 1.324867277191585302e+01 3.500401279116065911e+00 2.823522629238834725e+01 4.159061891687128032e-01 1.160447639642367273e-01
1.475660550406120208e+00 8.026768247320420713e+00 2.828955910919461192e-01 5.336530761786019428e-02 8.931392417270549444e+00 1.310058137932934841e+01 3.362870250461521771e+00 2.797524315983798715e+01 4.100580259967487318e-01 1.139176933224037708e-01
1.481800492405727532e+00 7.884873535426145885e+00 2.859972078476380464e-01 5.153121443226405668e-02 8.782192715183100518e+00 1.291251630329714573e+01 3.261828229278134650e+00 2.762578793596854609e+01 4.034187061104348992e-01 1.112908501403649247e-01
1.487943725053375577e+00 7.735825198865096120e+00 2.864575726286976987e-01 5.009487254647398274e-02 8.626889590314911871e+00 1.272308457953657168e+01 3.148763060453366514e+00 2.739101705871692971e+01 3.960099013315374061e-01 1.093210956242916948e-01
1.494084839802395370e+00 7.586673872056942436e+00 2.630675292461964188e-01 4.847243183933231531e-02 8.464100662699232558e+00 1.254920226674783912e+01 3.050351463918963724e+00 2.716297144573563571e+01 3.917926771868940894e-01 1.069027426522451696e-01
1.500230994160872244e+00 7.452005997009463201e+00 2.380335152288982625e-01 4.758937852237989791e-02 8.320913707336377030e+00 1.235336408859001267e+01 2.947015903495422862e+00 2.687221961059276865e+01 3.820492001110163960e-01 1.044218296423041481e-01
1.506363835328208056e+00 7.317645695057164446e+00 2.445756412039796768e-01 4.558078785123802212e-02 8.190614442987161681e+00 1.218221453837287704e+01 2.854021435290065245e+00 2.658453691559688892e+01 3.776864078666719582e-01 1.024129398341348252e-01
1.512486114839888929e+00 7.178523841997586530e+00 2.014584863347846366e-01 4.422080220027015118e-02 8.034066647432197783e+00 1.200088915700571768e+01 2.765630081833919007e+00 2.626151445207994328e+01 3.718950814404867744e-01 1.001905072981692235e-01
1.518627690030334820e+00 7.066705022599367503e+00 2.026672649264549819e-01 4.314919061000171280e-02 7.925837574489897008e+00 1.184853505361201620e+01 2.683162953605285228e+00 2.605699286036024631e+01 3.653170820023091681e-01 9.830687369917731622e-02
1.524765346634578744e+00 6.935954784461912048e+00 2.028261085333271374e-01 4.223478676381205166e-02 7.784464497707151764e+00 1.170114603620450211e+01 2.591739150676215964e+00 2.583952389450569953e+01 3.581363139068428625e-01 9.628640486748553384e-02
1.530890949051883609e+00 6.846022833303083033e+00 2.034196590853896980e-01 4.101781437252513540e-02 7.676246155891232270e+00 1.155901585702855172e+01 2.520929941996457035e+00 2.561929071559858073e+01 3.514333444960542896e-01 9.463172047992883529e-02
1.537028126588163568e+00 6.742179755340051095e+00 1.807267699816187956e-01 3.980159755894656370e-02 7.564907777143942802e+00 1.143527666856816793e+01 2.431827026684413973e+00 2.541328009127210308e+01 3.495896320593268602e-01 9.293812789186790824e-02
1.543169805434377873e+00 6.626677390572178972e+00 1.752072978585701157e-01 3.845323977275583865e-02 7.449259170824275245e+00 1.126272353687808803e+01 2.362021822728815224e+00 2.511128146481847168e+01 3.425056237668556158e-01 9.071958688876881338e-02
1.549306732909000672e+00 6.521164123567165127e+00 1.589814679688085208e-01 3.840382331181479980e-02 7.330816871862746886e+00 1.115293434557850283e+01 2.290048822515795557e+00 2.490245735833978458e+01 3.400957642409409565e-01 8.967028413205803405e-02
1.555434294201658130e+00 6.439806961027089827e+00 1.694275310596031481e-01 3.657008540925156537e-02 7.252960659491868967e+00 1.102055571976066339e+01 2.225644881064446245e+00 2.461116754799273565e+01 3.354373880749006998e-01 8.761649291627443548e-02
1.561571446339652391e+00 6.315990124218433088e+00 1.657003413925978164e-01 3.613347713073537110e-02 7.110516214006277202e+00 1.086691441805353620e+01 2.169515379191821580e+00 2.440234629376655917e+01 3.299922776602672858e-01 8.637552512522217452e-02
1.567719175442112256e+00 6.249490874768607540e+00 1.408318035441213367e-01 3.469181375025304215e-02 7.045285927168873918e+00 1.075626986198133217e+01 2.102077779701817306e+00 2.418097054512373845e+01 3.261769481509303459e-01 8.478968173880595260e-02
