nan nan nan nan nan nan nan 0.000000000000000000e+00
5.107081207586516847e-13 nan nan nan 5.421281479289774552e-12 3.646401323248449344e-12 nan 5.474484580936245237e-12
2.590755041054215885e-12 nan nan 4.855373626303874755e-12 nan 4.490468760720567332e-12 2.008227785454952397e-12 2.711657576722388745e-12
1.373044690097802167e-12 nan 4.894208880760567535e-12 nan 3.081054942427607912e-12 1.523411713617861540e-12 3.510222783738766088e-12 1.014777845087522223e-11
2.615083496970704857e-12 4.585382420985162355e-12 nan 3.157418337201844949e-12 nan 3.941480822278187190e-12 2.951008650405502669e-12 3.923512156193217709e-12
1.030796502447679948e-12 4.185701438230715771e-12 4.395095894370116843e-12 nan 4.783220221420011198e-12 3.906567488480098103e-12 1.064693080357142753e+04 3.257129261363636397e+04
1.575670041491228357e-12 3.886608242033141535e-12 4.010144646904301169e-12 3.511556063290344198e-12 2.999607940507020842e-12 9.121520507812500000e+03 1.342146093750000000e+04 1.804198437500000000e+04
1.216851995324471198e-12 3.557162955395801975e-12 4.047492086859763969e-12 3.402518842074034603e-12 2.261084943015619238e-12 1.425256971153846280e+04 1.764816903409090810e+04 1.927431527777777956e+04
2.350601256038025899e-12 4.054280720668299875e-12 5.701486736435038392e-12 3.189811128909361759e-12 1.289620089285714130e+04 1.418078906250000000e+04 1.480785576923076951e+04 1.496988137755101889e+04
3.506264421316706677e-12 3.354570360808013084e-12 3.205695512963804165e-12 2.829748154548061834e-12 9.422473437500000728e+03 1.156081562500000109e+04 1.141493055555555475e+04 1.544347773972602590e+04
3.439931890534743655e-12 3.998098148845959292e-12 3.825627314935076129e-12 6.403062500000000000e+03 1.227653860294117658e+04 1.088263068181818198e+04 1.246671603260869597e+04 1.462823376623376680e+04
3.055504828744673709e-12 4.018477680241734822e-12 4.233440978726069341e-12 6.545008593750000728e+03 6.548204545454545951e+03 8.403873511904761472e+03 1.166534933035714312e+04 1.067614923469387759e+04
2.910168918232637594e-12 3.342857833362284369e-12 3.105352465070477585e-12 7.458511824324325062e+03 7.272637152777777374e+03 9.413335304054055086e+03 9.295179398148147811e+03 1.351316666666666788e+04
3.280457580537506239e-12 3.786708751441207740e-12 2.709028952205882433e+03 5.384538793103448370e+03 6.547454166666667334e+03 7.786343750000000000e+03 8.810625000000000000e+03 1.131044482758620688e+04
2.489425953934856886e-12 4.287301334055235907e-12 2.190802083333333485e+03 6.040150135869565020e+03 6.004443229166666242e+03 6.778369791666666060e+03 7.606735641891892556e+03 8.519259259259259125e+03
2.760841242632604896e-12 3.446751885962497736e-12 2.705013464095744439e+03 5.146271484375000000e+03 5.272203431372548948e+03 5.804381250000000364e+03 6.760912500000000364e+03 8.274044270833332121e+03
3.040016514383860842e-12 3.412655378413295646e-12 4.644960648148147811e+03 4.358123724489795677e+03 5.106865384615384755e+03 5.768146941489361780e+03 6.360992647058823422e+03 6.732763959390862510e+03
3.140066367843348346e-12 3.138660958119337130e-12 3.730861689814814781e+03 3.788098135964912217e+03 4.656572265625000000e+03 5.235788352272727025e+03 5.488616666666666788e+03 7.041073795180722300e+03
2.918229394814562495e-12 3.433619955821904386e-12 2.956427083333333030e+03 3.605743599397590515e+03 4.523738541666666606e+03 4.944375496031745570e+03 5.242293402777777374e+03 6.204358695652173083e+03
3.282174676344651365e-12 3.153090288865456695e-12 2.351628580729166515e+03 3.823953673245614027e+03 4.000073401162790560e+03 4.500804464285713948e+03 5.225661525974026517e+03 5.974361475409836203e+03
3.377170660523873409e-12 4.526171695123807913e-12 3.227143750000000182e+03 3.168986926020407736e+03 4.129509417808219041e+03 4.222757457386363967e+03 4.965372740963855904e+03 5.326293530351437767e+03
2.838169844646000104e-12 4.557808190692906771e-12 3.117910112359550567e+03 3.135451069078947057e+03 3.474524443069306926e+03 4.027298691860465169e+03 4.659280147058823786e+03 5.676680371352785187e+03
2.782333562088595539e-12 4.282064801751540383e-12 2.768121462264150978e+03 2.996967889908256893e+03 3.574571428571428442e+03 3.721585119047619173e+03 4.107465494791666060e+03 5.332379353233830443e+03
2.943250088094373350e-12 5.011369850167592725e-12 1.990591779279279308e+03 2.928863068181818107e+03 3.154009453781512548e+03 3.645417452830188722e+03 4.298837171052631675e+03 4.937529775280899230e+03
3.011721689648646251e-12 6.719398916419449529e-12 2.369549065420560510e+03 2.843865597345132755e+03 2.741422991071428442e+03 3.248282037815125932e+03 3.847466831140350678e+03 4.093537557339449904e+03
3.035160933226271905e-12 6.401180030479735928e-12 2.230250954198473210e+03 2.505224593495935096e+03 2.609886405109488805e+03 2.809758720930232357e+03 3.611222656250000000e+03 4.003906192236599054e+03
3.057845257867539398e-12 5.945400086227619857e-12 2.000622667910447717e+03 2.216669081125827688e+03 2.585208333333333030e+03 2.910077127659574217e+03 3.107471966911764866e+03 3.894290366972477386e+03
2.765269021929575675e-12 7.453490949438368318e-12 1.408594653179190573e+03 2.126237312030074918e+03 2.386339497041420145e+03 2.835592857142857156e+03 3.056067101226994055e+03 3.748345726495726467e+03
2.851851419453444835e-12 6.507248073717164710e-12 1.922284821428571377e+03 1.957760165662650707e+03 2.273632366071428351e+03 2.427898291925465855e+03 2.889293918918919189e+03 3.484009646302250985e+03
2.997077820191955281e-12 6.648565858614453820e-12 1.713816856060606142e+03 1.992417477544910298e+03 2.022667837078651701e+03 2.350849102209944704e+03 2.794767543859648868e+03 3.280737874465050027e+03
2.810414841227197386e-12 6.801501188901169163e-12 1.629890878378378375e+03 1.764114300271739012e+03 1.974085000000000036e+03 2.332649961890243958e+03 2.577607638888889142e+03 3.234082760989011149e+03
2.836025110134139845e-12 6.465836936159547448e-12 1.271892945544554550e+03 1.970540900735294144e+03 1.851176219512195075e+03 2.271196493902439215e+03 2.418206188725489937e+03 3.078274203821656101e+03
2.793952178801626643e-12 6.980998709861418150e-12 1.535548913043478251e+03 1.677073232323232560e+03 1.912785468750000064e+03 2.071974905303030482e+03 2.382049504950495248e+03 2.800477552275522612e+03
2.687619246924075359e-12 6.201359839078682731e-12 1.484338367224880358e+03 1.578156104651162877e+03 1.730117319915254257e+03 2.041394003378378329e+03 2.536794878854625949e+03 2.772493413516609507e+03
2.634266681624668536e-12 7.515939065301629882e-12 1.435287169603524262e+03 1.585441235059760857e+03 1.703753779069767461e+03 1.922593750000000000e+03 2.164103625541125439e+03 2.597643009605123098e+03
2.759596285546159763e-12 7.086066077345197262e-12 1.049733940972222172e+03 1.446078196347031962e+03 1.622162906137184109e+03 1.827944086322869907e+03 2.123409068627450779e+03 2.433834002006018181e+03
2.848745930508458660e-12 7.988161829539406457e-12 1.200735770089285552e+03 1.327913265306122412e+03 1.560489355895196468e+03 1.645759352992957702e+03 1.959380228599221709e+03 2.269346829268292822e+03
2.747059188763088786e-12 7.880516239566759913e-12 1.181949492619926104e+03 1.315277892561983435e+03 1.525467504152823949e+03 1.763477790178571468e+03 1.896994513358778477e+03 2.380794634806131398e+03
2.711670757219387953e-12 7.136404800434093429e-12 1.064454782958199303e+03 1.195672740228013026e+03 1.366204122340425556e+03 1.518110347985347971e+03 1.758012117346938794e+03 2.228741589571067834e+03
2.778881803029782242e-12 7.505796422987255648e-12 9.227305825242718811e+02 1.211372964169381248e+03 1.345866653094462663e+03 1.526495833333333394e+03 1.727789863782051270e+03 2.006158852061438893e+03
3.239266934003593620e-12 7.864732329845770927e-12 1.116026139937107018e+03 1.203058090490797667e+03 1.339214656549520669e+03 1.445582750822368325e+03 1.706729615384615272e+03 2.014198390894819568e+03
3.192063963927003179e-12 7.964805614487486162e-12 1.072941087613293121e+03 1.180153654153354637e+03 1.263741324362606292e+03 1.390191021126760688e+03 1.639130022321428442e+03 2.001466389728096601e+03
3.142938590036573105e-12 7.868466214506299645e-12 9.578373374277456378e+02 1.066866323907454898e+03 1.238207999271136941e+03 1.338448094729344803e+03 1.605138791899441458e+03 1.852039270687236922e+03
3.315694013219857437e-12 7.730555214057266652e-12 8.200758928571428896e+02 9.856452850877192304e+02 1.156313602015113247e+03 1.314903133903133948e+03 1.484449097938144405e+03 1.788074493243243296e+03
3.054211284109644057e-12 8.024013462322052605e-12 9.646581757703081621e+02 1.009353634428223927e+03 1.098054687500000000e+03 1.258500076219512266e+03 1.413795800264550280e+03 1.720189301729660428e+03
3.191931698112065955e-12 7.992294780299618953e-12 9.276390663017032239e+02 9.738082571801567155e+02 1.052556972789115662e+03 1.206097431077694182e+03 1.409684666246851293e+03 1.637038461538461434e+03
3.439323636103604833e-12 7.894015977380517983e-12 7.379849646226414279e+02 9.529077310426540635e+02 1.009405394900497527e+03 1.224792923433874648e+03 1.373406784841075705e+03 1.563752364066193877e+03
3.216658466680662570e-12 7.363672141183187969e-12 7.035722742290749920e+02 8.749087259100642768e+02 9.907060106981981562e+02 1.126691083715596505e+03 1.288651982378854655e+03 1.531675941306755249e+03
3.634340227221279808e-12 7.820623417743967436e-12 7.773828296703296701e+02 8.762805524553571104e+02 9.288283967391304259e+02 1.106593817204301104e+03 1.237585352422907590e+03 1.540476923076923185e+03
3.559890761986783025e-12 7.588251335609782913e-12 7.943779569892473091e+02 8.007526371308016451e+02 9.585380704365078373e+02 1.054340644016227088e+03 1.247240923236514618e+03 1.435606405505558541e+03
3.575184202506132003e-12 7.360885512230907388e-12 6.636841650197627587e+02 7.975060562015503365e+02 8.925773060796645950e+02 9.912488520408163595e+02 1.159275948103792416e+03 1.410441373326722669e+03
3.682213220361264185e-12 7.428905227605490660e-12 6.349856433506045050e+02 7.835960905870445004e+02 8.323284438775510807e+02 9.862367533718689856e+02 1.142924440298507534e+03 1.320055371509701899e+03
3.649506570113594825e-12 8.068567419133247706e-12 7.092168598790321994e+02 7.463804418103447915e+02 8.149765321011673223e+02 9.209265109890110352e+02 1.087413606403013091e+03 1.334436513463323990e+03
3.746638250072731791e-12 8.478498860712126675e-12 7.023344439338235361e+02 7.409666432584269842e+02 8.186819791666666788e+02 9.007300600343053247e+02 1.072683482142857201e+03 1.226082513416815800e+03
3.645652473254951967e-12 8.561460982707285963e-12 5.882901414309484380e+02 7.148673885077187151e+02 8.385635080645160997e+02 8.898439768602540880e+02 1.034443289022298359e+03 1.234768546637744066e+03
3.636254558793573502e-12 7.545764157812640027e-12 5.607426292407108122e+02 7.189326500000000806e+02 7.739675082781457149e+02 8.738679549114331166e+02 1.022412173202614440e+03 1.168321931589537144e+03
3.915422872136488466e-12 8.121000835005252261e-12 6.166664088283828278e+02 6.704203893442622757e+02 7.456713258785941889e+02 8.491295853269537020e+02 1.016238709677419365e+03 1.153035116374030167e+03
3.701387526910967786e-12 7.616313100370216294e-12 6.290217349304482468e+02 6.521258957006369883e+02 7.166235923423423628e+02 7.869025473933648982e+02 9.530248410174881428e+02 1.114017517136328934e+03
3.813762626228703290e-12 7.602913467878904646e-12 5.263354535398229928e+02 6.156133638928067739e+02 6.892605784161489737e+02 7.738968794835008111e+02 9.406731259097525708e+02 1.098897280966767312e+03
4.082315189726190582e-12 7.337802160761314549e-12 4.952279560810811176e+02 6.302352484472049809e+02 6.688269097222222399e+02 7.831832153502235769e+02 8.384174075391181304e+02 1.046429332129963768e+03
4.245031568422940171e-12 7.649223919770221096e-12 5.633426756352765779e+02 6.134347496811224119e+02 6.837261266094420762e+02 7.378485197368420359e+02 8.911916431593793959e+02 1.044838620689655045e+03
4.115346781359747428e-12 7.342363099541890171e-12 5.409507960704606830e+02 5.798963272270115112e+02 6.291474802371541273e+02 7.203959190672153454e+02 8.391414115646257414e+02 9.935811721118221840e+02
4.014971325580111057e-12 7.903437233809834718e-12 4.632222801668805801e+02 5.627327531645569252e+02 6.468481721698113915e+02 7.109190878378378784e+02 8.272439856957087159e+02 9.518770799347471439e+02
4.130585779008244272e-12 7.612512922705026887e-12 4.434595498783455128e+02 5.597917713567838973e+02 6.075143695920889968e+02 6.897097832722832891e+02 7.902976708074534145e+02 9.660878586855908452e+02
3.721353962262032453e-12 7.794694132124502717e-12 5.126821473551636927e+02 5.446777708592777572e+02 6.182818627450980102e+02 6.974214354219949428e+02 7.776351435705367976e+02 9.032543559427504078e+02
3.887619778783137815e-12 6.861690499714446896e-12 4.784578506097561217e+02 5.385983878091872157e+02 5.716845238095238528e+02 6.671884296338672584e+02 7.726409356725146154e+02 8.967755952380953204e+02
3.937985796040069378e-12 7.081013782618672810e-12 4.097581300813008056e+02 5.076188066251415876e+02 5.634488532806803960e+02 6.272373241500586118e+02 7.561252844141068863e+02 8.595670231467917120e+02
3.783927419764201320e-12 6.597395512570430283e-12 4.131692976804123987e+02 5.015451718009479123e+02 5.430890342720509807e+02 6.346923738532110519e+02 7.095657602663707166e+02 8.503429924770131265e+02
3.643800624376161062e-12 6.827138111002920271e-12 4.678151071842410147e+02 4.763771952479339120e+02 5.434559691011236282e+02 5.950357049947971291e+02 6.796814850663716925e+02 8.242615634298080067e+02
3.867636163026032417e-12 6.961622705263747591e-12 4.215237937433722664e+02 4.799355489773950012e+02 5.278957698170731874e+02 6.056687772331155202e+02 6.916589645127119184e+02 8.027328937059285181e+02
3.996395176961094838e-12 6.875858230074099484e-12 3.898773678963110569e+02 4.629217152351738491e+02 5.152514371657754282e+02 5.434460486322188899e+02 6.334246878251821045e+02 7.948758642765684499e+02
3.684160311454962414e-12 6.843017614076863825e-12 3.850748445273631546e+02 4.502495638085742371e+02 4.906510012135922238e+02 5.612205294705294136e+02 6.599537671232876619e+02 7.664584485793311615e+02
3.619522066241007007e-12 6.926497890880186749e-12 4.133149654832347437e+02 4.384331698158914605e+02 4.942434258806262051e+02 5.428315533980581904e+02 6.388939544103071739e+02 7.515983207593087627e+02
3.958144546586327531e-12 6.663172904212069745e-12 3.859498809523809655e+02 4.347023739396795463e+02 4.752987072945521732e+02 5.181767281105991287e+02 6.099951433857539769e+02 7.262140621377230900e+02
3.978728822149035665e-12 7.049634609571927205e-12 3.621753855893186369e+02 4.207528130570409530e+02 4.584284407459867907e+02 5.261312148217635922e+02 6.003701445347786603e+02 7.114134772462077763e+02
3.838399789516034397e-12 6.816540771771250320e-12 3.505321945843828644e+02 4.117865421002838389e+02 4.451338488520407850e+02 5.051149643175735946e+02 5.815731007067137170e+02 6.909977146042364211e+02
3.701889426922274204e-12 6.827509764951725086e-12 3.836830681818181574e+02 4.085045350291910040e+02 4.448236042043399721e+02 4.944685586176727838e+02 5.690061782877317000e+02 6.654779857204673590e+02
3.712295421034747800e-12 6.622044234674810608e-12 3.419642588209982819e+02 4.073215037677304622e+02 4.318745331950207174e+02 4.831125211505922152e+02 5.500611587982832589e+02 6.498780642434488755e+02
3.673020717582354841e-12 6.595264069372789490e-12 3.372257600657354146e+02 3.983619749596123256e+02 4.296800381033022518e+02 4.645734143327841821e+02 5.370026881720430083e+02 6.392465140478668673e+02
3.568406728699005758e-12 6.503470596663652926e-12 3.202506927949326609e+02 3.822081127850162829e+02 4.112875248015873240e+02 4.530571443007275434e+02 5.227722322142285520e+02 6.231259285284079397e+02
3.771099418616843535e-12 6.671220636557865805e-12 3.616813289889415159e+02 3.746721319498825551e+02 4.091655922643029726e+02 4.506655485398579231e+02 5.087273819055243962e+02 6.148585988521670060e+02
3.694597565210866187e-12 6.519524506294002584e-12 3.105671594457455171e+02 3.602992527173912549e+02 3.959150634950720473e+02 4.334103448275862434e+02 5.173069213313161754e+02 5.948973980175371707e+02
3.848337074604176776e-12 6.574307585644704472e-12 3.016028218283582305e+02 3.590689148253742360e+02 3.856951812977098939e+02 4.311082417582417747e+02 4.958067207307978492e+02 5.691284463487331777e+02
3.875152072804209571e-12 6.361647585492368313e-12 2.959529209621993573e+02 3.455375000000000227e+02 3.716300984528832601e+02 4.260230761940863999e+02 4.760601985559566742e+02 5.617504584632312117e+02
3.814075109520427424e-12 6.777841205523496937e-12 3.168072796934865778e+02 3.343110950272479727e+02 3.615728780578206170e+02 4.140160997928176698e+02 4.724968365871293940e+02 5.542611341507392808e+02
3.886115576069214826e-12 6.593885401949182913e-12 2.881309710599720688e+02 3.359221866096866052e+02 3.612741621530128668e+02 4.115080419580419857e+02 4.641928274428274221e+02 5.334422911283376152e+02
3.681534032974468488e-12 6.462041444022648529e-12 2.840162574651625960e+02 3.190131089309878689e+02 3.587592037671232674e+02 3.900441954834157059e+02 4.527489837398373993e+02 5.381607262945527737e+02
3.581028375067142600e-12 6.353978648439985409e-12 2.740334553928096284e+02 3.230785076108537623e+02 3.514976438492063266e+02 3.773365042098445770e+02 4.284801626826028951e+02 5.204663324979114805e+02
3.931661377798996447e-12 6.444320901649200095e-12 2.964958881578947398e+02 3.099252581612258268e+02 3.408344316655473563e+02 3.834005964214711639e+02 4.328857687210073095e+02 4.981831988804740945e+02
3.882497880919758091e-12 6.581357509593927420e-12 2.666962292729591582e+02 3.068202236093552528e+02 3.329600107559925846e+02 3.685354465958775450e+02 4.130551007556674676e+02 4.895174984306340775e+02
3.838364204963156998e-12 6.538280318293803700e-12 2.601815245977722952e+02 2.936904416259168897e+02 3.199839987325728430e+02 3.591206736711989720e+02 4.135073278535980421e+02 4.811231010180109706e+02
4.062407842711084598e-12 6.606137773510025057e-12 2.527104166666666742e+02 2.943015003109452437e+02 3.211843620791494232e+02 3.522316524621212466e+02 3.991810897435897232e+02 4.706615844315047070e+02
3.792776757729502863e-12 6.531634007732099447e-12 2.687647822380657203e+02 2.933466739766082014e+02 3.099878731343283675e+02 3.489521680022896248e+02 3.850073529411764639e+02 4.607266410408042816e+02
3.958516526944657992e-12 6.605323627860256103e-12 2.451122921528587995e+02 2.815788628212791309e+02 3.054641952729319314e+02 3.384161982248520530e+02 3.886330325704225288e+02 4.457585083272990119e+02
3.789993325620759458e-12 6.266347861974558789e-12 2.469128177966101703e+02 2.743301447957470600e+02 2.925430321925753674e+02 3.311455239862935400e+02 3.808618194842406410e+02 4.527899772371603149e+02
3.866974440916502072e-12 6.425735427978642071e-12 2.405351174033149277e+02 2.700374684697309249e+02 2.987012770682954397e+02 3.280535167130919376e+02 3.692239525527191972e+02 4.236195818282856180e+02
3.731410590562201713e-12 6.418610057123041561e-12 2.481213255494505461e+02 2.640425554016620708e+02 2.856930208333333212e+02 3.185249028856825930e+02 3.505112479361584974e+02 4.176505144605116584e+02
3.783981533408241520e-12 6.093509296452035705e-12 2.338734229292375346e+02 2.560012581610446318e+02 2.880907684373388520e+02 3.106680263157894615e+02 3.581435333333333233e+02 4.160003691770707519e+02
3.951104893067368992e-12 6.003741244456711262e-12 2.249836456172199064e+02 2.602086447433981107e+02 2.808407082653615703e+02 3.029096297282898149e+02 3.435847193347193524e+02 3.962954899922016807e+02
3.898741145115679694e-12 6.080532223339541765e-12 2.251486780039721793e+02 2.542193415359654125e+02 2.759183589808274633e+02 3.025113402061855936e+02 3.368714506969540707e+02 3.908911893704849945e+02
3.850669868087114011e-12 6.277386974712478445e-12 2.314128394568690226e+02 2.502351190476190368e+02 2.634351137552300770e+02 2.953154850746268494e+02 3.307002027369488246e+02 3.883602409638554036e+02
3.898492529019304246e-12 6.311406957959514667e-12 2.160694951338199701e+02 2.511412750385208028e+02 2.554493131217432449e+02 2.931848384728340875e+02 3.191155660377358458e+02 3.779096718692392756e+02
3.902071067411802072e-12 6.162798215283322742e-12 2.139009289321789424e+02 2.423625598086124455e+02 2.496810100885826671e+02 2.816046282619399221e+02 3.151700949367088924e+02 3.691103707293433445e+02
3.889314272158768446e-12 6.211748136255645908e-12 2.072224516281264926e+02 2.315729166666666572e+02 2.519114014251781555e+02 2.740893363249882100e+02 3.117175947867298760e+02 3.523103912839737859e+02
3.979235848243975878e-12 6.246673145745595923e-12 2.096964684124002076e+02 2.320422958942897651e+02 2.455201028517999191e+02 2.694433341035120293e+02 3.004614750235626843e+02 3.490789427052569636e+02
4.039014337162178158e-12 6.322859328145721012e-12 2.033953009898710889e+02 2.264590402816251071e+02 2.366479982006297860e+02 2.668020543175487660e+02 3.000860605038236599e+02 3.458097002067539734e+02
3.965870845685370621e-12 6.221411709374892281e-12 1.951044155770964608e+02 2.273787560760053168e+02 2.370835303274907631e+02 2.647658747779751707e+02 2.888150192481884346e+02 3.385236136158701470e+02
4.114781230663085130e-12 6.273089199899740927e-12 1.977096178209459651e+02 2.166128028263795215e+02 2.330115351444588327e+02 2.561248887405429286e+02 2.868148559358751868e+02 3.362027130510884945e+02
4.051650392186662198e-12 6.406464168652763395e-12 1.913631906548430948e+02 2.144328792735042839e+02 2.289123445135495274e+02 2.495005650021523991e+02 2.816860871010638334e+02 3.219523137084510154e+02
4.000578312022964516e-12 6.279267540473307127e-12 1.910838362981787384e+02 2.152081985769728476e+02 2.243705485059353180e+02 2.453905327004219430e+02 2.724522866497676432e+02 3.144218550786230253e+02
4.077002906143986340e-12 6.270542584071028527e-12 1.882011500207210872e+02 2.158811750723439218e+02 2.248638057700557624e+02 2.426956949765857985e+02 2.725010997067448670e+02 3.118756408914931626e+02
4.009955031730121567e-12 6.190125667586468003e-12 1.842866423061307444e+02 2.044032923882400326e+02 2.156628146925299347e+02 2.349527108433734952e+02 2.655411418122714053e+02 2.990628967254407939e+02
4.043508160913222978e-12 6.410393389775333999e-12 1.826149490516545484e+02 2.011191565040650460e+02 2.135097891566265105e+02 2.348238845681539146e+02 2.574713404771532623e+02 2.964629639018454554e+02
4.086631220652983548e-12 6.115939478204331277e-12 1.786308271244462276e+02 1.980213789484206188e+02 2.093708430007734194e+02 2.313674257232212597e+02 2.538785023677979495e+02 2.882272411741372480e+02
4.187769701288257736e-12 6.217955217380222590e-12 1.764102570273392416e+02 1.974610858010630352e+02 2.052112365430621992e+02 2.220933902532617026e+02 2.489977764887857745e+02 2.858006655008258008e+02
4.221176697893314067e-12 6.204329160935277608e-12 1.688953429569694720e+02 1.912355778624462914e+02 2.043248035179640851e+02 2.194622161315583355e+02 2.433762329286798263e+02 2.790193127962085100e+02
4.086228608112050859e-12 6.398883869257312843e-12 1.734423247341472916e+02 1.859484738901018943e+02 1.973854840243438673e+02 2.185878284603996917e+02 2.398026613816534507e+02 2.805519212523719261e+02
4.185890771646990360e-12 6.244775435101201432e-12 1.711246240430185708e+02 1.813780759287629110e+02 1.993269265232974874e+02 2.141491786637135419e+02 2.358879166666666549e+02 2.677973691447429019e+02
4.097474572761086355e-12 6.429971201581969392e-12 1.665807160804020270e+02 1.821587831779053204e+02 1.940094604720869143e+02 2.114810117967331848e+02 2.299740986890022043e+02 2.634163555231763780e+02
4.172892291929327322e-12 6.255888640311628841e-12 1.615835680436337611e+02 1.799118458526166080e+02 1.857200807310149173e+02 2.041676785714285813e+02 2.252962896896182485e+02 2.586942773748452282e+02
4.295802517683035128e-12 6.453225166711617951e-12 1.593433783665617511e+02 1.766001326548364716e+02 1.907452512254901933e+02 1.997298280423280517e+02 2.207562193412753970e+02 2.531768415963431949e+02
4.197736244928061396e-12 6.258927820080274872e-12 1.576112552319497695e+02 1.740955719964664183e+02 1.817745406600884621e+02 1.967829908288043441e+02 2.172457356995175815e+02 2.494166015455413685e+02
4.383040469009188179e-12 6.274527257918916609e-12 1.563441974940334092e+02 1.728324678536102965e+02 1.788765980735551864e+02 1.901892361111110858e+02 2.169028571428571581e+02 2.464601202148520827e+02
4.339062413523161097e-12 6.313698331493616901e-12 1.525173946267696294e+02 1.684187756497948101e+02 1.779782273759325335e+02 1.927126086229946509e+02 2.108750000000000000e+02 2.397791808590179983e+02
4.196618972749290585e-12 6.159709930328721104e-12 1.484293422841604126e+02 1.680084416105229366e+02 1.760660223079503623e+02 1.850559716764898610e+02 2.082278753728869560e+02 2.354977775059130636e+02
4.364985803362309014e-12 6.250653630672069852e-12 1.497933330634715219e+02 1.626172671931556408e+02 1.723170515447667128e+02 1.811167042525773070e+02 2.018978002569042758e+02 2.273254751314193243e+02
4.376237488459213769e-12 6.373859211834187476e-12 1.509074526876590312e+02 1.606998579090617909e+02 1.693793135245901738e+02 1.814507430488974080e+02 2.027439719778429321e+02 2.275558425436488790e+02
4.236472980790177977e-12 6.240470314338298792e-12 1.432872670807453517e+02 1.578343287607891625e+02 1.658625809935205098e+02 1.745194074778200104e+02 1.972979821318546101e+02 2.210191664072229116e+02
3.997102036672697782e-12 6.336570675945235114e-12 1.435343430034129710e+02 1.584679572502348890e+02 1.642940332091868356e+02 1.746855253067484739e+02 1.915628712097530411e+02 2.183800527581658741e+02
4.013799272990423779e-12 5.994791113381801575e-12 1.419474162331701166e+02 1.546882194789457685e+02 1.596636877997601687e+02 1.755455200121285770e+02 1.883347343140198120e+02 2.136489648111633528e+02
4.225662406298938927e-12 6.012664859789588767e-12 1.395942339189994073e+02 1.513391108247422494e+02 1.565553631886734252e+02 1.689271797551508030e+02 1.813075179802217747e+02 2.088920454545454390e+02
4.230163525321005285e-12 5.807248938791974642e-12 1.332642583166045256e+02 1.488267846430713632e+02 1.565995629120091621e+02 1.660361264145324753e+02 1.806883761682242948e+02 2.032931621401613143e+02
4.195211978525499693e-12 5.948313092707977898e-12 1.355913273737980944e+02 1.472202098669309294e+02 1.514134361233480206e+02 1.642260449811975604e+02 1.788053799767509418e+02 2.032283336935379339e+02
4.256642600747494818e-12 5.863890876153984878e-12 1.349472210331050235e+02 1.443616630276564763e+02 1.496905829596412616e+02 1.588242417860151647e+02 1.740157721952612064e+02 1.963525325924342724e+02
4.128664339695753742e-12 6.015835420548723551e-12 1.310046089385474772e+02 1.433948465526905807e+02 1.473428797014068437e+02 1.571609460628785655e+02 1.713064344494892168e+02 1.904933185247867016e+02
4.165741089202677984e-12 6.113535285891439383e-12 1.240749671234772933e+02 1.417892941257966299e+02 1.463211757833974787e+02 1.532002879868348941e+02 1.697396035486553956e+02 1.881518989534964419e+02
4.170369297833805554e-12 5.989986651170345548e-12 1.258097951823625635e+02 1.384068315544608652e+02 1.429881438873626394e+02 1.519693415637860028e+02 1.650628771256171206e+02 1.843548743958064051e+02
4.119535388057139865e-12 6.060995380822468472e-12 1.258155518906419985e+02 1.367044900412087998e+02 1.419809418542336630e+02 1.475325503355704484e+02 1.604408389261744787e+02 1.812292132926415889e+02
4.150181696661098952e-12 6.033350648167688624e-12 1.252612849533954602e+02 1.360374580211831699e+02 1.383534158149542748e+02 1.459550925925925924e+02 1.601088544420941275e+02 1.793277873811581742e+02
4.167558083403252077e-12 5.978822269484860775e-12 1.170802019913749348e+02 1.325338422048095026e+02 1.363170688996434023e+02 1.442273462783171283e+02 1.578171302313490969e+02 1.747173499508035661e+02
3.993159735616093097e-12 6.135437240504390240e-12 1.211342210386151663e+02 1.304279122872872847e+02 1.351620284885254648e+02 1.431186998495486478e+02 1.555950280020838932e+02 1.716857689094531167e+02
4.149258015670351548e-12 6.054259189314403335e-12 1.193491051028179868e+02 1.290888993262503277e+02 1.331867412746585728e+02 1.400678085706954050e+02 1.512746095750127893e+02 1.677208594789883875e+02
4.054996502094206829e-12 6.068464791334470966e-12 1.174010468750000058e+02 1.270206013363028887e+02 1.279164149923702922e+02 1.386392281541173475e+02 1.517055499748869920e+02 1.663286778105951385e+02
3.953236347451427996e-12 5.951305304279787380e-12 1.097652231814842025e+02 1.276988122522299278e+02 1.287102772349780082e+02 1.346161563796047744e+02 1.498282018190757299e+02 1.629429978454909076e+02
4.084405909826534109e-12 5.950992688410869850e-12 1.160853956591244440e+02 1.228689187116564483e+02 1.256430093842001838e+02 1.356439648729446787e+02 1.450250641495601087e+02 1.614523911317412797e+02
4.129944389804581104e-12 5.996899260893914944e-12 1.139653785679729054e+02 1.237703912466843548e+02 1.248704656279733598e+02 1.315838396821687297e+02 1.421404928726745425e+02 1.568828550889594453e+02
4.091005149117899907e-12 5.796593014569992184e-12 1.115157505910165412e+02 1.214858887401024674e+02 1.228691825415963450e+02 1.279453312530004752e+02 1.390071361170087414e+02 1.568398439826117965e+02
4.148946979144688906e-12 5.922590331443289349e-12 1.052130067182874029e+02 1.191639799471661831e+02 1.199503722794959941e+02 1.276949952785646900e+02 1.366071014156416936e+02 1.529576893694540729e+02
4.000252654842250237e-12 6.009128445009024603e-12 1.085570027969530997e+02 1.165492254757589592e+02 1.188749116399622920e+02 1.264350699181446060e+02 1.354793124562631306e+02 1.490772039720570490e+02
4.123595374284813175e-12 5.930684769700600620e-12 1.095526629570747161e+02 1.155711080848623880e+02 1.169968610178970891e+02 1.246400359835503764e+02 1.334175811614083216e+02 1.474611949969012414e+02
4.126525713362386009e-12 6.032013327266876921e-12 1.061073195412637773e+02 1.156642270668176735e+02 1.158081763698630056e+02 1.213573152930608643e+02 1.311430397727272634e+02 1.442487690305054002e+02
4.002827586864303662e-12 6.030664724648592809e-12 1.007804173089627824e+02 1.133492146309314563e+02 1.145721747519294382e+02 1.213574468085106446e+02 1.295936125164980410e+02 1.417243529606533912e+02
4.052585057922093884e-12 5.984003579952004778e-12 1.048402991641003155e+02 1.123221121929630471e+02 1.136692905180079975e+02 1.179167620449095182e+02 1.272110633134789310e+02 1.393971603778796577e+02
4.005759423325686839e-12 5.867517837309815897e-12 1.037589576105810920e+02 1.094671180931744345e+02 1.115370331293521815e+02 1.181927308024158805e+02 1.244041559623207007e+02 1.356248525152847719e+02
4.072320693246189609e-12 5.869265267036731223e-12 1.001590702036441485e+02 1.078449884671838959e+02 1.110927789548022702e+02 1.153924705251875622e+02 1.228004689831592344e+02 1.325529175588864916e+02
4.058671434397584123e-12 5.846053676435224012e-12 9.519623040114029777e+01 1.052657065926892983e+02 1.075960856625258799e+02 1.122862447145877240e+02 1.194393112137757385e+02 1.319319667809122052e+02
4.038276764131614348e-12 5.887309177523077181e-12 9.989069206008582569e+01 1.048153472222222291e+02 1.074104957079270832e+02 1.118868169540826898e+02 1.178308003128258576e+02 1.284936054705851518e+02
4.089769885281948899e-12 5.943298431760650776e-12 9.818803020897992440e+01 1.021319033790918667e+02 1.039810604145601616e+02 1.102722369224506451e+02 1.169622165591845118e+02 1.278127524155206771e+02
4.373479905834100017e-12 5.956053712737059920e-12 9.482961978230477484e+01 1.025486207580869262e+02 1.028654032422512330e+02 1.071591142095550566e+02 1.148472473832528209e+02 1.247857538942380415e+02
4.219027936143931158e-12 5.986931707119453452e-12 9.119548984468339370e+01 1.019531344258998615e+02 1.024400158100782932e+02 1.052037385957953148e+02 1.137716456708658228e+02 1.222248886442119868e+02
3.985485598503464370e-12 5.955777979781609150e-12 9.486268996200759318e+01 9.862990815012874180e+01 1.017668431362824890e+02 1.064297014925373048e+02 1.106144700415266016e+02 1.220220110055027618e+02
4.034911434889062398e-12 5.910371687711557654e-12 9.444304917952725020e+01 9.817764224646226978e+01 9.868988723608445923e+01 1.028287326558530310e+02 1.100454256360078347e+02 1.188685082205029033e+02
4.047511524429980125e-12 5.819110615798917231e-12 8.778858800773694782e+01 9.748881853538227915e+01 9.878985294117646276e+01 1.017363623381568942e+02 1.087186958196879232e+02 1.155520058897364208e+02
4.139483560244532202e-12 5.822670008118149923e-12 8.636913338584136568e+01 9.578701857615249082e+01 9.711367634640646429e+01 1.001561705456679050e+02 1.071814153066966782e+02 1.164489920221659531e+02
4.078461763262164316e-12 5.845958987926014256e-12 9.253879685085007623e+01 9.600367341760473039e+01 9.496065522844580187e+01 9.813401741293532154e+01 1.038275751379113672e+02 1.138096542803386626e+02
4.093068957833800103e-12 5.773758777431182297e-12 8.947834250793059141e+01 9.328325720474666127e+01 9.452837065813528739e+01 9.768407829695952671e+01 1.039548229263746464e+02 1.109775241886949573e+02
4.121679312985065365e-12 5.870504859823961724e-12 8.523431218019005939e+01 9.203530963302752355e+01 9.251673173452314813e+01 9.684846239347906760e+01 1.016023314866112628e+02 1.108021975501215763e+02
4.110801782408804743e-12 5.862784389815104752e-12 8.370974317853270463e+01 9.188072467672414234e+01 9.255204545454544984e+01 9.483230443403027721e+01 9.913448369075508992e+01 1.080296152281050723e+02
4.210131494278793189e-12 5.971446401478652703e-12 8.571005976990831243e+01 8.930538765678966229e+01 9.078619479706776474e+01 9.390151860634804848e+01 9.893864864864865183e+01 1.076122393595368436e+02
4.154398293277281803e-12 5.926279840883747868e-12 8.567128390435402707e+01 8.962923785371062024e+01 8.998092681858018693e+01 9.228025381150381179e+01 9.721372896368468730e+01 1.047875055383252203e+02
4.196323079197803672e-12 5.966943655717997162e-12 8.107174543218552287e+01 8.778697469982846258e+01 8.833103898713825686e+01 9.153418605676009179e+01 9.585273957603362760e+01 1.031314249031640315e+02
4.183013472752088169e-12 5.948412840639360166e-12 8.081346259047299441e+01 8.726318797256901405e+01 8.667964218696691603e+01 8.905553364879075673e+01 9.452278367277082793e+01 9.992300665535690030e+01
4.098776782905856844e-12 6.061402273747357446e-12 8.306332150368034206e+01 8.566804663737748626e+01 8.598774192154830587e+01 8.907959338619873790e+01 9.289727508650518928e+01 1.007715199107449422e+02
4.168729092720179758e-12 5.971741570608053294e-12 8.073793990139408550e+01 8.476796552169422228e+01 8.397050000000000125e+01 8.725776589398329008e+01 9.168666469294535659e+01 9.888659293342901435e+01
4.115276133588644971e-12 6.018500186637883487e-12 7.762951832200297986e+01 8.387492788857754533e+01 8.435664328231291620e+01 8.589341852901934260e+01 8.999065851206434274e+01 9.714900909884083546e+01
4.021962746342447177e-12 5.978918240480798981e-12 7.796073929159801708e+01 8.223930539443155396e+01 8.363552755486406909e+01 8.569952881102624076e+01 8.862104820167515129e+01 9.515456585285519964e+01
4.068670059194294967e-12 5.919360907868347214e-12 7.969052618577075009e+01 8.281627437725336449e+01 8.126423685511785777e+01 8.443111702127660578e+01 8.741984120454171148e+01 9.486095100864552876e+01
4.064240350995232630e-12 5.943869151908401912e-12 7.721697535900783294e+01 8.153734027205275936e+01 8.061067205598455132e+01 8.208724272391059174e+01 8.698176618529937798e+01 9.294220916520961850e+01
4.104861149739218182e-12 5.841605863239049749e-12 7.512991135601342307e+01 7.982594070363467154e+01 8.008392988252569467e+01 8.175843317787069964e+01 8.518940234622701269e+01 9.160740688938619769e+01
4.149019918014679833e-12 5.832208968336290803e-12 7.349388880320789497e+01 7.939704723614029547e+01 7.881735479018821877e+01 8.060345647693040405e+01 8.385948560641811866e+01 9.003775296855890531e+01
4.278031404232559298e-12 5.874139412694272246e-12 7.622021624640919413e+01 7.844318830921552888e+01 7.720133497068610495e+01 7.947598560700876646e+01 8.294391553048112087e+01 8.902667484137180054e+01
4.340352525311496935e-12 5.851817655558995672e-12 7.402105651296382405e+01 7.778312787379103099e+01 7.701725230414746193e+01 7.800957052164602601e+01 8.223166015625000114e+01 8.716407070353517383e+01
4.347911280984981441e-12 5.931433391179173185e-12 7.143998444849036389e+01 7.571606629876021088e+01 7.580609457059004797e+01 7.676129379225568528e+01 8.153281750266809524e+01 8.660935182015290934e+01
4.448837203763778268e-12 5.966217978632646095e-12 7.121870770040607113e+01 7.661324081020255505e+01 7.616697454844006643e+01 7.646594430169285772e+01 7.957274958776795870e+01 8.469624615037932358e+01
4.360273008291362075e-12 6.014700568568926543e-12 7.360953642012277953e+01 7.481853467815049896e+01 7.515927388872090376e+01 7.572411220531185450e+01 7.885539789903263852e+01 8.358312359128476032e+01
4.441263664815849740e-12 6.150513276730140425e-12 7.248941502094554323e+01 7.437660446653806900e+01 7.394461345088896564e+01 7.552720500817358129e+01 7.750427805522913616e+01 8.242909700856284871e+01
4.424878620144397739e-12 6.058909654903511605e-12 9.266414233576642800e+01 7.360052281368821525e+01 7.289296179525221930e+01 7.411182096962616583e+01 7.620278905221587706e+01 8.126162769355015314e+01
4.483514435330856455e-12 6.103474579426294610e-12 1.203788479149056059e+02 7.286361902339776009e+01 7.170991770715096436e+01 7.310497040771591060e+01 7.508722966661876796e+01 7.919682705091811670e+01
4.352201724211596872e-12 6.105257828055737393e-12 1.509193435238517225e+02 7.190665919442072607e+01 7.118489659590044027e+01 7.145314052078899181e+01 7.471897714057276119e+01 7.884488597470908644e+01
4.443007873637715172e-12 6.104957207113693359e-12 1.670597178905585452e+02 7.134196568418055051e+01 7.097317208662528287e+01 7.129000742679303926e+01 7.301728384124733395e+01 7.788537941291031075e+01
4.454833796676467548e-12 5.994447148468324179e-12 1.831917946927374032e+02 7.064889060525207753e+01 6.965537581237637710e+01 7.020074679943101614e+01 7.258004817836545897e+01 7.719977985206058690e+01
4.420886270131502921e-12 6.031381679694425522e-12 2.090050759668508533e+02 6.995753481318074307e+01 6.931747051967640516e+01 6.926173268175583075e+01 7.088730471450297443e+01 7.513671082057457795e+01
4.256451855907124916e-12 6.077563543816482250e-12 2.325518444321635627e+02 6.948817590927949084e+01 6.738506046705587949e+01 6.792105125886770622e+01 7.132570885200553334e+01 7.486252248201438420e+01
4.240453468676434193e-12 6.065464687767505854e-12 2.399057472047995532e+02 7.233014493749141138e+01 6.743870451482480632e+01 6.821689198278181721e+01 6.998267990495587298e+01 7.341125658901547979e+01
4.425481173622373617e-12 5.957950102099287187e-12 2.393817051749763607e+02 8.791756801592568138e+01 6.680588255307567636e+01 6.744961442618534875e+01 6.966188180352104098e+01 7.205999898693141859e+01
4.404224491851633376e-12 5.940036963577595876e-12 2.374524444155506444e+02 1.032092858109022018e+02 6.670729575163399261e+01 6.665363953800698482e+01 6.851138434269810773e+01 7.140404325184914569e+01
4.407047776606786441e-12 5.892543071014900293e-12 2.498099925955842764e+02 1.188736484747071813e+02 6.492468358691260732e+01 6.565629474163738166e+01 6.742194532697908471e+01 7.071727593367835141e+01
4.529205094759090513e-12 5.940937779049504952e-12 2.386527596128694597e+02 1.319377679169457451e+02 6.443425513366911161e+01 6.503083156569003620e+01 6.596139705882352189e+01 6.954277327140707143e+01
4.434335385054999541e-12 5.976112777467745587e-12 2.406342956566568034e+02 1.515544385919835690e+02 6.403577318587504408e+01 6.400170979964038054e+01 6.572869409978028443e+01 6.978063535196687894e+01
4.507570236954346839e-12 6.003646429355419476e-12 2.388218416370106922e+02 1.611399120570991670e+02 6.299792842031030204e+01 6.334437467965145885e+01 6.492277671145234308e+01 6.849832587514677584e+01
4.432534434504560931e-12 6.072960234138624495e-12 2.481615659270594278e+02 1.728794857215061711e+02 6.259305325519174090e+01 6.234873969562460161e+01 6.422718191044017999e+01 6.762230981975395139e+01
4.480728775124704073e-12 6.067228488844910578e-12 2.371231399747793205e+02 1.895736858771374500e+02 6.157710847120288378e+01 6.157062717553455400e+01 6.357008906171600415e+01 6.589528789640758077e+01
4.455132997306135213e-12 6.052574459701913428e-12 2.388201914735407172e+02 1.976849550990281728e+02 6.128920916770963601e+01 6.149560338887496869e+01 6.231861715274344249e+01 6.552255333770655454e+01
4.602094099920319421e-12 6.084005523681896059e-12 2.384062049927988483e+02 2.152640494840233600e+02 6.008568670502725695e+01 6.065586524255110135e+01 6.188429723713100827e+01 6.465227683633132472e+01
4.499902300248854496e-12 6.122923985576166722e-12 2.435208098811757225e+02 2.237217102893504546e+02 5.942732902782977789e+01 5.980723352948313476e+01 6.143061211896828411e+01 6.376137054834098450e+01
4.561340008192300285e-12 6.162666413844245622e-12 2.372177719150977282e+02 2.394165905770635447e+02 5.963727612819606350e+01 5.946520124580737843e+01 6.031364920081720982e+01 6.382155933017225635e+01
4.458840809833073655e-12 6.157550892770142830e-12 2.344078102710413702e+02 2.478847394837476088e+02 5.872356987690079677e+01 5.850904456874774695e+01 5.939365950700012320e+01 6.295806393678160617e+01
4.433790103716627394e-12 6.167743993684764019e-12 2.354397700471698158e+02 2.513579398637538418e+02 6.495780659262760537e+01 5.756323711522585285e+01 5.929133718871710101e+01 6.197369546621043668e+01
4.333545764424404822e-12 6.146182994218929700e-12 2.416477835416175424e+02 2.509298539974096229e+02 7.330626700579675514e+01 5.703223695753889899e+01 5.852937198635775928e+01 6.082204670128193413e+01
4.429990676921137246e-12 6.110486338723672002e-12 2.330330282182835901e+02 2.523695248053909665e+02 8.494772727272726343e+01 5.661970035647499344e+01 5.800526076015272281e+01 6.020682075389570542e+01
4.435835333964293155e-12 6.074629726953907417e-12 2.347130642561031948e+02 2.504159337521416262e+02 9.063536457727641960e+01 5.639553083361803942e+01 5.736690053948576917e+01 5.958726639900638133e+01
4.432785017867153413e-12 5.998960282654140784e-12 2.342887417955278693e+02 2.490032317636195671e+02 1.037319334836527531e+02 5.520904774275487625e+01 5.636550668782589213e+01 5.916517577791683635e+01
4.418884559909313596e-12 6.041017796863136019e-12 2.365259815242494312e+02 2.492405231655951923e+02 1.116182925428013277e+02 5.510630108610457967e+01 5.593461592970521679e+01 5.843105147555755963e+01
4.515074555135870989e-12 6.080805677135015102e-12 2.334570795720494800e+02 2.493745339509659971e+02 1.219204111159641712e+02 5.501147463647463809e+01 5.523468425025159689e+01 5.773029152410359188e+01
4.479016698489623683e-12 6.104244186808098802e-12 2.321760392546036087e+02 2.467517298187808876e+02 1.296978258439526144e+02 5.364911472296693518e+01 5.481709874321780518e+01 5.723838733390662270e+01
4.394332840395403098e-12 6.110526380649819423e-12 2.301164608153896438e+02 2.499732073803999697e+02 1.387177233271069099e+02 5.345807546145493916e+01 5.423980165697355460e+01 5.674078831976760284e+01
4.401876462858603190e-12 6.207637554414490255e-12 2.358503052769297881e+02 2.480007846320346232e+02 1.450680804785209261e+02 5.301672101052169950e+01 5.353407608695652442e+01 5.588497298911420330e+01
4.491498753730372599e-12 6.196855789736785136e-12 2.311860963437127054e+02 2.444543618298941112e+02 1.557207264957264954e+02 5.232456633472534691e+01 5.316317456244598105e+01 5.497113568923657567e+01
4.514579278991567639e-12 6.150891083375886360e-12 2.319145183534903367e+02 2.458829298831385586e+02 1.620335408581285037e+02 5.158060977555578575e+01 5.299557786146176142e+01 5.521020294172407716e+01
4.550012797217090494e-12 6.233043960993470380e-12 2.297572835666148308e+02 2.457491890138408337e+02 1.714858762994854544e+02 5.174279052603327500e+01 5.212276503996634602e+01 5.459657945016452629e+01
4.497550219985175616e-12 6.285511584295462776e-12 2.318921964074432651e+02 2.440442070030896105e+02 1.784184024106576487e+02 5.116467377260981664e+01 5.188354160075925137e+01 5.380284942145724614e+01
4.461852681772298065e-12 6.181978694131551731e-12 2.275272182625761843e+02 2.455429978003561189e+02 1.839160274112713580e+02 5.016438222430490868e+01 5.085167600664176035e+01 5.336331669984745218e+01
4.424110599038395834e-12 6.253185009678637871e-12 2.306552235751560431e+02 2.464162740680049239e+02 1.918613397228878057e+02 5.000071110881257397e+01 5.059255933992379539e+01 5.264481405860749419e+01
4.488552136152225025e-12 6.189780711481291445e-12 2.280263734583630537e+02 2.465566649771920993e+02 2.024909831889964380e+02 4.945224080436539538e+01 5.002270130991063724e+01 5.243794968601428508e+01
4.407945955218257685e-12 6.315162289609030288e-12 2.309837000403714171e+02 2.433621216753286660e+02 2.042192577454839011e+02 4.905772159610112482e+01 4.971633518405840846e+01 5.202630460703232274e+01
4.390690579687231940e-12 6.204194780662493127e-12 2.265747805025734181e+02 2.421615438526231401e+02 2.151746425734710044e+02 4.866004640748523968e+01 4.891374188716924465e+01 5.139304342931478686e+01
4.405729793212284671e-12 6.203986663091074462e-12 2.275152080844285081e+02 2.436654527559055055e+02 2.169609925508355275e+02 4.879567403673387815e+01 4.883565848214285410e+01 5.097725405243892993e+01
4.530810656165816937e-12 6.159329110926355590e-12 2.280364321608039972e+02 2.427054610564010773e+02 2.271566595476167549e+02 4.800188545767716164e+01 4.863420660874658807e+01 5.057598045257346087e+01
4.492875960426770576e-12 6.204884525717788298e-12 2.280257790789995909e+02 2.430997097242380391e+02 2.344210137795275557e+02 4.762342625899280790e+01 4.782332119741100485e+01 4.987266095781794917e+01
4.478123959281463836e-12 6.221484420658013846e-12 2.268470610982211895e+02 2.422672263198757605e+02 2.375706261950286660e+02 4.727021440246130624e+01 4.757932762038290520e+01 4.972077480060721655e+01
4.527605317571911696e-12 6.211966979308010051e-12 2.274047391553602040e+02 2.417532299741602060e+02 2.412754963020630328e+02 5.263513546085614792e+01 4.680532485535197651e+01 4.885567019569330682e+01
4.555333546552626415e-12 6.191960351510051330e-12 2.256562647419567895e+02 2.408929891046897183e+02 2.387993719304873252e+02 5.954325275980205845e+01 4.634983428030302832e+01 4.854584121541735442e+01
4.636808688257805241e-12 6.283135749614446385e-12 2.267812085936021163e+02 2.410073320719016010e+02 2.392853942652329522e+02 6.276250117381913185e+01 4.589089053058912526e+01 4.858667850799289312e+01
4.520166440593977475e-12 6.305186369775559203e-12 2.260852166166541792e+02 2.398791486967935498e+02 2.386971389017074330e+02 7.062291705673095521e+01 4.545492325883334672e+01 4.800170544808896267e+01
4.502208700926533683e-12 6.354594226991824563e-12 2.271245714815157726e+02 2.414982560807710001e+02 2.390159028888679700e+02 7.525354339796859904e+01 4.542080165940483738e+01 4.734625553725908986e+01
4.610625694841414990e-12 6.325992012364341711e-12 2.242957460260115568e+02 2.420875466417910502e+02 2.386397025482905576e+02 8.082553097755517513e+01 4.472213317457409687e+01 4.714808608876973750e+01
4.584581001911230705e-12 6.377229836106372513e-12 2.243047512991833514e+02 2.402815018807092997e+02 2.373903331186160131e+02 8.599206116180323534e+01 4.444176926584587051e+01 4.686961278307168044e+01
4.528905698375382822e-12 6.338060245576191938e-12 2.253876095005870184e+02 2.394364375631719213e+02 2.385156376200305317e+02 9.221077989913544570e+01 4.419731395560408060e+01 4.699686154747683986e+01
4.465243121567391755e-12 6.405026149031393335e-12 2.241146065413065003e+02 2.378992818512279541e+02 2.372748029355803112e+02 9.803455007718150682e+01 4.413482054898799589e+01 4.634642272961527709e+01
4.479438111636079589e-12 6.345418854514353924e-12 2.213439747802148929e+02 2.389246593523270121e+02 2.351600766992858951e+02 1.040803680981595107e+02 4.382334911923519627e+01 4.579273390842733704e+01
4.499974073259576639e-12 6.385098422102157936e-12 2.233499427766528811e+02 2.372205908289241734e+02 2.357960114587924352e+02 1.064422054915854829e+02 4.289501125529660897e+01 4.559514834630350322e+01
4.467754795733312499e-12 6.310349981344698705e-12 2.240135471204188491e+02 2.386987755461592826e+02 2.384144171512889443e+02 1.120928270500347423e+02 4.280638462544693112e+01 4.565328498943838298e+01
4.513598634256977111e-12 6.342838378837483452e-12 2.254581557198782207e+02 2.375382779198635887e+02 2.342637588590427811e+02 1.179158475599241171e+02 4.259072746344839544e+01 4.546831474060435596e+01
4.554690779780339662e-12 6.338294527983908084e-12 2.197634259259259295e+02 2.347731590413943081e+02 2.355726726980637693e+02 1.235906730685669572e+02 4.219268297890511832e+01 4.475990656008229251e+01
4.570617410649795573e-12 6.371464374912839979e-12 2.229474116325296222e+02 2.389319899244332532e+02 2.342669900819318798e+02 1.244928083912570145e+02 4.184040816761969950e+01 4.455086840703249607e+01
4.547048986985674926e-12 6.301125321353789029e-12 2.236956947162426843e+02 2.362592861412347247e+02 2.342632418366490583e+02 1.325137158703071805e+02 4.184835275423728973e+01 4.429183520044048095e+01
4.559695167561127684e-12 6.353480288361359842e-12 2.251629574060181653e+02 2.365054608081996150e+02 2.343928631649945373e+02 1.345284686687358544e+02 4.115211737702156825e+01 4.411907600284435205e+01
4.586072923840055430e-12 6.351318867252338605e-12 2.156029874213836592e+02 2.366237456818555813e+02 2.327101910828025666e+02 1.403126708074534008e+02 4.087805092095481996e+01 4.366610835401157686e+01
4.573493285637212699e-12 6.375492187698035419e-12 2.233149710504549148e+02 2.376193774513894823e+02 2.355881987577639620e+02 1.448604680109534684e+02 4.119768092514299695e+01 4.379320174983932645e+01
4.639811799852433913e-12 6.443688135250549489e-12 2.249079316028018241e+02 2.355394315944881782e+02 2.313505507955936196e+02 1.490744313566206358e+02 4.042625755966002288e+01 4.376006787098361883e+01
4.644185823792052801e-12 6.301362464776519315e-12 2.218636583986426558e+02 2.347602888086642565e+02 2.333977921971923024e+02 1.542448350481789987e+02 4.045649003403013921e+01 4.343060363150543424e+01
4.664695420459813513e-12 6.389099005598810081e-12 2.157555370326268189e+02 2.343655900823750358e+02 2.339952210274790900e+02 1.581655737045381613e+02 3.975531563126251910e+01 4.315466157227251642e+01
4.614479347901108331e-12 6.401044000796781970e-12 2.217894244077179735e+02 2.342178453429830256e+02 2.340921808037519156e+02 1.619946905822462497e+02 3.950632255804644188e+01 4.278282217782217600e+01
4.542861452947962167e-12 6.455375094031424474e-12 2.224479100571065828e+02 2.329028304169018782e+02 2.325263157894736707e+02 1.653207112804636267e+02 3.977234455958549120e+01 4.291331922840058155e+01
4.620503836407647968e-12 6.432539616790460782e-12 2.225558288436011480e+02 2.334233126454615785e+02 2.316809135335382450e+02 1.705616551398931051e+02 3.970877362374529440e+01 4.236824126202205321e+01
4.634570153364790793e-12 6.376194438590265904e-12 2.136785769859176867e+02 2.348800608471799762e+02 2.329075355781942847e+02 1.758208473515374237e+02 3.899613821534383362e+01 4.270616684471205105e+01
