nan nan nan nan nan nan nan 0.000000000000000000e+00
3.941784598282538354e-05 nan nan nan 1.404354115948081017e-04 1.192358322441577911e-04 nan -4.190556865069083869e-05
2.705657389014959471e-05 nan nan -3.716180314465115242e-05 nan 1.355783315375447273e-04 1.902851727209053934e-05 6.131676976413776025e-05
5.774918918177718297e-06 nan -9.168623364530503750e-06 nan -8.647013601148501039e-06 -2.929660695372149348e-06 4.428564958895245962e-05 1.722826709738001227e-05
1.243662457757939782e-05 -3.889113637948563379e-06 nan -2.360169128223787993e-05 nan -1.672126745688728988e-05 -2.405111687645936780e-05 -3.219822135109167728e-05
1.808025196871974313e-05 -7.633755012648180466e-06 3.602179016784897776e-05 nan -4.883272975513880718e-05 3.338402166264131665e-06 1.067655133928571377e+04 3.244926136363636397e+04
-4.881499080511275679e-07 -4.137469255106730123e-06 3.506331995595246553e-05 -5.252991468296386302e-05 2.948489418486133218e-05 9.143392578125000000e+03 1.334755468750000000e+04 1.802247569444444525e+04
-1.322551300593962159e-05 -2.254973272404943790e-05 -2.932446174478779095e-06 -1.993003284691699672e-06 -1.493050579235635128e-05 1.423173317307692378e+04 1.759154545454545587e+04 1.926722916666666788e+04
-8.477450281038487588e-06 2.275614367265786395e-05 -3.511308265539506845e-05 8.000376580569607473e-06 1.278755022321428442e+04 1.416013541666666606e+04 1.484284375000000000e+04 1.500344770408163095e+04
-3.253133036196231842e-05 1.836767366442543044e-05 -6.356697721297250274e-06 3.520963218761608005e-06 9.382657812499999636e+03 1.157859765625000000e+04 1.135530468750000000e+04 1.544287842465753420e+04
1.029539214191483530e-05 1.732001288069618999e-08 1.817854221867905545e-05 6.372891304347826008e+03 1.229873437500000000e+04 1.083554403409090992e+04 1.242374048913043407e+04 1.463665422077922085e+04
4.606514192680466975e-06 -6.979320056012106796e-06 -1.081646602999951076e-05 6.473908593750000364e+03 6.526970170454545951e+03 8.429491071428570649e+03 1.163193415178571377e+04 1.066476211734693788e+04
1.418926623329276047e-05 1.292696496664841795e-06 2.185906024268743759e-05 7.434778716216216708e+03 7.241349537037036498e+03 9.370687500000000000e+03 9.277355324074072996e+03 1.348684943181818198e+04
-7.208024930042116884e-06 6.402054057660989542e-06 2.713414062500000000e+03 5.355474676724137680e+03 6.539158333333333758e+03 7.752410037878787989e+03 8.785155405405406782e+03 1.130325603448275797e+04
6.042059455344925497e-07 -1.333973098856707301e-05 2.172230208333333394e+03 6.003297554347826008e+03 5.999420833333333576e+03 6.788800595238094502e+03 7.608116554054054177e+03 8.489645833333332121e+03
-1.953718823079072451e-06 1.250069450449060486e-05 2.704620678191489333e+03 5.126084635416666060e+03 5.268116421568627629e+03 5.784771249999999782e+03 6.742560000000000400e+03 8.261618489583332121e+03
-6.085497042132091904e-06 -1.285424212187106783e-06 4.620436921296295623e+03 4.360728316326530148e+03 5.097480769230769511e+03 5.746607712765957331e+03 6.368058823529411711e+03 6.725423223350253465e+03
1.244985795547736158e-06 -1.768365239383586162e-06 3.706325520833333030e+03 3.767312774122806786e+03 4.656339843750000000e+03 5.221044507575757962e+03 5.490232291666666242e+03 7.028080823293172216e+03
2.519019053330364362e-06 -4.083745547437242024e-07 2.942900793650793275e+03 3.584586596385542180e+03 4.510017708333332848e+03 4.929930059523809177e+03 5.242296875000000000e+03 6.186905138339920086e+03
-4.914583178696694862e-06 4.221706088477124996e-06 2.342111328125000000e+03 3.798121710526315383e+03 3.962732194767441797e+03 4.496008928571428442e+03 5.217752029220779150e+03 5.953327868852458778e+03
-3.602747430544604636e-06 1.153486850176085864e-05 3.213577163461538476e+03 3.140720344387754722e+03 4.105024828767122926e+03 4.209867897727272975e+03 4.939990210843373461e+03 5.317268769968050947e+03
4.083776037164387047e-06 -2.387748491645862472e-06 3.113497191011235827e+03 3.110380550986842081e+03 3.453353960396039838e+03 4.022949127906976628e+03 4.652156985294117476e+03 5.666046419098142906e+03
3.059684105543165013e-07 -3.596049120262412767e-06 2.747692216981131878e+03 2.999685779816513786e+03 3.549207589285714221e+03 3.712813690476190914e+03 4.107527018229166060e+03 5.313338930348259055e+03
2.752265427261590822e-06 3.865135683662305659e-06 1.972346565315315274e+03 2.915826988636363694e+03 3.151352415966386616e+03 3.621472877358490223e+03 4.275802357456140271e+03 4.919982022471910568e+03
-2.020825456195282392e-06 -3.110631951130926609e-06 2.345950204439252047e+03 2.819472898230088504e+03 2.724993861607142662e+03 3.223948529411764412e+03 3.834718201754385973e+03 4.074292431192660842e+03
7.010841189595071015e-07 -3.031366504728794284e-06 2.220247375954198560e+03 2.486471798780487916e+03 2.597213275547445392e+03 2.800211967054263368e+03 3.595648925781250000e+03 3.975364602587800164e+03
1.542973020857769145e-06 -2.405910157493405601e-06 1.984735541044776028e+03 2.201463162251655831e+03 2.571685267857142662e+03 2.900246897163120593e+03 3.089849724264705856e+03 3.876436238532110110e+03
-3.664668786306731272e-06 1.053953155860654078e-06 1.395498916184970994e+03 2.104601033834586360e+03 2.373578217455621143e+03 2.811597767857142571e+03 3.044135736196319158e+03 3.727772222222222354e+03
1.502415651212567765e-07 -3.609856191490377820e-06 1.913712946428571286e+03 1.944897590361445964e+03 2.270270535714285870e+03 2.405198369565217035e+03 2.884001266891892101e+03 3.463295016077170203e+03
-4.232360112497650343e-07 -2.646332351550301330e-06 1.698973106060606142e+03 1.975266841317365333e+03 2.003811973314606576e+03 2.337099792817679372e+03 2.791101242690058370e+03 3.263917974322396731e+03
-1.908302848034243176e-06 1.619709533741649015e-06 1.612351351351351468e+03 1.749718580163043498e+03 1.964164999999999964e+03 2.317220655487804834e+03 2.562794791666666697e+03 3.222129807692308077e+03
7.867748853018025861e-07 -1.916525842697948718e-07 1.257441986386138524e+03 1.952602634803921546e+03 1.846353201219512130e+03 2.257164634146341541e+03 2.406147977941176578e+03 3.061642993630573073e+03
2.038766664263360814e-06 4.623760131822115777e-06 1.518083333333333258e+03 1.665360795454545496e+03 1.895073125000000118e+03 2.050710700757575978e+03 2.363654393564356269e+03 2.785846248462484709e+03
6.412310894675455754e-07 4.311641109674129363e-07 1.467664772727272748e+03 1.563575581395348763e+03 1.713534692796610216e+03 2.031199042792792852e+03 2.520419328193832825e+03 2.759844215349370188e+03
-9.675978873975766391e-07 1.275717584355342565e-06 1.413326266519824003e+03 1.573282121513944276e+03 1.689772674418604538e+03 1.902092981557377243e+03 2.146424783549783569e+03 2.578708110992529328e+03
1.789055875365118501e-06 2.686650524000552406e-06 1.036358940972222172e+03 1.427239012557077558e+03 1.610254963898916913e+03 1.813439742152466351e+03 2.105076470588235225e+03 2.412625877632898664e+03
-2.170827672852495823e-07 -1.296494802873995422e-07 1.190268833705357110e+03 1.318721301020408191e+03 1.546018558951964906e+03 1.631618177816901380e+03 1.941923516536965053e+03 2.247960487804878085e+03
-1.048993920939803388e-06 2.512396701301137651e-06 1.172203643911439030e+03 1.301877066115702519e+03 1.508336378737541509e+03 1.748632812500000000e+03 1.878047590648854793e+03 2.360978584310189035e+03
-1.507858756025705376e-07 7.057403369496266033e-07 1.048757837620578812e+03 1.177577361563518025e+03 1.356437056737588591e+03 1.507233630952380963e+03 1.742445153061224346e+03 2.217977502102607104e+03
-1.739120323276310596e-07 2.890770127506632509e-06 9.042690129449838423e+02 1.192654112377850197e+03 1.328063212540716677e+03 1.518323809523809587e+03 1.713017628205128176e+03 1.985199272433306305e+03
7.603330205257839258e-07 6.270963483148756946e-07 1.102082350628930953e+03 1.185794286809815958e+03 1.323258586261980781e+03 1.432275801809210407e+03 1.696351538461538439e+03 1.999075549450549488e+03
1.999303504461687240e-06 1.711706277978776495e-06 1.054003682024169166e+03 1.167296525559105476e+03 1.250384915014164335e+03 1.379869366197183126e+03 1.622639694940476147e+03 1.985055891238670711e+03
-1.059052977268095612e-06 8.769451131567705337e-07 9.395277276011560161e+02 1.049696095758354659e+03 1.222858418367346985e+03 1.325058493589743648e+03 1.589279329608938497e+03 1.840054698457222912e+03
-9.150732538100151679e-07 -3.583393896236842541e-07 8.062586259079903357e+02 9.731000548245613118e+02 1.141497953400503775e+03 1.302141292735042725e+03 1.468044780927835063e+03 1.770918074324324380e+03
-1.063923362226480020e-06 -1.578914809410081971e-06 9.486242121848739544e+02 9.930561131386862144e+02 1.083323524305555566e+03 1.243641692073170816e+03 1.399983796296296305e+03 1.707885970531710427e+03
5.999754272150731908e-07 1.545038583436023251e-06 9.139613746958638103e+02 9.595559725848563630e+02 1.041385983560090835e+03 1.188469689849624046e+03 1.396414200251889042e+03 1.622683150183150246e+03
1.593539202065201398e-06 -2.047758697568347354e-06 7.242743219339622556e+02 9.376217417061611741e+02 9.941355721393034628e+02 1.208878915313224979e+03 1.354436888753056337e+03 1.547074911347517627e+03
1.345767213485841358e-08 -1.823799943344460683e-06 6.903449889867841875e+02 8.597287205567452020e+02 9.726055743243242659e+02 1.110649655963302848e+03 1.277518171806167629e+03 1.514409330011074189e+03
1.957305577608934042e-07 -2.398613227523250384e-06 7.627731456043956086e+02 8.597758091517856656e+02 9.133786684782609200e+02 1.091616666666666561e+03 1.222116189427312975e+03 1.523314972527472491e+03
5.493670343922310365e-07 -7.363329581045484956e-07 7.784990591397848902e+02 7.859140295358648700e+02 9.429990079365078373e+02 1.036220715010141930e+03 1.233716286307053906e+03 1.418439121228163231e+03
6.021838885317265522e-07 3.475779521977528797e-08 6.484556571146245005e+02 7.791397165697674154e+02 8.750932914046121596e+02 9.736109693877551763e+02 1.143876871257484936e+03 1.394302429350520470e+03
2.207399576391413690e-07 6.956629308492498024e-07 6.199474309153713421e+02 7.697955465587044728e+02 8.157624652133580412e+02 9.679028179190751189e+02 1.126083022388059590e+03 1.305292830099384673e+03
-1.024355331801960577e-06 6.252798306781591052e-07 6.927501260080645125e+02 7.334163254310344655e+02 8.006274319066147882e+02 9.054029304029304512e+02 1.072944562146892622e+03 1.320481313834726052e+03
3.785931428704265874e-07 2.060184458675182655e-07 6.848596047794117112e+02 7.247436797752809525e+02 8.013702083333333803e+02 8.858016723842195006e+02 1.056441852678571422e+03 1.212688059033989248e+03
4.563248531908261214e-07 1.163354799876135718e-06 5.719373960066556037e+02 7.011020583190394291e+02 8.194467965949820609e+02 8.738894056261342485e+02 1.021904373927958773e+03 1.219048915401301429e+03
-7.319881461704257057e-07 -4.101855594924856875e-07 5.468562197092084034e+02 7.009324500000000171e+02 7.595055877483443965e+02 8.582618760064411845e+02 1.008125408496732007e+03 1.157429678068410340e+03
-2.185988267294569011e-07 -4.890850045900923084e-07 6.016168523102310246e+02 6.561607581967213036e+02 7.296659345047922898e+02 8.341640749601275502e+02 9.969952620967742405e+02 1.140462739893834168e+03
-1.708222004480098694e-06 -7.591264713169994920e-07 6.153008597372488566e+02 6.376974522292994152e+02 6.994032469969970407e+02 7.678372827804107601e+02 9.368624801271860179e+02 1.097001523229246004e+03
-2.042721954955362477e-08 2.611833105734346909e-07 5.127348820058997489e+02 6.003548571932299183e+02 6.722203513198757037e+02 7.598532101865137065e+02 9.213774563318777382e+02 1.081075906344410896e+03
-1.464357261555899235e-06 -8.106008709336702285e-07 4.814524493243243342e+02 6.136639654503105703e+02 6.518868055555556111e+02 7.673743479880774885e+02 8.238854907539118813e+02 1.031780144404332077e+03
2.900364395099273354e-08 8.674202642093101784e-07 5.500431147234678519e+02 5.965590720663265074e+02 6.666394402718168521e+02 7.221894736842104976e+02 8.722544076163610498e+02 1.030971896551724058e+03
3.208171927019373301e-07 -9.005821173131389069e-07 5.249450796070460683e+02 5.623019935344827900e+02 6.122725625823452447e+02 7.044072359396433285e+02 8.227723639455781495e+02 9.778135735938026301e+02
6.947573306756573351e-07 7.067350875703417799e-08 4.497137355584081888e+02 5.429299050632911303e+02 6.310803571428572241e+02 6.963002533783784429e+02 8.130157672301691036e+02 9.365959216965742371e+02
8.515534265076412040e-07 6.494549197259913420e-07 4.298354622871046331e+02 5.436060772613064955e+02 5.896341161928305610e+02 6.719476495726495386e+02 7.720572981366459544e+02 9.505421937673557977e+02
7.317017474990755233e-08 -1.288635255757150810e-06 4.961244489924433196e+02 5.269071839975093781e+02 6.000221354166666288e+02 6.795642583120205700e+02 7.635407303370786849e+02 8.852954262601119808e+02
5.189946694179306751e-07 -5.478582563106851836e-07 4.619579268292682741e+02 5.226118227326265924e+02 5.557438298490127409e+02 6.476603975972540184e+02 7.546159356725146381e+02 8.811671875000000682e+02
-1.673962535939856561e-07 -6.076938502110296301e-07 3.985868176538908187e+02 4.905803723103057905e+02 5.443294349939245649e+02 6.125684715709261354e+02 7.398853100113765322e+02 8.454236741869323168e+02
1.460956320023307586e-08 5.732601837391828509e-07 3.981982280927834950e+02 4.839450533175356099e+02 5.267582359192348349e+02 6.188174455275229775e+02 6.936253468368479389e+02 8.332261075508498607e+02
-8.183639354203423872e-08 1.981610252773272241e-07 4.495282444959443637e+02 4.624859891528925573e+02 5.265983146067416101e+02 5.800007804370447957e+02 6.647323008849557482e+02 8.080814849878279347e+02
-9.983414201997220781e-08 -7.373725801592853727e-08 4.067955991516437280e+02 4.632398748654466658e+02 5.129004700203252014e+02 5.898491285403050597e+02 6.763910222457626560e+02 7.860385218072603948e+02
9.940218854140729150e-07 6.766001174422964758e-07 3.761187375373878012e+02 4.464976993865030863e+02 4.994940508021390428e+02 5.270672492401216687e+02 6.187538371488034272e+02 7.789896927016644668e+02
-1.087521889854857477e-06 -1.998846718907623902e-07 3.695396766169154148e+02 4.335174476570288675e+02 4.742468749999999886e+02 5.442322677322677009e+02 6.430232387475538189e+02 7.514950339451847867e+02
2.478057189115986409e-07 -6.502920769865986669e-07 3.964044625246548321e+02 4.201928900193798313e+02 4.800307607632093436e+02 5.281798543689320695e+02 6.213664519326065374e+02 7.334809564370892758e+02
4.724633275970723948e-07 4.119173334620702491e-07 3.702686904761904998e+02 4.173233093779453498e+02 4.574428093259464276e+02 5.013402649769585082e+02 5.956694033302497928e+02 7.105121725017388599e+02
1.604950495672122792e-07 -1.246655608306128477e-07 3.464764042357274434e+02 4.042126225490195566e+02 4.416354461756374121e+02 5.093061679174484198e+02 5.827067524841914974e+02 6.931876312718786721e+02
6.153435897334624510e-07 4.545491548749958397e-07 3.358410999160369101e+02 3.948413552507095687e+02 4.291738414115646378e+02 4.882074598572702939e+02 5.657337676678445177e+02 6.758841694537346712e+02
5.772309300077029440e-07 -4.567728736323123443e-07 3.662454545454545496e+02 3.922276897414511723e+02 4.286409923146473488e+02 4.787829177602799859e+02 5.541105472197705240e+02 6.485067611423626204e+02
-6.005599636885024168e-07 7.516301991844099733e-07 3.257074010327022506e+02 3.911988863031915002e+02 4.153929460580912973e+02 4.673865270727580423e+02 5.350482296137338381e+02 6.351719146238376652e+02
3.723996739155616229e-07 6.017611825414940906e-07 3.213156840591618675e+02 3.803003584410339499e+02 4.126133573243014325e+02 4.495124073311367283e+02 5.205389784946236205e+02 6.245218522372529151e+02
-6.386359236163334264e-08 1.428020639089508447e-07 3.043949920823436059e+02 3.652878410016286921e+02 3.950219742063492276e+02 4.356303556992723998e+02 5.058316846522781702e+02 6.064375627384059726e+02
-1.054743619927355923e-07 -4.274582312223445929e-07 3.438786285545023702e+02 3.570117462803445392e+02 3.920662268331990390e+02 4.341219415943172635e+02 4.939365492393914678e+02 5.981702453987729768e+02
-2.647924788340114235e-07 1.742147918774609232e-07 2.949735558157689184e+02 3.414286199534161028e+02 3.786016868840030156e+02 4.166724137931034875e+02 5.005371596066565871e+02 5.799192241707968378e+02
1.730662502471561966e-07 -1.796040999675191090e-07 2.863924440298507648e+02 3.415924358517463020e+02 3.693376431297709814e+02 4.150249084249084035e+02 4.814202087994033832e+02 5.530618945603577004e+02
-2.170923846033661118e-08 -3.293769340748401758e-07 2.808062285223367667e+02 3.300020833333333030e+02 3.548897239803094408e+02 4.081364670204700360e+02 4.607964801444043133e+02 5.475678525582247858e+02
-5.307838760104723153e-07 2.923263386990593901e-07 2.999425526819923675e+02 3.172798876021798264e+02 3.454962008895478220e+02 3.995934910220994425e+02 4.549976952277656892e+02 5.389116029570861883e+02
3.854547106796206305e-07 6.990700282266328977e-07 2.728303260111575810e+02 3.191789975071225172e+02 3.448612897765740968e+02 3.941074737762237987e+02 4.487848232848232897e+02 5.177779069767441342e+02
3.679889951705224054e-07 1.043551769346059104e-07 2.682573200066357231e+02 3.024812246278755197e+02 3.403752568493150648e+02 3.726608151023289111e+02 4.360597052845528196e+02 5.224939475453934392e+02
3.807889394617329324e-07 3.096346354177104655e-07 2.592204144474034706e+02 3.068502233620118886e+02 3.337102761243386340e+02 3.606855974740932993e+02 4.135234063745019739e+02 5.030960735171261717e+02
-3.242700559232598432e-07 1.165405195505297556e-08 2.784602590460526130e+02 2.936589357095269861e+02 3.243035174613834783e+02 3.676911862160371243e+02 4.163266235917826634e+02 4.830128004609812251e+02
-3.232987579942805533e-07 -4.247374436488444619e-07 2.503693797831632537e+02 2.887324984197218782e+02 3.160779425322679685e+02 3.522483213616489479e+02 3.971730163727959848e+02 4.740073367859384916e+02
-2.744197856865261917e-07 5.956392916746604464e-07 2.442135287747524899e+02 2.757214624083129593e+02 3.040682826362483979e+02 3.419638442521631418e+02 3.964461460918113858e+02 4.654367267032106383e+02
-2.146707153936803490e-07 -6.752417227486296917e-07 2.357499817251461991e+02 2.768241021455223745e+02 3.043125922917897128e+02 3.356386521464646648e+02 3.821388640429337897e+02 4.557917177444069807e+02
1.375258000709290559e-07 -1.463947486645636215e-07 2.534454238995660091e+02 2.757773026315789480e+02 2.916287313432835617e+02 3.326949055523754737e+02 3.700524560339599702e+02 4.438315345949142738e+02
1.951763539521235675e-07 1.064017592193224012e-08 2.288243509334888870e+02 2.642927375971308948e+02 2.882824282498593220e+02 3.214536242603550136e+02 3.704435886150234865e+02 4.297857711803040957e+02
5.896977611370125264e-07 -2.880093053458405510e-07 2.303900070621469069e+02 2.574865696698377633e+02 2.764193010440835110e+02 3.128868503712164397e+02 3.640445558739255034e+02 4.367144330630245577e+02
2.167491275454373124e-08 6.125448245862338655e-07 2.241024171270718455e+02 2.528600756726457348e+02 2.811092622154358764e+02 3.105398328690807830e+02 3.520507075471697931e+02 4.070094123367601924e+02
1.036951119823360005e-07 -9.429810370042548851e-09 2.308179258241758305e+02 2.465238746537396253e+02 2.693676909722222490e+02 3.008221073806881236e+02 3.342452531645569707e+02 4.020450500556173665e+02
6.215683205072511535e-08 5.115773313392741090e-07 2.168550466264399574e+02 2.387049782372143625e+02 2.708876998452810767e+02 2.937993421052631788e+02 3.407676666666666847e+02 3.992216740502080938e+02
2.947305371642423704e-07 3.712184509116391681e-07 2.088988265041493833e+02 2.426571375186846069e+02 2.626783917890157340e+02 2.866559003729354913e+02 3.275419373700623851e+02 3.795693722381075759e+02
2.441180816924286278e-08 2.833226111336617134e-07 2.086519985104270063e+02 2.368095592212006579e+02 2.586211686427850509e+02 2.850170425257732063e+02 3.206957601961796627e+02 3.751947561919504324e+02
8.029282321122240531e-08 -1.115212026826387031e-07 2.142681043663471883e+02 2.322299562682215708e+02 2.453801320606694389e+02 2.784592661691542048e+02 3.140152052711606530e+02 3.718463221306277546e+02
-8.389144274266715432e-08 4.566203132665977363e-07 2.002139294403893075e+02 2.324715267077555154e+02 2.379605637138796794e+02 2.760379955947136636e+02 3.031677010923535249e+02 3.620850129040186403e+02
1.778336617703110494e-07 -1.013376328760724055e-07 1.977868265993266164e+02 2.248214413875598154e+02 2.324808686023621931e+02 2.637953594288528052e+02 2.992233751217137296e+02 3.532272231645263219e+02
-8.476607795512109537e-08 4.963685535173514014e-07 1.903647062293534873e+02 2.142715091678420265e+02 2.344495991686460741e+02 2.576054853566367910e+02 2.956385959715639729e+02 3.372666354264292750e+02
1.131637852283051125e-07 -2.349643482405557198e-07 1.923156705025833730e+02 2.146608364794714419e+02 2.278341806919121098e+02 2.516023278650646944e+02 2.839353204524034027e+02 3.338374778499704689e+02
5.837958527855019174e-09 1.337051579594750413e-07 1.864809219613259756e+02 2.081136311172668343e+02 2.193745782726045945e+02 2.485038300835654468e+02 2.836695625281151933e+02 3.292554560073512562e+02
1.972697820278579299e-07 -1.060956850851249399e-07 1.787082253155996341e+02 2.096743537339814623e+02 2.196986277675276824e+02 2.472211367673179438e+02 2.720228713768116222e+02 3.224779080252479275e+02
-4.750506102252717588e-08 -6.438986192229273276e-08 1.805089210304054177e+02 1.983330248990578752e+02 2.154706231134109657e+02 2.396328437917222800e+02 2.702184250433275565e+02 3.198536538671917810e+02
2.731743414858693492e-07 4.529880188302163706e-07 1.748335038653933680e+02 1.970620459401709468e+02 2.125408568414038086e+02 2.316698773138183469e+02 2.643432236258865373e+02 3.061997610254181836e+02
-2.895510577344466165e-07 2.655297244702315226e-09 1.739418943244387776e+02 1.967767895644674638e+02 2.072449089234547728e+02 2.280143723628692101e+02 2.560792934093789768e+02 2.979738631534211777e+02
3.928582377120305027e-07 -3.056263586580260169e-08 1.716066618317447023e+02 1.971536275320380298e+02 2.072092851780351737e+02 2.257091847594721230e+02 2.558991411813992443e+02 2.960824788113424688e+02
-3.227940867222482580e-07 -1.354368330534952129e-07 1.674695239545270056e+02 1.860072492952074299e+02 1.978709502682625043e+02 2.180798443775100566e+02 2.497719422998780772e+02 2.842857178841309747e+02
-7.737523209201153223e-08 1.141109444207027929e-07 1.656256557707828847e+02 1.839103658536585328e+02 1.959671937751004123e+02 2.169871827670896494e+02 2.413913768701981155e+02 2.815349827621172381e+02
-2.990166887384086379e-07 2.601604229160933604e-07 1.615527587595650516e+02 1.793531837265093998e+02 1.914771365042536786e+02 2.142966673182173452e+02 2.374250197316495701e+02 2.727406535105117200e+02
4.285732912573981942e-09 5.867025814950466837e-07 1.596618213323065163e+02 1.793491600227790457e+02 1.871240405701754526e+02 2.044755372217958609e+02 2.316141482985305515e+02 2.700282959292723035e+02
7.377628548337386989e-08 1.006330268541735676e-07 1.521700993012136962e+02 1.733355803048065695e+02 1.866513379491018156e+02 2.021355471808927291e+02 2.262117792109256413e+02 2.630758767772511533e+02
-8.808750562192629713e-08 3.485953213151441721e-08 1.562946534068530866e+02 1.676680540393013246e+02 1.798134747052111209e+02 2.010135085122131784e+02 2.225793459796149421e+02 2.646171726755218288e+02
2.845343586349331513e-08 2.340985146264664095e-07 1.533935472110827618e+02 1.638411767522022160e+02 1.813668906810035821e+02 1.966398117386489446e+02 2.191398148148147982e+02 2.517066413053442204e+02
-5.057810151107659254e-08 -6.733364254722421711e-08 1.492936557788944754e+02 1.644348323170731874e+02 1.760881650430872867e+02 1.932073729582577073e+02 2.135005690094683359e+02 2.476745059648483789e+02
-2.443243704864174878e-07 2.187946421201025153e-07 1.448620238733905694e+02 1.608535622107511642e+02 1.684961519694819003e+02 1.865858258928571445e+02 2.086527381377096049e+02 2.430544180081372758e+02
1.941346545005896954e-07 4.653932257114272334e-08 1.421690713536201542e+02 1.586443328114126814e+02 1.723475468312325063e+02 1.821452601410934733e+02 2.044622897687456202e+02 2.373532876230661088e+02
-1.245130525654859997e-07 1.704329873797506856e-07 1.404341646320195309e+02 1.560745693462897350e+02 1.633052909152773111e+02 1.794162703804347814e+02 2.005996941764300345e+02 2.328593166623252557e+02
-7.672407566936648963e-08 2.522127309428720352e-07 1.387636698772587636e+02 1.543422972304648795e+02 1.613066549912434482e+02 1.727186321159121860e+02 1.996557563025210129e+02 2.302466962230369063e+02
-5.901007052665075478e-08 9.511190861922319330e-08 1.356778575450450433e+02 1.500831053351573132e+02 1.598704082873824177e+02 1.749721966911764639e+02 1.945526195616074574e+02 2.240816440973664498e+02
1.283449117435178683e-07 -2.512756231115009441e-07 1.318349018524812948e+02 1.498901086782162224e+02 1.576559459912780881e+02 1.678509945972495245e+02 1.905380759032151161e+02 2.191536783296631654e+02
-3.369635426982616208e-07 -3.364761368797864062e-07 1.325418454501295287e+02 1.439739017769003055e+02 1.544248305485498065e+02 1.637597354220360728e+02 1.851814185934489387e+02 2.112852810351799633e+02
-5.341581262347442277e-08 -2.046976702518621152e-07 1.329539798027989832e+02 1.424156660262567868e+02 1.514500614754098251e+02 1.635696508469159483e+02 1.853216845878136212e+02 2.107096548133909835e+02
3.485099567092864388e-08 2.770183331291097014e-07 1.264667313664596264e+02 1.392543349260172647e+02 1.477298094723850568e+02 1.567034814638783189e+02 1.794632239679605732e+02 2.043705245952677387e+02
-1.658460135042845152e-07 -3.715159909281842818e-08 1.264628839590443619e+02 1.396825673347948680e+02 1.461252521725636200e+02 1.570413918711656436e+02 1.745284463894967075e+02 2.020455039180696701e+02
1.802180634398838664e-08 -5.407361707667161451e-08 1.240617158812729457e+02 1.358083913965465115e+02 1.409833820443645038e+02 1.576566100667070884e+02 1.709673896727709348e+02 1.970074700439860464e+02
-1.235211029365304890e-08 -5.392342553421238948e-08 1.219958680762358654e+02 1.326760401325478540e+02 1.388441732071406420e+02 1.508109323678710041e+02 1.644972280491459458e+02 1.928846815191387520e+02
9.704258380573731200e-08 -6.055382229795265724e-08 1.158229943361055234e+02 1.303089382123575035e+02 1.387435601175121747e+02 1.482531175550923308e+02 1.634760879088784975e+02 1.873569155627913858e+02
8.099601093834570890e-08 -4.715073397988662470e-08 1.180951397235576934e+02 1.282688278595696545e+02 1.339827184287811974e+02 1.466379266705235693e+02 1.620387968613775058e+02 1.873726856854693494e+02
-1.311687974024796755e-07 2.416001899386691969e-07 1.167654644691780703e+02 1.257590065502183450e+02 1.312046839966367600e+02 1.414322346251053091e+02 1.570871039109335072e+02 1.801156764265868730e+02
-3.239068645371929898e-09 -9.971806170043006256e-08 1.133654678770949573e+02 1.245652151065022366e+02 1.294146389606661103e+02 1.390828706374387025e+02 1.540722545402951198e+02 1.748813905930470298e+02
-9.162186958941970774e-08 -9.882265290405364930e-08 1.069013185215946748e+02 1.230399348850097141e+02 1.277556865035734006e+02 1.356872342978606696e+02 1.525280011089548111e+02 1.719641693811074958e+02
-3.638485061478890401e-07 3.890839545722185971e-07 1.074373128742515036e+02 1.191691126163108976e+02 1.246748883928571416e+02 1.344029835390946630e+02 1.480566545529347309e+02 1.684521240383961072e+02
2.551659217393338210e-07 1.158755643607509929e-07 1.078271558759521298e+02 1.176688959478021985e+02 1.232461649249732005e+02 1.295139932885905978e+02 1.436881879194630756e+02 1.651833163784333749e+02
-6.195182030965408955e-08 -1.524929050330985409e-07 1.070676264980026531e+02 1.167089657065357784e+02 1.200207604895104794e+02 1.285009093915344067e+02 1.428962850343733351e+02 1.638611794428561836e+02
-6.070045360306524672e-08 -4.588123942231571752e-08 9.970401287417554670e+01 1.133007126452310160e+02 1.177387926642893490e+02 1.263686117853290085e+02 1.400530933194696956e+02 1.585826500491964737e+02
-5.678670699010091135e-08 -1.131019181401205274e-07 1.032774633821571229e+02 1.117411161161161175e+02 1.164846181746241172e+02 1.247652175275827489e+02 1.383761721802552813e+02 1.556572842362315896e+02
1.228977740507573844e-07 3.568582971935549003e-08 1.015200399847677204e+02 1.101574161052086112e+02 1.143433311203844198e+02 1.220144822940723657e+02 1.340798611111111143e+02 1.519615896558280781e+02
8.321933219410140709e-09 -1.261070060465120358e-07 9.891532812500000205e+01 1.082137775303142746e+02 1.100153706765005097e+02 1.213892517627801482e+02 1.339276274485183365e+02 1.505232357192232939e+02
5.657857280528041274e-08 -1.652725770825006132e-07 9.259871724222385581e+01 1.086766136025768077e+02 1.102136816072300860e+02 1.168780037814101007e+02 1.320020433874139769e+02 1.472158510310864870e+02
-5.754405251913047155e-08 2.367288162583237235e-08 9.812578393999015702e+01 1.039068941717791432e+02 1.073271283120706556e+02 1.174038599277528618e+02 1.276450161901270803e+02 1.452492365479753289e+02
1.144125067426781059e-07 -1.357934610945722163e-07 9.532801917029510719e+01 1.042994936098384358e+02 1.061465717174119874e+02 1.134565026875438178e+02 1.250414124788596268e+02 1.408787365961780438e+02
1.185398706525721882e-07 -2.309044915506250917e-07 9.320208333333333428e+01 1.019516185374941841e+02 1.040874879430913893e+02 1.104283485357657213e+02 1.218173950224109490e+02 1.403056481867444916e+02
-1.557846602652122618e-07 7.804024417624982259e-08 8.762689307674789063e+01 9.978558027137367503e+01 1.012968857388316195e+02 1.093159377950897095e+02 1.193733754931538726e+02 1.366241258741258946e+02
-9.956084404900219654e-08 9.780023644455003685e-09 9.079807635086883977e+01 9.732447185092887310e+01 1.003559657752120557e+02 1.083688750568440184e+02 1.181039479822719898e+02 1.328767536516367329e+02
4.918486630344834600e-08 -4.848167635807962446e-08 9.106078951851010572e+01 9.609896788990826622e+01 9.802595078299776787e+01 1.067092614804660826e+02 1.161803840877914951e+02 1.313125387345766057e+02
-9.632729234973322032e-08 -1.206397690373967787e-07 8.781553575444119986e+01 9.631295300113249880e+01 9.674130279680365163e+01 1.036102066022905888e+02 1.135717045454545513e+02 1.280754853132605149e+02
1.259496806000973925e-10 -2.159523724763930875e-08 8.285545584672979658e+01 9.388629997803163008e+01 9.536229327453142446e+01 1.027247830347144486e+02 1.124101064122305331e+02 1.254033717785994071e+02
7.420666595597848353e-08 1.057039727855476287e-07 8.609502859656841167e+01 9.283727732905511232e+01 9.465951534015117375e+01 9.965012535426204465e+01 1.094067670416942377e+02 1.236415529528755286e+02
4.367896905245696576e-08 1.307785843401966838e-07 8.487031792064179569e+01 8.983085048754062996e+01 9.257575437856087319e+01 9.935496656600517440e+01 1.067010276172125884e+02 1.197323018341735548e+02
-4.913423164579712211e-08 -1.333771860631911760e-07 8.150637727759914242e+01 8.805488572027678629e+01 9.203685218383311906e+01 9.689591371918541540e+01 1.051317283095288815e+02 1.164092880085653121e+02
1.890656594354967894e-07 3.989223185298953604e-08 7.694820937690897722e+01 8.573852262837249327e+01 8.873223343685300790e+01 9.371576374207187143e+01 1.017557617597648090e+02 1.155002768257316177e+02
3.850672001395883039e-08 7.458567422258526237e-08 8.123212848712445577e+01 8.560368055555555600e+01 8.767349777448070824e+01 9.344775867442344008e+01 1.003894747132429615e+02 1.125134937620713060e+02
7.090864194072787846e-08 3.269000503416309714e-08 7.904183478170908472e+01 8.234117608236536512e+01 8.523250758341760047e+01 9.165473615916954486e+01 9.904819143956729022e+01 1.113938193343898462e+02
-2.151322503065325719e-07 -7.902286029434777470e-08 7.629079288995406216e+01 8.325434113911491352e+01 8.369990696370309990e+01 8.866716218987082243e+01 9.732659017713365301e+01 1.082556334123103312e+02
3.800758388273382561e-09 2.608485476148845428e-08 7.334231879729190950e+01 8.171186909310276292e+01 8.339096065047179707e+01 8.704851745339151137e+01 9.659810537892421678e+01 1.059146689354887059e+02
1.228069468374246606e-08 -2.016380572377164254e-07 7.585385422915416598e+01 7.946489403842345212e+01 8.255479443562785491e+01 8.741449626865671974e+01 9.314748739371168540e+01 1.050058404202101059e+02
-2.427804790988931592e-08 1.931737865775012577e-08 7.528937536628247074e+01 7.846504029088050913e+01 7.981575095969290601e+01 8.453038279265193466e+01 9.248513331702544349e+01 1.025514869439071504e+02
-1.272376120848243009e-07 9.935009597743057261e-08 6.983061532882011591e+01 7.757297002466324898e+01 7.942329656862744969e+01 8.356733149276466577e+01 9.106903775765748321e+01 9.937289393646808833e+01
-1.078725433775964344e-07 1.373070441362423121e-08 6.844990502223869555e+01 7.617685032094922803e+01 7.776328814036405390e+01 8.148304566790534409e+01 8.968719517914087191e+01 1.000878815745473673e+02
-1.262609089077434037e-07 1.233422181853782000e-08 7.307787746329211132e+01 7.570294334748108156e+01 7.602205003823361551e+01 7.988315367606412565e+01 8.632994103100628536e+01 9.736151222953904494e+01
1.405430146461023734e-07 -8.232813104871325505e-08 7.022480290166076600e+01 7.295767799962328581e+01 7.503042161791590559e+01 7.912930190263010388e+01 8.573937558247902757e+01 9.504539720383314716e+01
5.185792127536385146e-08 -1.766421000963898280e-07 6.688847770467836540e+01 7.205278096330275162e+01 7.359159462725413903e+01 7.784145748425342504e+01 8.394034510618651268e+01 9.455872941230444439e+01
-1.299431999506886520e-08 2.121238146736101654e-07 6.508261429345861870e+01 7.177134967672414234e+01 7.313287499999999852e+01 7.591639442141311633e+01 8.165705532528383515e+01 9.154213387891667253e+01
-5.208676802543057669e-09 -3.929054653132578006e-08 6.652667737731439956e+01 6.943562534084711046e+01 7.149758626854998056e+01 7.495543369208317586e+01 8.103261824324324891e+01 9.116053417160432559e+01
-1.835247931349063957e-07 8.310896398235518705e-08 6.630759279086366575e+01 6.926362564513257780e+01 7.046896910604732511e+01 7.337719811157310801e+01 7.940259632418069202e+01 8.830299069561364433e+01
-4.254789068612137323e-08 -1.210436556744671906e-07 6.260922127547434712e+01 6.751782804459691079e+01 6.889408047516970157e+01 7.284221311475410232e+01 7.778229568149964734e+01 8.657733276755016050e+01
1.833195159196585223e-07 1.420171275042655319e-07 6.180893894125568266e+01 6.724338403376121676e+01 6.682191444899352462e+01 7.044272476340694311e+01 7.699676963888413184e+01 8.371288986036799429e+01
-8.707537726872804322e-09 -4.107838752103038721e-08 6.312788621626358321e+01 6.535638095640418044e+01 6.670771772939346533e+01 6.997998565884932987e+01 7.471432742214533107e+01 8.415793426021284063e+01
2.195737021430050843e-08 9.182010344387227749e-08 6.123861462937776423e+01 6.472065470041322044e+01 6.445866666666665878e+01 6.843128408897221959e+01 7.390556800879716093e+01 8.243178268394613895e+01
-1.668267607020092519e-07 1.936199346084629361e-08 5.911131031338086927e+01 6.358687881160376065e+01 6.475585140306121446e+01 6.711445130086724475e+01 7.226747339979893070e+01 8.085227367152769773e+01
2.015418028400784846e-08 1.016673024448759348e-07 5.886925453047775392e+01 6.191609007292011313e+01 6.378161337209301962e+01 6.658870080538027025e+01 7.058258745278371293e+01 7.871352772860142011e+01
1.280320688724192226e-08 4.417839399569569633e-08 5.978142498353096101e+01 6.197826532284496892e+01 6.179096443876710509e+01 6.505870499181669686e+01 6.958856652130985765e+01 7.824084499794153658e+01
8.088757050464189259e-08 1.885685610656275254e-07 5.760009893113576851e+01 6.076102122835943931e+01 6.099255952380951840e+01 6.311651290400385506e+01 6.893385425117638476e+01 7.639289126987354450e+01
5.019741644577599956e-08 1.119589766663978731e-07 5.589256907842197819e+01 5.952521163404784232e+01 6.025989149942894585e+01 6.272874115471212519e+01 6.728515377298668909e+01 7.526967111572891156e+01
3.754469936793366510e-08 -4.720461768019630061e-08 5.439946406539173296e+01 5.872800832390495884e+01 5.873169932119716208e+01 6.138193178214682177e+01 6.570265062136228096e+01 7.374186358436229227e+01
1.486909428824684474e-08 -1.810904664269776557e-09 5.593308131184168275e+01 5.799442593297791149e+01 5.738704246553636779e+01 6.059984159887359567e+01 6.486286436295252145e+01 7.233571762232863023e+01
-6.140261019123878301e-08 -3.656514381362125647e-09 5.443938732339698561e+01 5.703513952750911642e+01 5.688958333333333428e+01 5.913166398959767633e+01 6.383702636718749801e+01 7.033377571656359351e+01
5.177253466970003537e-08 6.224467040782119783e-08 5.234076771354877877e+01 5.544961445418808665e+01 5.568513959684893422e+01 5.770720651505838816e+01 6.334577012501905813e+01 6.975250104606489288e+01
-1.044882301797798872e-07 -1.028270862489247381e-07 5.182680666265603975e+01 5.571170292573143712e+01 5.615458930437377916e+01 5.738712023881499391e+01 6.144514034627492549e+01 6.807648069556073267e+01
-8.297013056930911087e-08 6.162833868529832851e-08 5.334856453061836135e+01 5.417973235871864546e+01 5.485487224070154610e+01 5.635899731423455705e+01 6.067867196946795616e+01 6.702546487603306957e+01
-9.716704484807741493e-09 2.867870510218223336e-08 5.098647422950328689e+01 5.367515580946728448e+01 5.375150739580297454e+01 5.596191856145043886e+01 5.927181257344300747e+01 6.580591800422581628e+01
-1.047050171831736589e-10 -1.802500572265609426e-07 4.944069799270073418e+01 5.276709198596080341e+01 5.283254821958456660e+01 5.453459039135513819e+01 5.822095765686704283e+01 6.450341856025842446e+01
6.555212301695763909e-08 5.349220927413990118e-08 4.857051722316145259e+01 5.214198971806423089e+01 5.148660080874006439e+01 5.403647431682011160e+01 5.687853858312976740e+01 6.275723166481009230e+01
1.120682307069460941e-08 7.100731088178800085e-08 4.925767058041648028e+01 5.111226159977227468e+01 5.092366855783308921e+01 5.210291613452532999e+01 5.636393825410669933e+01 6.227732193680873962e+01
-5.282953777670160984e-08 6.621883343307376667e-08 4.730507513467536285e+01 5.031034191228820163e+01 5.078693742945823431e+01 5.199548203423398007e+01 5.491161410347270788e+01 6.086142930491130443e+01
3.386718655159150926e-08 -5.120813684647267601e-08 4.595484025837988185e+01 4.949080185367224516e+01 4.899750988979938171e+01 5.075196479374111647e+01 5.438963813475875497e+01 6.044752553716097765e+01
-5.320314805823914413e-08 1.667213450513210664e-08 4.703330024171270907e+01 4.863985592168757677e+01 4.883761826408885298e+01 4.987587448559671088e+01 5.300394027374532868e+01 5.865387923619473298e+01
6.262233200015432689e-09 4.174375196186043586e-08 4.700656258634982265e+01 4.819106105656202743e+01 4.711149047817625757e+01 4.861800146056474858e+01 5.302562240663900184e+01 5.817046555063640767e+01
-2.124902264977450262e-09 6.133844019820672647e-08 4.416176370329969814e+01 4.716529142052479529e+01 4.717200134770889974e+01 4.864461847592144039e+01 5.158839103869654252e+01 5.679116221730998859e+01
2.870845829277760174e-08 5.444721337772455845e-08 4.377804519659505189e+01 4.600066357000663686e+01 4.610096284703320890e+01 4.770406367860991281e+01 5.104508802580298266e+01 5.534283085131529845e+01
-7.286850806058175934e-08 -1.051798131652161085e-07 4.293504583279157316e+01 4.593479051129446589e+01 4.601778186274510318e+01 4.691345185334407830e+01 5.011114332096474300e+01 5.478964476433712605e+01
-5.516385771462323584e-08 3.856592318264137468e-08 4.431369901050080529e+01 4.506360615909383682e+01 4.454550962703648764e+01 4.613630743199271222e+01 4.897561722266348738e+01 5.390131687378449499e+01
4.990795975304552734e-09 -1.450023148810486004e-08 4.257042080826575869e+01 4.408983171466844908e+01 4.374181518791166212e+01 4.560191982632904484e+01 4.768910024947479087e+01 5.308236164715117411e+01
-2.847805246674269111e-08 5.801087248935872162e-08 4.189085658590025218e+01 4.385601072713257764e+01 4.351896585176561416e+01 4.423928365014128161e+01 4.720120040067209999e+01 5.288922182324017029e+01
-7.103395852251423600e-08 -9.638643181578669465e-09 4.083395557956278310e+01 4.255214838771348695e+01 4.210937700346198653e+01 4.353479786007175534e+01 4.623765195137556105e+01 5.172230156463232476e+01
-5.464453964693026686e-08 5.319210821496860464e-09 4.207635169599591762e+01 4.190020059388425011e+01 4.178266339661102791e+01 4.276258719086873583e+01 4.561017775593047929e+01 5.077226849349906246e+01
-7.212975637247193855e-08 3.164551588154572013e-08 4.004501103404791706e+01 4.173875079164028534e+01 4.087401262594850238e+01 4.196281778344106783e+01 4.508949291269442483e+01 4.921248074928497118e+01
-8.725144503923764436e-09 6.499050479469259286e-09 3.964946864543313865e+01 4.001403924221921926e+01 4.059597934918647866e+01 4.172398443372588162e+01 4.385570239125061676e+01 4.867188329741042452e+01
3.806908734357106841e-08 6.278013785372836320e-08 3.883150804128660383e+01 4.021430125575033543e+01 3.944661947304663840e+01 4.069509511204137198e+01 4.316021438155647871e+01 4.792393053044464324e+01
1.519165528479907289e-08 -6.617374628748369624e-08 3.975279862414009102e+01 3.969661724096530264e+01 3.871837170847373244e+01 4.007817429022082223e+01 4.281897908182155277e+01 4.701512271524588726e+01
1.965682263910057109e-08 9.024268566707613065e-08 3.830886871927089743e+01 3.956122169466763694e+01 3.845388535407093400e+01 3.951002111284140028e+01 4.179461227616872776e+01 4.689603715263189088e+01
-1.487471201499840747e-08 -5.573564504997843088e-08 3.700211751069900146e+01 3.904747998326959646e+01 3.793134881124788649e+01 3.847449025622518803e+01 4.096640540863946711e+01 4.582918761973179755e+01
-6.874857621114466688e-08 -3.588818880162848448e-08 3.647361070165094077e+01 3.776508544749823670e+01 3.680849406309074112e+01 3.778038020403349861e+01 4.065606559069987469e+01 4.534204374502227353e+01
-5.190736422363471713e-08 5.654952104685453041e-08 3.723878139000235876e+01 3.754436006122688951e+01 3.697161510706258269e+01 3.742487425429875003e+01 3.997048835705045633e+01 4.420205931532165522e+01
-1.896964658085170549e-08 9.466609639241020735e-08 3.556760144589551942e+01 3.710190833042872072e+01 3.568206117781589626e+01 3.687817759467041157e+01 3.923764896447992356e+01 4.342758117872377710e+01
-5.911543412714657682e-08 5.246567348399062226e-08 3.520476594887148991e+01 3.591427398629354428e+01 3.487710780323293136e+01 3.634734084956155442e+01 3.868950154958677956e+01 4.283415412610843021e+01
6.570110520238934853e-08 4.413198404330531638e-08 3.521581933474246284e+01 3.596891591643582586e+01 3.491508596392333885e+01 3.516817125620598006e+01 3.786074232033552533e+01 4.222501635474145587e+01
6.390753057010412582e-09 1.063256174999138516e-07 3.496355730369514703e+01 3.556442584792728923e+01 3.455160576812593121e+01 3.508056908520882189e+01 3.723481788548753002e+01 4.170814091011489211e+01
8.374589801221094428e-09 1.016885138087689173e-08 3.389365666443775638e+01 3.509709354875155185e+01 3.379513130596200199e+01 3.470755633255632944e+01 3.644548110253830231e+01 4.093688628334584934e+01
-3.346212824632270074e-09 4.003802972751155944e-08 3.357537352519572238e+01 3.423502883031301280e+01 3.336204379052090729e+01 3.361769018096514827e+01 3.581694995017163308e+01 4.031086854004271913e+01
6.086061332103899045e-08 5.904485505497942010e-08 3.282013403104163984e+01 3.377270467351674199e+01 3.296821434457751820e+01 3.325388165038002342e+01 3.529582738944365161e+01 3.975089753076269261e+01
6.485950166887459124e-08 9.826937644373487755e-08 3.304158035324901732e+01 3.306066693722943484e+01 3.240062533985862103e+01 3.265162963064445734e+01 3.474466711956522147e+01 3.895929703830388036e+01
-2.312789761148729621e-08 -9.397654066149450347e-08 3.201312791580774331e+01 3.208430914947047086e+01 3.203485910790598012e+01 3.216700797729949812e+01 3.412347396283492174e+01 3.811467831130293860e+01
-1.204483960277410187e-07 -3.012567217769599391e-08 3.223973583704646728e+01 3.143973027963272315e+01 3.132006993855110011e+01 3.149097170513774913e+01 3.403005661928503400e+01 3.804690866292523310e+01
1.190105248584106378e-08 -6.643331389393368487e-08 3.150117288750647759e+01 3.169583288278546718e+01 3.087224679722776344e+01 3.132287976382179195e+01 3.317815589503575779e+01 3.755311272688673796e+01
-4.015361325969155583e-08 4.384919914618595379e-08 3.165133578035925765e+01 3.110483393408856756e+01 3.056763784626770786e+01 3.073545865633074925e+01 3.278857560898450174e+01 3.677130506651273834e+01
-6.412126939622354207e-08 5.937453439526547073e-09 3.011313397376304124e+01 3.138020124122760990e+01 2.929512184207834835e+01 2.986966312610642404e+01 3.194353206724781913e+01 3.631656410786772682e+01
2.544976445446845095e-08 -5.447407311741291001e-08 3.051288307070500494e+01 3.096948612249078181e+01 2.916987121054276599e+01 2.962458303165080409e+01 3.160912882298424265e+01 3.575638210442509290e+01
8.871991586156085838e-08 3.612012908365204075e-08 2.904513747324431705e+01 3.019604662949822682e+01 2.895185303107488650e+01 2.900843143694421755e+01 3.092671100731112688e+01 3.547176670988736902e+01
-4.790021249524436861e-09 -1.298504229947048568e-08 2.970189493338715891e+01 2.918958269642311265e+01 2.863607578968614575e+01 2.854314524317189239e+01 3.056317183855592745e+01 3.490338170379014571e+01
5.173134395996490067e-08 5.767358965600927842e-08 2.831269552931678390e+01 2.842573588305967291e+01 2.799766679904686129e+01 2.823196550085059542e+01 2.999544121318022860e+01 3.442099667275410724e+01
-2.229636590837544766e-08 -1.413840052097781473e-07 2.840175726802070955e+01 2.868721087598425257e+01 2.738442470304006449e+01 2.800960458674386189e+01 2.961402529761904745e+01 3.387858556808844668e+01
-4.542714106897876567e-08 4.300045525134828283e-08 2.847256716273675892e+01 2.837595120859444719e+01 2.684050395592661076e+01 2.729583538385826813e+01 2.934486040609137092e+01 3.364689841747190258e+01
9.136510947871100283e-08 -3.193531158477928892e-08 2.793267107483127987e+01 2.810682148040638495e+01 2.660367249015747859e+01 2.694047734785144854e+01 2.866556340100029487e+01 3.285707445900119694e+01
-1.985416989127111028e-08 2.275908946338559391e-08 2.743197143271461869e+01 2.763111716323757605e+01 2.638641849904397674e+01 2.609531835881165307e+01 2.825400672017017811e+01 3.257234464229777871e+01
1.368312186947815207e-08 -1.281155225783700150e-08 2.753387158417733716e+01 2.684490740740740833e+01 2.572193703775788265e+01 2.613868769282684212e+01 2.752026880424300970e+01 3.194099559270880562e+01
-2.183527576979266953e-08 2.375711196971730643e-08 2.665779200868006527e+01 2.644459379441023117e+01 2.595466270778239348e+01 2.549562833079558644e+01 2.710869732481060623e+01 3.166223102388271471e+01
-1.408150356434746894e-08 -4.851923819497490662e-09 2.626544162880938771e+01 2.611717123935666862e+01 2.491903650254668889e+01 2.549078551976711182e+01 2.661240794939577015e+01 3.154259325044404960e+01
-1.447936162688957734e-07 -5.607809698886921988e-09 2.649211716991748133e+01 2.632821582598912258e+01 2.449435279187817116e+01 2.466911627036135712e+01 2.632700779003987890e+01 3.087659155686384338e+01
2.540269804765476075e-08 2.132686179731579753e-08 2.614603215046789586e+01 2.555331000458926027e+01 2.405861249647125177e+01 2.439979512927054373e+01 2.599957993418002999e+01 3.036824802282162494e+01
-1.996080479727063801e-08 4.221150275892167615e-08 2.567239432803468091e+01 2.533852320429104665e+01 2.387525788972521923e+01 2.393500017390094570e+01 2.560814137204616259e+01 3.017820971105153305e+01
-3.455477020697291775e-08 -1.749326171974452883e-08 2.522438172791388311e+01 2.484253537524628186e+01 2.352538936689058602e+01 2.356955235341946064e+01 2.509917920656634749e+01 2.992097701149425149e+01
-4.618117474620925660e-08 3.519976476321523383e-08 2.500058983563623372e+01 2.461005696958559241e+01 2.300176399982051478e+01 2.315519745136887408e+01 2.466404544213973793e+01 2.975783486217854801e+01
-6.006042859172174595e-08 1.551287943576473133e-08 2.435085442473932815e+01 2.408167834027839405e+01 2.273392480973090457e+01 2.290971749296286220e+01 2.450904811481282408e+01 2.935248381097492754e+01
5.923748395039408959e-08 2.785459066916120180e-08 2.438226511855074818e+01 2.420883471951866994e+01 2.274102970995327411e+01 2.259637790315512618e+01 2.423626847835708631e+01 2.858420150409201455e+01
-4.121725201161259541e-08 -6.175197437695108318e-08 2.394362399859142698e+01 2.341771935626102419e+01 2.221533715293080746e+01 2.204669785208148980e+01 2.355966962394067821e+01 2.836555978068624029e+01
-4.820255432845270369e-08 1.141933337254286283e-08 2.412501090750436461e+01 2.297451853197674509e+01 2.198248307438590388e+01 2.168202880689715073e+01 2.340930496206505751e+01 2.823521918076696835e+01
1.486015629390146096e-08 8.065267276151146070e-09 2.331365811222270779e+01 2.322234654731457582e+01 2.147266137676087183e+01 2.160802104888773911e+01 2.307453607578510102e+01 2.813042618867107336e+01
-3.719100289725429760e-08 -3.628075728903858252e-08 2.252245370370370381e+01 2.219097222222222143e+01 2.087108417181026709e+01 2.110444186147562462e+01 2.251862082586044878e+01 2.775781969953494510e+01
-6.096839967893419011e-09 -3.984120982632048500e-09 2.318124513870884229e+01 2.208205289672543969e+01 2.098650684562311497e+01 2.088024715266728037e+01 2.235082305624306898e+01 2.723264784230154589e+01
3.823419175766651425e-09 -3.949775993406343521e-09 2.265934761337531000e+01 2.195124509008624258e+01 2.062504984051036772e+01 2.042484801621160528e+01 2.218334083686440650e+01 2.705184134177590494e+01
-3.008865223232287382e-08 -4.247489769929343918e-08 2.278860861048595510e+01 2.188961291271108323e+01 2.039286316499451956e+01 1.999703647974163445e+01 2.161443943733153716e+01 2.697111986029196373e+01
-5.825204642647636991e-08 1.238463906143705871e-08 2.158782791294273551e+01 2.174278510034545064e+01 1.995010701877740189e+01 1.956693064182194419e+01 2.134537354423061117e+01 2.655539702233250665e+01
-2.857024141848835482e-09 4.654878966406781972e-08 2.239247828784118965e+01 2.173448583409830803e+01 1.966105460662525672e+01 1.974072172433822914e+01 2.143384730166625118e+01 2.649222005680758230e+01
-1.451323362406793894e-08 -7.756022936760775744e-08 2.210432117840955968e+01 2.141196071194225681e+01 1.890311990004079945e+01 1.931156706945572665e+01 2.083986928939195948e+01 2.636965592897127308e+01
-6.134809631757417714e-08 -9.315482056895246565e-08 2.190976205865718640e+01 2.071394153630164325e+01 1.954893078681031682e+01 1.861268603013228784e+01 2.047631056554853402e+01 2.623959788263395154e+01
1.734973914565372034e-08 4.881093014561402654e-08 2.092976502341827683e+01 2.054895858820651000e+01 1.859822779769016421e+01 1.883478838107499342e+01 2.014222194388777254e+01 2.584084470834929448e+01
-1.962407559579671663e-08 1.993225342900424110e-09 2.114223800170967849e+01 2.046639248348017759e+01 1.909574371310746344e+01 1.830509266624244447e+01 1.984009457566052959e+01 2.548923076923076891e+01
4.005233058333873264e-08 -2.754219931630826785e-08 2.087269987309644392e+01 1.976332301830497684e+01 1.811057106049878129e+01 1.841085923235691268e+01 1.984948684734954227e+01 2.562691211236267463e+01
-1.510361607293623772e-08 -1.000481778023283123e-07 2.136867045365815443e+01 1.948580537238169086e+01 1.804170854023803727e+01 1.794047911427223951e+01 1.953014233061480454e+01 2.508923684416295430e+01
4.437573350604778798e-08 2.440841549130625668e-08 1.987786654866568270e+01 1.965120865512130521e+01 1.797654366591492447e+01 1.742898516352397920e+01 1.916325968735381480e+01 2.540406429057006932e+01
