nan nan nan nan nan nan nan 0.000000000000000000e+00
3.384609216158795952e-13 nan nan nan 1.649126798661249005e-12 1.486772402241320901e-12 nan 9.245179491759736301e-13
2.778176560330747437e-13 nan nan 2.615697010840041719e-12 nan 3.026581589515853210e-12 2.111254964257125444e-12 1.140317296606981452e-12
2.337780305710496220e-13 nan 2.096117261244737864e-12 nan 1.062175954830157920e-12 8.144245911348435563e-13 1.478300410325446685e-12 2.360115792035544224e-12
3.278668930679443683e-13 1.942362358916168068e-12 nan 1.491843541062687351e-12 nan 2.704215902131027707e-12 1.360489990341144053e-12 9.527441602746450627e-13
2.883721512843399628e-13 1.684123673850734925e-12 1.555653919175067418e-12 nan 1.559454901070819620e-12 1.429110157759779349e-12 5.742210937500000000e+03 1.696715767045454413e+04
3.091795211778575192e-13 1.343905311109357521e-12 1.657219500517115307e-12 1.753262248924136735e-12 9.365473891201347989e-13 1.286048199357348043e-12 2.020136474609375000e+03 9.828506076388888687e+03
3.000894707785398719e-13 1.297765136095326406e-12 1.400860908754945302e-12 1.709944685845954382e-12 1.081434500030650657e-12 3.701136886285611559e-12 3.477689985795454504e+03 1.064211666666666679e+04
1.125532781011771924e-12 1.353772748664232728e-12 9.700773170862042605e-13 7.684728921584740178e-13 2.875316552313528791e-12 3.512335098691347315e-12 4.234451322115384755e+03 7.874198979591836178e+03
1.173640140386798657e-12 1.392130267900799945e-12 1.236533240996341022e-12 8.941863091985191581e-13 2.110225362506046471e-12 3.742782125892851752e-12 3.280533420138888687e+03 8.147400684931506476e+03
8.361591647834513314e-13 1.482028331075320844e-12 1.091979253232576930e-12 1.288084222617058572e-12 2.434439496395663867e-12 2.655002480493480640e-12 4.021307065217391028e+03 8.013481331168831275e+03
9.505056888962149282e-13 1.272679878150384525e-12 9.509451757784756523e-13 1.543570132822580538e-12 1.779466094677737640e-12 1.635882897397879373e-12 2.572020926339285779e+03 5.924586734693876679e+03
8.255114488161937872e-13 9.519769796310544875e-13 1.179502518383108051e-12 1.791237578683689281e-12 1.633278774572212099e-12 2.099969972687906568e-12 1.317867476851851734e+03 7.399697443181818016e+03
7.341557399323061503e-13 1.182522745036260665e-12 9.153871492505917031e-13 1.639027993787004607e-12 1.400170103317400917e-12 2.229324889674142893e-12 2.594487753378378329e+03 6.277046120689655254e+03
8.613096243688575353e-13 1.026797364065518391e-12 1.078794306972083794e-12 1.544307254538902729e-12 1.356573418413257619e-12 2.352964879815373462e-12 2.140505912162162076e+03 4.750731095679012469e+03
1.021604749153056440e-12 9.603458075065536348e-13 1.271200786478548393e-12 1.783341848036560609e-12 1.746301088483847896e-12 2.135853993667780060e-12 1.611173437500000091e+03 4.413515625000000000e+03
8.950053940308065192e-13 9.406270966530199857e-13 1.719377469618139829e-12 1.475602803212322884e-12 2.371371795509921111e-12 2.194564860804981991e-12 1.812466758578431381e+03 3.653450824873096280e+03
8.292582138210981340e-13 8.091564992445438392e-13 1.217120797151975575e-12 1.392657431870796199e-12 2.049519408353628336e-12 2.495862523389076332e-12 1.010615559895833371e+03 3.971621736947790851e+03
9.149508586082456232e-13 8.772072230307197145e-13 1.747457998408072902e-12 1.207714483975053099e-12 2.057408872898254800e-12 2.444720131800786756e-12 1.392251085069444343e+03 3.375422677865612513e+03
8.170302457676493602e-13 8.724338381356962205e-13 1.330723870216858020e-12 1.330388041447094268e-12 1.733248557598162515e-12 2.607913488336269437e-12 1.557952719155844306e+03 3.317353073770491847e+03
8.271478365971519789e-13 9.460002226013841664e-13 1.143933452236904712e-12 1.505515950001827951e-12 1.560815213756615053e-12 2.088646806013889175e-12 1.453432981927710898e+03 2.926393969648562233e+03
8.141277830458243741e-13 9.206908739674173632e-13 1.122320479373468567e-12 1.587032953884035897e-12 1.772005809412901415e-12 2.125074502672873120e-12 1.280824356617647027e+03 3.170410477453580825e+03
7.980682750960527792e-13 8.383482989224118487e-13 1.109758511501174219e-12 1.340091391575786047e-12 1.575207226560999194e-12 1.996137118032677462e-12 9.783277994791666288e+02 3.039233830845771081e+03
7.786426265659380237e-13 8.679928833127309305e-13 9.972539560909699616e-13 1.293538760953212697e-12 1.524437905507553417e-12 1.777620110858341043e-12 1.077358689692982352e+03 2.766923595505618323e+03
7.613502071976890745e-13 8.984515738598406525e-13 9.987065691575214854e-13 1.405880574198658070e-12 1.524300527070262606e-12 1.758807502066776824e-12 1.080862390350877149e+03 2.307966169724770680e+03
7.613419382415547700e-13 9.789276056437757490e-13 9.630019428196622784e-13 1.271740391405435734e-12 1.429922380826698996e-12 1.668178084901580907e-12 9.830790405273437500e+02 2.213713493530498909e+03
7.224751275631330069e-13 8.777272143867611558e-13 9.910047492407393103e-13 1.385232252671651441e-12 1.487619771635439776e-12 1.940282056378370983e-12 9.980358455882352473e+02 2.132046788990825917e+03
7.804798695865712606e-13 8.936275113988201291e-13 1.202463465985967997e-12 1.509286012793438126e-12 1.717847264831628509e-12 2.137033407377332852e-12 7.810566046779141516e+02 2.052341666666666697e+03
7.422832786928378999e-13 1.000962328896142599e-12 1.410344658519286493e-12 1.587619594023024958e-12 1.827255608726525156e-12 1.978656024395395293e-12 6.976800042229730252e+02 1.876489147909967869e+03
7.500562252953342543e-13 1.142754773787281210e-12 1.372871092902681509e-12 1.668938440540425391e-12 1.969604878693866705e-12 2.096721507282023972e-12 7.079060215643274887e+02 1.832292261055634754e+03
7.338884750584813706e-13 1.109272868441058157e-12 1.587291109361432631e-12 1.736230422718112024e-12 1.708055601718732455e-12 2.090422685900493440e-12 7.158779513888889596e+02 1.812228708791208874e+03
7.230384362394363450e-13 1.179537618372401218e-12 1.370261989683510840e-12 1.634484214640963273e-12 1.746167438285760346e-12 2.053917740492507320e-12 6.291713388480392268e+02 1.752175159235668616e+03
7.116718830408269535e-13 9.939732880034576778e-13 1.549280564279315338e-12 1.425193577070663247e-12 1.867280496892220624e-12 2.065684604289111986e-12 7.336822400990099595e+02 1.625869618696186990e+03
7.618152741636319250e-13 1.136418349604085404e-12 1.375272569935153649e-12 1.399982584640386274e-12 1.794406431353139471e-12 2.032219237735733108e-12 6.775431580396476647e+02 1.549132159221076790e+03
6.988102842387261246e-13 1.260926980689321223e-12 1.260112670107693883e-12 1.403571371566790939e-12 1.605283089918562179e-12 2.186657503518493581e-12 5.552140827922078188e+02 1.423503335112059858e+03
7.073590347341567076e-13 1.144073598484270135e-12 1.635848285534239568e-12 1.315490841575104440e-12 1.581300573836375655e-12 1.977875511602968553e-12 5.493866421568627629e+02 1.315213390170511502e+03
6.960880360836466611e-13 1.066200465107660734e-12 1.440358497155942095e-12 1.191300837267199813e-12 1.745927274661337652e-12 2.014543070701970925e-12 5.322925583657587367e+02 1.308660975609756179e+03
7.403379435397310097e-13 9.780729929668534296e-13 1.393919625072079791e-12 1.310917398508863306e-12 1.473287531101815586e-12 1.888082547450510633e-12 5.431828482824427056e+02 1.320493688007213677e+03
6.925123260784695138e-13 9.330232882594677976e-13 1.313287278140289811e-12 1.397488892612943417e-12 1.437463721734096612e-12 1.818997943722968853e-12 4.672901254251700607e+02 1.240517872161480227e+03
7.565950789855055438e-13 8.964848235105155926e-13 1.355340147915666662e-12 1.357955459986973002e-12 1.392776230936916474e-12 1.798950054177249322e-12 4.209853766025640880e+02 1.132082154405820575e+03
7.277559413833408489e-13 9.045604155290118821e-13 1.284240446341452495e-12 1.315181603704495628e-12 1.377278660306536331e-12 1.713324474984570509e-12 4.847218269230769465e+02 1.158030906593406598e+03
7.596091850549074913e-13 8.513035664244443702e-13 1.249820908062652351e-12 1.254412796568546549e-12 1.505615588137602648e-12 1.717960828368808311e-12 4.639612165178571104e+02 1.129092050604229598e+03
7.502238923335995471e-13 8.569540426110454125e-13 1.195543824504452937e-12 1.461008406515217349e-12 1.556430397586923808e-12 1.628780681079093542e-12 4.720644203910614465e+02 1.032035939691444582e+03
7.657471569604393140e-13 9.442301591773851153e-13 1.220064942268996908e-12 1.597084063438826386e-12 1.496571688293756860e-12 1.571854074567152644e-12 4.289860663659793545e+02 9.959729729729730252e+02
7.242909737952079986e-13 1.059922020387381349e-12 1.176394416053996972e-12 1.379710214690438185e-12 1.389931842461007006e-12 1.581683564609886335e-12 4.077267278439153415e+02 9.941467008327994108e+02
7.165512254268118791e-13 1.078957925081568261e-12 1.176385023456887655e-12 1.388767835862391113e-12 1.394913914786871057e-12 1.568775463196269498e-12 3.551022119017632122e+02 9.322138278388277968e+02
7.611869037084376283e-13 1.180151577784206815e-12 1.140255866666531833e-12 1.431855424117138888e-12 1.494997050422770582e-12 1.601345763905215086e-12 3.729384932762836229e+02 9.056820330969267161e+02
7.265940722652627071e-13 9.786288446278490402e-13 1.113400243269967684e-12 1.412345377456534660e-12 1.518153345779170029e-12 1.518916745692657188e-12 3.759337830396476079e+02 8.912540836101882178e+02
7.461448936608467392e-13 9.966834957161151648e-13 1.201705889864390147e-12 1.336348442618603488e-12 1.480165024364302307e-12 1.548150377309729635e-12 3.572093199339207104e+02 8.720399725274725142e+02
7.410251584549864952e-13 9.778481535797257424e-13 1.007524410376833208e-12 1.323492885843113510e-12 1.485611898050229732e-12 1.507867979677522751e-12 3.773450466804979442e+02 8.290921122286924856e+02
7.527907333951255886e-13 1.031408292107016718e-12 9.921832788826829949e-13 1.311768092942787321e-12 1.413944433235394488e-12 1.561511690925722303e-12 3.168020521457085579e+02 8.144988844819037013e+02
7.565117310267901426e-13 1.004070283706760693e-12 1.020312025234869694e-12 1.273757302961921398e-12 1.392819893639456132e-12 1.583649503548281242e-12 3.232522737873134133e+02 7.907375177472787300e+02
7.100076567620021617e-13 1.062722151791274529e-12 9.880615590939976218e-13 1.118760735393405434e-12 1.422429618968107505e-12 1.581256493265160549e-12 3.144492113935969542e+02 7.666711931290622033e+02
7.351291110524991689e-13 1.001519574343619375e-12 1.016014274347152623e-12 1.141038574487308507e-12 1.513122497668699030e-12 1.640921818092992693e-12 3.202542410714285666e+02 7.232821444543827738e+02
7.340668453986472134e-13 1.008766449212696241e-12 1.130924527625421765e-12 1.179360401980604575e-12 1.586116144836734890e-12 1.682525463982193665e-12 2.813159305317324197e+02 7.277985900216918935e+02
7.046961768741166480e-13 9.229010052572980535e-13 1.282041606245687772e-12 1.299183693959093967e-12 1.513851590074475826e-12 1.659318415359367421e-12 2.590389093137255259e+02 6.791171026156941934e+02
7.448983698941841063e-13 9.439830125153837264e-13 1.353992275834523729e-12 1.364694423040983514e-12 1.531737108468104644e-12 1.696656637619073457e-12 3.016009576612902947e+02 6.784385463454472074e+02
7.335277467877387234e-13 9.453782413662905991e-13 1.286857448696759955e-12 1.535558304714345659e-12 1.489769268908497180e-12 1.772657499110298803e-12 2.897823430047694728e+02 6.661667460015232791e+02
7.181403246645684604e-13 1.021132109165857215e-12 1.235850572976149917e-12 1.358368831928134751e-12 1.480917528013756932e-12 1.734821277545977917e-12 2.776080331149927360e+02 6.478386518126887950e+02
7.281390990352339179e-13 1.048588224797150780e-12 1.191122275887099486e-12 1.430830092089600444e-12 1.505286019288910860e-12 1.703892698403550370e-12 2.572939189189189051e+02 6.002824007220216345e+02
7.616620603439105033e-13 1.268677201788547653e-12 1.192992059566086624e-12 1.412032197516716812e-12 1.512404571314504367e-12 1.789560897130489669e-12 2.541977036318758678e+02 6.089796551724137998e+02
8.754665557850204275e-13 1.407775499987528993e-12 1.302787447328284864e-12 1.339137613059463205e-12 1.611479943776817013e-12 1.792081496154515922e-12 2.418818664965986329e+02 6.054776860895924528e+02
8.536752667769048891e-13 1.254160297627172385e-12 1.400744589496246291e-12 1.235970959896444159e-12 1.531892312910551559e-12 1.720666852243945089e-12 2.346082981144343478e+02 5.760037112561174126e+02
8.713454794297054904e-13 1.329447441300244328e-12 1.429582864631060091e-12 1.360445117810225216e-12 1.501261414317568054e-12 1.690136837972840649e-12 2.314056482919254734e+02 5.853719145325517275e+02
7.475018786713395360e-13 1.355783637242525680e-12 1.262811014447649791e-12 1.254177334838041600e-12 1.572856768575269180e-12 1.715744341145868623e-12 2.269941869538077412e+02 5.734920659614188025e+02
8.544002114454657830e-13 1.061689248868754442e-12 1.337237096122851399e-12 1.318517340852975197e-12 1.517163733655665084e-12 1.745566696526581484e-12 2.359075475146198926e+02 5.496714285714285779e+02
7.862837906022237808e-13 1.152827124972682847e-12 1.303807881119520805e-12 1.303386240009021775e-12 1.451780507610504898e-12 1.714341837695309130e-12 2.134549381399317269e+02 5.509653164371520688e+02
7.974085193057068272e-13 1.141674944171023570e-12 1.187118215870514087e-12 1.419034715956941419e-12 1.483341257121885460e-12 1.699255287957196898e-12 2.161700020810210958e+02 5.276675606018389999e+02
7.514874760835555279e-13 1.109229862773002148e-12 1.090266411978455866e-12 1.385796665666613895e-12 1.487186653476461524e-12 1.729006116219713174e-12 2.065888066924778741e+02 5.077993981606708189e+02
7.465935478541227255e-13 1.158048952840064955e-12 1.099710048486884908e-12 1.306642391462757701e-12 1.481033453058405574e-12 1.673285813950480629e-12 2.055559454449152668e+02 4.920466832071036833e+02
7.176887925560491546e-13 1.079727262372467894e-12 1.086326996010786758e-12 1.259392499398003333e-12 1.509948909815502272e-12 1.637662874835416054e-12 2.045987090270551789e+02 4.794572663252240545e+02
7.322275198989630418e-13 1.107057448595860983e-12 1.131533562260419094e-12 1.208726704635727305e-12 1.440457677624834495e-12 1.668400349609731744e-12 1.922349865459882494e+02 4.765916834297208879e+02
7.353221148007675820e-13 1.053305879172060836e-12 1.194511069063138286e-12 1.224458519074058272e-12 1.458410908890362293e-12 1.727840416590060649e-12 1.901452861744301117e+02 4.623236797274275887e+02
7.574325743871100640e-13 9.721417405961428176e-13 1.136775752895248768e-12 1.094792912729659233e-12 1.454422711332024133e-12 1.729126826360966269e-12 1.877939986123959386e+02 4.704756549965221097e+02
7.076623800269785243e-13 9.449976986541716880e-13 1.126662299367133809e-12 1.136893906408705030e-12 1.390312165048685231e-12 1.644854463182447386e-12 1.860654076332429838e+02 4.691011376896149727e+02
7.433418327287570900e-13 9.313613840795259488e-13 1.169585186233686766e-12 1.155349336646888346e-12 1.321128203056342513e-12 1.607528858763166010e-12 1.755388140459363910e+02 4.295893812709030044e+02
7.284792005460799467e-13 9.474482937083808511e-13 1.091158476705025124e-12 1.129662390875678258e-12 1.275837181532355288e-12 1.610103515470520674e-12 1.862587985436893234e+02 4.294091572912159336e+02
7.540213533459402503e-13 9.140529654885746962e-13 1.117455143525843132e-12 1.113672983619762942e-12 1.287058426640542977e-12 1.615616082354081237e-12 1.741641094420600666e+02 4.205964444209636213e+02
7.214692723756129361e-13 8.902760325636724204e-13 1.094968177116708017e-12 1.125312551811705716e-12 1.222139333943233935e-12 1.611432203124039221e-12 1.724263595947063550e+02 4.149405827263267383e+02
7.385377210074494991e-13 8.763709645191196843e-13 1.020899209279867434e-12 1.137907177098321874e-12 1.282281159560517091e-12 1.614317051542930591e-12 1.660450889288568987e+02 4.109716924312386936e+02
7.506096937481949796e-13 8.411177022700063899e-13 1.015462157050418643e-12 1.172152082174177029e-12 1.255476338881255837e-12 1.578025616868594042e-12 1.698017789231384995e+02 4.087478230754007313e+02
7.460899840992140212e-13 8.644764128581160090e-13 9.698563402638404210e-13 1.149621288434583471e-12 1.320892346726841250e-12 1.577145566124659463e-12 1.673441400340393272e+02 3.930743423560808196e+02
7.452372657712650606e-13 8.363643708761587934e-13 9.705402319294779364e-13 1.135438618869123567e-12 1.244780444962590562e-12 1.584405866579190447e-12 1.675185262863534490e+02 3.853583271236959717e+02
7.339030816758219110e-13 8.309938642159893962e-13 9.388926444251229272e-13 1.177943530830478213e-12 1.262127923661270589e-12 1.587447888581218824e-12 1.524209160649819523e+02 3.841985833486154434e+02
7.413801882924861057e-13 8.433173379249800574e-13 9.674410272460919763e-13 1.143000544348699825e-12 1.281656108974825821e-12 1.539134074947954119e-12 1.619453859363702009e+02 3.726678461954562067e+02
7.546023819158677683e-13 8.678150542528818726e-13 9.630051289175497632e-13 1.136538710564475102e-12 1.259784122352632550e-12 1.527843741188417958e-12 1.494120863652113655e+02 3.625320844099913984e+02
7.353478907753454138e-13 8.524430038756946460e-13 9.945437528158838236e-13 1.132265984474700089e-12 1.253212602185622371e-12 1.490217500093659076e-12 1.487004149728997220e+02 3.656884667114996432e+02
7.226127875083045028e-13 8.911810716615174855e-13 9.836432600531233129e-13 1.126219861541520967e-12 1.245863054109760690e-12 1.511555417390069689e-12 1.479733876992031867e+02 3.500008354218880413e+02
7.556287453221738480e-13 8.761913000424755717e-13 1.014983784154491386e-12 1.123963902185230857e-12 1.246262998776891788e-12 1.446222127401928820e-12 1.473701126573890008e+02 3.414306058610470700e+02
7.644647721652767652e-13 9.339005330542198491e-13 9.734545935775515057e-13 1.113857075123523541e-12 1.246128652700072909e-12 1.448785709348593002e-12 1.405481836429470945e+02 3.321434400502197377e+02
7.411261507196518711e-13 9.427374039386342124e-13 9.773735726139027572e-13 1.099722866425022009e-12 1.277005821183269142e-12 1.460838866437544721e-12 1.373154660359801369e+02 3.339489036805011892e+02
7.744057569408243546e-13 9.631598490757488760e-13 9.659454522797636254e-13 1.102920477445708298e-12 1.218745521907594846e-12 1.447130294384247886e-12 1.401321929039952181e+02 3.252627566656450995e+02
7.900482744548985432e-13 9.335893624144147753e-13 9.282878936154965869e-13 1.089675328526944838e-12 1.226435205465472132e-12 1.429025440878910434e-12 1.392760858853850721e+02 3.288780307510349417e+02
8.202988946564740491e-13 9.077337981233743577e-13 9.437020722758259483e-13 1.087765661565597352e-12 1.192829115666619213e-12 1.435342574579150147e-12 1.343226415786384962e+02 3.181945329471397486e+02
8.093795033522201594e-13 8.686770891271721308e-13 9.310456987925191606e-13 1.096571319726497816e-12 1.207152449668358293e-12 1.367576145607815455e-12 1.342822528653294967e+02 3.065543818466353514e+02
8.159870711937781587e-13 8.906692637311892339e-13 9.393365766005227492e-13 1.086615849616114582e-12 1.206428134023208096e-12 1.413325043503502968e-12 1.240534128745837990e+02 3.038864962489579966e+02
7.580114633158221811e-13 9.037018594206182630e-13 9.222845930191402989e-13 1.062735249140392189e-12 1.239123865243780390e-12 1.412336766220712484e-12 1.306982147771051075e+02 3.062684927697441708e+02
7.743300531571025481e-13 8.731321803873730861e-13 9.211405332653566522e-13 1.084719546683636620e-12 1.192386857408075813e-12 1.417791731970091369e-12 1.287222333333333495e+02 2.930756477379513854e+02
8.065852201702536282e-13 8.928625830091774587e-13 9.025407783975776750e-13 1.109063347719912828e-12 1.207359389192401099e-12 1.422201254532269042e-12 1.278548840306652892e+02 2.928895567975044969e+02
7.780263924665474967e-13 8.768065978243394283e-13 9.047871135973105922e-13 1.056831925019289052e-12 1.197122679044449503e-12 1.417680177146113004e-12 1.238432095379452846e+02 2.841002321981424075e+02
7.812086013831642855e-13 9.123995778525715070e-13 8.846121681580319548e-13 1.022167233697216561e-12 1.152599052927520034e-12 1.443287391203791372e-12 1.211310504308160176e+02 2.908921686746987803e+02
7.567526667404925425e-13 8.891696635569358275e-13 9.047509429943279968e-13 1.024516658236124920e-12 1.168765805227873030e-12 1.408180365157210656e-12 1.179877110228401165e+02 2.757333476711318667e+02
7.514804440308869873e-13 8.980517110622368809e-13 9.062056860881441263e-13 1.021687572396718497e-12 1.164202374049406893e-12 1.444581967040278274e-12 1.174436541504381779e+02 2.765334686212745510e+02
7.604707856348214561e-13 9.009177091403653045e-13 9.118075703524022660e-13 1.020413028482502899e-12 1.188459729150974279e-12 1.415251687426704868e-12 1.128519771919431349e+02 2.712401593252108682e+02
7.607846054102653151e-13 8.976414352250584573e-13 9.134721057435345860e-13 1.012763152141988254e-12 1.188552243482957686e-12 1.383275297551242516e-12 1.175864382068803025e+02 2.678764323685765021e+02
7.472261426095591961e-13 8.903710457756726949e-13 9.126789767978844513e-13 9.855452865007554015e-13 1.202078472749183989e-12 1.414240436303750917e-12 1.135224007534862807e+02 2.652768492993337759e+02
7.435123184090480615e-13 8.833732388811486307e-13 9.138981526260538003e-13 1.015803241590634740e-12 1.224944500076916691e-12 1.384289170365146156e-12 1.110602072010869534e+02 2.618707168620378525e+02
7.577468578333173764e-13 8.815081677184373158e-13 9.101852154852035955e-13 1.005611226611333388e-12 1.210835753448590784e-12 1.394408101816603964e-12 1.104791350736568347e+02 2.626923476643693220e+02
7.370854262351934345e-13 8.892451484894014928e-13 8.938574704823869578e-13 1.041394605877234674e-12 1.158122711704826054e-12 1.413511867462245152e-12 1.110774531804078009e+02 2.574466380621333883e+02
7.475983413369066697e-13 8.491682067124986526e-13 9.248350591163172376e-13 1.059100294408527420e-12 1.194155158165721686e-12 1.431149807195414232e-12 1.070888717258132630e+02 2.560410114747131161e+02
7.776332014125110814e-13 8.557475919932146786e-13 9.432902955311469299e-13 1.079099328840650203e-12 1.216699652035324603e-12 1.419686845732856515e-12 1.079154338604943462e+02 2.455800983572250686e+02
7.658318423864329816e-13 8.202938598502552859e-13 9.662696050430974989e-13 1.060334350415828574e-12 1.209162453293214904e-12 1.407637772519435568e-12 9.962013663145062026e+01 2.439965743073047975e+02
7.384193235042284552e-13 8.481607477913763904e-13 1.013719105967472721e-12 1.036169072855864536e-12 1.203223152527291224e-12 1.413406709177799164e-12 1.040546780226445520e+02 2.355120158182924399e+02
7.597637843713453898e-13 8.183469340397642450e-13 1.009823629379332164e-12 1.048020526818932717e-12 1.230600136701739312e-12 1.436197351645536044e-12 1.052728517166535056e+02 2.395053550178500643e+02
7.732650539000672926e-13 8.395647732584166980e-13 1.022469149949594185e-12 1.074410197189432915e-12 1.191139956472316388e-12 1.393668330736022869e-12 1.040106946055684460e+02 2.366848100650927620e+02
7.656625264984388252e-13 8.295452313289257816e-13 1.013280751038530640e-12 1.070890326179159372e-12 1.188497154982787785e-12 1.412298973496651707e-12 1.030999383535660172e+02 2.294685545023696704e+02
7.628546508886121867e-13 9.006917943383370551e-13 9.950923285233466205e-13 1.075976926835143474e-12 1.199141542581883004e-12 1.407372943409093518e-12 9.970550207625518624e+01 2.301358870967741836e+02
7.466539824230013100e-13 8.954946215801118246e-13 1.007496836393680555e-12 1.071816366457311710e-12 1.181822938993770840e-12 1.416366880225876053e-12 1.002691898148148084e+02 2.260701026675222352e+02
7.270069381450886937e-13 9.542243270951273426e-13 1.006091277928397826e-12 1.074403438845299115e-12 1.217945522962626603e-12 1.385730167435534771e-12 9.866319191551347956e+01 2.276794235497677903e+02
7.610936198249983605e-13 9.073254907230394355e-13 1.030175468059114325e-12 1.088979308215337185e-12 1.225188234124737115e-12 1.417006829334306071e-12 9.594844809133071806e+01 2.180558774102246389e+02
7.622295948004028963e-13 9.490248742805991595e-13 1.025776020806935268e-12 1.068259452906149660e-12 1.195717272471940683e-12 1.408935128080613124e-12 9.904421426068674350e+01 2.141253076652602090e+02
7.774519768731964538e-13 9.366697483270964223e-13 1.045591625528057401e-12 1.064379836722118485e-12 1.192454172908005321e-12 1.420992248989056522e-12 9.653484665747760118e+01 2.132834505513588681e+02
7.985584149022647494e-13 9.476689165200601320e-13 1.045900949664067493e-12 1.080714519230323880e-12 1.213761607275305706e-12 1.379818375089105833e-12 9.501741596638655096e+01 2.144336047403870680e+02
8.517713418661417779e-13 9.744968658798532620e-13 1.027084323496424727e-12 1.085134718059933399e-12 1.227975950642474038e-12 1.390992490531336575e-12 9.324557871139157328e+01 2.117402592007975386e+02
8.472607411752450369e-13 9.577763752167927212e-13 1.029025720287596544e-12 1.094532015017066309e-12 1.202304572200467652e-12 1.357038035752256949e-12 9.331337006960556835e+01 2.060669806704184168e+02
9.356909055439435319e-13 9.688826034030994907e-13 9.997470611873237173e-13 1.118921415614404527e-12 1.214913555774721683e-12 1.377443119474104152e-12 9.473812821130378836e+01 2.045356045289122733e+02
8.913762116875889024e-13 9.892075831430918909e-13 1.026089448070620415e-12 1.110986494035238058e-12 1.223009744479463349e-12 1.361888904976645860e-12 9.166911045943304259e+01 2.032099951946179601e+02
8.761057376647697464e-13 9.622707331148420539e-13 1.012988864633063386e-12 1.091077632407409730e-12 1.194734530375740461e-12 1.349095740064886282e-12 9.236281192236599225e+01 2.040021404109589014e+02
8.190308838492687619e-13 9.801492674081920802e-13 1.007133977001712301e-12 1.086032888702328042e-12 1.236201981528044420e-12 1.357278706604206684e-12 9.140422788371365925e+01 2.009479401039646120e+02
8.743011637356758469e-13 9.273850657599259902e-13 1.006997830694702316e-12 1.091496679972356179e-12 1.219111675452337336e-12 1.339383290619113482e-12 9.022510132092465085e+01 1.991128279993932892e+02
8.615073294510369670e-13 9.332048491116917042e-13 9.881873626576101630e-13 1.098394947243276577e-12 1.203202374777100392e-12 1.332347589476595626e-12 8.977558435720708019e+01 1.973071919856459147e+02
8.609255437235329470e-13 9.272357351021950111e-13 1.020224914013823196e-12 1.111787726469220140e-12 1.202693624446781839e-12 1.345396694588030302e-12 8.896665084696260806e+01 1.918048360837711925e+02
8.707790070408645193e-13 9.547813461626045985e-13 9.781426470072236128e-13 1.100509767623869317e-12 1.199899047799519456e-12 1.329587935909032812e-12 8.614256393490265395e+01 1.908798177364743083e+02
8.389283616193710239e-13 9.530440169408865743e-13 9.683657985071355320e-13 1.108334061759037524e-12 1.215518841533862973e-12 1.330272782316050962e-12 8.445414644590351827e+01 1.898390503668875056e+02
7.843713034398976870e-13 9.623900833941048040e-13 9.389819151888089411e-13 1.113041646891486171e-12 1.215604131853504545e-12 1.306908175885542374e-12 8.554283129965946841e+01 1.849474472886256251e+02
7.956844077559075662e-13 9.468642552080037526e-13 9.621833291972846166e-13 1.109577009565108757e-12 1.195422723610024487e-12 1.313953151804525476e-12 8.368593186858885247e+01 1.851608219557834900e+02
7.916161124270668341e-13 9.508000058955857740e-13 9.613051901710969788e-13 1.111659812429986132e-12 1.233831230103425594e-12 1.316537977553781205e-12 8.502195899616017982e+01 1.841410238954319709e+02
7.832386015937213762e-13 9.204679052822760474e-13 9.538522794733355210e-13 1.116765044298392739e-12 1.227913804933330758e-12 1.335668458758290528e-12 8.533852348993288217e+01 1.819947948457104303e+02
7.872570245757651142e-13 9.399341313082317949e-13 9.835386241201232583e-13 1.097791509523691242e-12 1.224241436216203233e-12 1.300414919779979330e-12 8.238420478582760609e+01 1.772082806994215787e+02
7.847703444481176106e-13 9.351914321242602300e-13 9.856544240808497426e-13 1.086594502867454602e-12 1.200379468660723136e-12 1.324859316105286166e-12 8.198390791525864074e+01 1.800225647753361784e+02
7.721218881541819517e-13 9.381995013038712034e-13 9.595141074638418737e-13 1.091833997253917775e-12 1.220093342574439445e-12 1.317965685323035739e-12 8.190165082052618573e+01 1.760758466679519358e+02
8.006232595471832575e-13 9.167976504019275319e-13 9.967526507986694213e-13 1.098017303465908836e-12 1.198257813997527634e-12 1.321250980775990986e-12 8.179661098310292289e+01 1.764737751156746981e+02
7.847489194549222126e-13 9.155975289203898393e-13 9.668177369803742881e-13 1.077027658402506279e-12 1.203225605507520180e-12 1.309871039804971840e-12 8.216712707182321651e+01 1.723225821655250627e+02
7.816708272815458952e-13 8.967758910892528896e-13 9.947156713036212074e-13 1.080898612549160272e-12 1.231059112870172109e-12 1.300625596217958146e-12 7.909937315634218180e+01 1.712952139119729225e+02
7.762694785820277745e-13 8.809362784798538717e-13 1.023605095312497641e-12 1.082614952014566270e-12 1.222263049685613638e-12 1.307536485107870098e-12 7.851659488025416067e+01 1.717411592255542701e+02
7.879100738223315568e-13 8.728591730339258857e-13 1.023852507371835794e-12 1.072491611903813339e-12 1.216462389113459419e-12 1.331571242871502747e-12 8.097351413384875229e+01 1.647197328221409975e+02
7.932824297510643342e-13 8.681515017230394798e-13 1.009222020374704265e-12 1.072887987632822603e-12 1.205709593736283753e-12 1.313683466164004290e-12 7.861133227176220828e+01 1.683617727624605607e+02
8.074375151747745595e-13 8.693832093468464879e-13 1.007602311513737359e-12 1.067080568425685684e-12 1.153088977235228919e-12 1.316423415559852672e-12 7.858860814574147469e+01 1.644322442263618882e+02
7.977219798039965950e-13 8.933074138027493630e-13 1.004562562891518536e-12 1.064373781680881329e-12 1.177027268194741001e-12 1.316614444167978364e-12 7.945059190576161257e+01 1.635982044916575262e+02
8.125243216839151454e-13 9.123132117379873395e-13 1.004810689444283011e-12 1.042385953292798869e-12 1.125033648145697538e-12 1.298323264449105640e-12 7.632446702103337088e+01 1.626791086821792760e+02
8.125355110049057009e-13 9.090974219662786130e-13 9.981409797081932842e-13 1.032347983366262620e-12 1.145296541521638843e-12 1.302582963516698054e-12 7.635701704545454049e+01 1.599106485935819819e+02
8.119597115690063437e-13 9.078957464240812170e-13 9.957242889471045929e-13 1.037163130228386894e-12 1.122221854828494661e-12 1.283207160039701840e-12 7.659344753629564195e+01 1.593050880194249714e+02
8.089601318106145852e-13 8.974697168181318477e-13 9.661822107395610339e-13 1.031923974609986140e-12 1.112286291923388288e-12 1.303075081164295248e-12 7.873512298698433653e+01 1.559219656372576139e+02
8.157264248723899774e-13 8.852740801076470713e-13 9.679034099215339369e-13 1.041382364956706731e-12 1.095137110816985596e-12 1.278659950426119687e-12 7.714957985442089239e+01 1.580449962458436062e+02
8.337302174808311466e-13 8.875556328538768625e-13 9.884757535538246031e-13 1.019842443062000019e-12 1.102860523461592804e-12 1.316042713653249985e-12 7.673990087401406868e+01 1.574572805139186187e+02
8.328990441122552963e-13 8.785529371763238900e-13 9.599092714614534963e-13 1.028839908539109085e-12 1.090793064338954769e-12 1.283220182685130254e-12 7.447205087148257974e+01 1.559756261534405439e+02
8.598499961108978815e-13 8.755854411581836405e-13 9.587826955832356197e-13 1.025317025446475801e-12 1.095632275028446600e-12 1.315172824628654222e-12 7.498348540145985908e+01 1.546083285483113059e+02
8.594575766722156528e-13 8.797007611743728041e-13 9.375329673231946689e-13 1.031449570832145440e-12 1.087591088978176839e-12 1.302019486866327595e-12 7.625414759725400415e+01 1.532934282500894483e+02
9.662200020603947201e-13 8.658636259324621460e-13 9.246591908369034956e-13 1.038096556302761259e-12 1.089795102085108319e-12 1.320279042041545442e-12 7.471110104669887164e+01 1.535200257095326890e+02
9.215766987122020765e-13 8.833355043960648735e-13 9.194922800061478102e-13 1.022892743093045186e-12 1.078679228073586224e-12 1.304932097853990745e-12 7.410180463907218495e+01 1.505990440918872935e+02
8.455913854773931809e-13 8.832739918101330394e-13 9.389626537689097071e-13 1.014578839287016923e-12 1.105604355889981094e-12 1.291159639127790387e-12 7.497904513545580585e+01 1.498966358179089582e+02
8.931120257777889593e-13 8.659189825516571750e-13 9.255042956319143497e-13 1.021285955874354859e-12 1.085870740733459231e-12 1.287663437757645307e-12 7.405192636986301125e+01 1.465356020309477856e+02
8.940756165344030486e-13 8.561866086030644617e-13 9.160750387359811404e-13 1.029047291527968909e-12 1.106950087148561627e-12 1.295624181690507277e-12 7.354157435946831356e+01 1.459218523703775361e+02
9.136720043470815328e-13 8.385290210959804471e-13 9.259247680418007993e-13 1.005765830903705644e-12 1.090337928157526305e-12 1.297832519680908551e-12 7.328639092102794450e+01 1.454950795394831005e+02
8.882851650767417019e-13 8.281758894072160203e-13 9.326515174102026145e-13 1.003889596167213848e-12 1.082261279893465606e-12 1.308417739569631438e-12 7.290083460148373717e+01 1.451168861712135367e+02
8.929712818838496750e-13 8.218008895513292597e-13 9.118803864645449315e-13 9.980929667650059784e-13 1.071394689400054084e-12 1.311533691656688272e-12 7.408305568499534388e+01 1.439142863756307520e+02
8.990126020837372411e-13 7.995941555430573444e-13 9.276070003085107091e-13 1.015268929070379049e-12 1.098307332585885245e-12 1.316473750645297901e-12 7.235866805170820726e+01 1.421976648162591346e+02
8.962079562198137709e-13 8.212421814199531925e-13 9.286295380415094540e-13 1.011803189125357814e-12 1.085823229309632757e-12 1.320904052643849650e-12 7.168940349612543628e+01 1.429723854953203386e+02
8.809317915149778657e-13 8.145470987627518081e-13 9.282808807687964256e-13 1.014130789888305387e-12 1.097948122549783700e-12 1.331664763461223176e-12 7.402130067567567551e+01 1.390073612555972602e+02
8.790608223276090199e-13 8.190151271725464507e-13 9.279366077180222747e-13 1.003735189919525881e-12 1.076187809624353282e-12 1.313203953833238925e-12 7.515440101860053801e+01 1.413937749224634501e+02
8.669285795085841865e-13 8.118741846149565383e-13 9.175082806418881687e-13 1.014142381659884270e-12 1.078575599680118109e-12 1.300787317333381328e-12 7.217645190960055857e+01 1.409982700091395600e+02
8.654435300058379786e-13 8.247722790554519016e-13 8.993977830539067518e-13 1.016117030502682927e-12 1.092345593030470973e-12 1.302989495712985821e-12 7.147749443778880618e+01 1.383105941972247592e+02
8.629243966589993689e-13 8.192408441972729082e-13 9.106282733364520840e-13 1.018422926254694340e-12 1.086564051106301646e-12 1.289429467160642313e-12 7.316681985294117396e+01 1.385889868692070195e+02
8.322588521232507288e-13 8.268709023537723256e-13 9.054941238994949318e-13 1.000415621173541035e-12 1.103867960002465522e-12 1.309739355585767367e-12 7.368698189815599164e+01 1.356385136561273157e+02
8.446797823093581203e-13 8.194405875130404397e-13 9.127611984464747636e-13 1.000752069898517394e-12 1.087161426642417188e-12 1.295811282751045481e-12 7.188867187500000000e+01 1.367310025343803375e+02
8.091044527294900338e-13 8.092793240962200343e-13 9.080135508580328891e-13 1.006194796027616086e-12 1.091777830932314358e-12 1.324037304018051370e-12 7.074539127935621252e+01 1.355094281361933213e+02
7.648616928122674889e-13 8.157116794892335061e-13 9.217373607163459220e-13 9.992762653615632951e-13 1.091292102560692772e-12 1.325588702271703187e-12 7.293985519170644238e+01 1.345673939892959936e+02
7.430896924524951562e-13 8.079161040986313919e-13 9.107918944714132546e-13 1.002118311388640246e-12 1.093221037791160764e-12 1.321171183389158523e-12 7.033234625993834754e+01 1.331198206806814994e+02
6.911164793574755596e-13 7.947820194226322611e-13 9.161646223826489291e-13 9.979372959483485372e-13 1.090614192744899959e-12 1.317688819285106831e-12 7.270286243658846104e+01 1.343732017263427281e+02
6.497232098360497101e-13 7.748990739570896650e-13 9.164430130528926943e-13 9.996537835967080134e-13 1.082960934751358794e-12 1.336339984638326193e-12 7.151823776938807953e+01 1.323698173497968185e+02
6.458585092747649194e-13 7.822159475735235896e-13 9.020030174421892020e-13 9.919019654887028776e-13 1.077488491922416961e-12 1.339335678936121328e-12 7.306660398056730799e+01 1.322445793919576431e+02
6.570896148529878111e-13 7.669371129954884680e-13 8.889153968099043404e-13 9.965424535817832455e-13 1.090718844821240858e-12 1.318093187840413411e-12 7.316124023437500057e+01 1.322067533932251990e+02
6.676571328539451771e-13 7.581263235277152639e-13 8.905129369119117313e-13 1.007483583506321632e-12 1.088884997683721780e-12 1.345003190977596589e-12 7.121083149108096677e+01 1.320522842253413955e+02
6.812260455938461239e-13 7.639937358723277652e-13 8.658686307847113523e-13 1.003332717400396550e-12 1.099722989688992724e-12 1.326303302036518264e-12 7.044201581472043472e+01 1.298705776308871123e+02
6.679831474089899646e-13 7.710963108450124399e-13 8.681786470381668979e-13 1.007748734868286007e-12 1.087301535304109619e-12 1.317287073214332599e-12 7.272438973700120357e+01 1.294152516904583194e+02
6.833223894857614898e-13 7.875073705774033698e-13 8.616523944910619801e-13 9.879108792171100233e-13 1.101948546336816456e-12 1.313581828637468569e-12 7.302746768507637398e+01 1.281294899358712769e+02
6.885894193684414688e-13 7.806363534489271478e-13 8.513251093534790390e-13 9.967873265605294464e-13 1.098126601190859316e-12 1.306308254713534749e-12 7.227202629077079621e+01 1.282022411071546628e+02
6.985003275875328235e-13 7.860166763418256075e-13 8.494473087734301148e-13 9.922775514434088512e-13 1.098861448296648573e-12 1.297243573217357196e-12 7.071107109498491639e+01 1.261032645801142849e+02
6.837741388148931366e-13 7.771997072706898762e-13 8.424237857616846121e-13 9.767277602520560475e-13 1.072568811056619373e-12 1.318967009622423709e-12 7.276940689053641620e+01 1.275604352055337500e+02
6.980532348442912960e-13 7.705745366691326290e-13 8.432819701014134373e-13 9.771381577525674843e-13 1.093580831608960991e-12 1.305310930782353311e-12 7.145030120481926872e+01 1.283659661485075105e+02
7.324318022831587128e-13 7.740205745120844021e-13 8.494178668942565567e-13 9.887377783214131028e-13 1.094360544541193111e-12 1.319295170975796899e-12 7.245886376424250841e+01 1.268079693554068399e+02
7.134284598709709518e-13 7.668349243636077987e-13 8.508929595295841371e-13 9.776514049964021103e-13 1.093848780159844345e-12 1.323420202872302629e-12 7.188164489146964797e+01 1.272501634268019899e+02
6.702171536363293073e-13 7.782634549715431219e-13 8.428111912588260347e-13 9.796717287338783318e-13 1.104324305062127388e-12 1.299157069461213782e-12 7.388747406639004112e+01 1.263181637382401732e+02
7.022968052200499952e-13 7.661776634970574150e-13 8.437995325640534779e-13 9.615779650601503131e-13 1.096230384095819056e-12 1.300955696263049099e-12 7.365067040054310610e+01 1.240476619622513255e+02
7.164492863418452941e-13 7.396391516898630262e-13 8.490130036052632155e-13 9.607269783227893244e-13 1.103691867228360655e-12 1.320682428361004030e-12 7.241348609057922658e+01 1.248204420355924782e+02
7.197339638508182209e-13 7.573488463213392382e-13 8.478839208627039598e-13 9.735462657715135499e-13 1.111664195700154962e-12 1.325700286110296646e-12 7.342517558971640312e+01 1.251881239842117566e+02
7.067039905552940686e-13 7.659523529131625267e-13 8.403782068008035091e-13 9.526414925283696709e-13 1.108471542043369991e-12 1.322586565697608584e-12 7.347779322213396824e+01 1.243449418202195460e+02
7.258203677559629032e-13 7.561723856893918726e-13 8.633421817714820240e-13 9.537099249056542951e-13 1.115034306510201221e-12 1.350669042634567535e-12 7.316048450630252376e+01 1.232326813632498101e+02
7.023152766552548255e-13 7.652554852490893174e-13 8.553426043228136249e-13 9.488924434367128210e-13 1.103213411625598454e-12 1.333956149582091332e-12 7.390153644823575974e+01 1.242145930383022829e+02
7.027531318345130632e-13 7.725241595654682335e-13 8.410876356233516083e-13 9.471700054971350785e-13 1.106514973676902135e-12 1.349723226288153941e-12 7.318370921305182719e+01 1.223691484972547414e+02
6.844230487960677691e-13 7.929645161134241684e-13 8.455849299685458071e-13 9.616945433916951989e-13 1.113230089643007411e-12 1.350321813077078921e-12 7.405947133071165922e+01 1.219299281558953538e+02
6.701873466914164699e-13 7.899976734755718017e-13 8.453028665152330214e-13 9.500375997822544850e-13 1.106149269843319986e-12 1.333594818088824732e-12 7.532001850225789497e+01 1.225133576389980163e+02
6.799398474646521869e-13 7.888983354488471926e-13 8.367701266193076790e-13 9.462272001461382343e-13 1.095325415682556723e-12 1.333840802501543570e-12 7.444888470093918897e+01 1.220555946021928548e+02
6.783045873180836470e-13 7.824425605200691000e-13 8.368049412304936369e-13 9.399328401407589966e-13 1.102664631653147673e-12 1.352288933927092177e-12 7.581210356184435284e+01 1.223692887567799517e+02
6.728020956454561189e-13 7.824301485590440169e-13 8.377195539298220311e-13 9.484482941956797918e-13 1.101853996370940025e-12 1.338137236704304163e-12 7.470397537948907996e+01 1.207765426842249354e+02
6.806820822288964355e-13 7.923072996180651445e-13 8.485334325628641540e-13 9.368164064475969958e-13 1.091829034786559464e-12 1.359208864290830649e-12 7.525720316067780402e+01 1.207912865374227209e+02
6.740357672366010794e-13 7.893290953276273107e-13 8.510575875879460319e-13 9.362164750692598246e-13 1.085338807857912505e-12 1.350030343207349576e-12 7.488379502213713579e+01 1.204744522270114828e+02
6.663057116250418958e-13 7.981026044020688100e-13 8.449416742792785925e-13 9.338650490812423634e-13 1.091157410173540682e-12 1.355278353670056503e-12 7.476013513513514397e+01 1.200875637886787928e+02
6.485227211743912522e-13 7.895013700622061243e-13 8.526362041933703226e-13 9.306336200638153620e-13 1.084572078820387457e-12 1.345356235664430567e-12 7.768837469128543205e+01 1.205614714424007730e+02
6.502785675823092702e-13 7.836350198601536610e-13 8.623334219164258536e-13 9.211721789810268673e-13 1.084932943941811780e-12 1.366648937282950948e-12 7.711541854680088193e+01 1.199765241867618499e+02
6.570553314538481810e-13 7.757296520016368973e-13 8.588243479396905560e-13 9.241672469493588268e-13 1.111955277244855433e-12 1.354439722761708913e-12 7.672760273186409563e+01 1.189509835071199575e+02
6.598193739149280119e-13 7.682366127688968377e-13 8.620116894547691959e-13 9.085511659724988251e-13 1.117218706374190203e-12 1.354505828721836627e-12 7.560531908864203388e+01 1.188326981056943055e+02
6.617504104395522835e-13 7.687698223762990808e-13 8.660045223911175163e-13 9.278812354783762253e-13 1.124316925132731632e-12 1.356131992181669333e-12 7.766121740362812886e+01 1.187718517684163118e+02
6.688202913968987931e-13 7.658812210288481158e-13 8.524386664799886919e-13 9.303533978561444619e-13 1.124196268821875717e-12 1.373482302472336459e-12 7.731955859331320369e+01 1.197415783471028448e+02
6.632089116013348434e-13 7.612755672238921899e-13 8.531170648686859320e-13 9.439142737309195596e-13 1.134934360268277598e-12 1.362037580328369475e-12 7.954487321448344517e+01 1.191794363227828768e+02
6.698178868002796801e-13 7.751107476155562061e-13 8.534848056918278346e-13 9.414125036305398883e-13 1.143543134167637053e-12 1.387091672069136983e-12 7.927056814440909704e+01 1.190577982405656456e+02
6.626131135163403399e-13 7.747503722959890069e-13 8.556836007309699786e-13 9.514442144195744351e-13 1.129673310970741831e-12 1.410768331032265607e-12 7.797691576086957355e+01 1.188359394087466399e+02
6.686474301069440469e-13 7.677233495591113193e-13 8.464740246484273663e-13 9.441794315370294476e-13 1.136969910432942192e-12 1.424608893095642068e-12 7.960748433448574701e+01 1.181211761532236295e+02
6.751686181230842871e-13 7.567843193738946171e-13 8.565490538127477478e-13 9.615146742242462342e-13 1.130086202375259137e-12 1.427995992795486568e-12 8.052921130794526050e+01 1.190765619597308387e+02
6.696679455482991714e-13 7.689051127838273656e-13 8.489449682375643935e-13 9.546512945785838672e-13 1.150169229112816214e-12 1.435516201644508924e-12 8.011141933108960700e+01 1.184106915401762024e+02
6.683050004303038059e-13 7.652132306953511404e-13 8.523106091200743642e-13 9.679781864488982483e-13 1.136813159526291037e-12 1.443964947611675590e-12 8.179647790783506878e+01 1.189164983076640567e+02
6.714541507877287866e-13 7.560976860587344728e-13 8.673524201885119356e-13 9.697352844730332920e-13 1.121993727910312077e-12 1.411210718093385416e-12 8.027835071606475026e+01 1.181168394653152944e+02
6.786579605661551186e-13 7.634654358334433830e-13 8.850026797330730345e-13 9.733437598178007475e-13 1.125926082004647000e-12 1.402741022680628501e-12 8.018197147564617921e+01 1.181108200426329660e+02
6.871185787687446194e-13 7.575363153142439503e-13 8.690237851969480594e-13 9.717950384257305412e-13 1.119894260532138761e-12 1.422345220135692477e-12 8.244682930544271926e+01 1.192024635801998329e+02
6.619717637330195975e-13 7.598657209593717743e-13 8.822013231629486611e-13 9.749687385090552462e-13 1.124122313270434510e-12 1.410741516047230134e-12 8.348407869384443813e+01 1.190186970419605217e+02
6.663560460736380249e-13 7.572713108842245631e-13 8.935490801655196063e-13 9.641242550012918720e-13 1.124565095532625635e-12 1.414026617312996890e-12 8.312329006490264760e+01 1.185090811297625919e+02
6.734452067365510114e-13 7.395840288203994600e-13 8.997652395262211069e-13 9.851083203764441508e-13 1.128806642592894679e-12 1.391571049070949850e-12 8.440555555555555145e+01 1.191331017653942865e+02
6.878701182478060931e-13 7.411565017729634390e-13 9.021695472453975064e-13 9.696704904372027657e-13 1.124250139100344937e-12 1.412329221202204042e-12 8.303621632174932188e+01 1.184176937487675048e+02
6.762106532794971606e-13 7.494888095214713404e-13 9.096011844576242145e-13 9.717233951854622584e-13 1.130736012259118590e-12 1.423690944555007997e-12 8.461700132391879947e+01 1.185340335211886043e+02
6.702628629189460281e-13 7.534718415604920698e-13 9.085975934851260142e-13 9.714520423421959851e-13 1.131731292492122240e-12 1.434637258737734449e-12 8.495402847611680386e+01 1.196316233343774940e+02
6.797454892067713026e-13 7.451739833636471215e-13 9.071382199882699815e-13 9.867324787769700807e-13 1.119901196128416676e-12 1.434977260212282216e-12 8.609729387656702215e+01 1.183671225658099644e+02
6.713882657692728785e-13 7.607772653030598842e-13 9.073706656936623325e-13 9.772611584645683651e-13 1.130562209773831458e-12 1.433283471183371805e-12 8.703951231060605664e+01 1.187495034287065465e+02
6.656774522093117595e-13 7.723774530107657017e-13 9.007183288704853868e-13 9.838919545589050485e-13 1.142669350114871320e-12 1.434257768842022141e-12 8.841609233383685762e+01 1.185672705743043167e+02
6.606850138203702240e-13 7.814036365305420624e-13 8.964222212738235701e-13 9.887600874109061953e-13 1.134394757281423638e-12 1.435190230404702394e-12 8.747094964295649788e+01 1.199361041024203303e+02
6.617561193599633881e-13 7.766909605426537304e-13 9.031262822840230053e-13 9.933232554783710621e-13 1.129776489418547133e-12 1.450530349368349334e-12 8.780619032168350202e+01 1.195394623930236406e+02
6.730840644475911160e-13 7.881024582459201231e-13 9.029585043707275056e-13 9.822214351978251402e-13 1.134229455518088737e-12 1.457291716348643716e-12 8.887195457043414137e+01 1.198565912788432826e+02
6.604525201617247944e-13 7.836336446857503371e-13 9.026417327022185274e-13 9.802819491126016628e-13 1.143803966094315542e-12 1.447808015152829547e-12 9.115641244870040794e+01 1.190419894426544118e+02
6.632281035511302995e-13 8.014820816238005395e-13 9.017706857787584119e-13 9.851613332987472246e-13 1.155642952975816381e-12 1.452322412187975189e-12 9.197548216885007832e+01 1.203599021839572600e+02
6.574220737495278096e-13 8.133364128849521006e-13 8.993252527927810138e-13 9.927319578534729265e-13 1.153098858079701048e-12 1.460049349902421417e-12 9.167464848647679787e+01 1.195095901767908799e+02
6.536916838364668263e-13 8.065134404641189553e-13 9.056250012307252898e-13 9.911117130406646997e-13 1.145125155669879636e-12 1.472877093441332808e-12 9.234513587678144120e+01 1.208197080291970877e+02
6.577413264739754083e-13 8.045990498137330842e-13 9.028260527102867039e-13 9.954323080104847504e-13 1.158548698923305084e-12 1.470895838944233260e-12 9.389585540254236662e+01 1.215608308277325733e+02
6.568941455721165330e-13 7.970955669391019858e-13 9.135795474787498311e-13 9.890347878244717072e-13 1.149936418209147672e-12 1.470835653102482387e-12 9.470676724513822364e+01 1.215088957122013937e+02
6.691736393694553916e-13 8.001753188635544226e-13 9.073173317975346869e-13 1.000417670462847256e-12 1.155554550754854270e-12 1.464183031299917260e-12 9.555953153386970200e+01 1.213056536337051909e+02
6.717165195917123131e-13 7.933675306660258050e-13 9.176177214260292234e-13 9.891786639369666764e-13 1.153003230503503911e-12 1.468920366897907647e-12 9.555421043641644019e+01 1.206573476779323215e+02
6.746144934543877011e-13 7.980972449082671514e-13 9.149853499917139196e-13 9.946816763291406231e-13 1.148968132556896125e-12 1.479315046735545820e-12 9.694461039515235257e+01 1.217832818327117650e+02
6.809174551799952643e-13 8.008826385059073871e-13 9.183083215068503966e-13 1.001202252063956287e-12 1.163105240798389111e-12 1.476366848266088777e-12 9.857386652542373895e+01 1.224007115478282941e+02
6.811896582630847301e-13 8.022322208586662195e-13 9.209389292026261017e-13 1.005662494387222305e-12 1.154308678917822830e-12 1.490534452567826969e-12 9.850265330188679513e+01 1.230471619191031891e+02
6.937693095196327992e-13 7.943404132538746204e-13 9.115981352399075070e-13 1.005886094748628572e-12 1.168634733381482824e-12 1.495894588323444389e-12 1.007660444371025079e+02 1.225859284532671580e+02
7.052310705510141539e-13 7.959931827870800426e-13 9.122756038324260367e-13 1.012642064372349564e-12 1.161824168043146474e-12 1.493812182628351815e-12 1.022053386388129042e+02 1.228629257976903943e+02
7.200526005569963158e-13 7.989037250240724384e-13 9.140172023541618558e-13 9.961309992091203067e-13 1.167543907331658936e-12 1.512598296457933317e-12 1.003339326577312818e+02 1.235599253624228453e+02
7.135012263708345077e-13 8.168476102578765969e-13 8.998984710746315290e-13 1.007644081825633766e-12 1.168580304891334871e-12 1.508749247263341383e-12 1.017672986549991947e+02 1.225702718568449967e+02
7.244221328445019804e-13 7.992432547490368516e-13 8.988199915590536156e-13 9.973794529490285575e-13 1.182023070953096405e-12 1.511533308131065877e-12 1.030376252505009944e+02 1.236542532814484758e+02
7.402040324032349961e-13 8.108755858915947078e-13 9.002729179887389055e-13 1.012046820028251829e-12 1.180950308927705323e-12 1.520129940544151145e-12 1.045755804643714981e+02 1.245345054945054954e+02
7.366311672710618822e-13 8.148956868033295713e-13 9.011127292738783866e-13 1.008131065747478444e-12 1.176495766515218969e-12 1.526431596823236995e-12 1.064335193304105189e+02 1.244082285396428063e+02
7.367434200546800153e-13 8.103111745195677844e-13 9.054135333773232428e-13 1.009930248214000394e-12 1.183960945362889785e-12 1.533967196864197451e-12 1.093668248117942170e+02 1.256501681132223069e+02
7.397406163189999783e-13 8.116533369318360601e-13 8.975292046700592409e-13 1.015134929856483957e-12 1.175969639558703183e-12 1.544786536559655733e-12 1.074140222984562740e+02 1.251731572302612392e+02
