nan nan nan nan nan nan nan 0.000000000000000000e+00
-5.977403998258523643e-05 nan nan nan -1.414712642144877464e-05 -1.091574813472107053e-04 nan -4.415195871843025088e-05
-1.951242593349889192e-05 nan nan -1.439422097367544856e-05 nan 8.571328362450003624e-05 -1.291175431106239557e-04 -5.926695303060114384e-05
-4.264264134690165520e-05 nan 2.289013840102900948e-05 nan -2.373794086452107877e-05 5.018823139835149050e-05 3.826343163382261992e-05 4.577947765938006341e-05
7.962433301145210862e-06 -4.702930649121601925e-05 nan 8.793351298663765192e-06 nan -7.589205051772296429e-05 5.626180912562024808e-06 -2.413077611261262422e-05
-1.898837250667962935e-07 -1.347483485005796091e-05 -2.378358788389180097e-05 nan 9.693504332310775188e-06 -1.855786589051907148e-05 6.236610491071428442e+03 1.854399573863636397e+04
5.992549176880856976e-06 -1.430984088478402921e-05 -7.735940016573294997e-06 1.045251792675117031e-06 2.934817530331201851e-05 5.717541015625000000e+03 7.983659179687500000e+03 1.054627170138888869e+04
-5.266270212208231008e-06 -3.825739743964125430e-06 1.411106616918307927e-05 -2.877535215312880766e-06 1.139160965315320337e-05 8.951828125000000000e+03 1.038683167613636397e+04 1.149733402777777883e+04
5.176035828251195269e-06 1.936609623953700066e-05 -1.834251330971407168e-05 1.373914822649497356e-05 1.232210518973214221e+03 8.761067708333332121e+03 8.937431490384615245e+03 8.645869260204081002e+03
4.656695123033031127e-07 -2.071682292108352596e-06 -2.162859891541302204e-05 -5.502750354935415089e-06 4.522666503906250455e+02 7.190673437500000546e+03 7.017807291666666060e+03 8.982433219178081345e+03
5.204056494631895699e-06 -2.156960868483616199e-06 6.422114727849310249e-06 -1.279555347181208800e-05 2.668753115679411267e-05 6.638754261363636942e+03 7.481267663043478024e+03 8.688633116883116600e+03
1.615334458991276806e-06 -3.389244132752840541e-07 3.767723683267831802e-06 -1.749155926518142291e-05 2.984151278409091219e+02 5.163631324404761472e+03 6.956065848214285325e+03 6.327299107142856883e+03
5.930843934813727987e-06 -2.432615274745153455e-06 6.155884792943569824e-06 1.460125487348115236e-05 1.144135271990740648e+03 5.834950591216216708e+03 5.591037037037036498e+03 7.958552083333333940e+03
-5.103354498660608651e-06 3.687535176939535690e-06 5.745165039757814527e-06 -3.465034061609285688e-06 8.126385121916731425e-06 4.982958333333333030e+03 5.362640202702703391e+03 6.742297844827586232e+03
5.500186855883907408e-07 -1.354237957414062139e-06 4.761473974213004112e-06 6.258254238080395378e-06 7.063893229166666288e+02 4.268897693452380736e+03 4.559698479729730025e+03 5.047961419753086375e+03
-1.716160959019784910e-06 3.342399227053478928e-06 -1.938264176715165377e-06 -1.113129731796410175e-06 -3.607877742444329502e-06 3.591137187499999982e+03 4.102745937499999854e+03 4.787433919270833030e+03
4.522071008225260733e-07 5.786418080119029231e-08 -1.370442785426146431e-06 7.753484651959519219e-07 2.159531625600961604e+02 3.487550199468084884e+03 3.861125000000000000e+03 3.917797271573603666e+03
-4.984424770649137191e-06 1.410293667244591694e-07 -1.850871976111429008e-06 -2.350547890129842061e-07 3.029911499023437500e+02 3.237080492424242493e+03 3.237539062500000000e+03 4.202398845381525462e+03
2.854117168407019594e-06 -1.440689110105657533e-06 7.536635541963198479e-06 1.105825284899897003e-06 5.879274976905435493e-06 3.067475942460317128e+03 3.263745876736110858e+03 3.616983695652173537e+03
4.316672573906260915e-06 -5.945612792856991630e-06 2.970606450010866886e-06 1.258254786463160219e-05 4.416662881540697754e+02 2.800776562499999727e+03 3.150205357142857338e+03 3.507925409836065683e+03
-1.934642351449192235e-06 2.541321706264576881e-09 -2.380682137579872221e-06 -8.051201691660952921e-06 2.189468107876712111e+02 2.576468750000000000e+03 2.951859186746988144e+03 3.113333666134185023e+03
-1.148056028233397562e-07 -8.988385021579093739e-07 -3.260993294083000564e-06 -1.857041321560054200e-06 8.167315129950495134e+01 2.528685683139534831e+03 2.884668014705882342e+03 3.379633289124668408e+03
-2.465757307255528661e-06 5.897895564408143356e-07 -3.549967176403920516e-07 -5.345134739550428682e-07 2.773342633928571104e+02 2.273918154761905043e+03 2.550029947916666515e+03 3.191573072139303349e+03
-2.581097318657807014e-06 -2.754030609108760073e-06 -9.058650804847176923e-08 -5.541950337250123955e-06 1.440675803968886289e-06 2.243702830188678945e+03 2.587949013157894569e+03 2.918359550561798187e+03
-2.186578470018674686e-07 2.756612702158459344e-07 -6.253523730333440906e-07 -7.760662593738695124e-07 2.012335030691964164e+02 1.976208377100840153e+03 2.355441063596490949e+03 2.408651089449541359e+03
-2.066164751353503214e-06 -1.343326410278678074e-06 -1.133203849495025849e-06 3.882867427981966061e-07 2.395338161496350153e+02 1.734906250000000000e+03 2.155338378906250000e+03 2.301935536044362379e+03
2.904255577757592181e-07 1.855117466954153893e-06 -8.083441218277856232e-07 5.692022695323291875e-06 5.544413672020983819e-06 1.821939273049645408e+03 1.861223345588235361e+03 2.238475917431193011e+03
-1.044249156126960821e-06 -2.355108676965755876e-07 -6.794680355418193431e-07 2.306250109568350233e-06 1.385393167529585696e+02 1.712904352678571286e+03 1.805117331288343621e+03 2.163069017094016999e+03
3.757784384486567745e-07 -4.422325790593666814e-07 -1.411828998243436133e-06 2.404020226796168899e-08 2.805759451729910481e+01 1.491015722049689430e+03 1.724492715371621671e+03 1.971409766881028872e+03
1.942454689990235615e-06 2.039979742047317322e-06 9.805188958787105069e-07 -3.227194142737007627e-07 9.612829178370786565e+01 1.440215296961325976e+03 1.673250365497076018e+03 1.909048145506419360e+03
-8.537109995192689527e-07 1.230385155704711238e-06 -2.295363102913708268e-06 -5.357023126081279534e-06 1.641479241071428703e+02 1.449536966463414728e+03 1.519555208333333439e+03 1.894507211538461661e+03
2.161469872978128611e-06 -2.768748363822090002e-06 -6.318680762248758803e-07 -1.111618307642821242e-06 -1.142598637493281819e-06 1.387953506097560876e+03 1.444847273284313815e+03 1.808356528662420260e+03
2.863052153951807143e-07 8.559610527616156112e-09 2.886986940343310616e-06 -2.108741700978516913e-06 1.937241406250000182e+02 1.275005050505050576e+03 1.442139232673267315e+03 1.655521371463714786e+03
-1.107692039164500812e-06 4.265044861862999020e-07 4.709080534510349901e-07 3.280382072769625301e-06 8.872638042902542566e+01 1.234470298423423401e+03 1.552526156387665424e+03 1.601177119129438779e+03
-3.653601881050499568e-07 1.546313168010978855e-06 3.124452616592729903e-06 -1.923809573796403226e-08 1.898009061591569591e+01 1.183040855532786964e+03 1.287942640692640680e+03 1.473286152614728053e+03
-1.236749145003860170e-06 1.085669580127366457e-06 -1.758256783230333669e-06 2.974604435060938477e-06 1.072774706678700340e+02 1.069116241591928201e+03 1.266552573529411802e+03 1.354611584754262822e+03
6.775110799433856248e-07 1.545960003568325192e-06 1.267404903566265061e-06 -3.960191867738759098e-07 3.198724711722161373e+01 9.946192781690141373e+02 1.107669017509727610e+03 1.324823536585365900e+03
-2.891689041769942404e-07 -1.261550884616250768e-07 -2.301795961424653395e-06 1.261412687522690132e-06 1.063903654485049799e+02 1.070513392857142890e+03 1.165323711832061008e+03 1.360302975653742124e+03
1.550367254394051821e-06 3.061413735849782825e-07 2.208414563903183922e-06 1.195146332886251989e-06 1.032755291445035368e+02 8.931038232600732272e+02 1.041614158163265301e+03 1.292775441547518767e+03
1.605036423394554590e-07 2.357227650032942373e-07 -1.242700124063007714e-07 -1.102186138787176429e-06 1.050966051604343994e-06 9.134751984126984325e+02 1.013423076923076906e+03 1.147642886014551323e+03
9.366511511492781279e-07 -1.009194663384501104e-06 9.862993442623309082e-07 -1.639842114302735337e-06 1.114529003594249161e+02 8.776525493421052033e+02 1.010573076923076883e+03 1.170047880690737884e+03
1.050955149646299070e-06 2.493316689491529720e-07 5.284528454816322983e-07 -2.662948648498866538e-07 4.272027155630311768e+01 8.256911091549296771e+02 9.567536272321427759e+02 1.136625283232628362e+03
-7.640075433504331519e-07 8.266211215265874823e-08 9.220644442709109016e-07 -3.146921996156515018e-07 4.958756605320699862e+01 8.090148682336182446e+02 9.378819832402234624e+02 1.052370354137447293e+03
2.487488750119353057e-08 -1.861124981714542537e-06 8.359880098671659021e-07 1.166490374993510982e-06 8.760225125944583624e+01 7.885789707977207854e+02 8.826345038659793545e+02 1.008635304054054131e+03
7.827425511871895390e-07 9.451408042298254063e-07 -1.605337939592970486e-06 4.533563506587832354e-07 2.679089898003472214e+01 7.484580792682926358e+02 8.369905753968253066e+02 9.933064541960280849e+02
7.051435492891832780e-08 1.205199411156300025e-06 -1.390378071344174293e-06 -9.274614157821428309e-07 4.731938244047618980e+01 7.226004072681703292e+02 8.189415931989924502e+02 9.364875610500610037e+02
-2.008585855133415009e-07 -2.090188153024157672e-07 -7.855830157289878440e-07 3.203660345159612416e-07 5.716904248289800705e+01 7.230079031322505898e+02 8.076445599022005126e+02 9.038996010638297776e+02
1.092293101025681107e-07 1.751019347769518771e-07 -1.131455641699388764e-06 1.175489876921861029e-06 1.570230459952139590e+01 6.665319667431192556e+02 7.660772301762115148e+02 8.843795681063122629e+02
-4.872649463506984064e-07 -7.829210092011210179e-07 -2.091638085043446698e-07 -1.364475403014304322e-06 7.824169497282608177e+01 6.353010752688171578e+02 7.148445071585903179e+02 8.778182005494505802e+02
-4.168583958621221938e-07 1.137315407642304486e-07 3.380007461033841716e-07 8.277108505729757592e-07 4.177787853422618980e+01 6.198074923935091647e+02 7.245642505186722246e+02 8.259381948120699235e+02
-7.723255066593992524e-07 1.479559311216386621e-07 1.007155193155815370e-06 -4.979545817270066083e-07 2.626786065251572566e+01 5.857015943877551081e+02 6.816978542914171157e+02 8.038026152702032050e+02
2.417488772839832607e-07 -8.653318098652342074e-08 4.549153890647315837e-07 1.792375747489588369e-07 5.397535946196660461e+01 5.650906791907514162e+02 6.691363689365671235e+02 7.669941433980122838e+02
5.874747201687137973e-07 -3.573460768772444024e-07 5.833298048181008561e-08 -2.095977583065115154e-07 1.639378457867217875e+01 5.460406364468864240e+02 6.318145009416195990e+02 7.585304665738161702e+02
5.561114703628967146e-07 2.513932284071213434e-07 -1.455172797945766385e-08 8.770062157374977409e-07 4.580720052083333371e+01 5.351017367066895076e+02 6.352668526785713539e+02 7.108152951699463529e+02
-8.068819582380361817e-08 -3.432178470137633829e-07 1.070950162471481246e-06 3.569417321211043254e-07 5.174839689740143456e+01 5.367885662431941682e+02 5.919456475128645252e+02 7.142161062906724283e+02
3.317998501597765048e-08 -8.730590683649983733e-07 -3.024382608519906194e-07 2.082131337374448758e-07 2.045636026748758241e+01 5.154885265700482933e+02 5.844043096405229107e+02 6.732413983903420558e+02
-2.299141680894711412e-07 4.466761849143832911e-07 -7.895066686398764984e-07 4.906067529265753173e-07 5.883130740814696225e+01 5.009833532695374743e+02 5.865314516129031972e+02 6.610268476929359167e+02
1.051493571053059716e-06 -2.745337447649829166e-07 2.730829280281476868e-07 8.537299088706636240e-07 2.355446901980105068e+01 4.672502468404423439e+02 5.504305941971383618e+02 6.417822734196496413e+02
1.841364545822787518e-07 7.223626757792619274e-07 3.614079325314292330e-07 1.882030188574945655e-07 2.265175386985636408e+01 4.549718884505021492e+02 5.469617903930130751e+02 6.256476114048338104e+02
-8.206019195433030283e-09 -6.042331761608903462e-07 -2.247481166410285184e-07 9.572005798889797171e-07 4.347898763020833712e+01 4.455213766766020740e+02 4.934645270270270316e+02 5.859963898916967082e+02
5.620548122789891135e-07 -8.388939461783258566e-08 8.310554739643272851e-08 -1.363219260903341278e-06 9.936394905668812783e+00 4.451636513157894797e+02 5.093279266572637312e+02 5.947150431034482381e+02
-2.385232971900958356e-07 8.871587419032236540e-08 -2.021160660384773014e-07 7.027706958289290662e-07 3.584231410573122645e+01 4.303194444444444002e+02 5.009782312925169663e+02 5.760262293701582621e+02
1.016289649222963160e-06 4.385587021286757205e-07 -3.948076197755581548e-07 -1.499128544149047958e-07 3.294625484332884469e+01 4.195541385135135215e+02 4.715342165149544940e+02 5.403812398042414316e+02
-1.487232462405622738e-07 -5.856101266277045070e-07 -1.999690554868384563e-07 3.458117317682104204e-08 1.427970729681705642e+01 4.073157814407814499e+02 4.623894021739130835e+02 5.585378741129280797e+02
-1.393248813681600154e-07 -7.324383745597109448e-07 5.460198222652490601e-07 3.625826236292033310e-07 4.896596871170343235e+01 4.025660565856777566e+02 4.447685705368289746e+02 5.326545970752955554e+02
5.977394049887842414e-07 -2.316997470123766326e-07 7.191254819811480414e-07 1.496656596807607160e-07 1.363774975500871101e+01 3.959970680778031920e+02 4.508544590643275001e+02 5.144744791666666970e+02
-3.057405013929713548e-07 -2.786862570000302722e-07 -3.414986001784101107e-07 -3.658168559465747399e-08 2.578382964383353482e+01 3.629599941383352757e+02 4.325339519340159313e+02 5.153524025783767684e+02
9.260252823977315062e-09 5.236434444159894164e-07 -4.232530458110202457e-07 3.904395753857613972e-07 3.131687533209351670e+01 3.674359590022936004e+02 4.169183546059933292e+02 4.912412928392309936e+02
4.475947617807533193e-07 -7.528335315849490909e-07 5.916068152344310080e-07 -1.090648728384336257e-06 1.626106697682584468e+01 3.470484521331946439e+02 3.995721100663716925e+02 4.794330538274276705e+02
6.753011130849304379e-07 4.424990407725427624e-07 4.798433709344486892e-07 5.085226143354426854e-07 3.012603610899390461e+01 3.526965209694989198e+02 3.964585209216101589e+02 4.640485113606686127e+02
-2.347508153105352746e-07 -1.622881651411404052e-07 6.830939589669984571e-08 -1.598281338515716406e-07 2.280513661430481420e+01 3.182300215298885746e+02 3.736385600936524725e+02 4.505008322663251761e+02
3.177637199213924863e-07 4.793169672141769817e-07 8.897663589882019362e-09 5.513061708951757140e-07 1.747339009405339638e+01 3.283995379620379822e+02 3.781316964285713880e+02 4.423204991199396545e+02
-6.567579509374234737e-07 -4.493096104742344302e-07 4.275391154777427765e-07 -4.931227395413876404e-08 3.206117179855674948e+01 3.113155946601941650e+02 3.648585542616451676e+02 4.227797821854465496e+02
1.391142325926103544e-07 -1.088148441126917268e-07 -2.314982425776265783e-07 4.983452523656497974e-08 1.250019477146814317e+01 3.023095622119815857e+02 3.574659747918594235e+02 4.293094713656387285e+02
1.768714725188469491e-07 -1.072747258414153927e-07 -2.259457118133456935e-07 -4.329479463629212150e-08 2.339624277030217314e+01 3.061600609756097811e+02 3.521047877145438179e+02 4.236489498249708276e+02
-3.171336990201372615e-07 -2.048595670337455415e-07 1.996675741606205034e-07 -2.263700751439723760e-07 2.089527529761904745e+01 2.922934600802854561e+02 3.324873564487632507e+02 3.938170289855072497e+02
-3.119245528206262170e-08 9.475442510258055619e-08 1.957883333406326549e-07 -2.893264216290875563e-07 1.608911441851265778e+01 2.904533027121609621e+02 3.320983561341571431e+02 3.890353202077022843e+02
-2.028674365832568614e-07 2.692866390586215905e-08 -5.251723590103360961e-07 -2.049051829141478866e-07 2.844324753630705160e+01 2.810301131556683458e+02 3.193060890557939615e+02 3.788075866441250810e+02
2.085415347295105860e-07 4.574582464657663296e-07 1.204588650224535929e-07 -2.728066589948097223e-07 1.634517887383573154e+01 2.711529551070840398e+02 3.155207299421008997e+02 3.726914672216441318e+02
-6.010069717796375569e-08 -1.059096699106395435e-08 -2.659932486801419311e-07 2.238076741060891264e-07 1.759196118551587418e+01 2.630337510105092633e+02 3.073012340127897346e+02 3.659394197952218519e+02
1.935559931125227062e-07 -1.078674572508826745e-07 -2.676542503700413805e-07 2.555696464369048794e-07 2.403257201853343972e+01 2.597385063141278465e+02 2.999312449959967921e+02 3.653488769048090035e+02
5.443799691768541415e-08 -1.716428344331780529e-07 6.264188848719419051e-08 7.456907516588334761e-08 1.349479364101592083e+01 2.485596743295019166e+02 2.988570820726172315e+02 3.487102792603888588e+02
4.292033216755335065e-08 3.220611310948393541e-07 -1.037137369180459595e-07 3.234471519048181599e-07 1.906973401717557337e+01 2.450599816849816932e+02 2.893457774049217051e+02 3.406056957898658766e+02
1.018179265291995454e-07 2.834023234406635630e-07 2.714821307110213104e-07 9.534750566926113213e-07 1.703552160249648395e+01 2.411967873388931025e+02 2.746216606498194892e+02 3.442303319273794386e+02
2.497895220572551675e-07 2.809464216068775323e-07 -4.730343134445762634e-08 -1.632398759187465627e-07 1.388458898952928067e+01 2.356693931284530379e+02 2.754194685466377450e+02 3.277616300036062285e+02
4.026616277280482634e-08 -8.378647521872263023e-08 -3.725021585271364758e-07 1.490676119370370141e-07 2.053101462000676847e+01 2.348973994755244803e+02 2.645546604296604301e+02 3.141774547803617565e+02
7.376430470505537799e-08 -2.037453070732280407e-07 -8.784636840293481985e-08 -1.985156719279204644e-07 1.242855308219178134e+01 2.273927531757233851e+02 2.633435382791328152e+02 3.186064223268325577e+02
-1.348713946451122739e-07 -2.780140622536760482e-07 7.015039255165466569e-07 -3.445323873009263798e-08 1.397158926504629584e+01 2.111136658031088302e+02 2.532774734395750045e+02 3.044787593984962655e+02
-1.572353861387171187e-07 6.511597430463474819e-08 2.449115287929185250e-07 -7.683168385496771127e-08 1.916019297766957763e+01 2.220214546056991480e+02 2.509733681245858179e+02 2.945093225222258866e+02
-3.791496933321504195e-07 6.213136854254313203e-08 6.781815221872921309e-08 2.477605959315762363e-07 1.473663183773816776e+01 2.115140146783260207e+02 2.415999685138538950e+02 2.856562696170747131e+02
4.477924621673683094e-08 3.016866615619332059e-07 -9.297377125609038523e-09 2.584027527480825731e-07 1.736274160329530858e+01 2.050760197775030633e+02 2.431324829404466641e+02 2.868276820673453358e+02
-1.668500523742915429e-07 4.195810936037701902e-08 -2.293543953432194976e-08 -4.168091142325388934e-08 1.380598881423508573e+01 1.999790482954545610e+02 2.296813692605843755e+02 2.793405033711308647e+02
-2.122768698959935594e-07 4.168667024362228157e-07 1.358946256157096289e-07 4.261680701693073119e-08 1.165251865671641696e+01 1.963130366342300874e+02 2.242625075803517234e+02 2.786204908338261816e+02
1.349033697848299865e-07 1.760915723186744895e-07 1.400225950527801276e-07 -2.342623285712641880e-08 1.587963276413899827e+01 1.926986316568047357e+02 2.236858861502347509e+02 2.673841781317885307e+02
1.503393307097014174e-07 5.191945971218914742e-08 -2.121003305192215941e-07 -2.731006057275262347e-07 1.201012588819605575e+01 1.895552184466019412e+02 2.223691977077363617e+02 2.598652724427371936e+02
-2.938576535386747935e-08 1.155694182699326598e-07 1.155450409188228669e-08 -3.118596808157961640e-07 1.215390972029428163e+01 1.893408774373259007e+02 2.123977178135405097e+02 2.552776118366212756e+02
-1.258779709922218665e-07 2.789583606671263632e-07 9.646502184006129101e-08 -1.238111291761791348e-07 1.407112955729166615e+01 1.767740011098779291e+02 2.081980599889928385e+02 2.499392901835372527e+02
4.438774472034965869e-08 1.290822513110939476e-07 -1.696698396715467870e-07 1.314323995555259497e-07 1.107386418579164555e+01 1.775883881578947410e+02 2.048579333333333352e+02 2.420317995704121188e+02
-2.423457672632502103e-07 1.023341477703539122e-07 5.863568949884120769e-08 1.586437472209564420e-07 1.314924041598694870e+01 1.707336674214171524e+02 2.026111616424116448e+02 2.386869313750974584e+02
-1.938365656399861468e-08 9.251563173890257829e-09 1.004309027687884108e-08 1.282488700332852490e-07 1.131336915047931413e+01 1.724458118556701152e+02 1.946160944759938332e+02 2.318272703818369394e+02
-9.430083273781561034e-08 -3.110302947298135475e-07 -3.429191367784009698e-08 2.627946917000212827e-07 1.209458865879968492e+01 1.669466106965174106e+02 1.941634408261530780e+02 2.335193722257450872e+02
-1.209469508851865223e-07 -8.895001322668926370e-08 -3.934143351304850309e-07 1.269046592219523753e-07 1.088572137020369546e+01 1.646899779735682898e+02 1.852238393743793381e+02 2.235418151652943095e+02
-1.962855192101291976e-07 -1.192970772357200586e-07 -1.601977580678956052e-07 -7.912715307646320292e-08 1.072899813914862222e+01 1.567748030526834100e+02 1.851444133398247516e+02 2.222495759631693772e+02
1.756401046398706945e-07 1.334163598142466712e-07 -1.276958786098813128e-07 -2.331346261162235308e-07 9.983908291270783053e+00 1.560055798299480614e+02 1.779623074644549945e+02 2.132574683692596125e+02
1.219679890456515128e-07 -2.487602499645170146e-07 1.153409270637048849e-07 1.095831186526884378e-07 1.127863487611033300e+01 1.511226317005545354e+02 1.741772502356267580e+02 2.111561724748966355e+02
2.595629374229768502e-07 -3.386164362825401607e-07 1.069347624552074383e-07 -8.880525957689804009e-08 9.446298287786774495e+00 1.511701775766016738e+02 1.772444894286999499e+02 2.095318458534344188e+02
9.883770612539991278e-08 -1.592133660515585930e-07 3.134875664969517900e-07 -4.081171757236643459e-08 1.162744681157749049e+01 1.486127886323268399e+02 1.684932914402174049e+02 2.035342651036970096e+02
-4.823261546133783695e-08 -1.568546938555744362e-07 1.417872251319774674e-07 2.814981498964007091e-07 9.123670965394566679e+00 1.446627447708055172e+02 1.679916865251299782e+02 2.001716305655836265e+02
-1.040550943517200796e-07 2.180096128044909028e-07 -6.141027341638710616e-08 1.162237837974332284e-07 1.055779983201910177e+01 1.408789281102023381e+02 1.649908161569148888e+02 2.002392054095155345e+02
2.266135324584937892e-07 -1.383779862541076993e-08 -9.538452536434136319e-08 -2.159497944807610433e-07 8.643851693614408305e+00 1.383296413502109772e+02 1.600587505280946345e+02 1.938722242881428031e+02
-9.284353237719824091e-08 7.879679594905924194e-08 -4.828537751021618827e-08 1.011782454010276263e-07 9.219964104729729826e+00 1.337534190080885423e+02 1.575106566820276441e+02 1.879968870984618547e+02
-1.798679269400302323e-07 -1.767374797968715967e-07 -4.933635432252730906e-08 2.352058584792475719e-07 8.955593208316138032e+00 1.315763805220883569e+02 1.527879926859000363e+02 1.835816624685138549e+02
1.199127216997221554e-07 2.892301303782278172e-08 5.570804942481947237e-08 1.449740233422234286e-07 9.360175859688755651e+00 1.326985008186655648e+02 1.509282627375656887e+02 1.784718997160819356e+02
2.809535426455841092e-08 -1.700108863654390603e-07 -6.352960047857072204e-08 -5.232492844979675334e-08 8.625003021075020371e+00 1.301081655590304820e+02 1.486785467640094680e+02 1.787661270329234355e+02
6.392777118006552457e-08 -1.125756767578423012e-07 3.214221656420022638e-07 -9.846748459246929129e-08 8.606921912380382622e+00 1.216764917498081360e+02 1.457862770688321916e+02 1.734863863790925791e+02
2.164860833411401178e-07 5.158303477543690206e-08 -6.208915282938247449e-09 9.074749482556124823e-08 8.798766724363773051e+00 1.223130628425998481e+02 1.430143090857359596e+02 1.688934834123222686e+02
7.796677767459785536e-08 -8.150890849769935705e-08 -7.539175339109165046e-08 -3.347826432443482955e-08 9.622191779193610017e+00 1.231364845484825992e+02 1.382488910909777360e+02 1.695725450664136531e+02
-1.718675884515491897e-07 -3.860464652405502969e-08 -3.105018227546184626e-08 1.957259907439630718e-07 7.162497199820788474e+00 1.198286037283130270e+02 1.378576851851851757e+02 1.643436841140342892e+02
7.262079659585889258e-08 2.401214793650399928e-07 -7.621693569960906568e-09 4.812919128374858448e-08 8.432758055451479606e+00 1.186056488203266639e+02 1.346552940640932263e+02 1.635428125853747474e+02
-1.143932383021582653e-07 -7.633963656996237929e-08 -1.855908382753275354e-07 1.242552037145604272e-07 7.345735007097232483e+00 1.135654241071428601e+02 1.307680833036032766e+02 1.575135547496904280e+02
1.125145188871679596e-07 -1.758403398031205396e-08 1.834638693004106594e-08 -5.397915485475106442e-08 8.034945618872548323e+00 1.115809193121693141e+02 1.293922017344078483e+02 1.534389064697608944e+02
-1.082763958589082430e-07 1.375947926585405867e-08 2.117977713283124038e-08 2.394031729983567382e-08 7.394768495874447289e+00 1.084171195652173907e+02 1.289073268435561772e+02 1.515808153164886676e+02
-1.672705704880862895e-07 -2.038165960051440458e-08 -2.164762953605580205e-07 3.872547236335993158e-08 6.712831107705779843e+00 1.061959662208504653e+02 1.245667016806722671e+02 1.483599731434904925e+02
6.449602313311580827e-08 1.666043618502364921e-07 2.425590999669573775e-08 -9.802480644856040924e-08 8.341039191736944858e+00 1.054344710895721846e+02 1.230546952839588215e+02 1.479784726260696175e+02
2.009820921926814225e-07 -8.419803115040329005e-08 -1.154129411917582407e-07 -3.914320470934347411e-08 7.375833403220395823e+00 1.023951068271119880e+02 1.201092558833278048e+02 1.429104375662670350e+02
-7.398179491246992256e-08 -3.755852073010569179e-08 -8.525169792903558399e-08 1.502121473390114897e-07 5.879259684347414527e+00 1.004174049613402104e+02 1.172392019910083434e+02 1.407265568135867397e+02
-1.690520436241440567e-07 2.247226447063993977e-08 -3.106316438113024114e-08 5.568944802254275663e-08 8.313313268442623638e+00 1.004362416107382501e+02 1.153631170576735059e+02 1.379702166426397412e+02
-3.322133669999205571e-08 -1.533275063136595194e-07 5.925225794621922753e-08 -9.271780599675769802e-08 5.293211007405122182e+00 9.719659973067173553e+01 1.162073706099815240e+02 1.366835305105853138e+02
-3.204238696451314201e-08 4.169268688421283380e-10 8.034466826791834351e-08 -5.624447857352621778e-08 7.737014325341402987e+00 9.588167177914111505e+01 1.107713836355110857e+02 1.342843994879354454e+02
4.911580726693936372e-09 -8.726738309544488631e-08 6.390922419861359440e-08 1.283960533786821205e-08 7.088260641486810343e+00 9.446380382049727586e+01 1.089736377964575240e+02 1.332842503412710471e+02
-4.920779170198982705e-08 -1.433844019189636543e-07 -1.620144545566013538e-07 1.214923671774555149e-07 5.303221904816866505e+00 9.316940691251120654e+01 1.061112338927180190e+02 1.292063957834928090e+02
-1.698151082170702818e-08 -2.538811585794317997e-07 -5.314013483908196916e-08 1.475607327408485141e-07 7.348148869661794258e+00 9.043025982727814949e+01 1.055384053738317647e+02 1.255490731147783521e+02
7.437885436683017697e-08 5.233025736506452188e-08 -4.495258893327375893e-08 1.062238517405606685e-08 6.145053804148311372e+00 8.739940700028925846e+01 1.024488702412089509e+02 1.220397395720769396e+02
-1.256358074418192299e-08 -2.893586333317330714e-08 7.599918796366174211e-08 -1.485110260546207481e-07 5.496491710166759859e+00 8.667416105026677542e+01 9.890325256922638175e+01 1.204463382489135768e+02
1.902018122316311098e-08 -1.981173094425354494e-08 -1.141673761066153289e-07 -7.635414391033551707e-08 7.018793290625898074e+00 8.470071387366598969e+01 9.990954880817253070e+01 1.183387895776038334e+02
-1.532831740199740223e-07 9.451042662421113738e-09 4.612248869724200409e-08 4.102746173754916641e-08 4.335349092908191260e+00 8.314440482720790726e+01 9.877571388965900212e+01 1.155377538290941857e+02
-6.279286486619166274e-08 -9.480439899007741722e-08 -1.406683660049963068e-07 -4.952502214300360187e-08 6.660759357829670435e+00 8.235900205761316784e+01 9.690098738343390039e+01 1.146694465246102652e+02
1.453960899331567616e-07 -8.093548979436074622e-09 2.969140164104165792e-08 4.066620661703112570e-09 5.960584765206323965e+00 8.125864093959731349e+01 9.349389261744966007e+01 1.115813072227873874e+02
-5.682443259330235373e-08 1.747431884016725912e-07 -6.142032076015611607e-11 -6.258304702905730021e-09 4.688469733391608329e+00 7.883908730158731260e+01 9.359151903754627710e+01 1.091148776677082566e+02
-7.430838875308763370e-08 -2.695114122103624483e-08 2.914900710274201020e-08 1.502590228722175887e-08 6.414919168683137940e+00 7.667216154261056715e+01 9.090232648817259076e+01 1.096841669399803294e+02
-2.100019664897572219e-08 -4.270390681509765406e-08 1.675654084889215550e-07 -1.710309757495875043e-07 5.019479729952519342e+00 7.608390797392176808e+01 8.893592895285230782e+01 1.060570737741790310e+02
-2.876913640648126933e-08 -7.783303050347176736e-09 -3.536071068687423209e-08 -9.711410492623861964e-09 5.492495732169954792e+00 7.610113548883757062e+01 8.699463965693804823e+01 1.054643626798504101e+02
1.482416617012581529e-07 -4.647936424941106722e-08 1.318185240961611304e-08 -4.098043314729091264e-08 5.644742358373600943e+00 7.350127486779148001e+01 8.649385516072325686e+01 1.018858323383397249e+02
-5.550612633568576914e-08 -5.558157660055220100e-08 -2.876396144177110516e-08 -2.590912800986962297e-08 3.649754213483145993e+00 7.256646438155647161e+01 8.403375430186824246e+01 1.008775238534933862e+02
5.958922990583977329e-08 -5.526368885798609329e-08 4.935227650017521135e-08 -1.168320315427209723e-07 5.799854521896466331e+00 7.146523106626806054e+01 8.201956561583577354e+01 9.943574787760337585e+01
-9.722081071899315052e-08 3.697190596038765134e-09 -1.438386771191735070e-08 3.525514644306770194e-08 4.762912739355376068e+00 7.038664115447534186e+01 8.042955726020777263e+01 9.551670610435510866e+01
-9.724492812720837264e-08 1.457562251805754011e-07 4.416210417268053265e-08 3.475444690677028131e-08 4.390221376145406751e+00 6.856679068650983311e+01 7.963552724699221130e+01 9.575614839516465793e+01
6.968482523009523497e-08 1.647335540419529278e-07 -1.472197412601217312e-07 -1.551368359680306361e-08 5.285893649770905256e+00 6.676367740793200767e+01 7.772453005337665388e+01 9.421619556913674387e+01
2.658442387461001815e-08 4.834592976401381753e-09 -9.715535455835387416e-08 -2.078024703607564023e-08 4.379429967306785798e+00 6.646919054115507208e+01 7.664981338931654875e+01 9.238546417643323139e+01
4.508760986388512855e-08 4.685434885987981222e-08 -1.237015381612792254e-07 -5.547338941800963922e-08 4.598981054250559808e+00 6.437285812200137514e+01 7.505516975308641747e+01 8.981742633387796104e+01
-1.255202083150747217e-08 4.488900083595433779e-08 2.486565304668345758e-08 5.334833640044097695e-08 4.918974743150684503e+00 6.266986441724679935e+01 7.353022727272727366e+01 8.744582319316316443e+01
-5.391357400559058165e-08 -1.580794599710244818e-07 2.533562466636730001e-08 -4.313836627728215435e-08 3.014947543412348718e+00 6.269519176931691362e+01 7.160521612406512304e+01 8.660779620330004036e+01
4.715766564282794169e-08 -2.015766961052206476e-09 -3.542020994070974804e-08 -1.980960367049203343e-08 5.404852677578923625e+00 6.177710104643557543e+01 7.185025783145819389e+01 8.473096099663001723e+01
3.992732590941570471e-08 6.736111757738078543e-09 -1.864171175640367069e-08 -7.356043914100911762e-08 4.186398765562354463e+00 6.084601488352027587e+01 6.966449903660885923e+01 8.405183417354928110e+01
-6.519682805872921089e-08 3.366131631596743070e-08 7.631867826543947256e-08 -1.185749981432846962e-07 3.474897547941112830e+00 5.933762057877812879e+01 6.892382354508633568e+01 8.262941648822268803e+01
6.949575456797851856e-09 -7.442643531560125732e-08 1.051169197162113670e-09 7.523696055413718733e-08 4.573002798266045943e+00 5.829265327695559762e+01 6.753367807643847698e+01 8.174634194568942291e+01
6.682686046059131930e-08 -9.283877952765229970e-08 1.077243934341510370e-08 -3.854934634132818622e-08 3.195021062950402779e+00 5.723775451901101263e+01 6.610172054223149019e+01 8.047149866889387226e+01
1.366753099554977467e-07 -2.724240949288899614e-08 -5.810524349230189793e-09 -3.598769309211605058e-09 3.978826466127401318e+00 5.581618919193974904e+01 6.515647753276471121e+01 7.802689024078523516e+01
5.387330245341837023e-08 1.053362889019576706e-07 1.718197845626382040e-08 7.980967440098483469e-09 4.284001261725122411e+00 5.491450943202788437e+01 6.332772242351046543e+01 7.574772521046529050e+01
5.305636653715999197e-08 -1.091609419927263050e-08 3.943318671356606455e-08 2.908169094524811724e-08 3.020033941477615169e+00 5.375031609480365091e+01 6.249000824835032830e+01 7.500120739702717287e+01
-3.939754729728820691e-08 1.864796075235850619e-08 -1.412772442612903546e-07 -1.161349762546901609e-08 4.722880969797659034e+00 5.246101990049751151e+01 6.188411484081471770e+01 7.479492871435718371e+01
-5.907089518964296389e-08 9.765652196668857521e-08 -4.815611664280746226e-08 -5.057038793870418297e-08 3.279200905710172975e+00 5.136723788352550457e+01 6.102934197651663339e+01 7.142617263056092725e+01
-2.657886737855249717e-08 -4.836736981171352864e-09 -2.202809255973686145e-08 -4.445946361661788329e-08 3.173450520833333233e+00 5.157152037319116999e+01 5.876200394914275194e+01 7.025595008207010039e+01
-9.831228527084274411e-09 -7.403560872549855179e-08 -9.739223625676621785e-08 4.152200070453093613e-08 4.174524125070369962e+00 5.097582754742812483e+01 5.859635856312136326e+01 6.944669899202216357e+01
-6.919692408967525546e-08 7.984308762177057693e-08 -1.971642536681916771e-08 -5.545652990335466629e-08 2.680854670474096757e+00 4.981049613045881586e+01 5.725733545748526154e+01 6.799830079962370633e+01
7.121451076673302154e-08 1.769832512292256125e-08 5.284414918098149098e-08 4.676346629658034403e-09 3.508588394081352924e+00 4.867202655754523022e+01 5.548686509785648013e+01 6.714593653071617041e+01
5.254526730453896090e-09 5.808583536618651615e-08 -3.264311047329442134e-08 -1.245651686769149673e-08 3.605336580916527200e+00 4.678455562245275701e+01 5.484514081255770890e+01 6.536289397623527009e+01
8.057074102111951001e-08 1.121744296940727104e-07 1.105571530535844170e-07 -8.378874136023919185e-08 2.757318536931817832e+00 4.590784685922854891e+01 5.401828032077852271e+01 6.416687954966768359e+01
-3.844746392212988130e-08 -8.329516276717185974e-08 -2.283319751707776427e-08 -9.411191535611473869e-08 3.948204647550509705e+00 4.628810482032105256e+01 5.348748873873874032e+01 6.340710231127595620e+01
5.877580352576661479e-08 -6.063174550508508273e-08 -9.079522610795574390e-10 -5.976421601737514155e-08 2.605720379601227155e+00 4.459840609840610171e+01 5.266125996457041936e+01 6.254323216659282281e+01
5.353757081750386459e-08 -2.685526370001529716e-08 -3.675189475775634275e-09 -8.369427961880408312e-09 3.035348492207038174e+00 4.442488542217521541e+01 5.069167177645409339e+01 6.070882295338817158e+01
-2.105828556418547905e-08 1.803113106336410935e-08 1.221055150354346002e-07 6.128787174421317076e-09 3.501669918543159454e+00 4.386976428321065669e+01 5.055328491357179388e+01 5.992751968332680690e+01
-1.925694161249292490e-08 -1.332764865369977701e-08 5.638315269734633519e-08 -6.443710025776354376e-10 2.461669542185070281e+00 4.266272460772734831e+01 4.986527897923875230e+01 5.961083934088568981e+01
6.135425205979005292e-08 -8.873724350912771866e-09 6.972543996736909329e-08 -1.249958406017770108e-07 3.119078124999999702e+00 4.214647072609510303e+01 4.847314329216715123e+01 5.784104436658364534e+01
-8.148484214565818180e-08 -2.435310197096549646e-08 -8.086337872551232878e-08 2.517737977812135704e-08 2.800374016794217713e+00 4.090124666444295798e+01 4.746879189008043198e+01 5.730806223773318209e+01
1.428158834737277221e-08 7.749305641069896836e-08 2.575090856565994172e-09 -3.561422565364194433e-08 2.399363683006468850e+00 4.053301955330455542e+01 4.656546641484644766e+01 5.559235662233932374e+01
-6.216306016693118011e-08 -9.004571965258372039e-08 -8.678369685591533224e-09 -4.197942800893133941e-08 3.284047214953848659e+00 3.940255984042553195e+01 4.562262423893368890e+01 5.481517085220254870e+01
-5.098164958903098982e-08 -6.571838090431696023e-08 -3.821400141841355433e-08 -3.972067267335306678e-08 2.322193671070623910e+00 3.866311907059012754e+01 4.462330135485964888e+01 5.384202313666490625e+01
-6.402653699602547938e-08 -6.727486404853238876e-08 -3.803175700165901791e-08 -2.868078516969244800e-08 2.740536792298907010e+00 3.866543201190093271e+01 4.396538126188966089e+01 5.354564617966752138e+01
-2.101942295933114273e-08 6.645595295781112644e-08 5.028990638413036188e-09 2.131858403373437778e-08 2.845933932428262647e+00 3.740801886792453246e+01 4.401666470033034528e+01 5.181488421633989105e+01
-6.130807310779581722e-08 -2.484270426284571327e-08 -3.145943857144423121e-08 2.898474192702170752e-08 2.305314195947552047e+00 3.704105229192740723e+01 4.288583783889672674e+01 5.156413737397329555e+01
1.744644716199842910e-08 6.487393196020018887e-09 -9.058827270869789299e-08 1.516248424294866584e-08 2.790919618855606910e+00 3.608426313675998642e+01 4.201575683593750199e+01 5.053344611675027664e+01
-6.083780586897072928e-08 -3.247186353108908936e-08 4.582719788624491209e-08 -2.807605248997858241e-08 2.203913007800432755e+00 3.567011994852489210e+01 4.121627725262997899e+01 4.909420765339115178e+01
1.177583286375950878e-08 5.725321486765144834e-09 -8.888670500630651008e-09 -4.689105236532539900e-08 2.206316212074562966e+00 3.513805547158403897e+01 4.036560298306101657e+01 4.799857751821527785e+01
-1.494894682769532044e-08 1.531460973792823764e-08 -8.376834512220954987e-08 1.812692259026854031e-08 2.730042629743725691e+00 3.424716036257833451e+01 3.987015379383313274e+01 4.701657588279489630e+01
1.275260895876996939e-08 1.763272184145825305e-08 4.134955885638953730e-09 1.082294754280983280e-08 2.191048186570970557e+00 3.374323822261851547e+01 3.886032975910693210e+01 4.650275697816658038e+01
6.565728375893955977e-08 6.425630049752374679e-08 6.793233409632732276e-08 2.996177471151728635e-09 2.402746835589762320e+00 3.321758633907710134e+01 3.787519882623957557e+01 4.570114441466905930e+01
4.570405211764816826e-09 -2.336399396503656911e-08 7.105345531267308420e-08 5.173783837588195897e-08 2.154641609321793272e+00 3.217828437819670029e+01 3.678553851128035745e+01 4.480183890905171040e+01
-3.639408417437923714e-08 5.011341092011607340e-08 -2.654390549885524223e-08 -5.047585098870860443e-08 2.127756966050512233e+00 3.203598605789697729e+01 3.714643979866259826e+01 4.443624581186728051e+01
-4.703346748428218878e-08 7.321463723412496655e-08 1.212874903595262448e-08 -5.326624242285200245e-08 2.419699778675225676e+00 3.121652417244306221e+01 3.583077604535790073e+01 4.351459314471867401e+01
-2.095993680594708462e-08 -8.454278625896480837e-09 -1.563638350022332223e-08 3.217827147998940666e-08 1.948780828358999795e+00 3.087997421763869355e+01 3.513249490082993276e+01 4.282038569918985615e+01
4.800819079803773908e-08 -4.804806344450977965e-08 -6.143812579617357436e-09 -1.178115573275757623e-08 1.996421948915055422e+00 3.014002057613168972e+01 3.521169466334853837e+01 4.217981248924823490e+01
-3.398918721252405803e-08 3.245787945116273122e-09 3.689010632714618232e-08 -4.641376327568194900e-08 2.397769082742563285e+00 2.954878112393934941e+01 3.456408195020746632e+01 4.112315388074155464e+01
6.221957360205844262e-08 2.929794289596089232e-08 6.040474613897353840e-08 -1.309901274838447023e-08 1.917410714285714413e+00 2.927193679378530788e+01 3.410180117107942976e+01 4.014361503145723731e+01
-3.905641368653175625e-08 -1.344255721128164288e-08 9.567990437954856793e-09 5.149870076387942547e-08 2.143134451976728361e+00 2.899215172077047242e+01 3.311305394100255484e+01 4.023197582142977780e+01
2.699318809539016643e-08 -1.199144974464199870e-08 3.516139675591961175e-08 5.005043553384709878e-08 1.866033241421568789e+00 2.779538930298146582e+01 3.292407401272196665e+01 3.939328004245580672e+01
2.355483168298410644e-08 -2.413467316756745167e-08 3.226596868848232473e-08 -1.970153065617230603e-08 1.871277044482967389e+00 2.752235454900429446e+01 3.169012691951284211e+01 3.808829152520025474e+01
-3.466862217202739829e-08 7.910533923684625899e-08 -6.566548130708606151e-08 5.011953001315421044e-09 2.038502266159757159e+00 2.701224852512262942e+01 3.101061088497899121e+01 3.802811212141034503e+01
-4.701739592448715561e-08 -8.381675008879255317e-08 9.586912031171555424e-09 -4.221426107933149499e-08 1.791417568070107214e+00 2.690280230541998563e+01 3.071272376244022695e+01 3.732416213768116364e+01
-2.224130135209817974e-08 -2.421357336405574723e-08 1.503980665612799196e-08 -2.934164651309900101e-08 1.816208032480125745e+00 2.616137157227062815e+01 2.984457973448496659e+01 3.615325383223840561e+01
1.175736513853687855e-08 -7.844163177517850051e-08 -2.238734777768832887e-09 5.771155718131245341e-08 1.936128159240030566e+00 2.591861921369689270e+01 2.929683733984523641e+01 3.588167180595733896e+01
-7.011997419224179720e-09 -2.173060535907077931e-09 -7.488168212309160180e-08 3.189298056583307092e-09 1.659507921344383519e+00 2.518451446730482246e+01 2.939602279854490519e+01 3.524893138888015898e+01
-6.902472331134066984e-08 2.399531905423590664e-08 -8.941660471854267349e-09 -2.919685244257782427e-08 1.886346580686795837e+00 2.503251847907792538e+01 2.854151476767177087e+01 3.446443632274388591e+01
2.269015363896622477e-08 1.550223477268115343e-08 1.782170892346594986e-08 -8.659420841703859180e-10 1.662039105087825597e+00 2.448793593018961090e+01 2.841763616125884440e+01 3.376570879171391226e+01
3.970644635648352519e-08 1.399159069177387315e-08 8.806131088208078809e-09 -6.685778476286226370e-08 1.646511186899413559e+00 2.367139347245814207e+01 2.738923084042947309e+01 3.332874988595237653e+01
-9.808335608949621399e-09 5.779517882661898003e-10 2.228465709510964097e-08 7.001880599657041410e-09 1.636759022991045143e+00 2.382356178126497426e+01 2.703190346713135384e+01 3.261128158573914959e+01
3.749020406158001562e-08 2.080435079461651819e-08 6.201608672572447871e-09 -1.833419936880946553e-08 1.575290776611151466e+00 2.341968528208829525e+01 2.624462651070958685e+01 3.256927232998084065e+01
-4.463754301881732230e-09 -6.149107842596705532e-08 1.744595482585213542e-08 3.625567120692211697e-08 1.546272263409735448e+00 2.286153290482368305e+01 2.629149209252921082e+01 3.162376847290640214e+01
7.825598416175901777e-09 4.755989616170371515e-08 -3.472621561649750054e-08 -9.686747177896686626e-09 1.601824634190524010e+00 2.224760023102117401e+01 2.572329251440667974e+01 3.123133928833347994e+01
2.387882871800897091e-08 -2.405153281231981549e-08 2.221345787245863488e-08 -1.090812123451692154e-08 1.534782598985134250e+00 2.166807466982234942e+01 2.547604636700219771e+01 3.043758524128725185e+01
6.926497601241227602e-09 -2.484554681171927065e-08 -2.032375377240384341e-08 1.401034297356685246e-08 1.508944876402779300e+00 2.130069005523289150e+01 2.458242223370064394e+01 3.017034458854452339e+01
-8.675210262525532409e-08 -2.428896001776359162e-08 8.379282240317288171e-10 5.611615901617703104e-08 1.441402506693912011e+00 2.103112010737790172e+01 2.405996726932668395e+01 2.959141411627510365e+01
2.487757850801404586e-08 -2.219575881119610953e-08 2.918723343138090328e-08 -2.459908202905773370e-08 1.577641712089222104e+00 2.062408849792856458e+01 2.403683744331065952e+01 2.896260771006983603e+01
4.485477079680448221e-08 3.988923272246451857e-08 -4.238265987506820610e-08 -2.332812252703521034e-08 1.365583924232911084e+00 2.027729908979909013e+01 2.353395113496589630e+01 2.891325906144816216e+01
-2.704357230269030053e-08 9.754940175054483778e-09 -7.347518570777835894e-09 -1.355195811804934341e-08 1.322797898502124037e+00 1.982375621369526186e+01 2.288478746816521081e+01 2.803060071014452603e+01
2.366092436713124545e-08 1.396071071519185570e-08 -3.878207085211330721e-09 -2.470033344600825871e-08 1.477222841239973716e+00 1.937847787730727589e+01 2.284141302260507089e+01 2.762808825947545799e+01
-1.589089219911611636e-08 -3.461967605520690520e-08 -3.682219040954978520e-08 8.709258268873541686e-11 1.358901109638390503e+00 1.956678985368259660e+01 2.226880774456521905e+01 2.695775986100931121e+01
3.140623964008202959e-08 -2.192574784098503541e-08 -1.454670198934286684e-08 5.000464032557769302e-09 1.331600560897435948e+00 1.867547883874076575e+01 2.203531155466724201e+01 2.662929255462638167e+01
-1.672042548144751195e-08 -3.047450778887803241e-08 -7.291871166291849412e-08 1.395678987554764248e-08 1.374690270927662938e+00 1.872592676311030502e+01 2.119265474169937491e+01 2.645253278187089663e+01
-7.723323483581605979e-09 2.276721001489514924e-08 -1.548801753003712180e-08 -5.264327476976542882e-08 1.297892889254961490e+00 1.813895933977455499e+01 2.090291235012621129e+01 2.583283688037363390e+01
-9.462212985276907087e-09 -4.040869132894062493e-08 -1.360143114506839365e-08 -7.087176861807350757e-09 1.357993481047790274e+00 1.800943636950904292e+01 2.065627636296530767e+01 2.530913664628866755e+01
3.357298951152697415e-08 3.524689695812400282e-08 -1.079551966621542116e-08 5.344476281478259134e-09 1.109222178007057469e+00 1.732998965167135452e+01 2.020035057337069162e+01 2.525362618610543564e+01
3.603296289133413053e-08 -3.371625855904601193e-08 1.811167134901560936e-08 3.613927907133776645e-08 1.333372026871288751e+00 1.730224387153495869e+01 1.975821555452579403e+01 2.469671841692991165e+01
-6.373697516540255607e-09 -7.361164574973709361e-09 2.334807965578971481e-09 8.064711247407960837e-10 1.152197191002292342e+00 1.721944156729991704e+01 1.967609222684809112e+01 2.456269862456461439e+01
6.454119670304938498e-09 7.651106402471226224e-09 5.345348206051310286e-09 1.954796157094358534e-08 1.211800430795236805e+00 1.666691256726571169e+01 1.930591471453199404e+01 2.425001268456035319e+01
1.617099446674247845e-08 -2.237638613970650606e-08 5.930069493195077076e-08 1.630154263950260814e-08 1.218039490667196079e+00 1.648293962023416270e+01 1.886264977533699394e+01 2.372349617241638242e+01
5.286631910008760754e-08 1.204620479264154800e-09 -2.790805826216567981e-08 -7.235409905510682936e-09 1.075097793877088925e+00 1.607182072269914030e+01 1.838369605654762040e+01 2.302000230322950003e+01
-4.890823554167407815e-08 3.140254833760510630e-08 1.452628203250459097e-08 1.207302476822407972e-08 1.182507974802203821e+00 1.545186546505905412e+01 1.835665084439672157e+01 2.325824233385920081e+01
5.142914376303833231e-09 1.070707836895115502e-08 3.556749195972573547e-08 -1.400732863324964289e-08 1.072830608698326804e+00 1.539636550894419642e+01 1.778403881043444201e+01 2.262229195637853962e+01
3.796641797657164923e-08 -8.004617095789471927e-09 1.174577096717904780e-08 4.356746538415672691e-08 1.178779091479445595e+00 1.525388484280357737e+01 1.758503553471281933e+01 2.243585847328980165e+01
1.036909601019234173e-08 -2.004227426757460418e-08 -4.318959706296694917e-09 9.328838172766671545e-09 1.020206366776955864e+00 1.497479692923255001e+01 1.722145913693346131e+01 2.178787066756089885e+01
5.281019256987636139e-09 -4.771787833788771933e-09 2.406935381262592004e-09 2.583484575664161415e-08 1.062084029384680717e+00 1.477455272173582124e+01 1.692382664535984915e+01 2.163587875384251547e+01
-1.916319809805926510e-08 2.308595704272976014e-08 4.715411094396871650e-08 3.438888782020323636e-08 1.319663945334606625e+00 1.426578199830970028e+01 1.674011931174471357e+01 2.143105239786856231e+01
-1.361603514519178580e-08 -8.383112979971721646e-09 1.965583028639991785e-08 2.114047562138025519e-08 9.846068152976464871e-01 1.406391593334581636e+01 1.642399494574793550e+01 2.110377826838613302e+01
-1.735559847989788928e-08 2.617084975505152332e-08 -1.294474093037938051e-08 4.009919482770112380e-09 9.762724810623882865e-01 1.367397276084949098e+01 1.621387578798553974e+01 2.091420147505624172e+01
3.538798099149589132e-08 3.679140361775226008e-08 -4.166168643725561795e-08 -2.479612147053286842e-08 9.240943394622290752e-01 1.319038965405304964e+01 1.571190493909140784e+01 2.046491974290231752e+01
3.827336768952879118e-09 -1.056965991387664345e-08 -1.071261872247735326e-08 -9.041240728408039462e-09 1.025665791501794377e+00 1.332485291128376659e+01 1.571202120383036949e+01 2.022917095130367215e+01
-4.467346118288389986e-08 1.743169427294086448e-08 -3.745641427229496784e-08 -3.516975547055500038e-08 8.791314824890065216e-01 1.311497968074567666e+01 1.533571290483988392e+01 2.000347793504473870e+01
2.087834033678177892e-09 3.522449947572761283e-09 -5.560826167242485705e-09 -2.243986609414575140e-08 1.099246603753284424e+00 1.274538329701262107e+01 1.511839932607916914e+01 1.975744471083824649e+01
-9.125618658935521117e-09 -3.778801472610293858e-08 4.259838318474899815e-08 2.628447220304269185e-08 7.945406514480296556e-01 1.274166438431200632e+01 1.483857163406213964e+01 1.967836208803361941e+01
3.022180731040759707e-08 7.207510406808594951e-09 -3.843915758870764286e-08 8.493484537046553564e-09 1.005241244077787588e+00 1.250932517714791992e+01 1.457200631179378547e+01 1.943034660196321184e+01
-4.325958099931022437e-08 -3.141731181051255186e-08 1.328236982754608866e-08 -1.284543140902931538e-08 7.905311157343112294e-01 1.216921744701181396e+01 1.425201393128106808e+01 1.935598636789268667e+01
-1.550363678707424853e-08 8.287144748715326314e-09 1.852185999721016545e-09 2.442085789953249751e-08 7.292111555582290183e-01 1.192542491162269336e+01 1.416246539493035606e+01 1.884438291996101000e+01
8.956952279551524586e-09 -8.621579956088478103e-09 -1.253930940794498377e-08 1.404966554383306927e-08 9.046540754206476853e-01 1.180009722342921741e+01 1.389172458151849021e+01 1.884683541930091621e+01
7.683788448221099203e-09 1.446836442661767580e-08 3.168728273732486440e-08 -9.337373861400246602e-09 8.549608869663648525e-01 1.157449909974038960e+01 1.372476156439361716e+01 1.845250665956313085e+01
-2.430154046793540129e-08 -2.781779277312956866e-08 -2.112484682551989803e-08 -8.112427447875209465e-09 6.878948712803241161e-01 1.107171235068259385e+01 1.347276085805084911e+01 1.813427685775396370e+01
-2.275241258358201996e-08 8.450607156179659935e-09 -1.687196260090705164e-08 1.260369215205989169e-08 8.397172027811736772e-01 1.130234198053854655e+01 1.324100825471698251e+01 1.804407051282051100e+01
-1.513482376001657779e-09 -9.301153778056260977e-09 1.818779144989180577e-08 -5.344157952856352725e-09 6.543042260784598385e-01 1.081839415113871539e+01 1.299032842570413848e+01 1.775464743589743577e+01
-2.770618357785144074e-08 -2.155542276843426097e-08 5.411215737381930245e-09 2.818393034015361215e-08 8.303954774844719555e-01 1.075208488922081251e+01 1.272283014175578231e+01 1.765682986751809125e+01
4.071695852806474421e-08 -4.997323983888310755e-09 -1.916033230210816828e-08 -1.251638372997958562e-08 7.880802000458996259e-01 1.083597684809098283e+01 1.257253442710035962e+01 1.736647127273472790e+01
4.421765504618816415e-09 -3.455288057307788174e-08 2.012056412702472878e-08 2.810868492138538583e-08 7.447581102830149735e-01 1.058471835191082810e+01 1.217086599619186593e+01 1.746056380437642730e+01
1.410265296012642944e-08 -1.989761776754368716e-08 -2.066414704419317258e-08 -1.764112269058769049e-08 7.578061995967741993e-01 1.015511596797554006e+01 1.211162074148296597e+01 1.719115823537713794e+01
1.329108278897706688e-08 9.833868951127777380e-09 -1.587140418848123215e-08 1.266484479474102033e-08 6.643387991984717189e-01 1.007398882437161980e+01 1.189242018614891983e+01 1.699636238761238616e+01
1.317328752157510267e-08 -5.318546141271399527e-09 -3.491027777743298307e-08 -7.114244894433306442e-09 6.503297002842026719e-01 1.005449214098594979e+01 1.178188272220007882e+01 1.719156261795498253e+01
-6.144215715065384641e-09 3.004436833596789505e-09 -1.046035230324688127e-08 4.571261487433742471e-09 7.503563871975249544e-01 9.478079073011631550e+00 1.139855757920326162e+01 1.680567773086245964e+01
-2.295497539072534476e-08 4.844013864201836983e-08 -3.840039503549561372e-08 6.372673500460610103e-09 6.372609893848666385e-01 9.452232562006102512e+00 1.131560648292530935e+01 1.704237035058755012e+01
