nan nan nan nan nan nan nan 0.000000000000000000e+00
1.370893261718750000e+04 nan nan nan 7.134084472656250000e+03 1.952885253906250000e+03 nan -9.015839843750000000e+02
1.075155781250000109e+04 nan nan 8.090023437500000000e+03 nan 9.948578125000000000e+03 8.271729492187500000e+03 9.353571614583332121e+03
1.128730566406250000e+04 nan 9.071391927083332121e+03 nan 1.159655468750000000e+04 1.346179296875000000e+04 1.725893489583333212e+04 1.094998046875000000e+04
1.555641145833333212e+04 8.556519531250000000e+03 nan 1.104219335937500000e+04 nan 1.159786718750000000e+04 4.973399088541666060e+03 7.003308894230769511e+03
1.260779403409090992e+04 1.089537421875000109e+04 9.749875000000000000e+03 nan 1.299896022727272793e+04 1.405444401041666606e+04 2.080082812500000000e+04 3.589628125000000000e+04
9.683296875000000000e+03 1.194526736111111131e+04 1.182748750000000109e+04 1.096435937500000000e+04 9.634457031250000000e+03 1.797401367187500000e+04 1.654446093750000000e+04 2.038718750000000000e+04
5.751070312500000000e+03 1.035506250000000000e+04 8.400040364583332121e+03 7.818333705357142208e+03 8.857383522727272066e+03 1.996539543269230853e+04 2.142741761363636397e+04 2.191912916666666570e+04
8.330083059210526699e+03 8.594389508928570649e+03 7.107856770833333030e+03 9.701647836538462798e+03 1.770618080357142753e+04 1.906308463541666424e+04 1.865163461538461706e+04 1.561005357142857065e+04
7.690773097826086996e+03 8.452186298076923777e+03 7.547909007352941444e+03 1.015932617187500000e+04 1.370635312500000146e+04 1.524527656250000109e+04 1.377203125000000000e+04 1.658599143835616269e+04
7.554431372549019216e+03 6.447085503472221717e+03 7.598187500000000000e+03 1.228030842391304395e+04 1.750165992647058738e+04 1.347447443181818198e+04 1.462840217391304395e+04 1.563027597402597530e+04
6.409673469387754267e+03 7.363582465277777374e+03 6.409907589285714494e+03 9.769615625000000364e+03 9.051139204545454049e+03 1.064978869047618900e+04 1.276158928571428442e+04 1.112047066326530512e+04
6.994483606557377243e+03 5.893930259146341996e+03 6.516665482954545951e+03 1.096325675675675666e+04 9.605828703703702558e+03 1.170149915540540678e+04 1.050368981481481387e+04 1.324288068181818198e+04
5.483572294776119634e+03 5.109691692073170998e+03 6.321104779411764866e+03 8.155655172413792570e+03 8.867144444444444161e+03 9.799026515151515923e+03 9.890865709459460049e+03 1.169668534482758514e+04
5.187975279850746119e+03 5.273035714285713766e+03 6.053879166666666606e+03 8.621267663043478024e+03 8.214028125000000728e+03 8.307928571428570649e+03 8.131453547297297519e+03 8.693172839506172750e+03
4.001661091549296088e+03 4.352949074074073906e+03 6.161838430851064004e+03 7.447604166666666060e+03 7.062224264705881978e+03 7.153923749999999927e+03 7.601850000000000364e+03 7.998315104166666060e+03
3.866581357758620470e+03 3.736096108490565712e+03 6.687239583333333030e+03 6.103197704081631855e+03 6.877984975961539021e+03 6.660416223404255106e+03 7.205596813725490392e+03 6.398889593908628740e+03
3.511389008620689765e+03 3.611841517857142662e+03 5.572552083333333030e+03 5.243209978070175566e+03 6.479770507812500000e+03 6.195958333333333940e+03 5.670500000000000000e+03 6.921490963855420887e+03
3.560098458904109521e+03 3.378997488839285325e+03 4.602719246031745570e+03 5.156570783132530778e+03 5.641001562499999636e+03 5.950688492063492049e+03 6.009737847222221717e+03 5.807573122529644024e+03
3.354933238636363967e+03 3.758357291666666697e+03 4.471380208333333030e+03 5.339296600877192759e+03 5.161406976744186068e+03 5.154380357142857065e+03 5.670381087662338359e+03 5.670298360655737270e+03
3.049975628930817948e+03 3.245854388297872447e+03 4.732729326923076769e+03 4.390850446428570649e+03 5.179962328767122926e+03 4.801385653409090992e+03 5.105967620481927952e+03 5.057525159744408484e+03
2.928415550595238074e+03 2.966988581730769511e+03 4.628330407303370521e+03 4.314974095394736651e+03 4.488553217821781800e+03 4.678118459302325391e+03 5.065773529411764684e+03 5.283981100795755992e+03
2.736452698087431600e+03 2.816473081683168402e+03 4.106803655660377444e+03 4.140459288990826280e+03 4.520394717261904589e+03 4.383692857142857974e+03 4.465460286458333030e+03 4.962638370646765907e+03
2.361666428571428696e+03 2.391712923728813621e+03 3.392955518018018211e+03 4.090548295454545041e+03 3.990929621848739316e+03 4.150305424528301955e+03 4.132536732456140271e+03 4.471670224719101498e+03
2.406961320754716780e+03 2.415012883771929864e+03 3.246102803738317562e+03 3.743777931415929288e+03 3.407562779017856883e+03 3.518258928571428442e+03 3.968951206140350678e+03 3.710405389908256893e+03
2.197466769366197241e+03 2.104710000000000036e+03 2.995599713740457901e+03 3.236088668699187110e+03 3.231205291970802591e+03 3.238108284883720899e+03 3.429810791015625000e+03 3.384160813308687466e+03
1.843736111111111086e+03 2.074457031250000000e+03 2.868977145522388128e+03 2.797070778145695385e+03 3.055086805555555202e+03 3.252745789007092299e+03 3.078096047794117567e+03 3.313887385321101192e+03
1.838772563897763575e+03 1.933658569335937500e+03 2.312494219653179243e+03 2.677832471804510988e+03 2.876051035502958712e+03 2.917894196428571377e+03 2.808888995398773204e+03 3.032455555555555748e+03
1.794385451505016590e+03 1.755975357142857092e+03 2.443621651785714221e+03 2.526306852409638850e+03 2.641044196428571468e+03 2.588246894409937795e+03 2.772931587837837924e+03 2.681867162379421188e+03
1.572530402861445964e+03 1.815994348404255334e+03 2.340614962121212102e+03 2.576021332335329589e+03 2.509942942415730158e+03 2.578532458563535783e+03 2.557538011695906334e+03 2.821940085592011656e+03
1.674401486280487916e+03 1.613033049738219916e+03 2.164028209459459504e+03 2.315480978260869506e+03 2.390996071428571213e+03 2.505628810975609667e+03 2.394627430555555748e+03 2.610090315934065984e+03
1.491862359550561678e+03 1.646104272959183618e+03 2.030056002475247624e+03 2.337556525735294144e+03 2.203969664634146284e+03 2.318695426829268399e+03 2.338573223039215463e+03 2.375262579617834490e+03
1.496888933982683966e+03 1.566753925120772919e+03 1.984570350241545839e+03 2.105152146464646648e+03 2.176788125000000036e+03 2.199940340909090992e+03 2.210159962871287007e+03 2.282164052890529092e+03
1.338288419913419830e+03 1.525927034883720808e+03 1.958884868421052488e+03 1.907335755813953483e+03 2.039768405720338933e+03 2.066489301801801957e+03 2.301132709251101460e+03 2.180688144329897113e+03
1.264660996055226860e+03 1.266116530373831665e+03 1.841829708149779890e+03 1.876072460159362436e+03 1.779251453488372135e+03 1.964763063524590279e+03 1.930955762987013031e+03 1.838773745997865717e+03
1.162669697745901658e+03 1.229373437499999909e+03 1.613737087673611086e+03 1.785220319634703174e+03 1.725137522563176844e+03 1.676575672645739814e+03 1.831471078431372462e+03 1.697350802407221636e+03
1.144966235632183952e+03 1.193771267361111086e+03 1.573789481026785552e+03 1.613927827380952294e+03 1.691518013100436519e+03 1.645570532570422529e+03 1.530722276264591528e+03 1.733115975609756106e+03
9.910767649903287975e+02 1.124701979166666661e+03 1.432217020295202929e+03 1.487369189049586794e+03 1.573192794850498331e+03 1.635899776785714266e+03 1.681664122137404547e+03 1.599154643823264223e+03
9.748485753676470722e+02 1.046776666666666642e+03 1.352835209003215368e+03 1.333944828990227961e+03 1.408767287234042442e+03 1.357112408424908381e+03 1.454822704081632537e+03 1.505446909167367494e+03
9.028438596491228054e+02 9.815146998355262440e+02 1.283209850323624551e+03 1.287422842019544078e+03 1.375376628664495229e+03 1.402010813492063562e+03 1.346926883012820554e+03 1.383644300727566588e+03
8.953670722713864052e+02 9.808293866459626997e+02 1.312354854559748446e+03 1.326810870398772977e+03 1.293083067092651618e+03 1.357381476151315610e+03 1.347800192307692214e+03 1.358905906593406598e+03
8.308623139377538109e+02 9.204616745283019554e+02 1.253368957703927435e+03 1.244080071884983909e+03 1.259982206090651516e+03 1.246640492957746574e+03 1.306601748511904589e+03 1.295502832326284079e+03
8.220125000000000455e+02 8.346180959302325846e+02 1.180588330924855427e+03 1.146089010282776371e+03 1.186619806851311978e+03 1.217800124643874597e+03 1.181263442737430296e+03 1.177948544880785448e+03
7.680205602883355596e+02 8.111324491279069662e+02 1.096276634382566726e+03 1.122448647660818551e+03 1.193830998110831160e+03 1.155629540598290760e+03 1.135217139175257671e+03 1.123892989864864830e+03
7.479172015404363947e+02 8.106266727493917870e+02 1.091351715686274474e+03 1.052781934306569383e+03 1.126950694444444480e+03 1.067206707317073096e+03 1.087822337962962820e+03 1.101426969891095496e+03
7.101316300129366255e+02 7.235893691588784122e+02 1.015426094890510967e+03 9.646934562663185488e+02 9.927838718820861459e+02 1.026873825187969942e+03 1.046612720403022649e+03 9.755945512820512704e+02
6.459241071428571104e+02 6.831151315789473983e+02 8.934195902122640973e+02 9.365832345971564337e+02 9.146615360696516746e+02 9.531773491879349649e+02 9.778031784841075478e+02 9.612257683215129873e+02
6.308886237684729394e+02 6.571229861111111177e+02 8.607460077092512165e+02 9.041706370449679753e+02 9.068136965090089916e+02 8.929684633027522977e+02 8.952835903083700941e+02 9.073066860465115724e+02
5.899697885196375182e+02 5.861603084415584135e+02 8.231048076923076451e+02 8.882666713169642208e+02 8.614169836956522204e+02 8.335978494623656161e+02 8.417369218061675156e+02 8.332494505494505574e+02
5.588675298804780596e+02 6.168675595238095184e+02 8.078010752688171578e+02 7.770845200421940717e+02 8.393546626984126533e+02 8.228085699797160260e+02 8.691936592323651212e+02 7.736821069348861784e+02
5.389017944335937500e+02 5.826869140625000227e+02 7.362693305335967580e+02 7.686718750000000000e+02 7.782301493710692739e+02 7.767631377551020933e+02 7.571981037924150542e+02 7.604348661378284078e+02
5.139914272474513837e+02 5.661975951646090834e+02 7.232545876511226197e+02 7.313861336032388181e+02 7.265844155844156376e+02 7.149237716763005892e+02 7.238566930970149542e+02 7.211784784666350561e+02
5.124094848053181295e+02 5.214977213541666288e+02 6.677383442540321994e+02 7.005433728448275588e+02 7.164648589494163389e+02 6.886692994505494880e+02 6.701216454802259932e+02 6.887182567316619952e+02
4.803748306233061953e+02 4.955536090067340069e+02 6.438539751838235361e+02 7.103847144194756993e+02 6.850740625000000819e+02 6.633266509433962028e+02 6.676527901785714221e+02 6.254595818425760854e+02
4.564916647571035924e+02 4.847192299488054914e+02 6.337622192179700278e+02 6.475954652658662098e+02 6.645462589605734820e+02 6.519165154264971989e+02 5.999455403087478089e+02 5.971622559652928430e+02
4.492445818739054175e+02 4.631509740259740511e+02 5.989174071082391038e+02 6.358718999999999824e+02 5.980480132450330757e+02 6.176559983896939912e+02 5.959671160130718590e+02 5.751177062374244997e+02
4.039142507530120838e+02 4.433958500803858556e+02 5.592305589933993133e+02 5.843384221311475812e+02 5.955088857827475977e+02 5.656875996810207425e+02 5.639347278225806122e+02 5.334334932625562260e+02
3.950535048471289770e+02 4.021498308121019249e+02 5.604608771251931785e+02 5.427189490445859974e+02 5.443546358858858412e+02 5.392112954186413845e+02 5.472537758346581995e+02 5.300810643564356042e+02
3.710550702449567666e+02 4.045465838509316541e+02 5.153267883480825731e+02 5.178380200987305670e+02 5.470778338509315972e+02 5.148396700143472344e+02 5.102336244541484689e+02 4.710743013595165962e+02
3.547462188612099681e+02 3.746132692307692196e+02 4.743245777027027543e+02 5.277409743788819014e+02 4.823380208333333599e+02 4.988464977645305680e+02 4.774842194167852085e+02 4.587051444043320885e+02
3.329386875439831215e+02 3.581518208661417475e+02 4.651939461883408171e+02 4.833311941964285552e+02 4.938870708154506701e+02 4.846695723684210293e+02 4.469553949224259668e+02 4.308805603448275292e+02
3.134737696514012555e+02 3.535982200910273150e+02 4.629785738482384545e+02 4.590198904454022681e+02 4.547003458498023747e+02 4.583127572016460363e+02 4.484231717687074479e+02 4.208154681711013723e+02
3.053681980180806477e+02 3.306436320754716576e+02 4.428001845314505545e+02 4.373896360759493973e+02 4.345992250673854755e+02 4.400119087837837810e+02 3.965171895318595716e+02 4.147864192495921998e+02
2.846350490196078340e+02 3.170233107053683170e+02 4.259595498783455128e+02 4.469282741834171020e+02 4.169289632262051555e+02 4.151244276556776640e+02 3.985697981366459999e+02 3.828884217834001902e+02
2.714385952102803685e+02 3.184073928121059112e+02 4.016730557304785521e+02 4.161818181818181870e+02 4.140293351715686185e+02 3.898388746803069580e+02 3.777170724094881393e+02 3.603829340385811975e+02
2.689927533688938865e+02 3.043032662009512137e+02 3.884405868902438783e+02 3.850248822143698249e+02 3.868124637049941725e+02 3.685749427917619983e+02 3.600031067251462105e+02 3.417446428571428783e+02
2.566841619318181529e+02 2.882282427095989874e+02 3.668266913472706392e+02 3.746496319365798513e+02 3.699975698663426442e+02 3.523255422039858900e+02 3.323107224118315912e+02 3.226473044242601986e+02
2.431021811368778458e+02 2.673068910256410504e+02 3.308055412371134025e+02 3.485222896919431719e+02 3.505303201381508984e+02 3.401060779816513673e+02 3.235211570477247847e+02 3.113465798272499683e+02
2.328552912880812187e+02 2.607820018305438907e+02 3.474211688876013682e+02 3.564014721074380532e+02 3.377333216292134921e+02 3.235298191987513405e+02 3.093499032079645872e+02 2.882188260751960911e+02
2.244231657608695798e+02 2.554211928934010416e+02 3.219149986744433249e+02 3.362417922497308496e+02 3.146653328252032793e+02 3.147700844226579875e+02 3.037295749470338819e+02 2.762390310786105942e+02
2.096954288563829891e+02 2.389071608040201227e+02 3.003386403290129465e+02 3.147423632413088512e+02 3.009705213903743584e+02 3.002663057244174638e+02 2.759561004162331415e+02 2.607035371318821717e+02
2.092304998672331351e+02 2.299543725049900047e+02 3.023697450248756127e+02 2.980886714855433297e+02 2.954902305825242479e+02 2.858434065934065984e+02 2.540729880136986196e+02 2.492480984410359497e+02
1.898783152675276824e+02 2.141196445959104153e+02 2.913890532544378971e+02 2.738960150193798313e+02 2.832432729941291427e+02 2.732373179611650471e+02 2.509467758919722371e+02 2.256199653200291948e+02
1.916276761819803767e+02 2.036957042336802317e+02 2.668163988095238324e+02 2.758285815268614556e+02 2.632800957987072934e+02 2.532444700460829381e+02 2.335059551341350641e+02 2.172274663807094726e+02
1.796050307657247060e+02 2.013441091954022966e+02 2.573346857734806576e+02 2.589031862745097783e+02 2.519501298394712023e+02 2.506325340056285143e+02 2.176354166666666572e+02 2.172252625437573101e+02
1.692499861541869564e+02 1.938253286439114333e+02 2.461078400503778312e+02 2.552855368968779430e+02 2.419552774234693686e+02 2.349240075825156282e+02 2.150804577075971622e+02 1.970860367892976512e+02
1.635485424901185922e+02 1.871574447748513137e+02 2.360309517045454584e+02 2.415077668890742189e+02 2.348686708860759325e+02 2.205484744094488292e+02 2.048064044571933096e+02 1.837751649718736360e+02
1.612822769953051818e+02 1.800083231209150370e+02 2.227001936316695492e+02 2.357237921099290645e+02 2.195769709543568524e+02 2.064728347081218089e+02 1.924810085836909650e+02 1.775829459002535771e+02
1.512427832830676380e+02 1.586794701309329128e+02 2.129791752259654913e+02 2.230600262520194121e+02 2.180485023285351360e+02 1.964265213138385491e+02 1.800822348014888235e+02 1.664053329864724446e+02
1.402624599358974251e+02 1.628232305709754257e+02 1.970696753760886679e+02 2.121636935057003370e+02 2.051091765873015902e+02 1.926729107720290983e+02 1.799536370903277316e+02 1.599615037141136327e+02
1.352348950453857697e+02 1.595843874501992161e+02 2.014853623617693472e+02 2.014871525058731265e+02 1.940144288879935459e+02 1.772319702052091657e+02 1.666938675940752432e+02 1.456139793192162983e+02
1.314700156480117812e+02 1.473844748636009285e+02 1.894436719359875099e+02 1.941245511451863308e+02 1.806172289613343480e+02 1.812968151340996315e+02 1.620738109871406891e+02 1.412201796606938728e+02
1.274488512531783613e+02 1.352134175634127473e+02 1.762021688432835731e+02 1.849493941553813272e+02 1.758888120229007654e+02 1.650608173076923038e+02 1.482937406785980556e+02 1.353661046944858413e+02
1.196537756598240492e+02 1.350646757842387160e+02 1.741729596219931295e+02 1.770594840116279158e+02 1.731291095288326289e+02 1.574745308946171463e+02 1.515902527075812145e+02 1.261662273060700556e+02
1.124563556274721350e+02 1.307836719821673341e+02 1.691184506704980777e+02 1.648597262431879926e+02 1.647751575240919237e+02 1.519507402451657470e+02 1.362860629067245100e+02 1.212191218896502107e+02
1.126048073524213606e+02 1.256764619638069718e+02 1.582426124476987468e+02 1.624696180555555713e+02 1.598839497291807561e+02 1.397091673951048847e+02 1.287825168918919019e+02 1.075064707149009422e+02
1.024569998251136838e+02 1.200875905491913755e+02 1.487267024717982622e+02 1.554597006089310014e+02 1.427954409246575267e+02 1.367657242413549739e+02 1.208008553523035289e+02 1.121789256893073343e+02
9.848663194444445423e+01 1.135550634475939233e+02 1.449345039946737757e+02 1.498830038054268812e+02 1.418523995535714164e+02 1.274273194624352357e+02 1.096471821049136679e+02 1.043366541353383496e+02
9.222884052814674760e+01 1.110662442396313310e+02 1.384899054276315837e+02 1.455549633577614941e+02 1.341516118200134429e+02 1.254524933730947680e+02 1.090507579522862898e+02 9.742868167599604590e+01
9.293776733883287022e+01 1.068803289897039832e+02 1.325249123086734642e+02 1.340938092604298504e+02 1.304285206668715205e+02 1.152895065584009870e+02 1.006062559036523965e+02 9.425188323917137723e+01
8.602761405388855565e+01 9.603430511182108376e+01 1.290325649752475385e+02 1.291511881112469382e+02 1.222927360583016423e+02 1.075552282911001214e+02 9.961755583126550562e+01 8.283545418950664896e+01
8.155944960713206626e+01 9.395654265554841800e+01 1.225962171052631646e+02 1.225278879042288480e+02 1.159001033668044869e+02 1.090390131786616195e+02 9.565408840190816875e+01 7.834924245326386938e+01
8.048097663271420288e+01 8.817794501693957443e+01 1.170240816800991865e+02 1.211087262426900537e+02 1.111483597636815830e+02 1.018007477103606107e+02 8.960866434202547737e+01 7.843994862507392440e+01
7.369824858546755308e+01 8.925328009127210294e+01 1.082027238914819094e+02 1.131732759264793629e+02 1.042760270118176749e+02 9.337606323964497790e+01 8.038052009976526335e+01 7.422885137581462800e+01
7.429909549013920866e+01 8.451698292889389563e+01 1.052478372175141317e+02 1.097927042529378951e+02 1.006811466792343310e+02 8.930415655339805880e+01 7.938714183381088674e+01 7.025186281832408497e+01
6.717868822674418539e+01 8.033217176258992254e+01 1.031316125690607777e+02 1.028896265414798137e+02 9.838054379511383729e+01 8.686922876044567943e+01 7.734979363207547465e+01 6.292289524868018447e+01
6.669039043784935927e+01 7.870862188365651946e+01 9.840133070054945108e+01 9.927726800554017927e+01 9.231384548611110574e+01 8.053588894284128230e+01 7.101712988442487529e+01 6.085984427141268327e+01
6.282201262953367404e+01 7.256562668101129532e+01 9.131270570488206317e+01 9.199501836235037899e+01 8.464280073491491407e+01 7.441431743421053113e+01 6.835914583333334349e+01 5.312286045106725396e+01
6.131724657757496288e+01 7.138601805853920723e+01 8.879078060165974762e+01 8.815607872446436488e+01 8.285030927134310730e+01 7.492431406499733271e+01 6.489485609407485356e+01 5.320374236417987390e+01
5.873627662271805150e+01 6.849665417558887270e+01 8.471971201588877420e+01 8.732576730665225284e+01 7.957866107467205552e+01 7.016680090206185127e+01 6.248193082085700212e+01 5.249995162538699134e+01
5.678012081843718306e+01 6.501572403705509373e+01 8.190228966986155967e+01 8.139710125121476381e+01 7.413538670240585304e+01 6.481880441542287485e+01 5.905850069690826132e+01 4.807142913760304026e+01
5.490475299401197162e+01 6.227277236652236780e+01 7.702887773722628140e+01 7.811694273240883035e+01 7.309632579346281034e+01 6.411466363803231161e+01 5.504376784384309929e+01 4.512690487894801095e+01
5.015592383200795012e+01 5.724366127285851746e+01 7.687799122174122601e+01 7.485904605263158373e+01 6.770559331938976300e+01 6.104459395002461974e+01 5.220291960808179255e+01 4.402208777562393749e+01
4.876223528687515341e+01 5.616402958216292518e+01 7.140977465785748279e+01 7.250340855665255901e+01 6.846723574821852765e+01 5.885707221303731984e+01 4.877232671800948083e+01 4.132457386363636687e+01
4.691406602073006127e+01 5.436834040546911950e+01 6.843697158290277116e+01 6.901069195375177401e+01 6.243838388265545092e+01 5.673662777264325285e+01 4.730020690975494801e+01 4.043088821618428597e+01
4.446847587719298645e+01 5.285098607888630795e+01 6.634363489871087438e+01 6.460778075946444687e+01 6.150498341205578612e+01 5.186127553389043499e+01 4.502182439271255276e+01 3.678599529060418405e+01
4.220791625303331074e+01 4.969723490980573644e+01 6.233230951307483991e+01 6.352536732213875581e+01 5.637287390452029712e+01 4.876297457815275749e+01 4.110616225090579690e+01 3.307263370716862028e+01
3.962448804062909602e+01 4.638474007668019539e+01 6.114702544341216850e+01 6.047132963212202839e+01 5.381927487602415283e+01 4.708666416332888360e+01 3.891901131932408475e+01 3.449630784378076953e+01
3.940769072447859145e+01 4.452927635035729281e+01 5.817105431446111652e+01 5.743301949786324911e+01 5.340130428143046970e+01 4.550612758286698067e+01 3.715990345190602540e+01 3.013209795242233113e+01
3.652613861253744432e+01 4.165244624635568726e+01 5.392580275836509429e+01 5.496448496119017335e+01 4.848136576442897905e+01 4.286428665611814637e+01 3.605474361005492057e+01 3.113349978750531122e+01
3.670709368250540194e+01 4.122173789321192316e+01 5.138528931827600132e+01 5.322416287722199257e+01 4.928636113792364171e+01 4.181274944125159720e+01 3.491761363636363313e+01 2.732608134090195762e+01
3.346948537067888196e+01 3.821148830024311138e+01 4.851817524360535572e+01 5.148987489931534611e+01 4.460806593066446624e+01 3.737850778112449746e+01 3.239953905932547684e+01 2.424352329974811227e+01
3.288192534381139609e+01 3.774796856014580726e+01 4.794299208030669490e+01 4.719505843495934982e+01 4.327609814257028376e+01 3.762257598239868628e+01 3.216271355640921570e+01 2.444685091766375962e+01
3.132965330234359769e+01 3.721894539003572788e+01 4.632713703181635623e+01 4.636347960815673730e+01 4.014995407965970742e+01 3.414533448983581110e+01 2.804727271606156336e+01 2.252878322094407082e+01
3.002780619527978700e+01 3.537684374999999903e+01 4.276292657393145902e+01 4.332434628891419948e+01 3.851802357456140413e+01 3.404146680736761255e+01 2.959280742459396762e+01 2.186822810405129403e+01
2.796928602058318702e+01 3.338499244933748855e+01 4.223596680764987354e+01 4.035418498436889934e+01 3.810666167664670922e+01 3.239729957909162295e+01 2.628399741559180569e+01 1.865282434834123038e+01
2.632014439411098294e+01 3.236009461009174260e+01 4.048945512504923272e+01 3.913678982441776100e+01 3.635219546405477331e+01 3.000819994448556471e+01 2.482921621366553211e+01 1.970333402514231480e+01
2.592822411380597103e+01 3.000712349262058964e+01 3.847931951786365090e+01 3.805300890463423968e+01 3.430375784050179533e+01 2.768815176264304156e+01 2.285742187500000000e+01 1.699920507150059734e+01
2.383740634307520523e+01 2.886059799801156700e+01 3.636142486988514122e+01 3.582900208482783455e+01 3.248832369333083392e+01 2.815191413339382720e+01 2.247656819009468521e+01 1.737957466305436682e+01
2.341135081750091373e+01 2.731782481363152115e+01 3.476916241952789477e+01 3.510334249288003150e+01 3.062518020315826917e+01 2.600007533482142819e+01 2.135031244425615427e+01 1.613961613302670983e+01
2.233598177485832181e+01 2.674408442982456080e+01 3.276029096712137090e+01 3.403019528531663696e+01 2.816372330182072758e+01 2.555703813932980850e+01 2.073114214698668434e+01 1.542523734177215289e+01
2.153785753459331787e+01 2.563908216095770598e+01 3.226176098709452589e+01 3.108479461130741939e+01 2.762494683565838471e+01 2.246354343580162904e+01 1.956423102601653952e+01 1.537482363028566468e+01
2.029909207862324649e+01 2.500990571120689410e+01 3.120679818019092977e+01 2.991204047148038470e+01 2.645598730297723478e+01 2.257110285922496473e+01 1.924043592436974848e+01 1.416021852886009036e+01
1.933884730999671575e+01 2.306361799105606991e+01 2.877288951898326630e+01 2.905760516415868722e+01 2.469161530976321828e+01 2.009574751420454319e+01 1.813583267602125559e+01 1.266836628728088243e+01
1.782756751734390477e+01 2.243177515146683376e+01 2.790840627124405060e+01 2.704968218639717747e+01 2.379183264844012058e+01 1.963452004543222174e+01 1.608238989476300773e+01 1.197108336391811534e+01
1.726406733194986742e+01 2.084327464927490681e+01 2.628068835006476789e+01 2.601667386475814325e+01 2.293405186002522100e+01 1.883153541800902175e+01 1.475123058164739831e+01 1.149191644763445197e+01
1.658408690124671736e+01 2.022629619305511284e+01 2.576431297709923740e+01 2.531299781860390397e+01 2.217862192622950701e+01 1.842329568152764452e+01 1.463016505783642884e+01 1.110234087177638962e+01
1.592529731781376512e+01 1.957934000777604666e+01 2.403374902950310599e+01 2.440350454685573567e+01 2.118662739123727334e+01 1.787408161042458588e+01 1.357929711568083775e+01 1.070424385118306354e+01
1.476035418219075979e+01 1.858321820516811940e+01 2.311168505662426043e+01 2.322977509395552786e+01 2.029176244374611926e+01 1.699970763036809984e+01 1.253920170365739217e+01 1.044153687252696194e+01
1.440134379678143617e+01 1.833589939024390247e+01 2.137718979498163918e+01 2.136790461223871418e+01 1.902714469049760027e+01 1.569814091873863049e+01 1.273790012383668646e+01 9.488256958137418096e+00
1.373215602418522252e+01 1.660672497128636849e+01 2.138564621798689913e+01 2.107286910898379872e+01 1.839875009618344137e+01 1.451770467863541469e+01 1.173522835818100241e+01 8.264746561004784553e+00
1.236208802250803807e+01 1.556052491643877111e+01 2.032439686693432535e+01 2.016221833758248039e+01 1.704528294282029321e+01 1.421256142048838633e+01 1.175299813814252303e+01 7.560833202286686650e+00
1.185311863913928399e+01 1.511208572729820609e+01 1.972267972506009670e+01 1.902530436013590176e+01 1.661071494126284875e+01 1.283322674103268568e+01 1.027066078174949126e+01 8.011356575534904323e+00
1.113398119374196327e+01 1.384714702481076642e+01 1.859585250784817134e+01 1.765884052037845819e+01 1.472644207188901255e+01 1.271059415367874124e+01 1.064495164858692533e+01 6.961287022690032522e+00
1.069676010358914375e+01 1.409067333821070278e+01 1.808263573673184155e+01 1.714474035699271326e+01 1.474207534811943887e+01 1.219277518387654879e+01 9.269581131171962696e+00 7.240590402651434943e+00
1.031055242680500150e+01 1.225303735283933548e+01 1.665080158153377710e+01 1.636122800637295782e+01 1.436902573529411775e+01 1.200741180403181652e+01 8.800044834696423734e+00 6.348416167094046436e+00
9.716722961758067711e+00 1.212601738689493835e+01 1.558972679640718795e+01 1.566032515736179498e+01 1.336923935439560474e+01 1.085748456790123484e+01 8.605028412986834851e+00 5.607671450575260508e+00
9.455400806238435152e+00 1.256487632869991877e+01 1.466520377108269813e+01 1.461320505666208724e+01 1.291606691284833808e+01 1.017980285234899185e+01 7.476301908557045905e+00 5.759344269243811709e+00
8.924581451296150547e+00 1.106746487435828108e+01 1.375518891478029282e+01 1.425156411456987904e+01 1.190049043504572346e+01 1.045376260747354635e+01 7.771417239555790779e+00 5.499165821753872585e+00
8.627700490325127092e+00 1.042248217281879086e+01 1.333925910071029897e+01 1.411911476627938278e+01 1.126252666518084489e+01 9.978360765574432634e+00 6.460029730959188754e+00 5.040293948835683935e+00
8.124533439669580304e+00 1.003021836448892223e+01 1.259377912782955988e+01 1.328750234609609571e+01 1.158268967620680634e+01 8.761508157284353615e+00 6.621305393657202387e+00 4.182488472784525513e+00
7.350077883189322314e+00 9.582006793137990641e+00 1.281819029258695153e+01 1.230279156679191566e+01 1.059045033510369294e+01 8.226374053759302640e+00 6.034474706381208087e+00 4.589217096089243775e+00
6.786224131323455033e+00 9.186829023525017845e+00 1.188463867187500078e+01 1.160510818794852739e+01 1.042461891213122982e+01 8.205947218899520834e+00 6.185410028723004494e+00 4.215541636555018457e+00
6.647670899056126181e+00 8.448720303698260992e+00 1.107265070107763982e+01 1.063867574640733338e+01 9.694525334330727162e+00 8.007341729690168108e+00 5.765587550700590036e+00 3.926117170667897671e+00
6.802033360981588395e+00 8.206780898361056842e+00 1.085058449643384115e+01 1.103027607361963192e+01 8.971568518461726427e+00 7.648472533632286741e+00 5.373705553519061873e+00 4.103094652782019125e+00
6.018820607000702871e+00 7.902690509034683508e+00 1.054089184204160645e+01 1.009974454424885515e+01 8.412796964200762062e+00 6.594847292007478323e+00 5.057937832205846362e+00 3.637625988438267566e+00
5.765453226043503854e+00 7.910191245460048037e+00 9.617607675827422042e+00 9.398123653644621101e+00 8.112627539486375383e+00 6.711606044467114174e+00 4.483522609990563623e+00 3.696252716905853664e+00
5.501115483885119950e+00 6.997099735473457649e+00 9.203269115805056799e+00 9.436696986071085647e+00 8.170654352806414167e+00 6.316785255842776614e+00 4.622801657867254832e+00 3.353958311908679768e+00
5.070428848706995950e+00 6.951926682420194403e+00 8.810925784039515207e+00 8.596030563264612567e+00 7.331383276390197601e+00 5.837137885828785677e+00 4.142869704192908564e+00 2.955596259598175735e+00
5.032944239136698528e+00 6.635414923583221380e+00 8.411483470077220304e+00 8.568594108371559770e+00 6.937709731543624692e+00 5.551670129369431272e+00 4.038112282807499120e+00 2.839367490774128200e+00
4.917829002648969272e+00 6.074416261965089880e+00 8.036442229311894891e+00 8.150454770668176252e+00 6.488876105878995659e+00 5.281830279446440457e+00 3.704309303977272538e+00 2.845337349312354824e+00
4.441634764280798287e+00 5.940545347176445112e+00 7.110444681099977515e+00 7.561990265268013545e+00 6.565890297684674692e+00 5.053077757558790850e+00 3.795466223740651124e+00 2.517852646791015836e+00
4.130368793495716950e+00 5.621573283012607725e+00 7.261509087659481665e+00 7.218359720762337339e+00 6.165969597598932594e+00 4.600751784935687816e+00 3.605053824040370447e+00 1.863360881304900074e+00
4.237192555244237546e+00 5.302020846843925383e+00 6.970527377629011312e+00 6.663058217091007762e+00 6.208439939860729950e+00 5.140880304950388613e+00 3.503466368283023158e+00 2.423073103815831963e+00
3.775779597435219515e+00 4.893563179347826697e+00 6.580560021436227203e+00 6.339792556746697727e+00 5.821481319263363652e+00 3.937608855841371547e+00 2.727530527206352584e+00 2.040929470021413117e+00
3.865117654382470125e+00 4.687908430546554150e+00 6.155035411576053939e+00 6.291669641400130075e+00 5.601530150103519290e+00 4.099839785940803338e+00 2.844530511733515343e+00 2.015926542314790293e+00
3.477986953404546444e+00 4.768334340030518703e+00 6.092433945815450613e+00 5.731198705808080440e+00 4.958339404938532979e+00 4.169471840587990918e+00 2.557314748435870477e+00 2.078264880330949360e+00
3.296500318057983048e+00 4.318274456521739246e+00 5.592970851438029634e+00 5.951129388859556002e+00 4.860614414812942208e+00 3.241558588184408674e+00 2.281360312760037257e+00 1.746287255252798820e+00
3.057676788015464275e+00 4.192217999249249871e+00 5.533530011109446534e+00 5.302543287358602697e+00 4.513726836511011697e+00 3.700110611672134731e+00 2.399857722234802537e+00 1.668156806094671651e+00
3.075564654730145620e+00 3.934580070318745015e+00 5.315454966895659439e+00 4.817276182007842245e+00 4.158392516562939178e+00 3.259919411319912808e+00 2.033034994563587272e+00 1.460343380899354226e+00
2.546782653216019376e+00 3.665640861365445868e+00 4.780008060887822374e+00 5.000187227668845047e+00 3.990156110518746413e+00 2.996729244402985159e+00 2.385593685114692608e+00 1.618264894165833079e+00
2.894136845603027197e+00 3.666623937659658328e+00 4.788445161408477979e+00 4.507799832326061740e+00 3.713845069577735192e+00 3.146379791015243121e+00 2.190294000733855384e+00 1.684077120103965042e+00
2.432659687172650020e+00 3.445827929228661102e+00 4.366627251571566504e+00 4.186828578542971080e+00 3.536057751225490264e+00 2.990679889803884439e+00 2.245271639014640996e+00 1.306565381505262247e+00
2.478557797488823322e+00 3.286424088008961242e+00 4.302042311434395749e+00 4.539229281146663908e+00 3.561805099455808143e+00 2.476091121895169334e+00 1.784644795770024217e+00 1.431949926551378205e+00
2.230380816143920253e+00 3.212348090277777679e+00 3.989725717252704751e+00 4.007492445561911865e+00 3.397428640556299229e+00 2.352554717730790390e+00 1.650147645401369711e+00 9.842675138170272620e-01
2.169364572578374339e+00 2.943749249897128717e+00 3.887847473292592060e+00 3.923607391340177220e+00 3.278851976691042225e+00 2.457297022185692903e+00 1.326724684005125887e+00 9.982877492650802376e-01
2.221258604267950520e+00 2.632396388623109207e+00 3.785028468795686774e+00 3.527309346330275375e+00 2.983368663146030553e+00 2.185580524615598375e+00 1.619510330101569640e+00 1.333095939234757221e+00
2.002096538168467443e+00 2.796185046991202405e+00 3.406599402556921063e+00 3.523294032305136270e+00 3.007488991477272666e+00 2.202627565676820165e+00 1.558487276705262214e+00 8.630903264457204793e-01
2.008518757762597584e+00 2.374242428513440473e+00 3.531641116528851043e+00 3.148167662697691327e+00 2.638149807795458823e+00 2.404890436884348670e+00 1.427165153434684752e+00 8.363481076710842510e-01
1.731721060710888160e+00 2.184271339789836563e+00 3.036592166309778573e+00 3.228867736696920954e+00 2.550993851336546658e+00 1.823182971132189856e+00 1.320250999916962042e+00 9.962688129984492713e-01
1.768927837260262148e+00 2.353287685926773509e+00 2.830917433459240851e+00 2.886264137542881247e+00 2.395117745735083847e+00 1.881657426075268758e+00 1.248467833659994586e+00 5.484235084269051264e-01
1.615690250823081042e+00 2.003142556959495391e+00 2.998182650227234625e+00 2.960147595393001652e+00 2.426443286740873617e+00 1.677325676919032782e+00 1.273164487019724289e+00 9.157234506176866740e-01
1.724679303146732900e+00 2.024922164498063282e+00 2.636658506396775348e+00 2.653335493937985401e+00 2.251404683989977507e+00 1.813397804802176383e+00 1.125735969939446246e+00 7.783662407741160916e-01
1.447311023222525916e+00 1.950968397478433980e+00 2.510403661329054792e+00 2.434588808001894034e+00 2.233341145833333208e+00 1.409530730675813803e+00 9.934452517023346640e-01 6.279981198420152566e-01
1.414486805819201720e+00 1.829371115833887451e+00 2.378546779141104128e+00 2.359898934553733341e+00 2.092864782631802534e+00 1.352052572808955855e+00 8.765241607584198791e-01 4.761541281705721218e-01
1.161503391922687367e+00 1.850477145292474646e+00 2.356225867483525249e+00 2.285105754888962615e+00 2.074270249037831526e+00 1.390415806106775287e+00 1.082178881102192625e+00 7.405344722662521306e-01
1.383906199787097391e+00 1.791602365594161084e+00 2.066319401556324209e+00 2.172531803097345282e+00 1.865602175447090838e+00 1.305584946552782455e+00 8.507021222437057828e-01 7.082672106576780591e-01
1.122754947728730635e+00 1.474163590979339578e+00 2.126098792173221508e+00 2.178203897877164064e+00 1.830634903877091268e+00 1.415158247407139358e+00 8.051847339972416639e-01 5.307438695716261146e-01
1.197158896857923427e+00 1.433072874267339758e+00 1.997633539969653427e+00 1.832012137406803243e+00 1.667420797897291695e+00 1.085899335849549674e+00 8.212423088736524601e-01 6.054697646509351605e-01
7.981916661354543363e-01 1.420126757028112419e+00 1.809267885371684148e+00 1.790150656113625338e+00 1.668660569654427661e+00 1.176416085302045333e+00 8.466340623525248077e-01 4.880116156579154540e-01
9.510662510286855831e-01 1.477103199015687540e+00 1.722732617000478861e+00 1.792521301408986911e+00 1.597355126465694886e+00 1.105249512329865569e+00 6.383553071374000742e-01 5.052474505746623601e-01
9.928764426838809776e-01 1.236515426286090680e+00 1.887206197358717530e+00 1.665683652588394015e+00 1.491735371063747984e+00 1.158143966555759574e+00 7.004540252685547141e-01 4.957308195270874185e-01
8.042113086602444838e-01 1.129351538861573356e+00 1.619268640475648446e+00 1.630075349164650689e+00 1.310880239708835271e+00 1.131921319193684550e+00 8.280505555343802282e-01 4.503445327656053765e-01
8.497810980221337518e-01 9.768139229154112479e-01 1.401598072783501348e+00 1.525150477072393151e+00 1.232195628545305066e+00 1.034481394535973431e+00 5.030153251948733528e-01 3.261175563241756059e-01
8.365208831692403368e-01 9.364584114427113581e-01 1.419497269894445246e+00 1.552008372053490515e+00 1.340732312613395871e+00 9.383883338229260795e-01 7.503279071332753514e-01 4.556113090486476613e-01
8.809399706489190462e-01 1.020777869926404957e+00 1.382728197701600825e+00 1.525311503004896929e+00 1.186734561147442468e+00 8.894895229603210218e-01 6.319052206503378288e-01 2.382700642561255688e-01
7.408400192990721722e-01 8.592979182121661674e-01 1.247118499087591426e+00 1.336352946082553395e+00 1.115046596810088886e+00 8.364307724426839341e-01 5.810431892871508186e-01 2.920672015241272401e-01
7.025701972382152327e-01 9.169131001991445151e-01 1.163912947529233577e+00 1.281752970135154657e+00 1.170013323815266792e+00 6.982246342064883926e-01 4.001505539701286640e-01 2.559509990140680924e-01
7.653097982708934044e-01 8.141263574911347112e-01 1.229759296309629324e+00 1.219627321733561143e+00 9.821553577964861059e-01 7.682385900028381176e-01 3.722820501026675166e-01 8.703302355318028038e-02
7.286248458059210176e-01 8.853750566913202169e-01 1.022776375217075318e+00 1.171194479300156743e+00 1.040960996468502930e+00 5.599736332269416028e-01 4.768616284992912568e-01 1.513580066160458426e-01
6.382251667114213767e-01 7.198624083449720601e-01 1.035288686059706587e+00 1.176485867065721225e+00 9.245748269285108956e-01 6.652781327791608135e-01 4.970078092031228190e-01 9.809833458083833113e-02
4.892059426678229128e-01 6.599918253204021257e-01 9.874401788026588855e-01 1.111612355447745726e+00 8.254803942993280685e-01 6.839720507544582162e-01 2.929207522164039568e-01 3.477869175232238264e-01
5.624247317423367587e-01 7.073890574241429308e-01 8.655850362237496043e-01 8.676193969540866302e-01 8.388177077903461454e-01 5.025042667725865275e-01 2.777670283864972500e-01 2.702180052832733881e-01
5.327640175262120525e-01 7.013098384932302531e-01 9.495300675790836475e-01 9.812843185447862604e-01 7.578984427644879229e-01 6.236977853023271123e-01 2.987415404361846716e-01 2.546749795421697216e-01
4.812852966493113560e-01 5.903183572508835519e-01 8.129964621546075243e-01 7.826423953840411230e-01 7.025587053875205212e-01 3.868001740554283252e-01 3.405989421469728384e-01 1.042521608172508746e-01
4.633950834667040497e-01 6.455257079713586643e-01 7.540137975799635628e-01 8.463015056472338316e-01 6.904671543096405628e-01 5.901617295569768773e-01 4.287482089020672738e-01 1.297603089551063182e-01
3.902836941196414222e-01 6.386257760828686347e-01 8.120432716579160104e-01 7.308674072234200292e-01 6.275790743444525921e-01 4.619337005198164703e-01 3.051495702297623569e-01 2.795474456727758406e-01
4.094022763340606774e-01 5.254821935057331084e-01 7.744634909184540117e-01 7.949669420838914036e-01 5.261225739175706684e-01 4.523274890627070888e-01 1.567511999306558379e-01 2.004332406108948750e-01
3.871413783810270237e-01 5.236260414491228365e-01 7.197250521571724180e-01 6.066834311568601867e-01 6.167479142413658799e-01 4.334224815574428402e-01 2.824042484066014436e-01 1.973409396027432927e-01
2.764877452678687342e-01 4.810729282480940006e-01 6.623918061093988507e-01 6.602388333824560362e-01 6.029130838088216926e-01 4.427661670897936608e-01 2.811739618322137146e-01 2.555169009251324619e-01
3.748871236483967140e-01 3.964204467400134213e-01 5.643294669328614566e-01 6.845511859915971442e-01 5.591341004825455263e-01 4.155531666138236879e-01 2.349899506850183784e-01 9.762681994468640212e-02
3.166396931586428765e-01 4.156816809083576092e-01 5.894271408023329384e-01 5.607843052367005310e-01 4.502252568533088306e-01 3.850211774692317013e-01 2.540172647724065480e-01 1.971920075892997504e-01
3.805431246890933483e-01 5.252430250439367176e-01 5.532434728009976155e-01 6.035547884118588335e-01 5.151122130201813976e-01 2.877334598549862177e-01 2.020631149978373564e-01 3.446767170270671060e-02
3.623678950435763046e-01 4.648665132678727052e-01 4.873280115443470728e-01 5.129067614113204110e-01 4.464595025268776607e-01 3.969962226437454000e-01 2.066632075611048447e-01 1.256593360488232891e-01
3.031420394020906683e-01 4.522090122066219631e-01 4.967200569691995193e-01 5.909392024477728711e-01 4.482546184715462401e-01 2.439041119181858119e-01 9.090468307696610017e-02 1.528054795370046570e-01
2.268070369810143705e-01 3.372858908839264092e-01 3.470725843926130150e-01 4.586587649991630267e-01 3.848433518727170655e-01 2.594444519832594942e-01 2.154659110327034055e-01 4.629978733785111711e-02
3.094250009501368082e-01 4.214516648406964605e-01 4.629347978520269025e-01 4.542031516080604625e-01 4.316555928297731159e-01 1.911484823751203044e-01 1.508288920403554056e-01 -5.164062383074412982e-03
2.881847731733091500e-01 3.598161583072793657e-01 3.721827668963738067e-01 3.971524497335271464e-01 3.477899446829956220e-01 2.289446203027332427e-01 9.629948738824796461e-02 1.090438499348286155e-01
2.544499839865504986e-01 3.926398475535986532e-01 4.283993862001886366e-01 4.059070877763304996e-01 3.277130542133709912e-01 2.087407769731839946e-01 8.881592170134805508e-02 1.951707130885787719e-02
2.724521148326907727e-01 2.586505571740846943e-01 3.718258871960995471e-01 3.598759889297954984e-01 3.606319124321040182e-01 2.043759924276458140e-01 1.865564302397894059e-01 5.328389154474442307e-02
2.616182541947621454e-01 3.412072689920646607e-01 3.586570848687241075e-01 4.040129970374072288e-01 2.954740944622921139e-01 1.507910200735252393e-01 1.268827019753644425e-01 1.292005924420871754e-01
2.517874363043725583e-01 2.894624226274222778e-01 2.728102142201579983e-01 3.261790042218519203e-01 3.249561812993235765e-01 1.705051515053111755e-01 1.279161963920100176e-01 1.426242806885835018e-02
2.114405776515151381e-01 2.453345051361557616e-01 3.256866948433891351e-01 2.762906601571159526e-01 2.542731762754222857e-01 1.656502204837784209e-01 9.344694176498724580e-02 3.889357052721615499e-02
1.911152652678222152e-01 2.715436789968684317e-01 2.501484488186782595e-01 2.881056320436956586e-01 2.329118624085498857e-01 1.761371766254578863e-01 9.354783256195488284e-02 3.808055878640573960e-02
2.131225296573399930e-01 2.042851850451094797e-01 2.847452301452751411e-01 2.429033240664469906e-01 2.385407824551475653e-01 2.480842106250698009e-01 9.338462710472954231e-02 5.806578887200407324e-02
1.349943784393284885e-01 2.121875682165466070e-01 2.552429259259891836e-01 3.261390208091647369e-01 2.470005925258900170e-01 1.506397624228081045e-01 3.743276153400362100e-02 5.367218772802248572e-02
1.375518048128342163e-01 2.195568381475424269e-01 2.375279862029137656e-01 2.545479910714285587e-01 2.640686599374660326e-01 1.463199199056061106e-01 1.290574845023777228e-01 -1.952126884569183041e-02
1.701004118426477640e-01 1.951448557091215452e-01 2.455904764972333676e-01 2.091945028029124354e-01 1.979500273354033169e-01 1.946127556901836309e-01 8.012485092018015176e-02 4.280577114980948367e-02
1.072030152471691727e-01 1.656442374719150346e-01 2.074721457976938799e-01 2.572315961172266241e-01 2.536244723446259286e-01 1.069174146616716226e-01 1.194223824975800957e-01 1.381805125273874967e-02
1.385859801185145568e-01 1.962540669954045136e-01 2.206928733718895863e-01 2.307635772599481161e-01 2.486603670882337469e-01 1.551238866243961345e-01 1.756589132845777848e-02 -1.381263939416429998e-02
9.693340389985503902e-02 1.491223647913982042e-01 2.108318554120280908e-01 1.851265684337989326e-01 2.112642684681618754e-01 1.599167524628553050e-01 2.256257104355738688e-02 -2.560734920868535866e-02
1.284762294358424428e-01 1.423619191178358556e-01 2.337350544881727221e-01 1.697351190573609392e-01 1.754379249050705969e-01 1.561281712095178575e-01 5.478826248086602485e-02 1.270259436325206215e-01
1.340612932405244040e-01 1.450997363831285081e-01 1.817373394612388782e-01 2.259370959327632045e-01 1.692465396582651938e-01 1.171263512077536650e-01 2.705341975876261393e-02 7.417278983919536883e-02
1.016478117209297788e-01 1.051863341382671679e-01 1.984208946550746477e-01 1.889838255907881348e-01 1.569385437229368352e-01 9.191095202607113546e-02 4.866723836097747863e-02 4.815840331373306277e-02
1.505405521188629692e-01 1.646746239307289861e-01 1.868037014754491132e-01 1.877870076683990641e-01 1.713716278091571010e-01 1.471946360750456817e-01 5.267633558613159933e-02 3.899702400889980269e-02
1.340141852960086977e-01 9.442241902583244084e-02 1.803799585998208665e-01 1.350796859551774698e-01 9.610134424720138957e-02 9.229133733457170474e-02 8.087442200956376781e-02 -1.851343956487035147e-02
1.359423813633075240e-01 9.834984971433953505e-02 1.713277010839804881e-01 1.427792406457615570e-01 1.236681384245394699e-01 1.192564565422863793e-01 5.764398726205977042e-02 9.295682412469497002e-02
1.041172055090980458e-01 1.511027403744265585e-01 1.178800968484248063e-01 1.399777954186561257e-01 9.561866765438428728e-02 3.699744217039092897e-02 6.160842213301116928e-03 2.336181538317994022e-02
1.036485578306356875e-01 8.826414234431997907e-02 1.517031110435688723e-01 1.363944103017658560e-01 1.404091902605191788e-01 1.159664527140956136e-01 2.592172124192471117e-02 -1.480841337100349993e-02
7.584579603854145480e-02 9.786217202169955609e-02 1.790501239773661102e-01 1.282500983765406666e-01 8.895897947351517898e-02 1.023681335478559828e-01 9.326259810005620154e-02 -9.781533466908177293e-03
7.511951268262495596e-02 9.119643393510899754e-02 8.969618325112267698e-02 1.475329950832615644e-01 1.563438216551308879e-01 7.415390161763642241e-02 3.635647662465344571e-02 2.907564320870709498e-02
9.536531472059747716e-02 9.754875870112558744e-02 1.027090672063697002e-01 7.747068924680246271e-02 1.114140976407548556e-01 9.273197680859227021e-02 1.437680215546579057e-02 3.278830170377711878e-03
7.561376152515211779e-02 1.078162984583961315e-01 9.200040639270419540e-02 1.045381630831657971e-01 9.088404190762945645e-02 6.641692785670895438e-02 4.896182956292190191e-02 9.283863562250221912e-03
6.276669384925673278e-02 8.987653781270572850e-02 1.109938052750492343e-01 1.070300391394091027e-01 9.217749552953391490e-02 9.091446502805537733e-02 -2.268940401046315621e-03 -5.439624977093992196e-03
6.955805570817456818e-02 7.417720771697630666e-02 1.461248257334035738e-01 8.406594194584671165e-02 8.242734386946280745e-02 1.710677494742973703e-02 2.237610813861230438e-02 5.685515755096597762e-02
5.260507798169739013e-02 1.107282517697541907e-01 8.255079853741419116e-02 6.887774111619636430e-02 1.382727968494944226e-01 9.634832468176125764e-02 4.699568391217484598e-02 2.753167635240513431e-02
7.507730189093950179e-02 7.362719708973117227e-02 9.029197551271343769e-02 1.052496990550275402e-01 8.906264378393301262e-02 3.867524188647630812e-02 3.717076362021916325e-02 2.544649543918243301e-02
6.856284581791050048e-02 7.875233606417220145e-02 9.732556986871218618e-02 7.825639131127676285e-02 9.468283058871040936e-02 3.996822675985286372e-02 -6.086287713640815833e-03 2.098935043065681960e-02
4.815552419033638371e-02 7.210736507270694429e-02 9.219609202680799365e-02 1.011580629481503291e-01 5.786407655959782681e-02 5.679352047722010383e-02 -2.417354593989286607e-02 1.503250227034534214e-03
5.065750771598463015e-02 4.914876970194154149e-02 6.519764442128807291e-02 6.068936957023646217e-02 3.465557661698018266e-02 4.183527472560390897e-02 3.144795229617099869e-02 1.168750205205568507e-02
5.307987896242187531e-02 4.314579669319360683e-02 8.825162922331686310e-02 5.901023689821704304e-02 7.442873353315061780e-02 5.224416916934233879e-02 6.096359026634087276e-03 1.894774030449957944e-02
5.417723517023211033e-02 4.076284843578673045e-02 9.669110629363002196e-02 8.135729326674265294e-02 5.437538419143574803e-02 6.910327012709563399e-02 4.151228148487916270e-02 -4.113762686210591796e-03
4.041676572973775666e-02 3.389485320309075511e-02 8.694885705231894524e-02 1.003548572537031058e-01 7.178973342210603903e-02 3.795428406803705301e-02 1.799659257075790497e-02 1.238741053024815936e-02
5.609554000059134571e-02 6.897587878765289171e-02 5.793409251203440746e-02 7.663878995608659761e-02 6.198537872822778433e-02 2.346255427657485682e-02 6.347806896170947455e-02 6.046860098636977487e-02
4.720382190333170108e-02 6.726072170246685800e-02 6.192436742448794579e-02 8.012640478228641450e-02 8.891938453401250497e-02 1.516943550541137095e-02 3.062323192346724093e-02 1.859716302610548572e-02
3.871518729349410909e-02 5.522216020658152896e-02 3.880877800315610943e-02 6.822724595198957631e-02 6.665549353909594466e-02 1.668470206927927593e-02 5.875271037473517310e-02 1.774753339433858892e-02
4.446125018451351635e-02 4.597804058028991114e-02 4.646957434345565241e-02 5.868234660839179162e-02 3.348259716389322127e-02 3.287759222007120147e-02 4.769530386294958818e-02 -1.731388824280349209e-02
3.739062573891819424e-02 5.963850447814880718e-02 4.772432005906571129e-02 5.572037870190924003e-02 4.297303139734469368e-02 3.146477551193711114e-02 -1.959842295279203353e-02 2.111637440469266852e-02
1.983391774316860603e-02 5.026550494871351304e-02 5.286062538771712366e-02 6.182255713497768201e-02 3.914255588444616463e-02 1.157391115833877882e-02 1.389324571188435206e-02 -1.381904624670220703e-02
1.499915270879789014e-02 5.478370463564399134e-02 4.274518579232334387e-02 6.485611122111323290e-02 5.163634481939768928e-02 6.107978479926126636e-02 2.690136233900605744e-02 -9.201709040442890980e-03
3.942322950527984288e-02 4.417980124005495279e-02 6.615337104609356200e-02 3.217616748771560259e-02 4.364003708578190893e-02 1.505911025116300761e-02 3.060220740946817744e-02 -1.558627928995617341e-02
2.922329750284045555e-02 3.199144974302327998e-02 3.681330095257675378e-02 6.777703957479508379e-02 2.548293368553365343e-02 -6.938820143086680148e-04 7.818053098384268335e-04 -3.432876750279124922e-02
2.225524074698607968e-02 2.321185051062814655e-02 4.523563734397897246e-02 2.620251453320435533e-02 4.026936447551952847e-02 3.326489323838440620e-02 3.373085675571707576e-02 1.797524222603568171e-04
2.154110658279277668e-02 5.011227275357536814e-02 1.376210856558707576e-02 3.067847154148355127e-02 2.180997266147431321e-02 4.122182760218207065e-02 2.524053787225363776e-02 -7.663533332215865211e-03
2.505277188314991924e-02 2.422486113549469564e-02 3.232684611641216399e-02 2.358951021110114107e-02 5.010495141126251190e-02 9.091001005151743211e-03 1.203991328757559980e-02 -5.459542587295784441e-03
2.922354481821579780e-02 2.917759302343932160e-02 4.012332834047741686e-02 4.292736950675023200e-02 3.339485010042820418e-02 2.663366295214820642e-02 2.348687632786917306e-02 4.706638318028764749e-03
