nan nan nan nan nan nan nan 0.000000000000000000e+00
8.363777343750000000e+03 nan nan nan 5.400340820312500000e+03 1.657146240234375000e+03 nan -1.003906005859375000e+03
6.535132031250000182e+03 nan nan 5.629130208333333030e+03 nan 8.332918945312500000e+03 7.526268554687500000e+03 1.007663346354166606e+04
6.671240234375000000e+03 nan 5.840015625000000000e+03 nan 8.431689453125000000e+03 1.066962988281250000e+04 1.554568229166666606e+04 1.106489746093750000e+04
9.627997395833332121e+03 5.467707031250000000e+03 nan 7.629630859375000000e+03 nan 9.280932291666666060e+03 4.919285156250000000e+03 7.313462139423077133e+03
7.774003551136363967e+03 6.950348437500000728e+03 6.430469308035713766e+03 nan 9.675534801136363967e+03 1.127890625000000000e+04 1.955725223214285506e+04 3.825856250000000000e+04
5.575126464843750000e+03 7.378819444444444343e+03 7.632303125000000364e+03 7.361019531250000000e+03 7.307204101562500000e+03 1.484738671875000000e+04 1.509498730468750000e+04 2.079945138888888687e+04
3.396313802083333030e+03 6.295434895833333030e+03 5.319861328125000000e+03 5.318256696428571558e+03 6.381973011363636942e+03 1.557328125000000000e+04 1.949474431818181984e+04 2.181661527777777883e+04
5.086222450657894115e+03 5.471572544642856883e+03 4.634301432291666060e+03 6.732003605769231399e+03 1.351023437500000000e+04 1.531709375000000000e+04 1.633006250000000000e+04 1.662056122448979295e+04
4.751883831521739012e+03 5.368457932692307622e+03 5.070698529411764866e+03 7.057930664062500000e+03 9.834740625000000364e+03 1.233654531250000036e+04 1.220461979166666606e+04 1.686871917808219223e+04
4.724371936274509608e+03 3.984946614583333030e+03 4.906329900568181984e+03 8.507364130434782055e+03 1.284532904411764684e+04 1.144219318181818198e+04 1.330440760869565202e+04 1.582386688311688340e+04
3.960259247448979295e+03 4.730429687500000000e+03 4.322302232142857065e+03 6.605067187500000728e+03 6.777003787878787989e+03 8.814755208333332121e+03 1.229133035714285688e+04 1.138477551020408100e+04
4.374464139344262549e+03 3.775160823170731874e+03 4.319212357954545951e+03 7.610953547297297519e+03 7.469554398148147811e+03 9.764646959459460049e+03 9.758832175925925185e+03 1.429174053030303003e+04
3.513435634328357992e+03 3.221728658536585499e+03 4.231454963235293690e+03 5.466704202586206520e+03 6.746991666666666788e+03 8.034060606060606005e+03 9.175297297297298428e+03 1.192293879310344892e+04
3.359950559701492693e+03 3.320915922619047251e+03 3.983679166666666788e+03 6.092593070652173992e+03 6.143384374999999636e+03 6.989395833333333030e+03 7.873021114864865012e+03 8.852304012345677620e+03
2.557824823943662068e+03 2.810717013888888687e+03 4.021369680851063549e+03 5.204860677083333030e+03 5.365197303921568164e+03 5.933078749999999673e+03 6.942074999999999818e+03 8.549804687500000000e+03
2.530650323275861865e+03 2.546757959905660300e+03 4.673376736111110404e+03 4.426249362244897384e+03 5.187263221153846644e+03 5.874381648936169768e+03 6.565786151960784082e+03 6.930989213197968638e+03
2.250838793103448097e+03 2.509862723214285779e+03 3.731443287037036953e+03 3.810020285087719003e+03 4.734369140625000000e+03 5.310471590909090992e+03 5.653018750000000182e+03 7.217996485943774132e+03
2.294476455479451943e+03 2.232687639508928442e+03 2.974659226190476147e+03 3.615430722891566347e+03 4.571802083333333030e+03 5.015550099206348932e+03 5.361795138888888687e+03 6.331056324110671085e+03
2.179510146103896204e+03 2.484158333333333303e+03 2.925720703125000000e+03 3.822820449561403166e+03 3.991020348837209440e+03 4.569045535714285506e+03 5.306107548701299493e+03 6.074124590163934045e+03
2.067525943396226467e+03 2.128328457446808443e+03 3.240657211538461524e+03 3.161994260204081456e+03 4.129975171232876164e+03 4.263808238636363967e+03 5.014404743975904239e+03 5.400622603833865469e+03
1.853322544642857110e+03 2.068088341346153811e+03 3.136586376404494331e+03 3.129708881578947057e+03 3.474097153465346764e+03 4.085846656976744271e+03 4.711194485294117840e+03 5.755745358090185618e+03
1.782031420765027406e+03 1.878245823019801946e+03 2.760788030660377444e+03 3.038846903669724725e+03 3.568673735119047251e+03 3.747759523809524126e+03 4.165746093750000000e+03 5.385866915422885540e+03
1.627231250000000045e+03 1.719432468220338933e+03 2.427920889639639427e+03 2.937639204545454504e+03 3.194111344537815057e+03 3.656849646226414734e+03 4.303137609649122169e+03 4.973369101123596010e+03
1.642116745283018872e+03 1.628183114035087556e+03 2.349366822429906279e+03 2.822274336283185676e+03 2.744626674107142662e+03 3.238499737394957720e+03 3.869086074561403166e+03 4.107277522935780325e+03
1.504760013204225288e+03 1.429918750000000045e+03 2.230759541984732550e+03 2.494409298780487916e+03 2.615260948905109217e+03 2.822351259689922244e+03 3.618228027343750000e+03 3.994721349353049845e+03
1.349326388888888914e+03 1.486201864919354875e+03 1.985349347014925343e+03 2.209566639072847465e+03 2.576454365079364834e+03 2.919835992907801483e+03 3.102058134191176578e+03 3.892577064220183729e+03
1.292618410543130949e+03 1.341413940429687500e+03 1.686734465317919103e+03 2.106953947368420813e+03 2.379620377218934664e+03 2.817031919642857247e+03 3.060746740797545954e+03 3.735683333333333394e+03
1.250832357859531839e+03 1.258112321428571477e+03 1.923495535714285552e+03 1.953641001506024168e+03 2.281887946428571468e+03 2.401862965838509353e+03 2.895926097972972912e+03 3.461948954983922704e+03
1.149594126506024168e+03 1.305833111702127553e+03 1.703536363636363603e+03 1.974601047904191773e+03 2.000398174157303401e+03 2.345399171270717943e+03 2.804112207602338913e+03 3.255423323823109968e+03
1.220135480182926813e+03 1.169157558900523554e+03 1.616527871621621671e+03 1.751805706521739012e+03 1.969200000000000045e+03 2.315605754573170998e+03 2.554705902777777737e+03 3.223555288461538566e+03
1.134672226123595465e+03 1.221477758290816155e+03 1.562699257425742644e+03 1.948998008578431381e+03 1.854174085365853671e+03 2.256344207317073142e+03 2.400680300245097897e+03 3.045207324840764159e+03
1.096724905303030255e+03 1.166203426932367165e+03 1.517905495169082087e+03 1.668686553030303230e+03 1.892074375000000146e+03 2.039299873737373900e+03 2.353155012376237664e+03 2.766702952029520475e+03
1.035249188311688386e+03 1.135623691860464987e+03 1.464327751196172130e+03 1.564388953488372181e+03 1.707457759533898297e+03 2.029940878378378329e+03 2.505332323788546546e+03 2.741379725085910650e+03
9.521549556213018377e+02 9.498365946261681074e+02 1.431686949339207104e+03 1.576220119521912238e+03 1.687197674418604720e+03 1.884250256147540995e+03 2.125037202380952294e+03 2.548715581643543374e+03
9.327602459016393368e+02 9.305252840909090537e+02 1.266967556423611086e+03 1.419546518264840188e+03 1.609914598375451305e+03 1.800098514573990997e+03 2.083252450980392041e+03 2.376759027081243858e+03
9.203898467432949246e+02 8.903486328125000000e+02 1.191378069196428442e+03 1.321829294217686993e+03 1.538975163755458425e+03 1.618233494718309885e+03 1.919600924124513540e+03 2.210472439024390042e+03
8.183546905222436862e+02 9.220933333333333621e+02 1.174841789667896592e+03 1.298397727272727252e+03 1.499699335548172712e+03 1.736650892857142708e+03 1.852193225190839712e+03 2.315230838593327007e+03
7.882589613970587834e+02 8.452326041666667606e+02 1.110072347266881025e+03 1.169135179153094441e+03 1.353647717198581631e+03 1.493378891941391885e+03 1.722003613945578081e+03 2.184786375105130446e+03
7.383751644736842081e+02 7.812336554276315610e+02 1.055124595469255610e+03 1.183540716612377992e+03 1.315889047231270524e+03 1.503868452380952476e+03 1.690095152243589609e+03 1.936890662894098568e+03
7.281004793510323907e+02 8.292567934782607608e+02 1.099345322327044187e+03 1.177940184049079789e+03 1.311227835463258771e+03 1.414536184210526244e+03 1.675919423076923067e+03 1.958716051805337656e+03
7.225603010825440151e+02 7.475179834905660528e+02 1.045435800604229598e+03 1.159110623003194860e+03 1.241395892351274824e+03 1.363999031690141010e+03 1.587552083333333258e+03 1.936702983383685705e+03
6.808358391608392139e+02 6.876182776162791015e+02 9.901896676300577838e+02 1.038267673521850838e+03 1.210945153061224573e+03 1.305711894586894687e+03 1.558420391061452619e+03 1.796059256661991640e+03
6.762224770642202429e+02 6.752533611918604493e+02 9.319144975786925897e+02 9.698532529239765836e+02 1.131137437027707847e+03 1.285605413105413163e+03 1.436338917525773240e+03 1.727518918918919098e+03
6.507930038510910435e+02 7.012828467153284464e+02 9.426453081232492650e+02 9.873547749391727848e+02 1.070735590277777874e+03 1.219930030487804970e+03 1.370432208994708844e+03 1.662788436899423232e+03
6.566406047865459641e+02 6.537588346962616015e+02 9.097503041362530212e+02 9.510043244125326964e+02 1.032268140589569157e+03 1.164458333333333258e+03 1.363405541561712880e+03 1.574888736263736291e+03
5.906295031055900608e+02 6.083684925629290774e+02 7.912865566037735334e+02 9.275146623222749440e+02 9.777137748756218798e+02 1.183070040603248117e+03 1.317441320293398576e+03 1.497966016548463358e+03
5.693849291871921423e+02 5.892020833333333485e+02 7.821702230176211970e+02 8.506720422912205777e+02 9.582416948198198270e+02 1.085563001720183593e+03 1.244792676211453909e+03 1.465202380952380963e+03
5.533787764350453244e+02 5.688452380952380736e+02 7.582465659340659840e+02 8.494351283482142208e+02 8.975381793478261443e+02 1.066950940860215042e+03 1.189535655286343626e+03 1.473556868131868214e+03
5.283578809760956574e+02 5.574479843073593202e+02 7.738057795698924792e+02 7.780486550632911076e+02 9.268419518849206042e+02 1.009435471602434063e+03 1.196696447095435587e+03 1.368117919534145130e+03
5.237267456054687500e+02 5.527626953125000000e+02 7.120669466403161323e+02 7.662252906976743816e+02 8.575307914046121596e+02 9.480521045918368372e+02 1.109573602794411045e+03 1.346347421913733115e+03
5.119666357738647093e+02 5.510592849794238646e+02 6.975527849740932425e+02 7.606251265182186216e+02 7.983177179962893888e+02 9.405057803468207567e+02 1.088124650186567123e+03 1.256205868433506794e+03
5.013828347578347575e+02 5.164928927951389142e+02 6.849144405241935374e+02 7.229022629310344428e+02 7.866895063229571861e+02 8.821448031135531664e+02 1.038831685499058267e+03 1.270869196843082591e+03
4.724147470641373161e+02 4.949035143097642617e+02 6.764291130514706083e+02 7.156818820224718820e+02 7.847402083333333849e+02 8.632781946826758031e+02 1.021018080357142821e+03 1.162969812164579707e+03
4.672157997250229187e+02 5.008208191126279871e+02 6.308979825291181669e+02 6.938077830188678945e+02 7.992916106630824515e+02 8.477482985480943398e+02 9.890251929674099074e+02 1.164025054229934767e+03
4.415411558669001693e+02 4.751834415584415865e+02 6.123543012924071718e+02 6.865599000000000842e+02 7.416420219370860423e+02 8.320391505636071088e+02 9.721846405228758385e+02 1.111617404426559233e+03
4.309470067771084700e+02 4.642055868167202561e+02 5.942937293729372641e+02 6.441603483606556892e+02 7.113220347444089384e+02 8.086579944178628239e+02 9.591279233870967573e+02 1.095605144957125503e+03
4.459097688292318935e+02 4.422725915605095679e+02 6.111448995363214181e+02 6.282120820063694282e+02 6.806611298798799226e+02 7.404621840442338225e+02 9.006673290937997081e+02 1.049950399847677090e+03
4.121480547550431766e+02 4.275271739130434412e+02 5.720795538348082800e+02 5.879998236953455262e+02 6.543943128881986695e+02 7.361498385939742093e+02 8.832816593886462897e+02 1.032379720543806570e+03
3.925844306049822308e+02 4.098734615384615267e+02 5.278000844594595264e+02 5.995475543478260079e+02 6.332871527777778056e+02 7.423437965722802119e+02 7.903984708392603125e+02 9.841073104693140294e+02
3.879060080928923071e+02 4.050529855643044357e+02 5.443768684603886641e+02 5.819871253188774745e+02 6.445036212446351556e+02 6.968604440789473529e+02 8.336357545839209706e+02 9.837931034482758150e+02
3.920170027341080186e+02 3.947794213263979373e+02 5.181772950542004992e+02 5.482295258620689538e+02 5.935990612648221258e+02 6.771995456104251616e+02 7.861094387755101707e+02 9.331303469181542596e+02
3.635687586926286485e+02 3.867594339622641542e+02 4.892545330551989196e+02 5.260238132911392768e+02 6.105074966307278146e+02 6.727375844594595264e+02 7.787280559167750198e+02 8.917119086460032804e+02
3.511370098039215577e+02 3.806820380774032628e+02 4.703894464720194719e+02 5.314723225502513060e+02 5.684790636588380721e+02 6.429039987789988118e+02 7.353618012422360835e+02 9.045779080530700185e+02
3.594032929322429482e+02 3.716566046658259665e+02 4.870074779596977237e+02 5.109070672478206916e+02 5.764633118872549176e+02 6.497500000000000000e+02 7.324671504369538297e+02 8.385628500311138396e+02
3.408890721504772614e+02 3.579569708680142526e+02 4.673297637195121865e+02 5.097154740871613399e+02 5.370358231707317600e+02 6.167126716247139484e+02 7.179785087719297962e+02 8.372264880952382100e+02
3.426791193181817903e+02 3.578555589307411537e+02 4.352884727061556305e+02 4.761569224235560682e+02 5.223440537667071339e+02 5.881709407971864039e+02 7.050214732650739506e+02 8.004388368004688346e+02
3.197650947398190056e+02 3.416177520396270211e+02 4.290380798969072202e+02 4.669814869668246615e+02 5.071952045696067444e+02 5.952132310779817317e+02 6.597114317425083527e+02 7.890268877124548226e+02
3.184878407268839737e+02 3.332602641213388779e+02 4.374197204519119282e+02 4.508588584710743703e+02 5.085851123595505783e+02 5.541274063475547109e+02 6.332791758849557482e+02 7.658125507167974320e+02
3.096438179347825894e+02 3.228710659898477502e+02 4.134078738069989640e+02 4.482547766415499950e+02 4.944897738821138660e+02 5.627205882352941444e+02 6.409212129237288309e+02 7.428464351005484332e+02
3.033633643617021107e+02 3.110802763819095844e+02 3.992767946161515056e+02 4.320734279141104821e+02 4.800602941176470608e+02 5.018576494427558714e+02 5.884949921956296066e+02 7.372220870678617075e+02
2.880782328730748532e+02 3.034127058383233475e+02 3.929219527363183602e+02 4.174798728813559023e+02 4.541568264563106823e+02 5.161253121878121419e+02 6.099263698630136332e+02 7.098934498365601939e+02
2.883506976476014643e+02 2.976220788704965798e+02 3.866650024654832691e+02 4.045000000000000000e+02 4.612097908512719755e+02 5.052201759708737541e+02 5.877445490584736945e+02 6.913904234606959562e+02
2.782393510258697802e+02 2.863400839640491995e+02 3.789936309523809541e+02 4.021374293119698109e+02 4.363851281163434805e+02 4.767684043778801879e+02 5.648312326549491900e+02 6.697418849988406464e+02
2.770537830446672842e+02 2.819393558429118798e+02 3.660466735727440550e+02 3.902847593582887384e+02 4.232027561378659470e+02 4.839497537523452024e+02 5.509057700993676008e+02 6.520185530921820600e+02
2.741626883030571662e+02 2.859442458487084764e+02 3.537126364399663885e+02 3.796156575212866642e+02 4.103659651360543990e+02 4.638663860392506990e+02 5.356648630742049590e+02 6.379275919732441480e+02
2.665105950812472884e+02 2.729339156754460305e+02 3.536052272727272907e+02 3.775848363219349153e+02 4.086145456600361285e+02 4.541577537182852211e+02 5.237260039717564268e+02 6.108222630895716065e+02
2.544014351259069713e+02 2.676892871732026151e+02 3.367736660929431878e+02 3.748789616578014261e+02 3.955978734439834170e+02 4.438788071065989698e+02 5.050078326180257022e+02 5.991659446322908025e+02
2.480822921154674532e+02 2.530067512274959256e+02 3.373840899753491840e+02 3.619156906300484593e+02 3.930910774767146449e+02 4.262193677924217354e+02 4.923833229942101184e+02 5.879172216441207866e+02
2.405582799145299191e+02 2.529631988501189426e+02 3.176355898653998224e+02 3.501068302117263897e+02 3.749778769841269650e+02 4.103241208569118612e+02 4.754749200639488436e+02 5.704304356554908964e+02
2.379231278366112008e+02 2.442669322709163566e+02 3.301473143759873778e+02 3.405806577916993092e+02 3.721346696212731331e+02 4.095318172849250118e+02 4.669739791833466711e+02 5.603546902830001954e+02
2.313402061855670127e+02 2.386763445050662540e+02 3.049698233801717606e+02 3.234515236801241826e+02 3.575057808946171463e+02 3.929284961685823987e+02 4.714379727685325179e+02 5.463750000000000000e+02
2.294880130766436821e+02 2.328719734819369762e+02 2.968374533582089612e+02 3.253694761225944490e+02 3.493340648854961614e+02 3.920799908424908153e+02 4.560979679343773228e+02 5.195105253353203807e+02
2.249020115469208179e+02 2.297173871461361898e+02 2.874589132302405687e+02 3.147069767441860222e+02 3.360295358649789250e+02 3.836297147460197152e+02 4.339491877256317593e+02 5.154725380524481579e+02
2.196083692916216989e+02 2.268889317558299012e+02 2.867957854406130309e+02 2.998443886239782046e+02 3.271559488510007441e+02 3.781646667817679486e+02 4.261292480115690182e+02 5.056217994951316541e+02
2.128527748320961450e+02 2.256581769436997433e+02 2.800561802649930314e+02 3.027919782763532908e+02 3.250792146242383183e+02 3.694746503496503465e+02 4.225900034650034627e+02 4.851356589147286513e+02
2.096947796432318967e+02 2.134032176549865483e+02 2.758827969475779582e+02 2.869980125169147982e+02 3.194380565068493070e+02 3.494672724064926115e+02 4.086912262872628503e+02 4.899996637525218262e+02
1.975487630208333485e+02 2.090169330916282036e+02 2.671747669773635607e+02 2.902719639311713991e+02 3.120283151455026314e+02 3.389104193652850086e+02 3.889013114209827222e+02 4.703246867167919731e+02
1.959932993358633837e+02 2.077460911784068287e+02 2.652903782894736651e+02 2.765458860759493973e+02 3.041641621893888896e+02 3.448833250497017957e+02 3.901343605036448139e+02 4.536840632202831216e+02
1.957242018026275616e+02 2.021640524453024454e+02 2.564013073979591582e+02 2.709975900758533953e+02 2.982408189920097925e+02 3.290461820737039034e+02 3.732403573677581790e+02 4.428175612052730798e+02
1.894797152480097964e+02 2.047079073482428271e+02 2.497889464727722668e+02 2.588086415036675021e+02 2.864108048162230489e+02 3.196847574165636274e+02 3.704554513027295002e+02 4.354482380579482879e+02
1.829780145058930145e+02 1.896392318794098628e+02 2.376889619883041007e+02 2.588057369402985159e+02 2.838242764323685492e+02 3.133146701388889142e+02 3.564693649373881499e+02 4.271259193993257668e+02
1.799961616237267776e+02 1.858701651609260068e+02 2.435080401425914260e+02 2.577310124269005769e+02 2.720718283582089612e+02 3.099327418431597039e+02 3.462124393571861560e+02 4.127738024837374837e+02
1.780715269505658398e+02 1.841929905875641680e+02 2.297449679113185255e+02 2.476341713986849697e+02 2.685656126899268656e+02 3.002937869822485482e+02 3.439490170187793296e+02 4.014906589427950507e+02
1.754874746229698417e+02 1.836655615124153371e+02 2.291318326271186550e+02 2.413683547845551516e+02 2.574051986658932378e+02 2.907624928612221424e+02 3.389790830945558469e+02 4.080202375871389791e+02
1.660443677325581291e+02 1.764643227725511849e+02 2.246925414364640972e+02 2.355837654147981937e+02 2.612186632426430037e+02 2.878700034818941731e+02 3.274447142064373111e+02 3.792034245623784159e+02
1.680546313548043713e+02 1.744348684210526415e+02 2.209383241758241638e+02 2.286503981994459878e+02 2.507803819444444571e+02 2.786714241120976681e+02 3.120895019262520691e+02 3.744899888765294804e+02
1.638175841968911755e+02 1.712409393491124092e+02 2.149008502468458630e+02 2.223399415125136045e+02 2.516903365136668356e+02 2.735984046052631697e+02 3.163949000000000069e+02 3.705603436702913314e+02
1.631094198174706662e+02 1.670421925349087076e+02 2.072791753112033177e+02 2.252877896113602390e+02 2.435175367047308157e+02 2.668209909429941149e+02 3.043327702702702595e+02 3.526006628541720715e+02
1.584709051724137794e+02 1.602682849304068498e+02 2.053227873634558023e+02 2.183797153866955227e+02 2.390357908678103058e+02 2.632084085051546367e+02 2.981360028394424830e+02 3.493572626418988420e+02
1.570889619509703721e+02 1.581550158459288014e+02 2.063250798722044976e+02 2.142772564382895837e+02 2.266697175732217318e+02 2.588176927860696424e+02 2.914744678155093993e+02 3.464996195307546145e+02
1.520877307884231300e+02 1.558360990860990967e+02 1.979934306569343221e+02 2.142703357729840832e+02 2.197915679772619626e+02 2.558284232745962186e+02 2.811091112214498366e+02 3.362356519601818832e+02
1.480483194582504893e+02 1.539066109239653599e+02 1.932647306397306579e+02 2.070869617224880415e+02 2.144104638287401485e+02 2.435304499015263673e+02 2.776579539922103095e+02 3.279208868427429024e+02
1.463627801034228071e+02 1.519763284176029856e+02 1.864807544832468125e+02 1.967938263986835921e+02 2.158705166270783877e+02 2.381156412376003857e+02 2.746999111374407789e+02 3.135917584348641185e+02
1.418935049571879290e+02 1.481352693305044852e+02 1.833857298027242848e+02 1.974862995516753301e+02 2.089933964469378225e+02 2.316626617375231092e+02 2.631438206880301323e+02 3.107275841701122090e+02
1.400915429599640163e+02 1.422938805104408289e+02 1.816078786832412675e+02 1.911662049861495802e+02 2.017340587044534459e+02 2.268741585422469882e+02 2.626769005847953053e+02 3.049832012405237833e+02
1.387149514670196311e+02 1.449786366790009424e+02 1.734913210099188348e+02 1.913628756076005288e+02 2.010029404981549703e+02 2.270197879662522382e+02 2.512240432518115938e+02 2.994677355725879124e+02
1.363499344692005195e+02 1.388958897158321975e+02 1.742487858952702879e+02 1.805409656796769866e+02 1.975772019189305695e+02 2.200597463284379103e+02 2.491727415511265065e+02 2.961027239908106026e+02
1.305773326015367672e+02 1.393641498528793647e+02 1.677167462482946689e+02 1.795876869658119688e+02 1.956070218791648188e+02 2.131970915841584144e+02 2.444757313829787222e+02 2.839685531175320534e+02
1.292270271715875083e+02 1.339313046647230294e+02 1.670708650995340747e+02 1.780521641871496286e+02 1.899394187474416640e+02 2.096753296413502028e+02 2.361879488804393645e+02 2.749066617084573068e+02
1.273407532397408204e+02 1.335792115066225278e+02 1.648431801699129551e+02 1.782782399751963567e+02 1.892950182325182311e+02 2.066569284802043569e+02 2.358683493925429389e+02 2.742097153918593904e+02
1.251615733027905151e+02 1.262612185980550947e+02 1.601264464068209463e+02 1.683798706202174742e+02 1.802448669005365502e+02 1.998282128514056240e+02 2.310869565217391255e+02 2.644927455919395811e+02
1.227504420432219945e+02 1.271469218307006912e+02 1.581847255851492946e+02 1.672459857723577272e+02 1.781141315261044156e+02 1.980294207941056186e+02 2.226193135867367516e+02 2.605217501520990027e+02
1.226816773193879584e+02 1.249175267963477580e+02 1.535238622633910666e+02 1.609079243302678890e+02 1.736642256380510503e+02 1.960452868451915549e+02 2.184139700078926580e+02 2.514417393891312997e+02
1.186425104682146952e+02 1.231188375000000121e+02 1.521003080477474043e+02 1.616922337699316756e+02 1.692577501993620501e+02 1.869406657712970059e+02 2.124242072699149446e+02 2.492579665792285937e+02
1.156847722508099849e+02 1.191267780592361731e+02 1.450471221037145995e+02 1.562611005275498428e+02 1.691751146145209646e+02 1.838021730618637548e+02 2.068827295144157858e+02 2.427239099526066184e+02
1.119044686674216678e+02 1.187599770642201804e+02 1.475748449192595331e+02 1.513947416302765703e+02 1.632674614872575205e+02 1.830859317172464671e+02 2.039652935069837554e+02 2.439662239089184084e+02
1.098949160447761244e+02 1.169637553995680292e+02 1.434629169704702747e+02 1.467725488318651799e+02 1.637050291218637881e+02 1.791709117755629279e+02 2.011961342592592530e+02 2.325859152992941574e+02
1.080454672375279301e+02 1.137350189804772214e+02 1.390661903266331763e+02 1.472073394906743147e+02 1.586883898463844105e+02 1.754013044464609550e+02 1.955867625637290814e+02 2.277769101174756372e+02
1.081587961271465019e+02 1.094587548810791588e+02 1.381891765021459264e+02 1.432304979530081823e+02 1.524725314939673524e+02 1.693187053571428464e+02 1.915894577238672696e+02 2.235949053599858303e+02
1.051849776747381071e+02 1.081699013157894598e+02 1.326101893144456199e+02 1.414365866388309030e+02 1.549918264180672338e+02 1.651300925925926038e+02 1.875560616678345980e+02 2.181639196554149009e+02
1.038722578467769182e+02 1.085202398636840257e+02 1.310098753051970562e+02 1.388901060070671178e+02 1.463325748553929770e+02 1.628020762567934696e+02 1.833107124396967720e+02 2.134412390379439159e+02
1.007301965581238363e+02 1.044546551724137800e+02 1.286167533242413867e+02 1.374988254203758800e+02 1.449559325744308182e+02 1.566089248971193228e+02 1.822512605042016958e+02 2.114586068718560909e+02
9.899427527905449153e+01 1.021500257997935961e+02 1.275606398809523796e+02 1.330333874829001388e+02 1.436099781057411633e+02 1.579906417112299266e+02 1.775170624377283275e+02 2.064240051507850637e+02
9.683469606871489077e+01 1.039538026147959044e+02 1.226968261386811605e+02 1.331909087263394156e+02 1.410077784300570158e+02 1.523686353962017108e+02 1.727597157772621586e+02 2.006952736318408199e+02
9.660617065429687500e+01 9.952081691361917137e+01 1.218954622733160704e+02 1.278668764396182951e+02 1.382373108448928178e+02 1.483688687983247405e+02 1.690792790622992925e+02 1.936920541852001634e+02
9.511026697834645915e+01 9.766261150047786543e+01 1.211054985687023020e+02 1.259324267531219874e+02 1.352996311475409925e+02 1.476482802013422884e+02 1.682253787878787818e+02 1.919779953547973719e+02
9.284042510121457781e+01 9.524080482115084578e+01 1.183747185559006283e+02 1.228302828298397031e+02 1.319828081610613992e+02 1.416738058460075820e+02 1.631122727972889663e+02 1.870006615815691191e+02
9.085877421758569028e+01 9.229186449252802049e+01 1.160847424759540729e+02 1.233300970873786468e+02 1.303736421477343299e+02 1.418993002300613568e+02 1.587756916223819985e+02 1.850487819070525290e+02
8.924172904191617306e+01 9.228574695121950811e+01 1.137757037943696332e+02 1.194700090881551091e+02 1.250577038369304432e+02 1.423122062613705339e+02 1.551690558390873491e+02 1.796367169725466510e+02
8.843994248635894451e+01 8.947284647779478917e+01 1.113883822215604624e+02 1.165108247422680279e+02 1.237479609110495460e+02 1.349935055240370332e+02 1.492229828438717618e+02 1.760708732057416057e+02
8.587329180064308787e+01 8.814057277423275139e+01 1.079431997418984679e+02 1.143032018596280608e+02 1.240575558899398203e+02 1.333696768910065771e+02 1.481678318487149397e+02 1.715180196847480261e+02
8.633121910439081148e+01 8.832006726457399282e+01 1.065953932542067406e+02 1.122759944790487054e+02 1.203497613803230593e+02 1.314456537460225434e+02 1.466480038506248320e+02 1.710210899791081260e+02
8.323707851121589840e+01 8.607439725259321506e+01 1.054511897117579906e+02 1.105536026200873465e+02 1.164314216647982079e+02 1.273917438921651240e+02 1.423590672280902254e+02 1.642913371803091707e+02
8.234401444412021931e+01 8.383493589743589780e+01 1.022974336592178730e+02 1.091500315302690609e+02 1.152609460235429282e+02 1.251951434958177032e+02 1.399290312854710407e+02 1.595451308088287306e+02
7.910860218874360328e+01 8.312641966759002798e+01 1.004704370847176023e+02 1.072066361873095133e+02 1.129998453820780639e+02 1.220924557734503679e+02 1.378526303021901924e+02 1.571663316931180248e+02
7.897053014207941146e+01 8.160139920242023948e+01 9.614100775721286141e+01 1.033115250410509134e+02 1.107247853708791183e+02 1.202259259259259352e+02 1.341566871228743878e+02 1.538508918238137539e+02
7.614090173143007689e+01 7.949147417552467232e+01 9.665036724700762250e+01 1.026103021978021985e+02 1.088185456859592648e+02 1.159567449664429404e+02 1.302518120805368937e+02 1.506882332994235298e+02
7.646790717465304965e+01 7.863510706565791963e+01 9.560802263648467658e+01 1.015750290622578120e+02 1.063945333512641156e+02 1.150682374338624356e+02 1.288954504891591739e+02 1.492969383684595357e+02
7.503978544162168873e+01 7.787776006711408172e+01 9.275838723997969737e+01 9.824484092137259950e+01 1.040533303616912946e+02 1.127647400889967599e+02 1.262115772030153238e+02 1.439602000655953020e+02
7.421456351247107364e+01 7.661129468781470564e+01 9.240013315579227537e+01 9.734546265015015365e+01 1.030894058295964157e+02 1.114322185305917685e+02 1.250249251107059223e+02 1.417262065419960209e+02
7.377313322156307152e+01 7.531409654395190501e+01 9.067870969789287017e+01 9.568881186835967867e+01 1.010302225594334828e+02 1.089606027072106826e+02 1.210432267665130581e+02 1.382976643214806245e+02
7.077127778487481180e+01 7.365806260891211821e+01 8.756882812499999602e+01 9.406945991091313886e+01 9.757671032553407997e+01 1.090502549735582818e+02 1.198546349196383858e+02 1.368887073461949342e+02
6.973736221968833604e+01 7.148859600783737278e+01 8.625645205731079557e+01 9.374889277750247629e+01 9.767359245236931997e+01 1.045472523786289258e+02 1.181779897984267507e+02 1.338993382579255069e+02
6.938052965088475332e+01 7.155326565557729168e+01 8.667740100836202544e+01 8.984691717791412202e+01 9.462268461727182967e+01 1.047298050572994441e+02 1.149627016129032313e+02 1.322158889635375374e+02
6.787314153594006427e+01 7.028419081979140515e+01 8.403003295839380371e+01 8.974427296841089685e+01 9.309768970028544288e+01 1.011481800654358523e+02 1.122433407827977732e+02 1.277719702869466261e+02
6.648952087007643286e+01 6.820144521791768000e+01 8.209982269503545638e+01 8.779760275966465599e+01 9.132501657824933261e+01 9.867264762361978114e+01 1.093353753833451236e+02 1.271101649496814190e+02
6.497209873654657031e+01 6.786757980631277576e+01 8.094288032338874928e+01 8.559450048030738856e+01 8.896465492554409593e+01 9.723729638810198139e+01 1.076558946391274105e+02 1.237378063113357314e+02
6.377304606326483594e+01 6.579781950418835379e+01 8.014332896929302308e+01 8.388936480516538552e+01 8.791594015080113422e+01 9.654934771487039313e+01 1.060720637975274201e+02 1.200855031464696054e+02
6.389809532042415441e+01 6.501923666889780407e+01 7.945953753122870467e+01 8.241725917431193693e+01 8.597884507829978418e+01 9.519441112634224567e+01 1.042731695816186459e+02 1.188858949799988665e+02
6.276012589723139712e+01 6.410926942567567721e+01 7.714058635034855627e+01 8.248553935447338858e+01 8.443561643835616337e+01 9.272189394790029837e+01 1.015389488636363637e+02 1.160517219423849724e+02
6.030611952282633581e+01 6.322102285212041295e+01 7.543041180356749464e+01 8.014670749121265203e+01 8.298006477398016045e+01 9.103103303471445429e+01 1.011518505279366593e+02 1.136684371723414841e+02
5.959248527837258536e+01 6.246582614465826566e+01 7.479702623185218613e+01 7.959579691303386539e+01 8.250105602489995249e+01 8.845855134074558634e+01 9.809611460401499983e+01 1.119451480581183347e+02
5.846272996405159716e+01 6.077283965629052886e+01 7.354009919774500759e+01 7.636493770314193341e+01 8.069437776957163067e+01 8.773189441328732130e+01 9.517013219867266116e+01 1.083559275447817214e+02
5.832990481226864432e+01 5.905567934782608575e+01 7.153244908896033394e+01 7.500047179702244193e+01 8.035131464580616978e+01 8.564146570203644160e+01 9.387686527392880009e+01 1.054058083511777255e+02
5.683782632627385567e+01 5.831859607906675080e+01 6.919726125025452745e+01 7.316057441253263960e+01 7.756354813664596293e+01 8.285516649048625482e+01 9.083734512809743933e+01 1.043492420247824981e+02
5.617947537360555543e+01 5.727117243133265134e+01 6.991663090128754732e+01 7.287654040404039790e+01 7.617920729122509726e+01 8.275915489299812577e+01 8.974500782064650650e+01 1.019319569870021382e+02
5.489756605325383276e+01 5.636769464105157112e+01 6.748179184771363737e+01 7.005488384371699340e+01 7.435504297269969243e+01 8.097711428862201899e+01 8.840068519866861152e+01 1.008969633454322263e+02
5.449505154639175686e+01 5.544017767767768134e+01 6.676826193329338821e+01 7.088515206390157175e+01 7.288074785889070029e+01 7.863094627844986917e+01 8.676417195048308884e+01 9.780070071079296667e+01
5.307599271495998039e+01 5.451125349720224023e+01 6.544069842692154282e+01 6.888400487633219882e+01 7.231650271029913313e+01 7.707095398651328821e+01 8.676227254549090162e+01 9.546300860817775913e+01
5.213336165048544046e+01 5.338702975716560672e+01 6.481509948010398148e+01 6.774397157853040596e+01 7.160879537790121674e+01 7.726094527363183317e+01 8.336247404587700771e+01 9.413095297648824555e+01
5.093872736852188865e+01 5.361308090980546837e+01 6.399660578237936903e+01 6.630005036360063286e+01 6.944094289827255295e+01 7.484211940590189727e+01 8.275546722113503506e+01 9.254795696324951848e+01
5.030294733834873000e+01 5.215547915035239157e+01 6.161386605415860629e+01 6.533496964522861106e+01 6.890240196078431723e+01 7.375609886709824536e+01 8.138126083606242389e+01 8.955295331659748115e+01
4.950438148007228989e+01 5.083472749853886086e+01 6.050902288732394396e+01 6.436544446605718406e+01 6.701181037718146172e+01 7.164826178368863907e+01 8.012957231288687865e+01 9.033647828787081835e+01
4.890027785626824652e+01 5.000915194996321134e+01 6.167697063369396915e+01 6.343405725226056546e+01 6.573354760084113479e+01 7.026020361157176808e+01 7.723182185657219634e+01 8.750739651928503804e+01
4.795586458137788810e+01 4.876226453913680103e+01 5.896270292965105853e+01 6.106680872103974878e+01 6.455003427787934811e+01 6.972169371385935221e+01 7.589138513513513828e+01 8.582551733716030640e+01
4.673126051795063773e+01 4.779145024603608505e+01 5.834497213084794964e+01 6.060404816513761261e+01 6.387144450641383031e+01 6.812475685439051176e+01 7.450534395198522475e+01 8.521418658530990342e+01
4.609144961669898777e+01 4.819103142572102172e+01 5.673962097940007254e+01 6.012281676544539977e+01 6.271359659090908423e+01 6.646946534787309702e+01 7.256077671652550976e+01 8.217391034046208631e+01
4.514969060503903364e+01 4.649177171657947127e+01 5.576445375696566487e+01 5.802706326122522995e+01 6.181759565528339095e+01 6.574889410798978417e+01 7.184042792792793364e+01 8.177526685964991771e+01
4.438817780852719608e+01 4.595520030471410422e+01 5.537482155603140654e+01 5.749160215340807412e+01 6.051916630148991771e+01 6.417825818607069266e+01 7.055301151461470965e+01 7.938948272042534882e+01
4.406635912956695478e+01 4.467850620489350177e+01 5.479735813422347235e+01 5.641400085763292793e+01 5.925367876920328314e+01 6.390487837123215087e+01 6.877025118255080827e+01 7.759992601296949033e+01
4.317742538121643037e+01 4.389640977527091792e+01 5.322647702407002157e+01 5.600230789519957852e+01 5.733069984646878936e+01 6.176264020329477944e+01 6.839705630669176628e+01 7.540216516594892937e+01
4.262949418305142757e+01 4.323692521475493322e+01 5.215242726954083707e+01 5.416644664582629076e+01 5.749289895455331134e+01 6.100144466003036570e+01 6.593420198961938183e+01 7.536514117748026820e+01
4.199202059477012483e+01 4.218787844226940820e+01 5.092603493709622597e+01 5.389170110192837626e+01 5.548841145833333144e+01 5.958497741605590647e+01 6.575346811030283334e+01 7.370486829330069156e+01
4.206392369020500865e+01 4.111978300631858474e+01 5.086493740673188313e+01 5.291267306741387699e+01 5.523476828231292046e+01 5.909082617578385310e+01 6.409849405160858282e+01 7.259688291993850839e+01
4.038924554777177889e+01 4.115646822625698320e+01 4.990612644151564581e+01 5.111440897414649953e+01 5.422983540779560485e+01 5.799980280637662133e+01 6.250712350139595941e+01 7.037302894314298385e+01
3.957991383465896007e+01 4.047074681332236423e+01 4.888701210474308567e+01 5.098992645853818573e+01 5.288281378770397367e+01 5.652623261047463643e+01 6.139279763863748940e+01 7.014883696994647266e+01
3.906274055809477375e+01 3.983778164145111589e+01 4.769861190437337228e+01 4.984372423742786395e+01 5.236028997747747837e+01 5.508334338318057632e+01 6.095584029693331729e+01 6.823344549261985037e+01
3.839681832580977527e+01 3.920917453598176650e+01 4.686289131129213104e+01 4.889745456663560219e+01 5.119164015336922802e+01 5.446130689128337110e+01 5.958446615409004465e+01 6.751073968989770435e+01
3.783334232308175160e+01 3.827552208835341219e+01 4.590775852097470988e+01 4.787982867302407897e+01 4.984965095649490507e+01 5.361635880767401829e+01 5.810365541922290333e+01 6.626490689968045444e+01
3.717647591895916293e+01 3.777354083358966363e+01 4.527663680976699823e+01 4.756288080731149392e+01 4.911393796545713997e+01 5.294037468710888561e+01 5.724781578122551196e+01 6.452334170267430125e+01
3.628026946400625974e+01 3.657844962572563219e+01 4.448405235988200701e+01 4.666876090058665483e+01 4.828251728110598862e+01 5.147088687471317314e+01 5.614087402343750455e+01 6.249263990977325989e+01
3.595578961621789205e+01 3.601626087367624507e+01 4.397158056440600404e+01 4.527345403689144376e+01 4.717499806919988004e+01 5.004445490165949195e+01 5.574644095898765528e+01 6.223159876754536413e+01
3.572267270429654218e+01 3.571579824495329802e+01 4.289459881185140233e+01 4.513982558139534973e+01 4.744926481564412057e+01 4.979772521160821697e+01 5.410737707989807177e+01 6.066970254638323468e+01
3.477037461208806945e+01 3.539498818986202622e+01 4.264015945500823790e+01 4.394051733907524948e+01 4.621188955246446994e+01 4.869334713518352942e+01 5.313507973095525472e+01 5.992496243425996028e+01
3.403260115395851670e+01 3.424328166815342911e+01 4.115489415020945785e+01 4.336026302121976528e+01 4.528181470416788557e+01 4.811977076831624345e+01 5.219725414952996090e+01 5.849933276494791556e+01
3.310037782690634600e+01 3.384937407270029297e+01 4.005940237226277389e+01 4.278950350979818751e+01 4.462255192878338050e+01 4.703579512266355067e+01 5.130174052947198504e+01 5.736095866524723164e+01
3.294184059014033750e+01 3.359948462162561356e+01 3.853925841786418260e+01 4.186953204476093049e+01 4.330930760499432353e+01 4.689196532953383212e+01 5.001850122143986255e+01 5.583513600919904007e+01
3.263191642651297286e+01 3.256155585106382944e+01 3.694213603972825410e+01 4.119643111300882765e+01 4.266921669106881154e+01 4.495375691783738148e+01 4.939226268352958016e+01 5.548212162697698346e+01
3.182417629076087096e+01 3.194090584007814826e+01 3.553240182874964859e+01 4.021351274384166885e+01 4.252523631489841449e+01 4.501259018248691746e+01 4.810245836286321719e+01 5.407483800148720121e+01
3.175956408879341097e+01 3.133867842178770857e+01 3.479001614874301396e+01 3.955571987782614940e+01 4.065177309974568942e+01 4.381688300142248238e+01 4.765133985089323687e+01 5.356539274392392258e+01
3.072275725247004630e+01 3.083758377089954195e+01 3.391696736878453322e+01 3.866409589135529501e+01 4.047482174688057199e+01 4.300667866941014950e+01 4.664518526199363890e+01 5.231705229657663381e+01
3.035471181947937325e+01 3.017503283107547674e+01 3.277476081099751326e+01 3.815451701009542518e+01 3.947057443703086221e+01 4.194099926971762216e+01 4.636196836099585283e+01 5.175290104454897033e+01
2.957588152798183145e+01 2.982969775711159599e+01 3.151754670029997030e+01 3.712893683885148732e+01 3.929607479784367285e+01 4.176100517890771613e+01 4.508341819416157392e+01 5.022175650399591973e+01
2.924284094726234429e+01 2.936771003262642310e+01 3.077721338332657552e+01 3.579593978102189311e+01 3.796449714207948034e+01 4.085673154633620641e+01 4.442013842225507148e+01 4.900181508121433183e+01
2.890089798376451569e+01 2.856581715759467599e+01 3.040726986087635098e+01 3.534498427566617096e+01 3.800944035947712507e+01 4.015577994896588621e+01 4.375209548104955815e+01 4.873172824969319095e+01
2.856325664858427871e+01 2.802354793476851214e+01 2.995177874259558237e+01 3.425158884669841797e+01 3.691837215564830643e+01 3.954703566315241403e+01 4.267384001853322673e+01 4.781918531825823493e+01
2.838584027640018448e+01 2.754347343346253041e+01 2.926683478289301377e+01 3.300254311788345518e+01 3.600508120237633847e+01 3.901218845287020542e+01 4.177777868960083651e+01 4.695717766729900688e+01
2.764569449888932340e+01 2.713076725356637908e+01 2.857830019976801594e+01 3.221171634121274252e+01 3.589971381451299948e+01 3.774788081171332976e+01 4.123664695618457188e+01 4.676472324663561153e+01
2.704231201904264736e+01 2.667515486022871585e+01 2.755553150419420305e+01 3.141414016696406009e+01 3.441347849083216204e+01 3.682408059969246494e+01 4.034279430582213877e+01 4.565988685772318689e+01
2.632978925863783104e+01 2.609164954446993079e+01 2.754886149897984993e+01 3.063019451288855066e+01 3.421602274175054248e+01 3.629133639822448032e+01 3.955737821895217365e+01 4.475990240645960938e+01
2.602938052345343323e+01 2.592789526129318034e+01 2.690214966897856286e+01 2.968778301139962394e+01 3.327070375668615299e+01 3.571671820611635439e+01 3.937574479427997431e+01 4.350722491121099011e+01
2.574084768685486679e+01 2.537520399196585430e+01 2.675861902032469786e+01 2.907583189814245372e+01 3.307455021902377723e+01 3.544008393886244335e+01 3.815173937221947398e+01 4.296188267266423111e+01
2.551375091418820062e+01 2.530770567741532062e+01 2.592305268843014687e+01 2.819237224916075846e+01 3.210242277407631661e+01 3.447289383772469762e+01 3.738880672115149650e+01 4.244627754113933804e+01
2.487447887928392021e+01 2.453385447850556744e+01 2.561570903689806045e+01 2.776519915355985191e+01 3.143015451453887721e+01 3.415188971123513539e+01 3.711146334690855042e+01 4.151495924698154028e+01
2.441116364019000784e+01 2.400163365820219141e+01 2.505974937042810780e+01 2.660296445093742435e+01 3.104451661364439730e+01 3.348712640752275860e+01 3.633264481432519943e+01 4.126311821019146464e+01
2.403050699300699122e+01 2.373835758912708727e+01 2.449166555218735297e+01 2.620078349067877710e+01 3.074560629374849441e+01 3.249521833273186644e+01 3.557915519923417946e+01 4.002848120210727956e+01
2.339304612016908180e+01 2.340808606654082169e+01 2.425962190448113276e+01 2.516088574700493297e+01 2.955074063681474428e+01 3.191816546762590079e+01 3.518889044612298278e+01 3.996154980679035873e+01
2.338051006200838344e+01 2.265562309361801852e+01 2.351930374616835806e+01 2.483309416578358508e+01 2.949290192830947532e+01 3.173933354778336735e+01 3.457452516758791461e+01 3.909742145560151272e+01
2.294055522787432366e+01 2.245100304129137925e+01 2.326673456448227739e+01 2.450940005228302354e+01 2.837949721269296788e+01 3.089098293595138145e+01 3.372908350688418011e+01 3.823716302486869267e+01
2.260504865141686537e+01 2.228327387885847344e+01 2.276610001151543017e+01 2.392332238720731041e+01 2.759306496394929553e+01 3.050188617469536467e+01 3.347786817033976092e+01 3.770442794835504685e+01
2.214451078911409709e+01 2.189894153225806406e+01 2.243071392813438791e+01 2.350776380713296376e+01 2.706309188275084665e+01 2.941817125620598006e+01 3.277586927567445230e+01 3.700033420558621344e+01
2.204199290389932742e+01 2.148941241685144021e+01 2.214114102193995492e+01 2.318251219241853178e+01 2.641142063081695923e+01 2.933659444631060254e+01 3.194747023809523867e+01 3.669143176954268881e+01
2.152468980549966560e+01 2.114898327999117100e+01 2.184193727014376307e+01 2.267586995819681306e+01 2.591043691308145824e+01 2.885087135087135124e+01 3.136695599910544630e+01 3.599283359759659362e+01
2.138452068517891291e+01 2.066446047419958276e+01 2.131409196162752195e+01 2.214372597473915505e+01 2.520248400122959964e+01 2.802921134941912484e+01 3.058957341379692352e+01 3.530555285860911141e+01
2.081184870437447643e+01 2.049528112038856165e+01 2.082070957208437889e+01 2.162226204286818998e+01 2.458083589715415940e+01 2.769229438110749442e+01 3.028160320421376284e+01 3.477051988270437732e+01
2.044305147058823380e+01 2.004511376618431129e+01 2.054755301460968298e+01 2.118929755140692706e+01 2.392906470908102179e+01 2.712186266988163297e+01 2.980324388586956630e+01 3.415233664522083501e+01
2.033507341597063345e+01 1.984191875951293582e+01 2.021353884127156419e+01 2.072571207282454608e+01 2.355061431623931512e+01 2.666335227272727337e+01 2.927098638720829982e+01 3.345908079309414518e+01
2.000548970845018459e+01 1.954916720482187031e+01 1.996801731911733313e+01 2.040029606636060322e+01 2.292380201595515388e+01 2.609686801935963985e+01 2.912876909409143877e+01 3.320772934010692268e+01
1.978751089713108158e+01 1.919726625578641332e+01 1.963966757387247242e+01 1.996202388354238977e+01 2.242693183608106722e+01 2.565911835748791958e+01 2.833205590029448828e+01 3.274141545483494298e+01
1.950210541504879913e+01 1.885289304123711318e+01 1.914347202054426234e+01 1.966407698249227565e+01 2.212572028970183879e+01 2.520789728682170505e+01 2.799510307919434737e+01 3.203103271849500544e+01
1.915751360046032303e+01 1.868512158483977004e+01 1.885686686550976177e+01 1.936600993767675760e+01 2.132050347754935160e+01 2.465340583671769181e+01 2.726458722498962217e+01 3.163042958347338285e+01
1.882710929387331333e+01 1.837051651305683464e+01 1.858876496469866169e+01 1.905019555253994312e+01 2.072831479841650193e+01 2.426200157736863616e+01 2.692157572598084414e+01 3.129560251174974894e+01
1.879430447194378218e+01 1.816987796232529817e+01 1.800714758944042160e+01 1.851121705524581884e+01 2.014782221090167980e+01 2.374169803455941619e+01 2.639666683590576568e+01 3.094331413825540977e+01
1.862230026639446123e+01 1.786574144583206447e+01 1.810561068076301794e+01 1.807863612045246171e+01 1.982905376425471999e+01 2.326780003045994505e+01 2.588841617229489955e+01 3.038695836927292149e+01
1.822631250309115103e+01 1.758191445182724166e+01 1.741784930366333839e+01 1.791289234581497780e+01 1.922943866660047618e+01 2.307660205894125838e+01 2.547155516724912516e+01 2.990755009631501338e+01
1.786570352690937824e+01 1.723553490708187041e+01 1.727838137196335921e+01 1.751668922244094517e+01 1.903672991745520449e+01 2.261222299860251539e+01 2.501757812500000000e+01 2.953781031348820818e+01
1.776173733385649101e+01 1.706228807220504606e+01 1.725789403749516637e+01 1.721289664776683637e+01 1.836170942141539797e+01 2.199666123277559038e+01 2.483660252342835051e+01 2.933592055314533908e+01
1.733468368921102964e+01 1.687094112988384254e+01 1.672455897677649972e+01 1.690108853410740153e+01 1.792420644685039477e+01 2.174968555560956673e+01 2.422144687162891330e+01 2.851989253214276943e+01
1.716273567758821272e+01 1.652560655776968801e+01 1.640931941221964507e+01 1.659738481414984435e+01 1.766294813575525779e+01 2.084332335833093097e+01 2.381516208180235949e+01 2.820934134117250380e+01
1.706060936591041255e+01 1.628522407460408417e+01 1.639301518010701386e+01 1.638739353048138625e+01 1.721707589285714235e+01 2.081690940753953001e+01 2.325420986017357805e+01 2.782516647105319763e+01
1.677130262967080654e+01 1.619957197867298504e+01 1.585602120483064503e+01 1.594039998815727088e+01 1.697803822723838252e+01 2.019209471355157959e+01 2.276502426609848584e+01 2.763750886734452550e+01
1.652814953086534189e+01 1.584923155255227023e+01 1.557783959161461240e+01 1.552052684484389822e+01 1.668121138700245254e+01 2.016221006667292670e+01 2.243252425179380793e+01 2.733250740082889152e+01
1.635232676238400984e+01 1.573374459230696942e+01 1.541377531882970864e+01 1.542034267766735312e+01 1.612895564143977722e+01 1.934222289833364528e+01 2.223463003106742164e+01 2.687862991776469457e+01
1.621143958868894686e+01 1.557359222044427760e+01 1.527181825025479434e+01 1.511968219366681865e+01 1.587037734073586215e+01 1.906570290858725514e+01 2.173340884861407218e+01 2.635576164853770109e+01
1.606706418810473735e+01 1.539803065165109608e+01 1.494253240155346774e+01 1.495255363805970106e+01 1.560859707989480327e+01 1.869137799109627096e+01 2.155263526973804744e+01 2.624722451364542408e+01
1.578508119853614033e+01 1.490799486671469687e+01 1.472938416388270078e+01 1.463363950832885507e+01 1.518574439817797028e+01 1.831092465444032769e+01 2.107597754217966113e+01 2.597086161193756837e+01
1.570188361599854865e+01 1.487570210603894871e+01 1.452704212950420093e+01 1.427817467610034008e+01 1.507390850758323708e+01 1.775351084068804042e+01 2.067440524927219769e+01 2.571063411390835896e+01
1.540546338021757933e+01 1.476062639821029165e+01 1.433920634301755648e+01 1.410388775600673839e+01 1.455021745039412906e+01 1.740472197630073481e+01 2.036874076437399239e+01 2.545753882004974500e+01
1.520703667024752725e+01 1.444282971398305015e+01 1.416141578234615039e+01 1.400359173155193737e+01 1.426974235211143416e+01 1.710264570552147134e+01 2.014984619810569200e+01 2.476622428666224351e+01
1.501807334236636393e+01 1.425515819570785148e+01 1.399338355048860016e+01 1.363192653218695050e+01 1.412457580431908433e+01 1.665865256864481836e+01 1.956202827065677852e+01 2.466769654227095998e+01
1.484441683875408735e+01 1.418408442982456030e+01 1.373763634380453880e+01 1.343502934504933144e+01 1.381418442409512970e+01 1.623587343641417746e+01 1.951783923432458323e+01 2.436604440234315661e+01
1.474470622563926803e+01 1.393730819815870348e+01 1.343110863418877798e+01 1.319143488917305973e+01 1.368461534254965350e+01 1.606952168477323539e+01 1.909525856475473660e+01 2.424614968049388253e+01
1.470895783158437808e+01 1.374003377645732016e+01 1.313188131313131457e+01 1.290489923747276535e+01 1.338531802232180645e+01 1.563552348570435413e+01 1.864921748227859055e+01 2.404334454898094720e+01
1.440124074231718687e+01 1.368975761453264006e+01 1.312131352087114422e+01 1.254660474391267755e+01 1.312440033419577468e+01 1.531621095385646036e+01 1.858686497183579434e+01 2.348324986680873749e+01
1.446617376810974775e+01 1.345300472724230190e+01 1.286935915298221822e+01 1.254787699598667849e+01 1.286037967976160523e+01 1.496968590017064926e+01 1.827143273305084747e+01 2.336115552402532813e+01
1.408797604487368638e+01 1.315415568524096379e+01 1.270052539176460726e+01 1.228916029572376800e+01 1.250146488491695429e+01 1.459934149819646088e+01 1.789381396352763076e+01 2.341859601790270773e+01
1.407259920551515364e+01 1.317220105995362722e+01 1.255933724346242997e+01 1.207310644226024010e+01 1.234546255893787858e+01 1.437880564182194476e+01 1.766400765053274924e+01 2.298004032258064555e+01
1.371179676655507507e+01 1.295339894144889215e+01 1.241304280397022275e+01 1.190134722106317433e+01 1.213514751552794912e+01 1.413402155422786599e+01 1.756771999088120850e+01 2.281564748201439130e+01
1.373825511858909287e+01 1.280869122127974968e+01 1.214657756489493323e+01 1.168198152477034135e+01 1.178118370053039499e+01 1.381836667343622871e+01 1.709078743053285265e+01 2.267665166396686516e+01
1.371362537352608690e+01 1.255969975188648213e+01 1.210355649591985205e+01 1.147523565984757177e+01 1.174398567580803032e+01 1.340157245222929916e+01 1.668841405363798458e+01 2.253979676524766518e+01
1.345838046568431245e+01 1.252307312051532939e+01 1.189720270699372939e+01 1.128541972514476832e+01 1.146493180007965051e+01 1.318089948101062170e+01 1.648751878757514788e+01 2.225553712926184957e+01
1.342750541603145287e+01 1.246789301030846708e+01 1.172795225107872596e+01 1.108270359699496588e+01 1.136250960216705685e+01 1.297310243000318231e+01 1.619141563250600413e+01 2.203375124875124769e+01
1.321999091163310958e+01 1.226175168426443918e+01 1.148660076935279051e+01 1.088544522619143784e+01 1.106991360829202975e+01 1.269610075811701222e+01 1.604056895177361497e+01 2.198259977749965088e+01
1.326970798593274559e+01 1.226503004057428292e+01 1.162218659717342106e+01 1.076833179790535233e+01 1.072919868763301032e+01 1.243076199504872648e+01 1.570982492942283493e+01 2.164370259598092261e+01
1.298613875356463865e+01 1.209297063165255359e+01 1.132278699525402565e+01 1.057171361845697710e+01 1.061698032506415856e+01 1.203560949847429740e+01 1.547713628566973476e+01 2.181171457706128081e+01
