nan nan nan nan nan nan nan 0.000000000000000000e+00
2.703518981933593750e+02 nan nan nan 1.594548706054687500e+03 6.617561035156250000e+02 nan 2.902856445312500000e+02
1.078923242187500136e+03 nan nan 2.477483398437500000e+03 nan 4.836819824218750000e+03 1.890860107421875000e+03 8.169059895833333030e+03
1.049827148437500000e+03 nan 2.517436523437500000e+03 nan 3.357699462890625000e+03 4.370549804687500000e+03 8.402318359375000000e+03 3.757702636718750000e+03
2.228955566406250000e+03 1.933863932291666515e+03 nan 3.674586669921875000e+03 nan 6.391031250000000000e+03 4.006394205729166515e+03 4.090158954326923322e+03
2.521331321022727479e+03 2.700850781250000182e+03 2.491598772321428442e+03 nan 4.592532670454545951e+03 6.604852864583333030e+03 2.450176562500000000e+04 6.283630113636363967e+04
2.031073486328125000e+03 2.382168836805555202e+03 3.783834765625000273e+03 3.677481689453125000e+03 5.319916992187500000e+03 2.001677734375000000e+04 2.557083593750000000e+04 3.362160416666666424e+04
1.481238281250000000e+03 2.418726888020833030e+03 2.430052246093750000e+03 3.510651227678571104e+03 3.887102272727272975e+03 2.791959134615384755e+04 3.203924147727272793e+04 3.573824444444444816e+04
2.024087582236842081e+03 2.845177455357142662e+03 3.183456054687500000e+03 3.935273437500000000e+03 7.601551339285713766e+03 2.766950000000000000e+04 2.725032692307692560e+04 2.510256887755101707e+04
1.936626358695652016e+03 2.645221754807692378e+03 2.739608915441176578e+03 3.804400878906250000e+03 4.964208593750000546e+03 2.137296875000000000e+04 2.059061458333333212e+04 2.608077397260273938e+04
2.039796262254901876e+03 1.896689670138888687e+03 2.894957563920454504e+03 3.561528192934782510e+03 5.728176011029411711e+03 1.915474431818181984e+04 2.149869701086956411e+04 2.432859577922078097e+04
1.772810905612244824e+03 2.108309895833333030e+03 2.506006249999999909e+03 3.150501953125000000e+03 4.105940340909090992e+03 1.485626190476190459e+04 1.943861160714285506e+04 1.759852933673469306e+04
2.050096567622950715e+03 2.136660632621951208e+03 3.271662286931818471e+03 3.455610008445946278e+03 5.995121527777777374e+03 1.664346621621621671e+04 1.514263888888888869e+04 2.058450568181818380e+04
1.738440998134328311e+03 1.888636051829268354e+03 2.079590762867646845e+03 2.768672413793103260e+03 3.299380555555555475e+03 1.361783238636363603e+04 1.445086993243243342e+04 1.829279999999999927e+04
1.648662546641791096e+03 1.921079241071428442e+03 2.338628298611111404e+03 3.043025135869565020e+03 4.656046875000000000e+03 1.149087872023809541e+04 1.194933952702702845e+04 1.367066203703703650e+04
1.361961927816901380e+03 1.602143229166666515e+03 2.038759640957446663e+03 2.592980631510416515e+03 2.813087009803921319e+03 9.688389999999999418e+03 1.078648875000000044e+04 1.233818750000000000e+04
1.379278286637930933e+03 1.472304097877358345e+03 2.283699218750000000e+03 2.483494260204081456e+03 3.560809795673077133e+03 9.007281250000000000e+03 1.011407904411764684e+04 9.936865482233501098e+03
1.372429094827586141e+03 1.646108816964285552e+03 1.852333912037036953e+03 2.021429550438596380e+03 3.349302246093750000e+03 8.326746212121212011e+03 8.265266666666666424e+03 1.067718172690762913e+04
1.276360766267123154e+03 1.387009765625000000e+03 1.533164682539682417e+03 2.171595632530120383e+03 2.458708593750000091e+03 7.923881944444444343e+03 8.375180555555554747e+03 9.063771739130434071e+03
1.166011262175324646e+03 1.429300781250000000e+03 1.634533528645833258e+03 2.127953947368420813e+03 3.036977107558139323e+03 6.859044196428571013e+03 7.856944805194805667e+03 8.789322131147540858e+03
1.132773388364779976e+03 1.352596908244680890e+03 1.745173557692307895e+03 1.943772321428571331e+03 3.024186643835616451e+03 6.476651988636363967e+03 7.263975150602410395e+03 7.752166932907347473e+03
1.099558965773809405e+03 1.229389423076923094e+03 1.560780196629213378e+03 1.882011513157894569e+03 2.390435179455445450e+03 6.086301598837208985e+03 6.976215441176470449e+03 7.989534482758620470e+03
9.691201331967213264e+02 1.101542698019801946e+03 1.537809846698113233e+03 1.912454128440367185e+03 2.685372767857142662e+03 5.586435714285715221e+03 6.199994140625000000e+03 7.554340796019900154e+03
8.950721428571428078e+02 1.006393670550847446e+03 1.278913569819819713e+03 1.819599005681818198e+03 2.097050945378151027e+03 5.439938679245282401e+03 5.788100328947368325e+03 6.805492134831461044e+03
9.142488207547170305e+02 1.044601768092105203e+03 1.238440274532710191e+03 1.707945796460177007e+03 2.111533761160714221e+03 4.571462184873949809e+03 5.529162280701753843e+03 5.780447247706422786e+03
8.626767165492957474e+02 9.568025625000000218e+02 1.214805104961832058e+03 1.499801448170731874e+03 2.129817974452554608e+03 4.155579941860464714e+03 4.829197265625000000e+03 5.145250462107208477e+03
7.448460828993055429e+02 9.362963709677419502e+02 1.062305387126865753e+03 1.344803600993377586e+03 1.684965153769841208e+03 4.178745567375886822e+03 4.307296875000000000e+03 5.024257798165137501e+03
7.261276956869008927e+02 8.155038452148437500e+02 1.036912210982658962e+03 1.288371475563909598e+03 1.865577107988165608e+03 3.827901339285714130e+03 4.022743865030674897e+03 4.693358119658119904e+03
7.098557692307691696e+02 7.894590178571428396e+02 9.889508928571427759e+02 1.282309676204819425e+03 1.587212276785714266e+03 3.309566770186335361e+03 3.934443412162162531e+03 4.262084003215433768e+03
6.226278237951808023e+02 7.849541223404255561e+02 9.882271780303029800e+02 1.200470059880239660e+03 1.604956987359550567e+03 3.281632596685082717e+03 3.613888157894736651e+03 4.194495720399429956e+03
6.584787538109756042e+02 7.325374672774869396e+02 9.498938344594595264e+02 1.164946756114130494e+03 1.579068928571428614e+03 3.162515053353658459e+03 3.332444444444444798e+03 4.062938873626374061e+03
6.037675561797752835e+02 7.439076052295918089e+02 8.843530321782178589e+02 1.141940870098039113e+03 1.382142987804877976e+03 2.939327439024390060e+03 3.233861519607843093e+03 3.733112420382165510e+03
6.024168019480518979e+02 7.105404589371980819e+02 8.367515851449275033e+02 1.089728693181818244e+03 1.546435312500000009e+03 2.816063446969696997e+03 3.091833539603960617e+03 3.562011377613776403e+03
5.766053165584415865e+02 6.486300145348836850e+02 8.366196919856458862e+02 1.014077761627906966e+03 1.407633209745762770e+03 2.683146959459459595e+03 3.189635462555066169e+03 3.314163802978236163e+03
5.146504561143984802e+02 6.138257885514018426e+02 7.625619493392071035e+02 1.001793202191235082e+03 1.227720203488372135e+03 2.553769979508196684e+03 2.695735930735930651e+03 2.974627001067236051e+03
4.788644979508197252e+02 5.808458806818181301e+02 7.433103841145832575e+02 9.707181792237441869e+02 1.279817238267148014e+03 2.195620936098654511e+03 2.542687500000000000e+03 2.754458876629889801e+03
4.817243773946360079e+02 5.596894531250000000e+02 7.171916155133927759e+02 9.386681547619047024e+02 1.194257368995633215e+03 2.089456866197182990e+03 2.199914396887159455e+03 2.699820487804878212e+03
4.413670817214700151e+02 5.400020312500000728e+02 6.976181964944648826e+02 8.264532541322314501e+02 1.185422965116279101e+03 2.112475669642857156e+03 2.407580629770992346e+03 2.556645401262398536e+03
4.223217486213235361e+02 5.127495833333333621e+02 6.568513866559485450e+02 7.880534914495113981e+02 1.096323581560283628e+03 1.747147435897435798e+03 2.088530612244897839e+03 2.430682296047098134e+03
3.943333333333333144e+02 4.587376644736841627e+02 5.968817758899676846e+02 7.357658794788274008e+02 9.924106270358306574e+02 1.807093452380952385e+03 2.002026842948717785e+03 2.301407841552142145e+03
3.801040744837758325e+02 4.699691381987577188e+02 6.019414308176101258e+02 7.967518213190184042e+02 1.074930111821086257e+03 1.773523026315789366e+03 1.981181538461538366e+03 2.265373430141287372e+03
3.660534506089310298e+02 4.779245283018868236e+02 5.711600264350453244e+02 7.284469848242811167e+02 9.668634915014164335e+02 1.640389788732394436e+03 1.876393973214285552e+03 2.174268504531722101e+03
3.682493006993007043e+02 4.279654342296511800e+02 5.761436958092484701e+02 6.958819890745501198e+02 9.511978862973760442e+02 1.584570868945869051e+03 1.728755412011173348e+03 2.036391304347826008e+03
3.324076834862385113e+02 3.881935864825581461e+02 5.179101089588377818e+02 6.799664656432747734e+02 9.122486618387908948e+02 1.522290064102564202e+03 1.683026739690721570e+03 1.965952027027027043e+03
3.227564184852374751e+02 4.070419327858880933e+02 5.202700017507003167e+02 6.844787864963503807e+02 8.580546875000000000e+02 1.383816920731707341e+03 1.635971395502645464e+03 1.888443305573350244e+03
3.166069695989651223e+02 3.746567245911214741e+02 5.097771821776156003e+02 6.178110313315927442e+02 8.154846938775510807e+02 1.364755325814536263e+03 1.620830919395466026e+03 1.792836538461538566e+03
2.980062694099378859e+02 3.608136441647597508e+02 4.315239165683962028e+02 5.989165432464455989e+02 7.455687189054726787e+02 1.315841067285382678e+03 1.528648074572127143e+03 1.715980791962174862e+03
2.794971520935960712e+02 3.549691666666666947e+02 4.273414441079295329e+02 5.818664346895075141e+02 7.494205377252252447e+02 1.212881594036697379e+03 1.402131057268722543e+03 1.697821013289036500e+03
2.764031973816717027e+02 3.350705492424242493e+02 4.442350618131868032e+02 5.778246372767856656e+02 7.584229619565217035e+02 1.145627284946236614e+03 1.370007433920704898e+03 1.600066346153846098e+03
2.641428037848605754e+02 3.206825284090909349e+02 4.308306451612903061e+02 5.198912183544302934e+02 7.143139260912697637e+02 1.123102941176470495e+03 1.364154823651452261e+03 1.502696267866596145e+03
2.541893310546875000e+02 3.099375651041666515e+02 3.946166007905138144e+02 5.183143168604650555e+02 7.001129454926625613e+02 1.078633801020408328e+03 1.246333333333333258e+03 1.437527268220128690e+03
2.420158711770157538e+02 2.982529578189300423e+02 3.796751943005181147e+02 4.728870508603238818e+02 6.544634740259740511e+02 1.026667870905587733e+03 1.219700326492537215e+03 1.417852579271178456e+03
2.387901531339031465e+02 2.871074490017360858e+02 3.704116683467742064e+02 4.787483836206896513e+02 6.351372811284046520e+02 9.969640567765567312e+02 1.155420197740113053e+03 1.340191039925719679e+03
2.187076699412827452e+02 2.680082859848484986e+02 3.507366153492646959e+02 4.643724250936329554e+02 6.311431250000000546e+02 9.709817753001715346e+02 1.129846874999999955e+03 1.258413908765652877e+03
2.132271138863428064e+02 2.570955631399317554e+02 3.465075915141430869e+02 4.710805102915952034e+02 6.239787186379928698e+02 9.360197368421052033e+02 1.018982632933104583e+03 1.237513123644251664e+03
2.077638463222416760e+02 2.445812956574675354e+02 3.289136207592891878e+02 4.435791500000000269e+02 5.628580298013245056e+02 9.258109903381642880e+02 1.031022263071895395e+03 1.154859255533199075e+03
2.000854198042168832e+02 2.480450663183279687e+02 3.339038778877887808e+02 4.164715163934426414e+02 5.848082068690096094e+02 8.510186403508771491e+02 9.879004032258064854e+02 1.107627501020824866e+03
1.878527101976137033e+02 2.357256170382165692e+02 3.247311630602782202e+02 4.086769506369427063e+02 5.352965465465465513e+02 8.131292950236966135e+02 9.441705087440382158e+02 1.106721629855293259e+03
1.812632947586455145e+02 2.336730395962732700e+02 3.001902654867256501e+02 3.856348730606487720e+02 5.270544448757763121e+02 7.773987625538020438e+02 9.075749636098981910e+02 1.039556268882175118e+03
1.749288256227758040e+02 2.130745192307692264e+02 2.894670185810811063e+02 3.950739761257763689e+02 5.004480902777777942e+02 7.525296665424739331e+02 8.565823257467994836e+02 1.027841335740072054e+03
1.718979152005629771e+02 2.071398868110236151e+02 2.825655829596412900e+02 3.700171396683672924e+02 4.816229434907010045e+02 7.382177631578947512e+02 8.244800775740479821e+02 9.708031034482758059e+02
1.628191643882433368e+02 1.980840377113133854e+02 2.700956131436314536e+02 3.582532776580459881e+02 4.720423666007905581e+02 7.118159293552811278e+02 8.256698979591835723e+02 9.663392556416301886e+02
1.544868089360222427e+02 1.902707940251572154e+02 2.596627086007702019e+02 3.488711234177215488e+02 4.557020721024259160e+02 6.939428631756757113e+02 7.497614596879063811e+02 9.242459216965742144e+02
1.471944546568627459e+02 1.892119225967540501e+02 2.536453010948905273e+02 3.384587782663316489e+02 4.365332586526575369e+02 6.477788461538461888e+02 7.567585403726708364e+02 8.768232027152113233e+02
1.472022488317756768e+02 1.883007763240857457e+02 2.458342057619647392e+02 3.255217154420921588e+02 4.415250842524509949e+02 6.173325607416879848e+02 7.304305555555555429e+02 8.457979153702551685e+02
1.414541865524986122e+02 1.754904875148632470e+02 2.353360518292682855e+02 3.204022747349823135e+02 4.162937717770034851e+02 6.189661041189931439e+02 7.036330409356725113e+02 8.190592261904762381e+02
1.377112215909090764e+02 1.697440765492101775e+02 2.287247749709640061e+02 3.130925821064552679e+02 4.023823663426488224e+02 5.786717101406799202e+02 6.650616467576791138e+02 7.900383826545561305e+02
1.300608031674208291e+02 1.633802629662004620e+02 2.221379510309278373e+02 2.882973933649289506e+02 3.894386955366630900e+02 5.654640194954129129e+02 6.443212402885682195e+02 7.495914600167178605e+02
1.249762493319080647e+02 1.588673182531380519e+02 2.170434349652375374e+02 2.926209969008264693e+02 3.760872191011236509e+02 5.513946409989595168e+02 6.448742394911504334e+02 7.311606031917771134e+02
1.191287449048913061e+02 1.540390704314720836e+02 2.083398064687168869e+02 2.765301735737351692e+02 3.607062055386179509e+02 5.332722971132898238e+02 6.313585805084745743e+02 7.006818359885087375e+02
1.149017952127659612e+02 1.466847675879397173e+02 2.023621323529411598e+02 2.626443634969325558e+02 3.600141042780748535e+02 5.105581940222897970e+02 5.967542273673257114e+02 6.875898207426375848e+02
1.107619988050982442e+02 1.439572105788423073e+02 1.893263681592039802e+02 2.618766824526420578e+02 3.531716626213591894e+02 4.922754120879120592e+02 5.683846624266144545e+02 6.597707442796076975e+02
1.095206267297047873e+02 1.381789496105160708e+02 1.919194095167652847e+02 2.489868277616278931e+02 3.458763454011741487e+02 4.900191747572815189e+02 5.609198463825570116e+02 6.385427111219274821e+02
1.044634812667261485e+02 1.313559898297067150e+02 1.809788988095237983e+02 2.411618903157398677e+02 3.229719529085872409e+02 4.702642281105991060e+02 5.431035499537465512e+02 6.259711917458845392e+02
1.019302714790337205e+02 1.272118205220306493e+02 1.751460635359116225e+02 2.291846312388591684e+02 3.158272249763928130e+02 4.550583372420262549e+02 5.140785907859078634e+02 6.025713535589264893e+02
9.739979785112981858e+01 1.239200876383763870e+02 1.650292558774139309e+02 2.325236222800378414e+02 3.101927614795918089e+02 4.415466659232827737e+02 5.063350265017667766e+02 5.641885172798216672e+02
9.084501262626262985e+01 1.167846617459643142e+02 1.623522869318181847e+02 2.186693598832360124e+02 2.967628277576853293e+02 4.166945538057742624e+02 4.912600397175639841e+02 5.494887494591085897e+02
9.066609981860862888e+01 1.145011233660130756e+02 1.533367039586919134e+02 2.099601063829787222e+02 2.970732624481327662e+02 4.162027548646361765e+02 4.797518240343347316e+02 5.412949070160608471e+02
8.418471294700559326e+01 1.083752173690671015e+02 1.521774984593262161e+02 2.063040690630048459e+02 2.830016405588484076e+02 3.939803336079077667e+02 4.518764991728701261e+02 5.220314255983350904e+02
8.147119391025640311e+01 1.064136226209357687e+02 1.442687673198733194e+02 1.951417319828990173e+02 2.643507936507936620e+02 3.784657437348423628e+02 4.494743205435651134e+02 5.030288094760088597e+02
8.112066825832073391e+01 1.041633030378486069e+02 1.463478969194312640e+02 1.935785532498042301e+02 2.649823730862207753e+02 3.758699684293607106e+02 4.375815152121697338e+02 4.887173461310112543e+02
7.892974502945507709e+01 9.969346745908028140e+01 1.379890588407494079e+02 1.875202833850931654e+02 2.538280894617134038e+02 3.677676724137930933e+02 4.180287443267775984e+02 4.690017632481890928e+02
7.609558890301489953e+01 9.435604222713297418e+01 1.308230410447761187e+02 1.849683267997149017e+02 2.531682251908396779e+02 3.542377747252747326e+02 4.094765566741237421e+02 4.601576937406855450e+02
7.192488773826978843e+01 9.376727477046671311e+01 1.270415807560137580e+02 1.765619670542635617e+02 2.493681874120956365e+02 3.393698824867323651e+02 3.982771660649819410e+02 4.502636163579680897e+02
6.939472087378641163e+01 8.852469671639231308e+01 1.230750598659003856e+02 1.743043894754768246e+02 2.361023443291326771e+02 3.353625690607734668e+02 3.930461858279103353e+02 4.367285881716552467e+02
6.718615235065394131e+01 8.397722750502681777e+01 1.191798945258019415e+02 1.617685407763532908e+02 2.308726091740013544e+02 3.156617351398601272e+02 3.705612439362439545e+02 4.133470714900947200e+02
6.369268100734522875e+01 8.221677055256064648e+01 1.160517169873921688e+02 1.648965874492557759e+02 2.183189426369862929e+02 3.092707745236415349e+02 3.553789380081300919e+02 4.042837088096839011e+02
6.217869466145833712e+01 7.772276697429136050e+01 1.117878973868175905e+02 1.562754694738583794e+02 2.157129216269841265e+02 2.994902849740932993e+02 3.436056606905710282e+02 3.927913951545530722e+02
6.013436907020872724e+01 7.894704575378537470e+01 1.100826891447368325e+02 1.524956799633577589e+02 2.111762928139691269e+02 2.888420311464545875e+02 3.361337806494366873e+02 3.755340796838985398e+02
5.762266555912007249e+01 7.420498009169884313e+01 1.045247229751275455e+02 1.443060504898862462e+02 2.033918638598647703e+02 2.829296338226108674e+02 3.243444977959697439e+02 3.671747489014438202e+02
5.570510563380281610e+01 7.127698682108626826e+01 1.016196047339108901e+02 1.428726887224938764e+02 1.941518932192648776e+02 2.688653430160691755e+02 3.170485034119106444e+02 3.454976115896632791e+02
5.388455726805681678e+01 6.874556005452213014e+01 1.018454861111111143e+02 1.370682913557213851e+02 1.901706844359125910e+02 2.681315696022727479e+02 3.090969737626714391e+02 3.411623889059147814e+02
5.220078920760934693e+01 6.663416237295312783e+01 9.681364305641660906e+01 1.324179550438596493e+02 1.858432835820895548e+02 2.569209001144819240e+02 2.960866055184960715e+02 3.320753991720875433e+02
4.991760813728410540e+01 6.400734009555047521e+01 9.048454820595098624e+01 1.269899133293484681e+02 1.761376617895329275e+02 2.486711908284023593e+02 2.835478653169014365e+02 3.250473931933381664e+02
4.955910129060324465e+01 6.344193531320541268e+01 8.895482874293786324e+01 1.254037230693900540e+02 1.756435433584686621e+02 2.383596873215305436e+02 2.809167084527220482e+02 3.086973253663394416e+02
4.651292696220929912e+01 6.094102362340895951e+01 8.397885013812155819e+01 1.182015309697309391e+02 1.671648216268739873e+02 2.347792827298050327e+02 2.781765399556048806e+02 2.955537996665740366e+02
4.571084808357732499e+01 5.796183344875346677e+01 8.465322802197802332e+01 1.184768178670360186e+02 1.670424305555555691e+02 2.265270879578246479e+02 2.673163525041276785e+02 2.918479908231367972e+02
4.352427946891191368e+01 5.761487190693920724e+01 7.994754525507406129e+01 1.108397374863982634e+02 1.614161777978339387e+02 2.182133717105263031e+02 2.557947333333333404e+02 2.809356457242582792e+02
4.241963820078226632e+01 5.403289473684210265e+01 7.770035334543568695e+01 1.123768061783756878e+02 1.584619698205546285e+02 2.118500599360681917e+02 2.473558991683991906e+02 2.647217962048349023e+02
4.071130990111561943e+01 5.254097798447537571e+01 7.425859607745779556e+01 1.072269723499188814e+02 1.521778821897073612e+02 2.059285438144329987e+02 2.421086409395973362e+02 2.643790957172342360e+02
4.012168028600613212e+01 5.080424183325207110e+01 7.243625199680511173e+01 1.034024462463556802e+02 1.478698025627614925e+02 2.019656405472636607e+02 2.333347535478966108e+02 2.557220038046924628e+02
3.746544411177644207e+01 4.951515527296777464e+01 7.189814476885645433e+01 1.001018473934257855e+02 1.430162985551871202e+02 1.959347772883015466e+02 2.257351818520357369e+02 2.470046546638810128e+02
3.584039512922464610e+01 4.722398339749759799e+01 6.751126593314093327e+01 9.724790669856459147e+01 1.387217950295275557e+02 1.927003785081240892e+02 2.216880629259980537e+02 2.437098527986430838e+02
3.451766806205367999e+01 4.552347407537452995e+01 6.480171956111372822e+01 9.486426010813352150e+01 1.328699079572446635e+02 1.828889643363249888e+02 2.144760663507109086e+02 2.346781279287722555e+02
3.406050726678684271e+01 4.378472713342763001e+01 6.339641557069046485e+01 9.276634025483718915e+01 1.278360215053763511e+02 1.802608595194085126e+02 2.016070040056550283e+02 2.237673065564087551e+02
3.305316225258659557e+01 4.289469257540603309e+01 6.252648768416206337e+01 8.869389138965834718e+01 1.266545209176788234e+02 1.747659006499535792e+02 2.007870417228969870e+02 2.157396192281185563e+02
3.220136361129494418e+01 4.103642460684551452e+01 5.866070220919747413e+01 8.715628452275740301e+01 1.230110989391143903e+02 1.696360457371225721e+02 1.978062443387681242e+02 2.108752817853922465e+02
3.088355313455657480e+01 3.922924419260261431e+01 5.766520402238175791e+01 8.383163694481829964e+01 1.199259783311772338e+02 1.667864096573208599e+02 1.928438853986135086e+02 2.038704053167049324e+02
2.932683520856202009e+01 3.809807166876839091e+01 5.562060169395179088e+01 8.168923611111111427e+01 1.204432335628609394e+02 1.619342714162720540e+02 1.802115331338652311e+02 1.949245193352161607e+02
2.853827021822849730e+01 3.748295632028321478e+01 5.455048840533672205e+01 7.648533850797757339e+01 1.116536788784281669e+02 1.576126845991561254e+02 1.803171472327841229e+02 1.940719560135996460e+02
2.753470741090712792e+01 3.569789295322847522e+01 5.234177502072109434e+01 7.663252506200909409e+01 1.124495388245388199e+02 1.527246966794380683e+02 1.738881702974445034e+02 1.829757638380244771e+02
2.633441795085381187e+01 3.482818831037276652e+01 5.045342633475436145e+01 7.403427053966976246e+01 1.066536447585637717e+02 1.491964106425702994e+02 1.649832893132872869e+02 1.814923299748110992e+02
2.645737966601178570e+01 3.353106963851762146e+01 4.921828339386601670e+01 7.177571773373983888e+01 1.059601280120482016e+02 1.464050475849365398e+02 1.645264607763849369e+02 1.719192354491989647e+02
2.439013775905481296e+01 3.191948689956331719e+01 4.759298542589609582e+01 6.786141793282686763e+01 1.001771920920340335e+02 1.399034401876465949e+02 1.551244573796369366e+02 1.681761329829432725e+02
2.395659557004187334e+01 3.112231562500000237e+01 4.603632195802849481e+01 6.801873339028094279e+01 9.891432416267942074e+01 1.358029547198771922e+02 1.551966357308584747e+02 1.658075755367725606e+02
2.295010243948923190e+01 3.004211930046765389e+01 4.410155388010298338e+01 6.523246385306761397e+01 9.650443838884730496e+01 1.334124902114330382e+02 1.484950682852807233e+02 1.604422037914691828e+02
2.214360961683654239e+01 2.877298165137614561e+01 4.285660570106340828e+01 6.380920214701601623e+01 9.494130967097756013e+01 1.301541566432272248e+02 1.464263165345413427e+02 1.546095351043643120e+02
2.174258395522388199e+01 2.840075481461482809e+01 4.197367161866569063e+01 6.123799549980849832e+01 9.001978046594982175e+01 1.244759366925064512e+02 1.399492245370370256e+02 1.510375836465303792e+02
2.059628048212956131e+01 2.737563550704989268e+01 4.046127400394831142e+01 5.979001524390244526e+01 8.921558284938178929e+01 1.223538566243194055e+02 1.371749135105608275e+02 1.451836012202896029e+02
2.001651414641943560e+01 2.699987797302094350e+01 3.839890971477110071e+01 5.761324648451406460e+01 8.631822214336409615e+01 1.166544866071428572e+02 1.325301908669282795e+02 1.433665642136918450e+02
1.956669940322857570e+01 2.592416392543859516e+01 3.811885711787338238e+01 5.740754392832290165e+01 8.284015559348739544e+01 1.138362323633157018e+02 1.292885861948142860e+02 1.385176907524613341e+02
1.871442583530205894e+01 2.491232305138063552e+01 3.682116541681200061e+01 5.404125441696113086e+01 7.987866833957127710e+01 1.111144807235054373e+02 1.241395696933149537e+02 1.370080316054527998e+02
1.837599913531297346e+01 2.408481142241379303e+01 3.555632032049096125e+01 5.295866303989449619e+01 7.899758099824869362e+01 1.089568115569272919e+02 1.218045798319327702e+02 1.319878186546167740e+02
1.759378719016743275e+01 2.355166408668730682e+01 3.372309865669240736e+01 5.156346186730505821e+01 7.721439648880959794e+01 1.052710143716577420e+02 1.200237877781467972e+02 1.268960081415634988e+02
1.704070139577138931e+01 2.220833665497448806e+01 3.370444478670972188e+01 4.987372674045556664e+01 7.612382589734988869e+01 1.023023289129011175e+02 1.143738088332780904e+02 1.235888691786966831e+02
1.639846420288085938e+01 2.183029240226986190e+01 3.246030248137953578e+01 4.803167674399473697e+01 7.130261861601513829e+01 9.920773598582474051e+01 1.109120102761721114e+02 1.197853214718964807e+02
1.565028938033136541e+01 2.035113939550812390e+01 3.101751600270356590e+01 4.691009245917386750e+01 7.040662909836065353e+01 9.823759587727708720e+01 1.099471733463668954e+02 1.174203507928880299e+02
1.529056933198380541e+01 2.023494362363918952e+01 2.966540663819876045e+01 4.516502581689272233e+01 6.675701943844492803e+01 9.533712571292774385e+01 1.047988967190388223e+02 1.145180086394769603e+02
1.484209668405365079e+01 2.008944728751556497e+01 2.974458482004343551e+01 4.411788482618227647e+01 6.699239602731222476e+01 9.269174654907976674e+01 1.036874511566114307e+02 1.109328497168127825e+02
1.424608673278443050e+01 1.932534060594512226e+01 2.852721943849449104e+01 4.278387231142077951e+01 6.412958071043165376e+01 9.054424082777441640e+01 1.001601902581807337e+02 1.070003412710450448e+02
1.393940444809025259e+01 1.815998995022970774e+01 2.716592372692078783e+01 4.152608615611192988e+01 6.348125384733764065e+01 8.648266273514482805e+01 9.694044988013186526e+01 1.056881728468899411e+02
1.320928867655656269e+01 1.773260169781221407e+01 2.668077412532262471e+01 4.040764190911817622e+01 6.157432287188306219e+01 8.422277025014891194e+01 9.449653183411214741e+01 1.029611207725893536e+02
1.328196332509450350e+01 1.714910970781950539e+01 2.589755483774038680e+01 3.864735808323896293e+01 5.909425477239354052e+01 8.125598423488573019e+01 9.255948488811392849e+01 1.014134428355305744e+02
1.278732899342763218e+01 1.669967102957667393e+01 2.482028128567351288e+01 3.746899790756914683e+01 5.777416882707399282e+01 7.918865838247683087e+01 8.890550956323151865e+01 1.003990703141696912e+02
1.237869993799241186e+01 1.607844616603957633e+01 2.437613477653631122e+01 3.698015344730941933e+01 5.605517872523687117e+01 7.748413614075569456e+01 8.671940621452894504e+01 9.771760630420986615e+01
1.201590036952813989e+01 1.580745325484764585e+01 2.322482783084163671e+01 3.556481842269327132e+01 5.518826449972512904e+01 7.578046146461876731e+01 8.445309467701690664e+01 9.471857024048790663e+01
1.158509411100783382e+01 1.541023682446369492e+01 2.302069228021230529e+01 3.504465140941434242e+01 5.310749914148351536e+01 7.269259259259258954e+01 8.221298169226550101e+01 9.295162196201239624e+01
1.120231442472904959e+01 1.489078682883619642e+01 2.192936445865070638e+01 3.321322544642857366e+01 5.115692825562700818e+01 7.057237416107382444e+01 7.877961409395972225e+01 9.186086809087827021e+01
1.092145972440429524e+01 1.450700613009997220e+01 2.077861185086551288e+01 3.192679943812968091e+01 5.022126731441635172e+01 7.007807539682539755e+01 7.653029977525119421e+01 8.947742836247589082e+01
1.067364687541134494e+01 1.416473049496644165e+01 2.078562991501775770e+01 3.152680863280194501e+01 4.871446765155374692e+01 6.732738336030205062e+01 7.424494736158044361e+01 8.594318629058707870e+01
1.024237432501928602e+01 1.379070485586606232e+01 2.053788698402130208e+01 3.076096017892892931e+01 4.756759842389870840e+01 6.512326824222668620e+01 7.285182501953633505e+01 8.358004787610050812e+01
1.001398371002063570e+01 1.331614896381166879e+01 1.978948694148261112e+01 2.969136272350349870e+01 4.572700113808801348e+01 6.403290191172696666e+01 7.066362647209420800e+01 8.252079768016731975e+01
9.844756004087891199e+00 1.313310033918346953e+01 1.915290625000000091e+01 2.886280662274189268e+01 4.457292726347914424e+01 6.113118546965499434e+01 6.880191329733803229e+01 7.983034311569157637e+01
9.611536725579627571e+00 1.272461463690913597e+01 1.830016991182953845e+01 2.762235582879088014e+01 4.348609245236931997e+01 5.948094809709684938e+01 6.666327894542773436e+01 7.849326715912589236e+01
9.386522596843615673e+00 1.262566505626223012e+01 1.818586102742252564e+01 2.717999616564417309e+01 4.188190398061824737e+01 5.842533943697060295e+01 6.414499327956988850e+01 7.560283698772369121e+01
8.937726820416765250e+00 1.217007962193790860e+01 1.762161344944363606e+01 2.597250271280443812e+01 4.048969731208373446e+01 5.652841639401729879e+01 6.280522167190142113e+01 7.272071377223986133e+01
9.103795561434450789e+00 1.178068723516949134e+01 1.719342124704491681e+01 2.591696808046111045e+01 3.982601880877743383e+01 5.493195661305808386e+01 6.164291401273885640e+01 7.205811945453463352e+01
8.633187222157230778e+00 1.140741571018651435e+01 1.667678739182418468e+01 2.436095851344860819e+01 3.772513602520045595e+01 5.242688414778092465e+01 5.947822870735669909e+01 6.992791032496914738e+01
8.401739458265989668e+00 1.155149581871179443e+01 1.641019995239228635e+01 2.400930986633439090e+01 3.707857416352497637e+01 5.148807696680309220e+01 5.754901446232796758e+01 6.791741238958489646e+01
8.192461603849700680e+00 1.098467306726907644e+01 1.567934150011355854e+01 2.337532611811926841e+01 3.574746923937360066e+01 5.113674463102582024e+01 5.457985396662093791e+01 6.690957237027437543e+01
7.935369075424405061e+00 1.056900337837837789e+01 1.550512283561951854e+01 2.274271836070215258e+01 3.507989440639268963e+01 4.799280681562991191e+01 5.408722301136363342e+01 6.460364904635237338e+01
7.779199644413855808e+00 1.038773243517908185e+01 1.507641488658885720e+01 2.176728635764499131e+01 3.366529079382580392e+01 4.669045352743561494e+01 5.220234478112626419e+01 6.223182357485789851e+01
7.686059622591006502e+00 1.048257437513824364e+01 1.471810382754069657e+01 2.158500221287895826e+01 3.292703701645175585e+01 4.606413505559189048e+01 5.154878460732406609e+01 6.123936522844041264e+01
7.438805112074433623e+00 1.011438911856895828e+01 1.440017888117953149e+01 2.074597440411701044e+01 3.171207665119223407e+01 4.412300474547023299e+01 4.992352748340826452e+01 6.042292582859594319e+01
7.325157819936541692e+00 9.723984375000000568e+00 1.381447866425508941e+01 2.001373453554204218e+01 3.070018470230334628e+01 4.259537781350481822e+01 4.876960869217650441e+01 5.752299250535331510e+01
7.030909257706018600e+00 9.520591988010369988e+00 1.374590523824068455e+01 1.950900919277632539e+01 2.985200569358178058e+01 4.192715380549682891e+01 4.688563431856363195e+01 5.697710914843132457e+01
6.929268180383076903e+00 9.377722850966428325e+00 1.338426602736051407e+01 1.898985164141414117e+01 2.926369754133107293e+01 4.064019647309370242e+01 4.502543339416057933e+01 5.524634598319151735e+01
6.696523690500668202e+00 9.092768105409504642e+00 1.328177535950755228e+01 1.861870545142555500e+01 2.839561425682507689e+01 3.851831238550783354e+01 4.440351635635531125e+01 5.398015822299473143e+01
6.587716253221650220e+00 8.956103760010011072e+00 1.268410787397643347e+01 1.823533005060528112e+01 2.739939972471452023e+01 3.781092372360057396e+01 4.301415936996779266e+01 5.264911528961032872e+01
6.441253142314795177e+00 8.631547886690647431e+00 1.242650307397451215e+01 1.751924140357932913e+01 2.619610143545472880e+01 3.640338965192383824e+01 4.151021983103379398e+01 5.133283807116760755e+01
6.369393203883495502e+00 8.652281548566879366e+00 1.216796562562487516e+01 1.711355280748663077e+01 2.551941269093433817e+01 3.558761504975124268e+01 4.104680393513941539e+01 5.021467608804402261e+01
6.195379855589616014e+00 8.429068824916486236e+00 1.190314270365305660e+01 1.662332018966194980e+01 2.466081753838771817e+01 3.364744967754543836e+01 3.975183463796477668e+01 4.878343205996131360e+01
5.954175867179316128e+00 8.245243368245889215e+00 1.173379246252417829e+01 1.609348913868336339e+01 2.447297487745098010e+01 3.362331016755521773e+01 3.820207149393180401e+01 4.776088333977020284e+01
5.919504051531437661e+00 8.084625523572958272e+00 1.151263377965159407e+01 1.568507160571873094e+01 2.335895571401763959e+01 3.186325298259339078e+01 3.675103170136934949e+01 4.618795681459895519e+01
5.641800149524347496e+00 8.000636669885945906e+00 1.112436304578825386e+01 1.550313134342129473e+01 2.284702673962913622e+01 3.140714252810024121e+01 3.555965557827658330e+01 4.574234477892756701e+01
5.499264507461986362e+00 7.719132909656181596e+00 1.078249061158798305e+01 1.492446641316632139e+01 2.202479147623400380e+01 3.017928966144376091e+01 3.460500058247902899e+01 4.487060494884495654e+01
5.407830249041698067e+00 7.529293671405139499e+00 1.063093076114765978e+01 1.450639764908256879e+01 2.155402229736010256e+01 2.930058007595405556e+01 3.329965951061864615e+01 4.290877758407120268e+01
5.303331298489886159e+00 7.413591312579357329e+00 1.030563265156306585e+01 1.411490885416666607e+01 2.033026420454545402e+01 2.840062860490266772e+01 3.268609208866462268e+01 4.266813141474883508e+01
5.231771757452094107e+00 7.350626634944975812e+00 1.009057542580442224e+01 1.395780028631157954e+01 2.013289770695512360e+01 2.745379765596497634e+01 3.140965090090089973e+01 4.107066409606947843e+01
5.112465069078093727e+00 7.167297986870406312e+00 1.000460887312633851e+01 1.334952977620572945e+01 1.934119741454864183e+01 2.684528759528759423e+01 3.064997785651018702e+01 4.038284780682322150e+01
4.878922182808296704e+00 6.988178797746875226e+00 9.531188235681659293e+00 1.330461513722126909e+01 1.875835398803143761e+01 2.545908800458311205e+01 3.024519862473720977e+01 3.926563520041781175e+01
4.830929973141570244e+00 6.765559074658020755e+00 9.504533511824609704e+00 1.274139072665728811e+01 1.825586937052200653e+01 2.482448847704171158e+01 2.902378647526955291e+01 3.926031199704205932e+01
4.741137068558426648e+00 6.777711544130032628e+00 9.302062111154924651e+00 1.250616498394727927e+01 1.783191177423535478e+01 2.395720326472076778e+01 2.769353373702422161e+01 3.781523558187436151e+01
4.615665991924457146e+00 6.656753509663237978e+00 9.104171094015640620e+00 1.223649626592630923e+01 1.699241145833333277e+01 2.318685550536901374e+01 2.712789185417019411e+01 3.685002532821140875e+01
4.480334949485362372e+00 6.383858237030262117e+00 8.872644980102801782e+00 1.175941311603757988e+01 1.657096088435374170e+01 2.242080918529019229e+01 2.617148751675603435e+01 3.602765227055548536e+01
4.377352058364281540e+00 6.207715453499836222e+00 8.593172106672158250e+00 1.148716388382499076e+01 1.613239538978054100e+01 2.155692928013948872e+01 2.562201305633109172e+01 3.573764872987771923e+01
4.321845248855145982e+00 6.240990568462170707e+00 8.595990046525033179e+00 1.110560062274664084e+01 1.575505166268336943e+01 2.094400317103109899e+01 2.486842037600790078e+01 3.484718248250308648e+01
4.201637173241921097e+00 5.964224799699040958e+00 8.231590012034921244e+00 1.077796269579554966e+01 1.506089376206563735e+01 2.038123969890657605e+01 2.386694284439396441e+01 3.359562680437522886e+01
4.096869864674903106e+00 5.888447370563334893e+00 8.071947746965340897e+00 1.063076532890649162e+01 1.476497618901941600e+01 1.949755749437117913e+01 2.332498910114140855e+01 3.361000439578005228e+01
3.992810857327789620e+00 5.745294302208835191e+00 7.920116464566625325e+00 1.038847836188782914e+01 1.417678161639925882e+01 1.913709965118122724e+01 2.256120221802737191e+01 3.253730669848908974e+01
3.865778568069597743e+00 5.635357390033836289e+00 7.680206172199170567e+00 1.005459586824066953e+01 1.390932127436222387e+01 1.858582505475594715e+01 2.183190575536749733e+01 3.158904346218225712e+01
3.748086915590766566e+00 5.485848944011610051e+00 7.588478594162396895e+00 9.864162587204694077e+00 1.332422715053763440e+01 1.774218630487991533e+01 2.130108154296874901e+01 3.106560640532026341e+01
3.657162183727947991e+00 5.372117293872919142e+00 7.397760677438931509e+00 9.639155579074691005e+00 1.284681755869632447e+01 1.720174688844499045e+01 2.051379068836713060e+01 3.009214167522538119e+01
3.567708233610324076e+00 5.324964927312443308e+00 7.235299128628365217e+00 9.335252953863466985e+00 1.248121454694730481e+01 1.663183948004836665e+01 2.007297444161295275e+01 2.948735493502591609e+01
3.527490948721737851e+00 5.166463191736652583e+00 6.986406788067076157e+00 8.980539579555756546e+00 1.223010139476867231e+01 1.602226131192181668e+01 1.952746655834340928e+01 2.882811091284748528e+01
3.416202492787759226e+00 5.062583630686885883e+00 6.883496853493417333e+00 8.717962837587180047e+00 1.167938123907024206e+01 1.581693741640659745e+01 1.886148648648648418e+01 2.813770526745004830e+01
3.335894179019280870e+00 4.977033104599406066e+00 6.721455291970803714e+00 8.588472735083357179e+00 1.132039595697329304e+01 1.517931900737441531e+01 1.816846981497732827e+01 2.721389174406225919e+01
3.205724856063332240e+00 4.859326596843192902e+00 6.508006766870948923e+00 8.324153466065977724e+00 1.095551486237230421e+01 1.479002036752886262e+01 1.757995715979307505e+01 2.642518820295375548e+01
3.132795051332853298e+00 4.765114694148936181e+00 6.377592628489145099e+00 8.032840076145744135e+00 1.048135980966324965e+01 1.404541161132396709e+01 1.716116759340020437e+01 2.603318982598984377e+01
3.011994455717248442e+00 4.657853165120011241e+00 6.213112684292600107e+00 7.816088655133134999e+00 1.018790781955417479e+01 1.363530688569811922e+01 1.652254385187809760e+01 2.548635848588931196e+01
2.891992257429287339e+00 4.450260780377094605e+00 6.066460806564244912e+00 7.560125860132004938e+00 9.846618704083073936e+00 1.329507912517781065e+01 1.597683394288929470e+01 2.444173344487495569e+01
2.853739390634854267e+00 4.307927954867348141e+00 5.870501338052486417e+00 7.329354555873431210e+00 9.457459207459207207e+00 1.276964163237311389e+01 1.550246267109083220e+01 2.411168501634267969e+01
2.799525186059947046e+00 4.281125263512580048e+00 5.762761424081237926e+00 7.131211321048264828e+00 9.137838389630248415e+00 1.234514427423841987e+01 1.514504884163208764e+01 2.316437378942999459e+01
2.696289192934419265e+00 4.184547340843818297e+00 5.617450615284973914e+00 6.921423143632366326e+00 8.835568985849057810e+00 1.201167356066720338e+01 1.475195179904955900e+01 2.272651122258119472e+01
2.664015262848505206e+00 4.023260667312397842e+00 5.441189851878124095e+00 6.713515054744525479e+00 8.571194968018509996e+00 1.157970665241109920e+01 1.427225003359763456e+01 2.193697236011211515e+01
2.574217718782998876e+00 3.926904290247047236e+00 5.372791655831491653e+00 6.421308057452995932e+00 8.236015114379085844e+00 1.110056364155251174e+01 1.361703013185793765e+01 2.155591603369929388e+01
2.508284371692246495e+00 3.869496498508623983e+00 5.166662459612277658e+00 6.179030843737932877e+00 7.938277883903325005e+00 1.077882174931667336e+01 1.321792055533492238e+01 2.086944984672182812e+01
2.387338924981815769e+00 3.690064044331395010e+00 5.125466951674077620e+00 6.008222224547889567e+00 7.762174302595893138e+00 1.046823420721198339e+01 1.287429630055146923e+01 1.992742403676326290e+01
2.321145506664052949e+00 3.555095645643233215e+00 4.893879285346049990e+00 5.841696007033658766e+00 7.502820422649074672e+00 1.020469030952992462e+01 1.243269758950497739e+01 1.950418122412008515e+01
2.243709342800312978e+00 3.449085232687420621e+00 4.659293379829690274e+00 5.577524574624012743e+00 7.242515566899602852e+00 9.782923821117375240e+00 1.210545425463851643e+01 1.894619989526801618e+01
2.189559932730549274e+00 3.403133909515163147e+00 4.602558240085437014e+00 5.406221371935809650e+00 7.060039993151993265e+00 9.433460486683577173e+00 1.165858492959533166e+01 1.817462925580951705e+01
2.089749841635251126e+00 3.299121476812602705e+00 4.427144250472887954e+00 5.178048804623180068e+00 6.656168852624704257e+00 9.112764560542018444e+00 1.126451956848971392e+01 1.777531076154257050e+01
2.058220176284044189e+00 3.178332375486442540e+00 4.267697457088858393e+00 5.012327104348628382e+00 6.505102080725906788e+00 8.778591675018793339e+00 1.098834497034107649e+01 1.734269476462687010e+01
1.948991869438688296e+00 3.041849261029871077e+00 4.141244786665866151e+00 4.794179527228645377e+00 6.226406817837673913e+00 8.603838340310268507e+00 1.050666892839717015e+01 1.673631561609413865e+01
1.889362671280117922e+00 2.986339117321278547e+00 4.050259195200125006e+00 4.643852615860247113e+00 6.097341819543242281e+00 8.271330343059936752e+00 1.017551659107737905e+01 1.609562133146802054e+01
1.824980693058144476e+00 2.918382752891034659e+00 3.905012872496702148e+00 4.506140906531531876e+00 5.803525336544126390e+00 7.961682438907523363e+00 9.880817359692343871e+00 1.548237744583158104e+01
1.750106652858011591e+00 2.773419456206324796e+00 3.732136986225035979e+00 4.365014508395076653e+00 5.605103864952933002e+00 7.786041065199086120e+00 9.545981288141678789e+00 1.504470205489703005e+01
1.686646569293478226e+00 2.666065397888154997e+00 3.574527841244103943e+00 4.176993407916373080e+00 5.360734618679111385e+00 7.503998850100248141e+00 9.333341939100673557e+00 1.451487880151027987e+01
1.628135518638399448e+00 2.596907903419755748e+00 3.439815335047748057e+00 4.062075937536794967e+00 5.306580319117473188e+00 7.290912131535852936e+00 9.072866745560391522e+00 1.408171165918624723e+01
1.574202003790712512e+00 2.483489479763715035e+00 3.337625987494169610e+00 3.843872084495178143e+00 4.998113207547169701e+00 7.052767246669004564e+00 8.729731610841142242e+00 1.386996804358550150e+01
1.503713982659041770e+00 2.408913848645894085e+00 3.177016909690235202e+00 3.698162657053112756e+00 4.875110841376904425e+00 6.859565396879626853e+00 8.475348298324149710e+00 1.334831280147887078e+01
1.450309848980869898e+00 2.335505990368995199e+00 3.099295406190900160e+00 3.555237098193674949e+00 4.689412168827508332e+00 6.546584094648423502e+00 8.149980163228292440e+00 1.287621949485181183e+01
1.381910718568365226e+00 2.226596279101995535e+00 2.945824687860854496e+00 3.453043601751274672e+00 4.545231349821900579e+00 6.435457867959915035e+00 7.982144628684807230e+00 1.263298849684613678e+01
1.296615849611558291e+00 2.141238679160688552e+00 2.815468105706006696e+00 3.274662423384363308e+00 4.376963788490936480e+00 6.180657016594516939e+00 7.693150369003689981e+00 1.209629874961751383e+01
1.264719097457387864e+00 2.056375667015073017e+00 2.708378990241481876e+00 3.167923702635914385e+00 4.211395980046948928e+00 5.996553668174709806e+00 7.486300658841767763e+00 1.178320393769591412e+01
1.209597141439119561e+00 1.948525286168413029e+00 2.596364271368455601e+00 3.046201731852833827e+00 4.107422948027688925e+00 5.797886977470141368e+00 7.266058789641172133e+00 1.135883245635671024e+01
1.158358330548128201e+00 1.884696561173974549e+00 2.449250904587330968e+00 2.938139627299783729e+00 3.908588227297444373e+00 5.586256884316089355e+00 6.997290251358696089e+00 1.102808911556315685e+01
1.109614815529073706e+00 1.815573867960426080e+00 2.360717627753064818e+00 2.778492509075772610e+00 3.789436848958333215e+00 5.377656032498125960e+00 6.877496691335350576e+00 1.052338144051793911e+01
1.051467876937933310e+00 1.694461331866860432e+00 2.236750411096965596e+00 2.656496178526711383e+00 3.622017673296679785e+00 5.238014074300606282e+00 6.659149749390049777e+00 1.034596842833204811e+01
1.020642117576742169e+00 1.636143262528259257e+00 2.150382524948159624e+00 2.535352238321799234e+00 3.506252132993804338e+00 5.088098832528180182e+00 6.396592836295750928e+00 1.006271477948200754e+01
9.599915799795361027e-01 1.562295626610824772e+00 2.034663399483704449e+00 2.443106132530895813e+00 3.386491181407274009e+00 4.918250968992247785e+00 6.258246665084889138e+00 9.738375029517488457e+00
9.045280787388189081e-01 1.489266639276910276e+00 1.948341145026340371e+00 2.376972969257358237e+00 3.256039365347243919e+00 4.747995418098510889e+00 6.113337597940016188e+00 9.486409073868189878e+00
8.646366741303218584e-01 1.404907914106502842e+00 1.859632405607285488e+00 2.255940388480643044e+00 3.130524257084071227e+00 4.631672301665287428e+00 5.895576697816908407e+00 9.191103577574029515e+00
8.298648898483517167e-01 1.327455826222908808e+00 1.752701049842013914e+00 2.136230914216928678e+00 3.055776991530820386e+00 4.493646817527283233e+00 5.710423436230706251e+00 8.944177757862354028e+00
7.972994105711297408e-01 1.268853337743679477e+00 1.673668058639483203e+00 2.062249216600428259e+00 2.920964369512564662e+00 4.370863317341862064e+00 5.591309039397626357e+00 8.591513553452736929e+00
7.541380380922647619e-01 1.208254288105305552e+00 1.573225926241295980e+00 1.978742850795955244e+00 2.815176432808776497e+00 4.178170813319323607e+00 5.438720044932600750e+00 8.414924605358617526e+00
7.168819909044815697e-01 1.137734061087393389e+00 1.491509914967891204e+00 1.875006536048228423e+00 2.716045627705355514e+00 4.043958764848272658e+00 5.290133618551587702e+00 8.247417426109906913e+00
6.788031862309333864e-01 1.062581518182158069e+00 1.399526931532663276e+00 1.798941003307470421e+00 2.619729349699058574e+00 3.954943943774606119e+00 5.156724363041780279e+00 8.002873262177086389e+00
6.408495916793183200e-01 1.015748558546126556e+00 1.337948582957026566e+00 1.718107840469279113e+00 2.528104622908464716e+00 3.840219716118996818e+00 4.986912894111013017e+00 7.876107004318231297e+00
6.082179116481678527e-01 9.422325577217858239e-01 1.288260593399555454e+00 1.650846493170128104e+00 2.450910089029636474e+00 3.767607982405538181e+00 4.808029832841810070e+00 7.632447109708199839e+00
5.787670467628951432e-01 8.860775838938179660e-01 1.202617030742404003e+00 1.573973324301368493e+00 2.365436605926430236e+00 3.641162806112610895e+00 4.713283133437801808e+00 7.417212088912309653e+00
5.544997122286943192e-01 8.320921578791469209e-01 1.138076115671289745e+00 1.506882845807674176e+00 2.260799187464582527e+00 3.495169602921583518e+00 4.584721235795454319e+00 7.223826554741073380e+00
5.246456269740814582e-01 7.933556777111979708e-01 1.083873372580683281e+00 1.442076447197256472e+00 2.186625312441048852e+00 3.408640922856605915e+00 4.437205703597054018e+00 7.053172735346358913e+00
4.945563887862979291e-01 7.379637500881689460e-01 1.017569333739684945e+00 1.380393067779626781e+00 2.116604717062759544e+00 3.283875254516944509e+00 4.389758473986830722e+00 6.986214781328848211e+00
4.673750839205380037e-01 6.887719947171498935e-01 9.576283347713795413e-01 1.317211342645709049e+00 2.049221065740566505e+00 3.174228488573406892e+00 4.250090169301010690e+00 6.773726140501426407e+00
4.451820946255789502e-01 6.429474862119600731e-01 9.135500516505599133e-01 1.266808171058768639e+00 1.957288076992835801e+00 3.106322676103691283e+00 4.158333714966111039e+00 6.639791136775050617e+00
4.250285016868710075e-01 6.070744847014588608e-01 8.589202495708054830e-01 1.209692264743417400e+00 1.882965629888653680e+00 2.984969283584786304e+00 4.032533914728682056e+00 6.478716065674915647e+00
4.005251614082622758e-01 5.773861659985259909e-01 8.066272196446311327e-01 1.174938299699071820e+00 1.813132929585838715e+00 2.912149830579070287e+00 3.972819365788755608e+00 6.351531333814149249e+00
3.755784518099367086e-01 5.283370910234899132e-01 7.712233723320114365e-01 1.110205498049472439e+00 1.763769734755821217e+00 2.813883131015617600e+00 3.825502641948772986e+00 6.223391740796343719e+00
3.581357740533100964e-01 5.005200488419182525e-01 7.288165460438681409e-01 1.063800931251105863e+00 1.699035886670193118e+00 2.750087642418930667e+00 3.734549271930601044e+00 6.113637746073877111e+00
3.412359672762140250e-01 4.711789868381833224e-01 6.940668433345804633e-01 1.011703249007936511e+00 1.648227468047598121e+00 2.681566063717891968e+00 3.665003200035310549e+00 6.054654337637071393e+00
3.256511593045517405e-01 4.412250719572368141e-01 6.582798183900523403e-01 9.717034305628964308e-01 1.566829390352399987e+00 2.564441927445274327e+00 3.532406852271736231e+00 5.969596562574857046e+00
3.059483686340857544e-01 4.185582837845243653e-01 6.163200202533710703e-01 9.299161138640238411e-01 1.512315504965438873e+00 2.514812966136402927e+00 3.490019951985465774e+00 5.835056996642478566e+00
2.903285621263761995e-01 3.903558692693875898e-01 5.845358697653619817e-01 8.916991761982570042e-01 1.465787036547729905e+00 2.420006402352915753e+00 3.373285239986335338e+00 5.756299425644542112e+00
2.769722705132161567e-01 3.758041604610672937e-01 5.554907102076311887e-01 8.525294690648614893e-01 1.419621368316084542e+00 2.353601987113725702e+00 3.274963727916702538e+00 5.713992408098028442e+00
2.646045737798623509e-01 3.558504852744310276e-01 5.347306605228452359e-01 8.150349264313465625e-01 1.367559172490136810e+00 2.281934593643344833e+00 3.228155455508474603e+00 5.557058829757946405e+00
2.519179932968875213e-01 3.361115564144598888e-01 5.103775943985996433e-01 7.925093070024363806e-01 1.321401118950763065e+00 2.216155772900763488e+00 3.154991787398921943e+00 5.492915908520516588e+00
2.433249003609861405e-01 3.206765679343325792e-01 4.820295205695547813e-01 7.491415117618028807e-01 1.266538149350649345e+00 2.148769895186335432e+00 3.069342309717518980e+00 5.443006875516956278e+00
2.324920452457744646e-01 3.093209224073767971e-01 4.619821957066790885e-01 7.201567780918801676e-01 1.238359536749482404e+00 2.074414532507675712e+00 2.990215107663931171e+00 5.358736821781768356e+00
2.246557582543583786e-01 2.927030362142798436e-01 4.411764137824474852e-01 6.960332274749836401e-01 1.180583897516319869e+00 2.024864026959788621e+00 2.910874545398823177e+00 5.269790363755664231e+00
2.176603188789674459e-01 2.824032600783300540e-01 4.228526671194554609e-01 6.722264528178900633e-01 1.141885954844107154e+00 1.965949181110158372e+00 2.878527082320531782e+00 5.253536428918442525e+00
2.114535444987787338e-01 2.711957420155026721e-01 4.011990392057633303e-01 6.375725353126784345e-01 1.097017420226005679e+00 1.893903729230367095e+00 2.797836297595190036e+00 5.196691899207612764e+00
2.054954932224384023e-01 2.650369722812401796e-01 3.873692616319303061e-01 6.168970740614183601e-01 1.073571709236273986e+00 1.835835587018771919e+00 2.735759545136108972e+00 5.084534215784215938e+00
1.990454561910754150e-01 2.554826701131707734e-01 3.747060165792552300e-01 5.963870179950205852e-01 1.019277256165919132e+00 1.790443347126300155e+00 2.688437250896771769e+00 5.073904384448814753e+00
1.953840626173094508e-01 2.468396971437070986e-01 3.616661512014913704e-01 5.744847477453451923e-01 9.995675630074091211e-01 1.723374012692549417e+00 2.625572214162484208e+00 4.995356116584565243e+00
1.908189510060202543e-01 2.399689709424287221e-01 3.474371255737960240e-01 5.452523475895155736e-01 9.652998690119760639e-01 1.674854887137156689e+00 2.529347583765398699e+00 4.930701296494124364e+00
