nan nan nan nan nan nan nan 0.000000000000000000e+00
3.463395690917968750e+02 nan nan nan 9.826343994140625000e+02 1.140990356445312500e+03 nan 4.290740051269531250e+02
1.054051757812500000e+03 nan nan 2.383988281250000000e+03 nan 3.463641113281250000e+03 1.518229003906250000e+03 4.239113606770833030e+03
1.312551269531250000e+03 nan 2.063077311197916515e+03 nan 2.814940429687500000e+03 4.619578125000000000e+03 6.125496093750000000e+03 4.591972656250000000e+03
3.003228190104166515e+03 1.997717773437500000e+03 nan 2.677477539062500000e+03 nan 4.794071614583333030e+03 4.802474934895833030e+03 3.080093750000000000e+03
2.100123579545454504e+03 2.254902734374999909e+03 1.906148437500000000e+03 nan 3.400898792613636488e+03 5.399146484375000000e+03 2.849352232142856883e+04 7.403460795454545587e+04
1.947330200195312500e+03 2.045860460069444343e+03 3.222316601562500182e+03 2.899626464843750000e+03 3.246303710937500000e+03 3.797406738281250000e+03 1.189071289062500000e+04 3.994691319444444525e+04
1.303624674479166515e+03 1.949431966145833258e+03 2.603565592447916515e+03 2.676834542410714221e+03 3.427590909090909008e+03 4.385069711538461888e+03 1.737499147727272793e+04 4.126796388888888760e+04
1.513702508223684163e+03 2.236251395089285779e+03 2.479148111979166515e+03 2.942597956730769511e+03 3.994314174107142662e+03 4.177333984375000000e+03 1.903677163461538657e+04 2.949844642857142753e+04
1.546190557065217263e+03 1.974345552884615472e+03 2.492691176470588289e+03 2.707500000000000000e+03 3.253448046875000273e+03 3.979276562500000182e+03 1.420689930555555475e+04 3.001703424657534197e+04
1.578351715686274474e+03 1.410617296006944343e+03 2.232806640625000000e+03 2.760125000000000000e+03 4.066299632352940989e+03 4.422139914772727025e+03 1.572312500000000000e+04 2.830851298701298947e+04
1.354182238520407964e+03 1.823527126736111086e+03 1.769450111607142844e+03 2.220539062500000000e+03 2.424455018939393995e+03 3.456174851190476147e+03 1.121156696428571377e+04 2.031001913265305848e+04
1.358541752049180332e+03 1.551738948170731874e+03 2.236307350852272975e+03 2.572386824324324607e+03 2.654549479166666515e+03 3.723967483108108354e+03 6.830700231481480841e+03 2.383703787878787989e+04
1.206610774253731279e+03 1.432063452743902417e+03 1.442876608455882433e+03 2.238722790948275815e+03 2.654321354166666879e+03 3.548309185606060510e+03 1.015886148648648668e+04 2.017005862068965507e+04
1.113843516791044749e+03 1.434058686755952294e+03 1.626970138888888869e+03 2.140553328804347984e+03 2.287235416666666424e+03 2.992840029761904589e+03 8.333278716216216708e+03 1.509164660493827068e+04
8.380781250000000000e+02 1.178604528356481524e+03 1.711500332446808443e+03 1.801587565104166515e+03 2.142508272058823422e+03 2.622757187499999873e+03 6.487000625000000582e+03 1.349216666666666606e+04
9.480801454741379075e+02 1.075954451650943383e+03 1.437212239583333258e+03 1.710998565051020250e+03 2.319797926682692378e+03 2.781702460106383114e+03 6.895974264705881978e+03 1.094435279187817105e+04
8.223992456896551175e+02 1.057586774553571331e+03 1.328483651620370210e+03 1.520002878289473529e+03 2.204732421875000000e+03 2.394493607954545496e+03 4.561279166666666242e+03 1.199497891566265025e+04
7.968929794520547603e+02 8.281061662946427759e+02 1.090411210317460245e+03 1.579265813253012084e+03 1.743764583333333348e+03 2.279107638888888687e+03 5.306351562500000000e+03 9.617844861660078095e+03
6.949043729707792636e+02 9.258246093750000227e+02 1.260378743489583258e+03 1.471427357456140271e+03 1.677143895348837077e+03 2.207484375000000000e+03 5.390147321428571558e+03 9.290000819672131911e+03
7.319749410377359027e+02 8.321751994680851112e+02 1.149860937500000091e+03 1.270466198979591809e+03 1.718456335616438309e+03 1.833396661931818244e+03 5.060265060240963976e+03 8.133865814696485359e+03
6.741410435267856656e+02 7.466532451923077360e+02 1.071545997191011111e+03 1.295650287828947285e+03 1.604391707920791987e+03 1.892590843023255729e+03 4.433738235294117658e+03 8.629224801061007383e+03
6.321112534153005527e+02 6.744185488861386375e+02 1.056263561320754661e+03 1.322724053899082719e+03 1.507961867559523625e+03 1.800992261904762017e+03 3.794700520833333030e+03 8.007435323383084324e+03
5.510758482142857702e+02 6.457191472457626560e+02 7.998308699324323925e+02 1.148190909090909145e+03 1.407444852941176350e+03 1.770812057783018872e+03 3.827045778508771491e+03 7.134669101123596192e+03
5.209116745283018872e+02 6.741864035087719458e+02 7.802981892523364422e+02 1.127400096792035356e+03 1.204665457589285552e+03 1.627943933823529278e+03 3.795930646929824434e+03 5.918783256880734370e+03
5.112530809859155170e+02 5.953345000000000482e+02 7.575576097328244032e+02 9.909982850609757179e+02 1.262901916058394136e+03 1.518532218992248090e+03 3.299349121093750000e+03 5.391901109057301255e+03
4.417975260416666288e+02 5.596019405241935374e+02 7.352656250000000000e+02 8.477353062913907706e+02 1.122984375000000000e+03 1.459260195035461038e+03 3.068823759191176578e+03 5.340925229357798344e+03
4.380852635782747484e+02 5.211115722656250000e+02 6.954929552023121460e+02 9.276005639097743369e+02 1.124618897928994102e+03 1.370206249999999955e+03 2.756841449386502973e+03 4.940969230769231217e+03
3.991735472408026908e+02 4.925132589285714175e+02 6.963882812499999773e+02 8.603548569277108982e+02 1.099367522321428623e+03 1.204239712732919088e+03 2.549622677364865012e+03 4.350407958199356472e+03
3.915499105798193114e+02 4.650349069148936110e+02 6.203366950757575751e+02 7.480639034431138725e+02 9.803300561797752835e+02 1.338742144337016498e+03 2.407351059941520361e+03 4.283189015691868917e+03
3.726870712652439011e+02 4.202252945026178281e+02 5.973138091216216026e+02 7.691874150815217490e+02 9.988015178571428123e+02 1.191350895579268354e+03 2.276206770833333394e+03 4.203593063186813197e+03
3.355494206460674036e+02 4.169601403061224119e+02 5.853640160891088726e+02 7.531124387254901649e+02 8.664544207317072733e+02 1.101999085365853716e+03 2.166823223039215463e+03 3.974253184713375504e+03
3.363558576839826628e+02 4.289965277777777715e+02 5.525135869565217490e+02 7.409414457070707840e+02 9.493557812500000637e+02 1.088670928030303230e+03 2.185087871287128564e+03 3.669027367773677724e+03
3.016459686147186403e+02 4.017517441860464942e+02 5.145195125598086179e+02 6.685335755813953256e+02 8.851247351694914869e+02 1.005605715090090030e+03 2.131282764317180863e+03 3.408424398625429603e+03
2.975980645956607873e+02 3.650798408294392061e+02 4.733338725220264678e+02 6.648077689243027635e+02 8.158103924418604720e+02 1.004412653688524642e+03 1.802233766233766119e+03 3.065820971184632072e+03
2.804582799692623212e+02 3.275173295454545155e+02 4.905843098958333144e+02 6.232277397260273801e+02 7.495104918772562996e+02 9.028806754484304520e+02 1.786124877450980421e+03 2.776451354062186510e+03
2.785987188697317833e+02 3.456784667968750000e+02 4.282643694196428328e+02 5.879920280612244596e+02 7.104946097161571288e+02 8.727936289612675864e+02 1.676689202334630409e+03 2.687318292682926767e+03
2.414416706963249624e+02 2.986673437500000432e+02 4.362096978782287806e+02 5.673403279958678240e+02 7.025721553156146229e+02 8.891085379464285552e+02 1.642719704198473210e+03 2.604028178539224427e+03
2.314968692555146959e+02 2.954632812500000227e+02 4.022324658360128637e+02 5.163995317589576644e+02 6.898955008865248146e+02 8.145294184981685248e+02 1.428546981292516875e+03 2.483402859545836691e+03
2.167749177631579016e+02 2.869757915296052602e+02 3.657627427184466455e+02 4.927139149022801803e+02 6.348405435667752954e+02 8.042714285714286007e+02 1.355917367788461434e+03 2.330093168957154376e+03
2.314621128318584056e+02 2.892552164208074146e+02 3.721171137971698499e+02 5.114122891104294695e+02 6.265794728434505032e+02 7.799626336348683253e+02 1.417893653846153939e+03 2.260580062794348578e+03
2.194216001353180161e+02 2.659841784591195051e+02 3.410706901435045211e+02 4.726994808306708933e+02 5.799767174220963852e+02 7.710413732394366662e+02 1.329287202380952294e+03 2.239110271903323337e+03
2.022342001748251619e+02 2.547156159156976685e+02 3.518126806358381486e+02 4.650845517352184970e+02 5.781608509475219080e+02 7.566290954415954957e+02 1.253725733240223462e+03 2.047991409537166874e+03
1.822770928899082605e+02 2.210263898982558146e+02 3.227854116222760581e+02 4.307355171783625565e+02 5.465505352644836421e+02 7.261618589743590064e+02 1.204268605025773240e+03 1.965748310810810835e+03
1.907337532092425931e+02 2.364328999391727564e+02 3.242545299369747909e+02 4.344491712287104974e+02 5.337621527777778283e+02 6.514149390243902644e+02 1.154729166666666515e+03 1.961735906470211376e+03
1.803479948253557836e+02 2.289938303154205528e+02 3.045269540754258060e+02 3.933116840731070738e+02 5.175200184240362660e+02 6.525081453634085165e+02 1.105959855163727980e+03 1.823186660561660574e+03
1.687093167701863479e+02 2.090216139874141845e+02 2.710708284198113347e+02 3.806829457938388828e+02 4.693028218283582191e+02 6.283198955916473096e+02 1.052677872860635716e+03 1.734834810874704544e+03
1.584491610221674875e+02 1.949457986111111154e+02 2.568275399229075333e+02 3.698258498394004619e+02 4.727386683558558502e+02 5.988560779816514241e+02 1.039264730176211515e+03 1.749441860465116179e+03
1.538816402316213612e+02 1.940276650432900567e+02 2.790185782967033106e+02 3.719764578683035552e+02 4.623794157608695627e+02 5.971049731182795313e+02 1.000827505506608077e+03 1.581756593406593311e+03
1.477803940488047658e+02 1.872328869047618980e+02 2.583452788978494823e+02 3.195496439873417671e+02 4.460226004464285552e+02 5.744153777890466017e+02 9.838353215767634765e+02 1.536661725780836605e+03
1.434549560546875000e+02 1.743662434895833258e+02 2.399300580533596587e+02 3.215750968992247749e+02 4.106561189727463557e+02 5.283534119897959727e+02 9.292715818363273002e+02 1.492846182449181924e+03
1.347294949026876623e+02 1.717169174382716221e+02 2.297678378670120765e+02 3.109947811234818005e+02 4.151356679035250750e+02 5.280939306358380918e+02 8.953032882462686075e+02 1.487429129200189209e+03
1.276506855413105512e+02 1.635448133680555429e+02 2.186798450100806406e+02 3.008416756465517210e+02 4.097304535505836611e+02 5.197127403846153584e+02 8.539252000941619372e+02 1.382619777158774468e+03
1.284060806233062237e+02 1.561796085858585741e+02 2.201498448988970438e+02 3.053271301498127173e+02 3.889720833333333303e+02 5.180017152658662098e+02 8.652180803571428669e+02 1.301432468694096542e+03
1.220804880843263049e+02 1.506117480802047908e+02 2.154894576747088308e+02 2.958252572898799144e+02 3.846491655465949862e+02 4.932775635208711265e+02 7.713553816466552462e+02 1.264311496746203829e+03
1.190872509851138403e+02 1.434301948051948159e+02 1.957345769386106724e+02 2.659543500000000336e+02 3.621838524420529666e+02 4.770082024959742171e+02 7.503453839869281410e+02 1.197816096579476834e+03
1.102048192771084416e+02 1.468415896302250871e+02 1.969385829207920722e+02 2.645700307377049398e+02 3.515433306709264798e+02 4.540672846889952439e+02 7.587927923387096598e+02 1.174067782768476945e+03
1.095258435868754532e+02 1.345642167595541423e+02 1.991411804482225705e+02 2.579193371815287037e+02 3.392335773273273389e+02 4.378135860979462564e+02 7.350931041335453529e+02 1.142021325209444058e+03
1.067612909762247710e+02 1.314975373641304373e+02 1.774515578908554687e+02 2.341364818406205757e+02 3.300916391692546199e+02 4.227758249641320276e+02 7.202675127365356502e+02 1.084071185800604326e+03
9.777348754448399859e+01 1.189104807692307730e+02 1.705531672297297519e+02 2.377548282220496674e+02 3.172429904513888914e+02 4.114481184798807476e+02 6.706775426742532318e+02 1.044028519855595505e+03
9.784124296270232435e+01 1.205062541010498620e+02 1.720909239536621840e+02 2.273199139030612059e+02 3.051321754291845423e+02 4.103764802631578732e+02 6.509553067700986730e+02 1.013886810344827495e+03
9.216055408407382288e+01 1.139117969765929814e+02 1.600592606707317032e+02 2.179982040229884888e+02 2.889994235836627468e+02 3.921479766803840334e+02 6.392615646258502693e+02 9.927406534186594627e+02
8.880960426808066188e+01 1.098977987421383631e+02 1.489270097881899630e+02 2.171968354430379691e+02 2.803107100741240174e+02 3.730629222972972912e+02 6.063634184005201178e+02 9.718635399673736401e+02
8.525188929738561683e+01 1.042084796348314626e+02 1.453917750152068038e+02 2.071339117462311492e+02 2.741693062422743878e+02 3.738694291819292062e+02 5.872513198757764030e+02 9.432777692070349076e+02
8.320290595794391209e+01 1.024866113650693507e+02 1.410179569426952071e+02 2.010888465130759641e+02 2.765410730698529278e+02 3.599607976342711027e+02 5.790558676654181909e+02 9.077698350964529936e+02
7.865584643458731762e+01 1.028536526456599205e+02 1.400217416158536707e+02 1.889975338633686590e+02 2.612668771777003371e+02 3.507351973684210407e+02 5.651642543859649095e+02 8.777694940476191050e+02
7.684284446022726911e+01 9.528845496658564684e+01 1.294369646486643433e+02 1.854440118912797288e+02 2.556795261239367960e+02 3.366182957209847473e+02 5.345664462457338004e+02 8.635049809551713906e+02
7.292619662047512463e+01 9.210356570512820440e+01 1.237769813144329873e+02 1.807229709715639956e+02 2.480359989373007181e+02 3.361059346330275162e+02 5.296589206437291750e+02 8.114453190303706833e+02
7.019854857028326478e+01 8.751954759414225293e+01 1.261311739571263075e+02 1.724372740185950477e+02 2.392798455056179989e+02 3.215016259105099152e+02 5.013528415376106295e+02 7.819740329997295021e+02
6.997767493206521294e+01 8.359768401015229244e+01 1.199132920201484751e+02 1.663963603336921153e+02 2.213278391768292863e+02 3.106745642701525298e+02 4.918596398305084563e+02 7.435214808043875792e+02
6.469479720744681117e+01 7.966743090452261811e+01 1.131171874999999858e+02 1.582427626533742568e+02 2.154470922459892961e+02 2.909955357142857224e+02 4.834668964620187808e+02 7.356571702944942217e+02
6.245839418481146765e+01 7.948922467564869976e+01 1.093715562810945272e+02 1.513694229810568288e+02 2.163305218446601828e+02 2.908838036963036870e+02 4.662075892857142776e+02 7.241480387226553148e+02
6.228971113929889469e+01 7.472266005355403706e+01 1.062260848126232844e+02 1.511356286337209269e+02 2.104627262720156580e+02 2.843982099514562947e+02 4.511487239841426913e+02 6.877096008761255916e+02
5.899011067127565155e+01 7.317599929044465057e+01 1.002955208333333275e+02 1.434303722902921834e+02 1.985329813019390599e+02 2.757564516129032199e+02 4.452975254394079911e+02 6.883476118710873379e+02
5.590055264357338416e+01 6.942676903735632266e+01 9.737828758057091250e+01 1.382067179144384852e+02 1.915029213881019814e+02 2.606140361163227226e+02 4.339005194218608494e+02 6.548118436406067531e+02
5.345561032343819363e+01 6.588582506918818638e+01 9.454110253988244494e+01 1.343755026017029195e+02 1.807540656887755119e+02 2.641161909009812803e+02 4.198762146643109645e+02 6.316359531772575338e+02
5.149327171168204131e+01 6.672814225785896269e+01 9.051541903409091105e+01 1.314757089241034009e+02 1.780237059222422999e+02 2.536774387576552954e+02 4.143639121800529779e+02 6.350444612721764770e+02
4.955032943875373519e+01 6.182783139297385588e+01 8.673377662435456159e+01 1.252650709219858101e+02 1.691849066390041401e+02 2.459074132825718948e+02 3.944812768240342962e+02 6.172124894336432135e+02
4.968121903274450801e+01 5.864157758797054498e+01 8.378015868940016730e+01 1.196752322294022690e+02 1.672215812870448701e+02 2.394521210873146515e+02 3.869549214226633467e+02 5.931451612903225623e+02
4.545132211538461320e+01 5.659507583267248521e+01 8.156095976840855144e+01 1.135502341205211820e+02 1.630156746031746025e+02 2.297864793856103347e+02 3.795148131494804034e+02 5.827476410359365673e+02
4.491728914523449134e+01 5.606669571713147349e+01 7.955465047393364841e+01 1.107328944792482446e+02 1.576611477639000611e+02 2.194632991318074176e+02 3.760091072858286338e+02 5.632733029883237350e+02
4.300180067194403222e+01 5.234141173031956384e+01 7.443154761904762040e+01 1.069642857142857082e+02 1.532719271228203297e+02 2.177547892720306493e+02 3.491149536686838246e+02 5.364745043842927998e+02
4.174233790410461609e+01 4.947708193216756456e+01 7.221849347014925513e+01 1.029058713471133331e+02 1.475982108778625843e+02 2.084671474358974308e+02 3.458882829977628148e+02 5.312303930700446699e+02
3.980621677969207894e+01 4.914566696155317516e+01 6.920148195876289776e+01 1.020191981589147332e+02 1.431253845815752470e+02 2.090103771796815693e+02 3.384299187725631555e+02 5.226930130203558065e+02
3.869300611290902481e+01 4.759169774519889984e+01 6.735280771072797279e+01 9.692068290190735524e+01 1.400894180874721826e+02 1.955059996546961258e+02 3.264802060737526972e+02 5.052234493328525105e+02
3.756810876193001292e+01 4.581796665549597947e+01 6.399127222803347337e+01 9.124500311609686776e+01 1.323065864082599887e+02 1.945683129370629274e+02 3.215222626472626644e+02 4.828747631352282497e+02
3.538231243441762786e+01 4.350137929582210461e+01 6.261818803915063114e+01 8.985196422530447080e+01 1.318828125000000000e+02 1.909573041637262065e+02 3.111870342140921366e+02 4.804177454606590345e+02
3.408557942708333144e+01 4.099444833553064882e+01 5.880034953395472996e+01 8.525187169093315731e+01 1.241921089616402014e+02 1.827214216321243612e+02 2.991446920650730021e+02 4.586209273182957418e+02
3.331764903542062228e+01 4.058973317149440163e+01 5.805724712171052460e+01 8.405419303797468444e+01 1.238392167562122239e+02 1.732863030152418844e+02 2.994528661365142739e+02 4.465438343760289399e+02
3.165343816834707980e+01 3.869396517052766882e+01 5.472935267857142350e+01 8.165125237041719686e+01 1.185672825752919408e+02 1.714923485321673979e+02 2.879650503778337338e+02 4.323098320778406105e+02
3.057650556873851855e+01 3.819373502396166487e+01 5.204952428836633516e+01 7.844947661980440046e+01 1.125005148922686828e+02 1.668737445920889968e+02 2.794069672766749477e+02 4.214023492560689306e+02
2.870269057872469176e+01 3.592080510343168243e+01 5.186349597953216772e+01 7.445661341728855120e+01 1.104061577082102730e+02 1.643337969539141454e+02 2.788733601669648010e+02 4.206308611707017917e+02
2.877417474910125961e+01 3.428644656973460769e+01 4.897970590514568556e+01 7.265087719298246327e+01 1.069616176927860636e+02 1.556368059530623782e+02 2.689284793814433101e+02 4.109212004730928811e+02
2.743114856313281891e+01 3.377364250570450110e+01 4.702447673570594588e+01 6.686807008368199945e+01 1.007478545301069204e+02 1.524680473372781080e+02 2.582308538732394254e+02 3.861576755973931654e+02
2.640702943735498565e+01 3.199239912528216578e+01 4.517007856638418417e+01 6.824514287213206387e+01 9.834585266821345328e+01 1.474728637207309987e+02 2.528247134670486957e+02 3.824248114952339961e+02
2.533058684593023102e+01 3.098723497163807039e+01 4.309729799723757537e+01 6.441730749019058067e+01 9.460731017490283534e+01 1.429360550139275858e+02 2.462940482796892354e+02 3.752967490969713253e+02
2.470257394530210604e+01 3.052370585180055684e+01 4.183128434065933732e+01 6.236567693905817578e+01 9.367956597222222115e+01 1.416301852108768173e+02 2.410317143643368070e+02 3.608020369855394733e+02
2.330383743523315943e+01 2.899752050833781425e+01 4.066949225178277771e+01 5.957429100924918686e+01 8.829131478855080672e+01 1.394349671052631550e+02 2.339048999999999978e+02 3.482689958383675730e+02
2.257113347457627128e+01 2.722867296589688380e+01 3.947564671939834113e+01 5.758427924140507770e+01 8.782058863512777691e+01 1.311459110282365259e+02 2.303934511434511592e+02 3.415982908760072405e+02
2.170387376394523216e+01 2.653769907655246385e+01 3.760650446871896690e+01 5.641347518929151050e+01 8.307752585771947906e+01 1.275010792525773269e+02 2.225716313887454874e+02 3.344280830753353939e+02
2.109378192032686528e+01 2.552972444843978295e+01 3.625411841054313555e+01 5.339250789601554459e+01 8.204419456066945315e+01 1.252887437810945244e+02 2.164166244298023400e+02 3.227169942929613171e+02
1.974898640219560875e+01 2.454221155002404942e+01 3.459133591849148814e+01 5.251960548279404151e+01 7.722734337991472842e+01 1.212391091532060869e+02 2.123552321251241324e+02 3.139398426938674902e+02
1.942894197316103089e+01 2.386210636730028867e+01 3.410100258537758577e+01 4.952153857655502378e+01 7.625567482775591088e+01 1.192572932053175805e+02 2.036741419182083916e+02 3.104851284225829886e+02
1.871841141344496506e+01 2.243364678429307091e+01 3.205018950566304881e+01 4.765261371650210975e+01 7.197481442992874179e+01 1.131839720122815436e+02 2.017321978672985949e+02 3.044138940955951398e+02
1.778435704427670316e+01 2.210161038425271229e+01 3.119267775364020778e+01 4.692475445375177401e+01 7.232972475455821382e+01 1.103769206330868684e+02 1.931796654099905766e+02 2.990482279976373547e+02
1.734601327035537466e+01 2.132398491879350289e+01 2.978307363604972480e+01 4.418700946445059685e+01 6.879885008996851070e+01 1.064730733519034374e+02 1.906312977957714736e+02 2.905473236848150691e+02
1.658936893337745389e+01 2.044635320305273041e+01 2.850153220807033350e+01 4.380842631462660108e+01 6.539972036439114333e+01 1.053607973468028405e+02 1.882142776268115938e+02 2.784306807935076336e+02
1.596900939274792464e+01 1.930756476939557942e+01 2.731355904244087895e+01 4.149910974652310358e+01 6.318328886373436859e+01 1.007758956386292795e+02 1.826727686308492196e+02 2.767880702330160716e+02
1.522123696487376421e+01 1.879705233291299038e+01 2.717866430763983487e+01 3.950454059829059617e+01 6.110132996446023412e+01 9.966531021308652782e+01 1.775756870567375927e+02 2.655766076471866199e+02
1.477711141420624763e+01 1.819289163369429474e+01 2.536829600804743734e+01 3.790232185209141846e+01 5.916867069177241234e+01 9.650536656118143242e+01 1.739747834811998359e+02 2.692961379090522769e+02
1.419268527267818492e+01 1.769270294391556320e+01 2.457556238344384525e+01 3.724044995349317588e+01 5.784771825396825307e+01 9.320611164325245568e+01 1.719424617720988806e+02 2.564688971434550808e+02
1.376049692836318172e+01 1.654853689728524913e+01 2.315165385200974413e+01 3.495059844442207009e+01 5.493118035493190376e+01 9.000424196787149356e+01 1.646177874847622888e+02 2.530449370277078174e+02
1.352632459479371185e+01 1.640779572954637544e+01 2.283025625504438949e+01 3.451981707317073500e+01 5.457532003012048705e+01 8.737801882930823183e+01 1.641171906591184779e+02 2.480477337254106658e+02
1.296334495448382818e+01 1.567828410331480704e+01 2.175188154450261990e+01 3.251070509296281585e+01 5.109536929621036450e+01 8.571190260946050898e+01 1.605945639305445809e+02 2.400310888536295124e+02
1.227645900742291651e+01 1.478536718750000034e+01 2.124678114170196253e+01 3.171098495634016956e+01 4.934252890749601050e+01 8.294876007290866937e+01 1.553885827532869257e+02 2.337950548916739422e+02
1.186687482132647098e+01 1.440526658710054519e+01 1.998639492920191429e+01 3.069600551973427471e+01 4.796777343750000000e+01 8.035545957321848221e+01 1.521550407814871164e+02 2.312174407582938329e+02
1.142021900953189828e+01 1.389991972477064230e+01 1.946308062967703734e+01 2.899044759825327588e+01 4.657015500190186685e+01 7.946486398963730835e+01 1.501307097017742365e+02 2.256382827324478058e+02
1.094766208022388021e+01 1.346865157037436944e+01 1.900808022694130273e+01 2.834476733052470365e+01 4.460891297043010439e+01 7.542252099483204120e+01 1.450354861111111120e+02 2.201761848015400176e+02
1.063209698436336659e+01 1.259494757772957385e+01 1.791067783111988732e+01 2.706228142934002889e+01 4.291023381884600951e+01 7.286607304900181248e+01 1.440289967225054681e+02 2.150873326655131734e+02
1.005544748470040162e+01 1.243201155928292501e+01 1.744100668365522111e+01 2.566064157618369634e+01 4.157972742193044979e+01 7.073455357142857736e+01 1.400301239743132271e+02 2.118598531753051475e+02
9.907614470633694381e+00 1.203956688596491098e+01 1.707001191413081642e+01 2.539911980254001378e+01 4.108360414478291034e+01 6.970675705467373007e+01 1.384857655921513526e+02 2.080670710267229424e+02
9.680334147190347238e+00 1.143369888150996161e+01 1.589666081705615674e+01 2.408517833480565429e+01 3.953856009697175722e+01 6.804508640455162549e+01 1.342802593039283181e+02 2.050083789181210534e+02
9.319598078707608479e+00 1.095184940732758605e+01 1.552408743181043249e+01 2.328377431585888502e+01 3.725625547285464023e+01 6.436461548353908313e+01 1.286534873949579776e+02 2.004362903913377068e+02
8.865181154587983059e+00 1.049924884975920136e+01 1.500219946509009006e+01 2.245217382010944007e+01 3.669079174099902474e+01 6.362685912433154556e+01 1.285937811358352860e+02 1.978240840741048316e+02
8.470034016765774609e+00 1.033822818678252453e+01 1.423218155166553345e+01 2.187117520853384534e+01 3.511024509392821358e+01 6.167719077439424069e+01 1.244980837752734431e+02 1.910952410080743959e+02
8.248316446940103575e+00 9.628243714533416764e+00 1.368409088609132240e+01 2.032800288951957768e+01 3.342836242906683708e+01 6.004053237757732120e+01 1.236390093127809848e+02 1.882992114840274951e+02
7.816338967150590733e+00 9.520192039662312311e+00 1.325401931257951738e+01 2.059166866794748429e+01 3.236376536885246225e+01 5.690778303771173086e+01 1.218309913652655609e+02 1.836610403652090326e+02
7.629119433198380484e+00 9.056619969867806930e+00 1.269673427795031095e+01 1.937072768958076452e+01 3.174752198395556846e+01 5.465607176806083345e+01 1.153816620455945809e+02 1.832178160024906504e+02
7.478805537444113583e+00 8.998105249844334352e+00 1.256088077877753584e+01 1.906537494127779553e+01 3.116792752948479261e+01 5.543504601226994311e+01 1.155141255079712295e+02 1.819872177826053132e+02
7.233700762537425000e+00 8.590013457507621908e+00 1.183629609088127133e+01 1.785539893214177454e+01 2.954985620878297325e+01 5.215578570345664389e+01 1.136466432752927034e+02 1.760274912786288439e+02
7.146693772120631394e+00 8.081312811064318424e+00 1.137425434596486085e+01 1.749729726620029524e+01 2.831313961988303873e+01 5.130580957002090514e+01 1.107175044950554508e+02 1.752277212918660325e+02
6.707686668737211200e+00 8.085412868429047606e+00 1.089242185259535312e+01 1.677766009298140304e+01 2.761178883634279302e+01 4.972158371798690268e+01 1.077647670852803685e+02 1.694479390216828278e+02
6.660669662329165241e+00 7.807136022456558244e+00 1.082500516451322170e+01 1.623583929077010168e+01 2.638978065345080637e+01 4.774636606884581624e+01 1.074592233362394751e+02 1.655388660759311108e+02
6.478351818116873773e+00 7.522222477747407154e+00 1.026457486087328697e+01 1.586663255094614478e+01 2.555133302970851972e+01 4.732810744875035169e+01 1.035491364544676003e+02 1.668636816983685947e+02
6.156231762474466684e+00 7.300479680532330207e+00 9.765090345670390803e+00 1.506124864244674910e+01 2.480265306488659505e+01 4.567613390539370499e+01 9.986969707718500899e+01 1.616138495169593057e+02
6.041430900014212568e+00 7.095450463123269103e+00 9.500839216500553519e+00 1.454147400595732975e+01 2.409111505291368971e+01 4.361571756719693127e+01 9.885464028278347826e+01 1.608724097304040583e+02
5.928097716936662209e+00 6.957253098356710019e+00 9.428264919025586721e+00 1.414652499828954646e+01 2.322734374999999929e+01 4.252451131687242736e+01 9.623558351618211759e+01 1.566917251004152831e+02
5.758698453608246837e+00 6.703055796879258565e+00 9.055210316920566882e+00 1.355601176167582445e+01 2.210516311629153208e+01 4.135931208053690966e+01 9.412028523489931331e+01 1.540255679891488683e+02
5.477011529523435840e+00 6.426570732572277400e+00 8.756399800266311928e+00 1.305403561741152174e+01 2.187277686256051368e+01 3.952618220899471169e+01 9.170670280274987363e+01 1.521070739977395192e+02
5.358108566703961628e+00 6.256135696308724015e+00 8.492671074327752478e+00 1.270452242637125018e+01 2.112530247070809963e+01 3.816589974379719052e+01 8.877538504029112687e+01 1.479530829780256056e+02
5.192275086783234350e+00 6.149632387651057464e+00 8.095134612183754186e+00 1.197015765765765671e+01 1.994303943550514546e+01 3.782814459002005947e+01 8.835408797864027974e+01 1.445982745324850498e+02
5.059143869293268203e+00 5.897344278268218609e+00 7.858279187293730317e+00 1.158378951800984780e+01 1.951468449671219219e+01 3.687758612394149083e+01 8.484744623655913642e+01 1.424018349496101905e+02
4.917660361842106198e+00 5.719046591050535255e+00 7.634154785156249901e+00 1.140579180586488484e+01 1.909214060910478139e+01 3.471605074288591908e+01 8.370969362129584113e+01 1.399538741909130977e+02
4.829878432630178686e+00 5.529998622336517400e+00 7.395862034655889872e+00 1.094187662599108002e+01 1.811484985649731172e+01 3.423838131251524430e+01 8.172524889380531476e+01 1.362829332102185163e+02
4.596112711471784351e+00 5.459097606561888583e+00 7.184442057611903465e+00 1.061140720858895747e+01 1.779984589671246198e+01 3.314570876930742571e+01 7.987229655425220187e+01 1.350088865815672250e+02
4.549783423085928646e+00 5.327188466377637432e+00 6.940529847756409687e+00 1.002861443513383222e+01 1.685418463070885053e+01 3.202748159616732693e+01 7.698905230732060545e+01 1.309942790391181973e+02
4.422427983539094498e+00 5.137171799334140587e+00 6.670614472517730320e+00 9.979939304843968628e+00 1.641843501326259869e+01 3.129410330652904193e+01 7.615501887237556389e+01 1.297777049961293301e+02
4.242576845460926727e+00 5.028399240793878455e+00 6.595517642621270937e+00 9.523026612031699756e+00 1.598941867124856842e+01 2.997633196116619558e+01 7.422142608493849991e+01 1.280854439677969197e+02
4.165746399503579056e+00 4.957186014263074370e+00 6.321055905587955159e+00 9.279322539080199661e+00 1.538159662906456049e+01 2.918266825829922695e+01 7.206025484021461125e+01 1.253377258818774891e+02
4.069096862033195094e+00 4.761387564145470819e+00 6.131668038837156054e+00 8.921683271215597344e+00 1.473508808724832342e+01 2.823307559401416711e+01 6.961085390946502116e+01 1.223440193813735988e+02
3.979687678022103103e+00 4.641598043355855907e+00 5.984620952327412091e+00 8.704121248584371529e+00 1.439271190068493134e+01 2.766180103301145365e+01 6.920931818181817619e+01 1.191392410436357494e+02
3.896437327942188222e+00 4.483998194078225197e+00 5.755731632624972782e+00 8.279217068047012518e+00 1.399141227949283461e+01 2.640678366461366267e+01 6.692747745270567350e+01 1.157617129297500043e+02
3.724488925321198796e+00 4.498711741041804935e+00 5.719846430928289038e+00 8.112441911927417593e+00 1.349663392063139078e+01 2.618072473839110259e+01 6.528169810280166985e+01 1.157473136843268264e+02
3.661358935557200045e+00 4.363535418017725931e+00 5.493045062472896589e+00 7.674108714788732577e+00 1.289217711410635125e+01 2.513339557269197755e+01 6.331132252194390730e+01 1.124492317387107221e+02
3.597785563194077163e+00 4.235208899456521792e+00 5.438519895498392209e+00 7.561938102851751609e+00 1.252441194046066997e+01 2.431741023579849781e+01 6.207759539543806682e+01 1.098007494646680868e+02
3.452959543405326404e+00 4.121573065186865392e+00 5.192743331297088538e+00 7.368387592471714598e+00 1.207435138457556967e+01 2.363404135835094877e+01 5.956727084208316114e+01 1.086702478249406880e+02
3.373264756761734429e+00 4.067560242878942134e+00 5.119150684012875097e+00 7.067853535353535221e+00 1.155928011736964756e+01 2.297923916995636873e+01 5.834844890510948545e+01 1.056198321762280017e+02
3.355316347216510842e+00 3.933137165065723195e+00 4.917037247180839898e+00 6.695381797782470557e+00 1.117290508088978740e+01 2.203751208528393946e+01 5.704229509049302749e+01 1.045351911967690768e+02
3.247252738402062189e+00 3.869650509884885015e+00 4.819363828140603268e+00 6.662986517662234931e+00 1.091183855016313231e+01 2.155731943305310594e+01 5.554040861513687588e+01 1.029861811261783515e+02
3.162338234916888702e+00 3.780114189898081456e+00 4.639218298860015466e+00 6.393624399884375364e+00 1.041664967501505679e+01 2.078539332110273818e+01 5.387778694261147905e+01 9.978462038936989131e+01
3.107481416868932200e+00 3.732443645501592577e+00 4.606684131923614700e+00 6.237899444815805161e+00 1.019462594227335828e+01 2.008345149253731421e+01 5.224799782479731647e+01 9.701595797898950480e+01
2.940812398218220380e+00 3.611015717110434675e+00 4.470634447035553904e+00 6.048104915978774088e+00 9.747417826295585286e+00 1.940972799003322180e+01 5.040856775929550082e+01 9.528028288201160478e+01
2.949634261022759496e+00 3.502315607870007952e+00 4.391116870164410102e+00 5.909708635695314349e+00 9.334191176470588047e+00 1.886047279607768345e+01 4.916103592756694241e+01 9.241561866370571465e+01
2.857179801198516333e+00 3.470822983635300840e+00 4.262562111981097246e+00 5.708988554026453777e+00 9.267037524629387235e+00 1.814087558673968203e+01 4.750047774807728018e+01 9.014996655997705943e+01
2.822981789229537686e+00 3.422319806613318693e+00 4.200793023087325828e+00 5.537139650419819148e+00 8.987763752150641494e+00 1.782107690713101178e+01 4.615765883583793538e+01 8.940050564440262804e+01
2.717283414679932285e+00 3.329670926298463840e+00 4.109173090828512898e+00 5.270371877354492973e+00 8.488933243829981379e+00 1.722328506808431214e+01 4.523233341099720661e+01 8.629963890560621564e+01
2.662687497078346954e+00 3.289109486057955500e+00 4.029852973090277679e+00 5.162243047591743128e+00 8.371575223089793738e+00 1.638719491015190854e+01 4.330296629732225000e+01 8.488482933431205879e+01
2.615978139142883574e+00 3.234616262130419084e+00 3.875346579101915712e+00 4.937934261628950772e+00 7.985426846590908845e+00 1.602462176685292050e+01 4.257143178951162810e+01 8.323655446036984529e+01
2.555545544268985392e+00 3.211026999143063332e+00 3.875886858484630437e+00 4.891953593664787547e+00 7.860080401841587516e+00 1.569231975100328391e+01 4.134875563063063453e+01 8.107593627029716288e+01
2.505232881821326529e+00 3.167481431484136856e+00 3.782989131647037873e+00 4.685727970946787835e+00 7.512349364592462386e+00 1.494803171560984012e+01 4.074670615589017331e+01 7.884627270713336600e+01
2.438275961663629587e+00 3.016844800651293568e+00 3.710078975975052540e+00 4.537948247212692188e+00 7.252191072704536445e+00 1.447807872818614428e+01 3.905624233531884926e+01 7.693694781738260247e+01
2.364688474701091891e+00 3.004773688710250301e+00 3.596326770535263506e+00 4.480750024727448988e+00 7.026373517997271279e+00 1.418704406545741392e+01 3.840423904672257294e+01 7.530845186828483406e+01
2.314528587028848339e+00 2.940349911045140985e+00 3.546983164651244635e+00 4.326242501689759656e+00 6.726432899170554869e+00 1.373958157583937734e+01 3.745343858131487735e+01 7.326372082046000855e+01
2.255679784972654200e+00 2.938291229470802790e+00 3.480408980788847639e+00 4.198850185089531450e+00 6.452002604166666266e+00 1.321300414394068490e+01 3.603782143461343423e+01 7.174805289374815231e+01
2.193058818178942104e+00 2.895304835591951953e+00 3.423947624772011533e+00 4.126389754512114649e+00 6.360222682823128970e+00 1.273376261257504893e+01 3.523397704423592813e+01 7.017732872159209023e+01
2.159352778422518604e+00 2.823754056441012406e+00 3.350627445428335793e+00 3.966197731086343659e+00 6.032088058876514225e+00 1.217320346230488326e+01 3.372941985547709010e+01 6.817332434435340360e+01
2.096856138778420586e+00 2.787159809313322523e+00 3.352491456686429672e+00 3.872445765732546619e+00 5.883372651227954719e+00 1.199278846153846168e+01 3.329192806894849355e+01 6.623564223960477193e+01
2.054519610496351234e+00 2.731784178257687046e+00 3.220340101276925715e+00 3.775817317600989487e+00 5.657167491151866123e+00 1.168722488543174087e+01 3.221382392909297465e+01 6.398852315699589610e+01
2.050218220380929601e+00 2.685405685240964235e+00 3.208479326385561325e+00 3.722668688354302535e+00 5.449480696279980663e+00 1.114114516323576787e+01 3.148351299936588532e+01 6.434489889705882604e+01
1.988681344882708535e+00 2.681454568273092587e+00 3.132648635101789036e+00 3.631046574470663924e+00 5.388566414686825290e+00 1.079421178848898144e+01 2.988280143935818600e+01 6.161593652609570171e+01
1.926510514636726956e+00 2.627526866733313149e+00 3.124044944940951307e+00 3.487596391850723343e+00 5.175939084534938672e+00 1.049976899835732169e+01 2.959334351982447942e+01 6.079659581922224021e+01
1.885298837294600682e+00 2.557609728269171878e+00 3.052526660262381508e+00 3.422624415332170766e+00 4.978606830837173369e+00 1.013710417622762883e+01 2.915199707031250043e+01 5.971278147240695233e+01
1.847251238006809126e+00 2.542029122541603403e+00 2.998845490062205688e+00 3.398869821590565721e+00 4.809884972582638696e+00 9.844825599262446048e+00 2.812740128068303136e+01 5.760432119898056413e+01
1.815543745691965860e+00 2.491983890102440480e+00 2.917618015867047720e+00 3.272661524756188989e+00 4.584259894200626739e+00 9.389688586381499391e+00 2.696332071653425544e+01 5.613331893637797521e+01
1.770487464441406811e+00 2.461214885929063900e+00 2.902221515196885981e+00 3.250066992954820044e+00 4.527020690013607407e+00 9.218160157415697498e+00 2.652986132103990258e+01 5.493038598797896555e+01
1.712666383654688707e+00 2.400844495706957904e+00 2.839769236703321376e+00 3.152908907107879521e+00 4.294085350025502734e+00 8.895804888356368068e+00 2.579176612074030572e+01 5.398112744189494094e+01
1.681178959254493899e+00 2.369763944269287936e+00 2.803391879562044053e+00 3.080500854599297789e+00 4.194827985905044798e+00 8.554000711886681430e+00 2.468711605967529366e+01 5.157117947211922626e+01
1.650048494287513545e+00 2.339962020808747933e+00 2.725940625880529655e+00 3.047249673012643267e+00 4.044821558420828467e+00 8.233100887768522114e+00 2.378831818508406570e+01 5.084534568256135856e+01
1.597366095551152831e+00 2.285793716755319060e+00 2.699143463391670217e+00 3.006087322978935550e+00 3.956895703696925448e+00 8.043800220838654980e+00 2.334496065925279851e+01 5.003613502900169863e+01
1.562166890508795758e+00 2.224227798806865941e+00 2.654589262297986973e+00 2.871592112523138507e+00 3.763027905879655410e+00 7.750758151789503891e+00 2.241164510985116820e+01 4.880118887433165042e+01
1.517862457482993088e+00 2.194337301414106101e+00 2.639025947101955261e+00 2.845144697461733152e+00 3.706978544874964587e+00 7.453762891180654826e+00 2.188311691166127559e+01 4.729655688622754894e+01
1.479886275050802391e+00 2.159070520847726993e+00 2.628773254057320763e+00 2.825966949021094354e+00 3.534623847353626669e+00 7.151717356824417671e+00 2.122896360431356300e+01 4.616170651986925577e+01
1.446258995021409755e+00 2.121840548970141072e+00 2.587706322102099943e+00 2.777505812646936967e+00 3.496932665241868410e+00 6.994150133885101539e+00 2.096321749654218536e+01 4.508626608328721375e+01
1.422447346233471244e+00 2.071572468630333841e+00 2.496698009697981835e+00 2.710154264407885538e+00 3.338329683288410177e+00 6.783304538270109596e+00 2.016247029871011520e+01 4.370467607549736755e+01
1.376083567769566640e+00 2.032300906572865440e+00 2.436128774827726051e+00 2.637536548191771413e+00 3.283444474686989967e+00 6.483031700397360098e+00 1.953242591721542709e+01 4.243740502482017973e+01
1.314424766532470867e+00 1.990818562720578111e+00 2.400248667273436443e+00 2.645936453824563550e+00 3.172278390522876190e+00 6.323905557514101439e+00 1.870397395971375332e+01 4.206477412186142573e+01
1.289864371774940288e+00 1.955244663670405947e+00 2.347399619682283056e+00 2.574543307134122827e+00 3.060633394203581492e+00 6.172442405310425428e+00 1.830237705189303554e+01 4.060071035369351478e+01
1.253165449563578671e+00 1.925532945736433854e+00 2.332751091256866083e+00 2.545165459645009953e+00 2.988393750807180727e+00 5.887397152160943392e+00 1.778183880974264497e+01 3.955299846274612463e+01
1.217195003185025381e+00 1.859223263197210985e+00 2.275896841571078966e+00 2.470999456015544826e+00 2.940233516039322037e+00 5.722324625128435649e+00 1.721710611348067843e+01 3.874517177795031131e+01
1.178400913615168744e+00 1.796963101572426780e+00 2.216794392634723110e+00 2.425311265294417762e+00 2.821065050407103758e+00 5.423335589120963363e+00 1.645368981925783913e+01 3.791886841854707768e+01
1.162884702025851258e+00 1.785565390863914415e+00 2.152739754686304519e+00 2.406247532063431560e+00 2.768242769779589718e+00 5.385534242232086655e+00 1.643335540086261659e+01 3.684796706615379946e+01
1.113398333693838449e+00 1.754862176546881036e+00 2.148100813761034011e+00 2.360371971975934180e+00 2.693574877161338588e+00 5.188699943280705718e+00 1.581302527596587915e+01 3.648456799823993180e+01
1.081969068679268675e+00 1.697107359598606591e+00 2.066120143450241642e+00 2.311615819904047076e+00 2.629007450719649253e+00 4.936211945627662523e+00 1.530685592251606408e+01 3.545798581826132789e+01
1.039342470136518815e+00 1.649770829427571472e+00 2.025588469155064519e+00 2.292318436839487550e+00 2.567938465324046238e+00 4.831370429081506934e+00 1.472108765095145166e+01 3.470070940459044806e+01
1.009692701627735945e+00 1.596671384789246639e+00 1.972916544520012527e+00 2.236928202665386056e+00 2.541675685214651370e+00 4.681688493387527572e+00 1.438987682031346438e+01 3.391023311334813428e+01
9.752931038046419587e-01 1.532317140185383897e+00 1.938255228632030258e+00 2.207906280435841140e+00 2.450975572935077285e+00 4.554883093255869930e+00 1.377047154789087813e+01 3.302423699057679585e+01
9.423565055868045048e-01 1.485262615850408752e+00 1.878092796191452640e+00 2.195679411149617621e+00 2.400017725681873326e+00 4.337231595092024605e+00 1.351164629950939400e+01 3.198972925646551602e+01
9.023712895342692608e-01 1.440754363423194961e+00 1.830925131743808887e+00 2.112071386099365622e+00 2.377457097707939671e+00 4.214101567106970592e+00 1.277261226838191988e+01 3.126473039143387922e+01
8.763379304343458243e-01 1.415213890559009702e+00 1.785180197771752075e+00 2.122307525314965471e+00 2.342484962809061599e+00 4.128509182360510010e+00 1.266109295983770444e+01 3.091304379711930395e+01
8.505619982880654462e-01 1.359176466180255005e+00 1.755748577971956603e+00 2.020871229449866302e+00 2.285320182961692481e+00 3.952692189691444646e+00 1.234232905241235656e+01 3.006779040074286868e+01
8.288737868264197672e-01 1.316578925815375500e+00 1.705920640689774448e+00 1.990767329383209550e+00 2.334650331797301970e+00 3.822288090052385900e+00 1.200333950298438879e+01 2.969328406169665868e+01
7.916373468102368971e-01 1.250528395328092346e+00 1.643202586146957467e+00 1.981261361668974930e+00 2.350399432779030295e+00 3.696648409537004909e+00 1.148747892343006072e+01 2.873469053984868538e+01
7.579632193971841403e-01 1.217992568597560998e+00 1.567724496607967533e+00 1.948937969338838228e+00 2.314114924451338595e+00 3.557512106706975707e+00 1.106848781179138363e+01 2.811292309641811116e+01
7.296185969986586084e-01 1.167684866805540178e+00 1.541153299307645108e+00 1.901915435049712055e+00 2.303341767443765065e+00 3.484882738788988910e+00 1.084888495191770197e+01 2.749842659044757909e+01
7.024294238204086271e-01 1.114564244038122931e+00 1.463039656039806014e+00 1.873138042284459015e+00 2.273212189805499772e+00 3.367539420311103537e+00 1.051285848743217777e+01 2.706519078199117700e+01
6.618884307954862045e-01 1.074364882633431550e+00 1.415680888963274597e+00 1.806232132499171472e+00 2.240789130315349986e+00 3.266265862513572316e+00 1.020241944886426033e+01 2.672577352078708657e+01
6.454856701203208758e-01 1.027803608829289450e+00 1.386004108972961113e+00 1.763182114109848486e+00 2.197358873708537441e+00 3.185108898920429699e+00 1.006631708559782723e+01 2.599168804462903992e+01
6.156216853919508347e-01 9.858705272205914305e-01 1.301523128119236095e+00 1.735012393888525128e+00 2.142153278579059794e+00 3.090512149989292023e+00 9.649863095559636506e+00 2.514618458322093275e+01
5.914232813244086895e-01 9.294730787859218912e-01 1.278985444183641018e+00 1.682618002660684509e+00 2.113367578293445348e+00 2.966937942107222614e+00 9.403269034422404360e+00 2.494165591669548121e+01
5.698785754147513982e-01 9.008009515623317531e-01 1.218502442165629862e+00 1.635591394761029438e+00 2.078348554158353512e+00 2.886561074208266131e+00 9.034559712873370785e+00 2.434961621643137519e+01
5.345238261163290927e-01 8.581656733247423618e-01 1.171377002494084163e+00 1.559385157859165760e+00 1.990206703319940651e+00 2.797245033914728563e+00 8.820193042813455619e+00 2.404949590690840466e+01
5.120538064124863231e-01 8.151470300302998684e-01 1.121887427693420092e+00 1.531102497839635479e+00 1.953937054119361916e+00 2.718145940721649723e+00 8.560052310346616622e+00 2.360023560514000351e+01
4.871307721638110100e-01 7.637804319476446668e-01 1.081178693850404215e+00 1.454816281429229807e+00 1.931576124466090283e+00 2.628667866932147046e+00 8.299083352641334344e+00 2.286124701440789053e+01
4.674615066652887951e-01 7.281366309246506408e-01 1.022533898494037308e+00 1.401126140395337005e+00 1.855115734844625663e+00 2.542909935201091098e+00 7.906668866774979598e+00 2.258193819439147632e+01
4.445556798660558195e-01 7.011988447431211080e-01 9.954784210044912429e-01 1.353647385801997505e+00 1.797200225174084176e+00 2.480643855023352273e+00 7.823596427847074430e+00 2.217071356994266651e+01
4.289377507696968128e-01 6.568163924859055092e-01 9.320220254314259822e-01 1.289768229688125656e+00 1.750518144360603490e+00 2.411676454768338029e+00 7.577329318522216361e+00 2.176288526005053470e+01
4.078016020726157320e-01 6.092279515632847975e-01 8.865598787211270704e-01 1.256818059485728334e+00 1.688420528613851612e+00 2.335390437836893707e+00 7.409179687500000000e+00 2.115611849804536604e+01
3.858820932855951957e-01 5.787792394129599449e-01 8.305146903387127244e-01 1.196330833302247987e+00 1.641570372415299683e+00 2.254358198511318800e+00 7.106766003270207577e+00 2.088801980625123278e+01
3.617439735203731854e-01 5.499877285176874020e-01 8.006766736862346301e-01 1.139529662554426670e+00 1.591199980007381942e+00 2.237119172904919573e+00 6.955752917524762324e+00 2.058114677108492430e+01
3.429587439263037663e-01 5.116798297087564729e-01 7.535793130377513860e-01 1.085241471758540355e+00 1.542092831321701718e+00 2.132298915068262968e+00 6.646857927625217322e+00 2.022292986915978119e+01
3.241079706588132492e-01 4.824396696420052977e-01 7.133505405897668794e-01 1.038487628152215514e+00 1.490762950381957941e+00 2.096076727005399043e+00 6.497896576663452883e+00 1.977304396512491280e+01
3.091238326757141941e-01 4.525025918246445289e-01 6.684555109857062138e-01 9.807177248638085931e-01 1.431249649514780842e+00 2.010562265059954612e+00 6.303559274384469724e+00 1.949536385670371175e+01
2.955459423916577677e-01 4.286116533392588246e-01 6.384580959859454952e-01 9.455832027554399444e-01 1.364857824584983836e+00 1.975721568633204805e+00 6.140362050958270146e+00 1.928366193013617647e+01
2.800157604320552829e-01 4.044430425179864619e-01 5.959034008990529152e-01 8.886720581169135214e-01 1.319684471619750665e+00 1.901357496840479389e+00 5.962986080520263243e+00 1.882876016260162544e+01
2.638437058879223307e-01 3.818320538624223603e-01 5.618534220675437396e-01 8.604251520192748304e-01 1.280821220417333262e+00 1.851899021814404245e+00 5.754346956985259887e+00 1.884594388524248032e+01
2.497872851893887247e-01 3.532846952033807941e-01 5.211967953367728779e-01 8.155779938199626544e-01 1.217692846960868769e+00 1.786363231253477846e+00 5.589126757418941160e+00 1.814457591485071219e+01
2.386700880603842834e-01 3.350476531542687098e-01 4.972444462085884864e-01 7.745881050734372275e-01 1.179817264999539983e+00 1.735201491778841865e+00 5.486686331509347703e+00 1.796323352985535138e+01
2.274483234939007614e-01 3.102899537419599452e-01 4.621280631237018044e-01 7.405518497886611762e-01 1.129300976509916676e+00 1.704280622410842883e+00 5.328998504594250285e+00 1.757518481372129315e+01
2.162091772070872386e-01 2.859644155480984273e-01 4.366312240302780423e-01 7.029124402928007553e-01 1.096497505549515195e+00 1.637175241759738498e+00 5.165975394053376135e+00 1.732869042550807848e+01
2.052734287576652994e-01 2.706121886517368624e-01 4.016764337370126725e-01 6.584578935835471158e-01 1.040426226527373599e+00 1.603587519171779219e+00 4.989233867398423783e+00 1.712027897589029024e+01
1.999233313710171156e-01 2.544048376368894804e-01 3.859938722186151971e-01 6.294632523148148140e-01 1.001134516857646650e+00 1.553641739094331342e+00 4.928582660222457612e+00 1.699053214538379919e+01
1.903064618154147458e-01 2.375986413788377105e-01 3.572060257144415441e-01 5.973797207402881115e-01 9.659872122103115855e-01 1.498018711453266150e+00 4.740863047222464211e+00 1.659629581237342322e+01
1.821092051775924092e-01 2.230534253753836127e-01 3.339717591208133940e-01 5.699684552829283879e-01 9.109069786836118121e-01 1.437511451327815104e+00 4.612249518773250401e+00 1.640730396404202196e+01
1.765303455079132722e-01 2.100703433352489602e-01 3.163592508746317367e-01 5.345524407679738133e-01 8.874062328253150556e-01 1.399256549681715533e+00 4.478393690216927681e+00 1.615883446561368331e+01
1.692891918548352637e-01 1.977258827246601847e-01 2.953797731802567106e-01 5.091966195030436237e-01 8.488321676908150426e-01 1.374803395339586176e+00 4.376375205364001708e+00 1.599224826851358472e+01
1.635252842001794771e-01 1.873057415207705634e-01 2.797675202940206884e-01 4.810147777730338636e-01 8.140896499622262139e-01 1.325081241334257642e+00 4.232638042902542530e+00 1.593745235170792540e+01
1.565328040321475045e-01 1.770837418685157205e-01 2.615687898211531692e-01 4.558696796500882331e-01 7.798308104027906751e-01 1.297910626467997597e+00 4.073128342949797975e+00 1.565622516417785626e+01
1.516407924881247593e-01 1.702297396437148225e-01 2.442390166620117542e-01 4.272170169589982192e-01 7.504764468214906170e-01 1.248799980590062031e+00 4.002631161208392463e+00 1.545882961124896582e+01
1.485634874867314270e-01 1.640667803351389398e-01 2.336935265780086812e-01 4.114662927428440753e-01 7.201426630434781817e-01 1.216575323105966389e+00 3.882333892895631244e+00 1.535906562934090935e+01
1.435000292988546367e-01 1.587816395634316091e-01 2.214709356973630083e-01 3.890023619484088147e-01 6.940346414728681967e-01 1.173538250152315054e+00 3.807195149047891469e+00 1.510048006930632170e+01
1.400493904647371057e-01 1.520453225283485144e-01 2.088808169260523706e-01 3.698719304678098618e-01 6.582908020119163650e-01 1.137645391862649014e+00 3.720458470061578371e+00 1.486002434161251706e+01
1.374295282719027733e-01 1.478546003228453087e-01 1.996700525794832259e-01 3.511055203618179688e-01 6.308335122336719003e-01 1.113246204387270843e+00 3.564834043086172244e+00 1.464957935963868785e+01
1.356744479283679694e-01 1.466976714501937729e-01 1.912102696562321680e-01 3.337703870481631974e-01 6.083392136077868662e-01 1.073233798321667098e+00 3.514875025020016253e+00 1.455099275724275643e+01
1.332331334641658760e-01 1.423129580017335194e-01 1.828817377235683606e-01 3.142238481901661329e-01 5.800629514421563604e-01 1.041102373705048878e+00 3.383687475089677044e+00 1.433433532987663028e+01
1.324570408199806371e-01 1.380929553999883097e-01 1.768784435513781617e-01 3.016765585604150313e-01 5.606129567298218097e-01 1.012544883193178258e+00 3.323114756508782630e+00 1.422769078895926143e+01
1.292487508292735898e-01 1.379149935386479453e-01 1.670376801318272098e-01 2.842288241575005592e-01 5.313926606000661801e-01 9.730097104588841805e-01 3.203177383829721059e+00 1.414556424201223628e+01
