nan nan nan nan nan nan nan 0.000000000000000000e+00
2.771956298828125000e+03 nan nan nan 2.671490966796875000e+03 9.035424804687500000e+02 nan 4.264533996582031250e+02
2.015081640625000091e+03 nan nan 2.524177734375000000e+03 nan 2.505787841796875000e+03 1.681537597656250000e+03 2.893388997395833030e+03
1.867000244140625000e+03 nan 1.943504231770833258e+03 nan 2.262196777343750000e+03 3.858160644531250000e+03 5.171096028645833030e+03 3.514518798828125000e+03
3.087967447916666515e+03 1.753093098958333258e+03 nan 2.165629394531250000e+03 nan 3.308367838541666515e+03 2.237208333333333030e+03 1.928495192307692378e+03
2.157958806818181984e+03 2.071024609375000182e+03 1.724043805803571331e+03 nan 2.618151278409090992e+03 3.535981119791666515e+03 9.119968750000000000e+03 1.817042613636363603e+04
1.751713134765625000e+03 1.868340277777777601e+03 2.440745312500000182e+03 1.952820800781250000e+03 2.062381835937500000e+03 2.815882324218750000e+03 4.225884765625000000e+03 1.069953125000000000e+04
9.560900065104166288e+02 1.707991210937500000e+03 1.770164388020833258e+03 1.696334263392857110e+03 2.147759943181818016e+03 2.628382211538461888e+03 5.749062500000000000e+03 1.156312430555555511e+04
1.294184416118421041e+03 1.655906529017857110e+03 1.533070800781250000e+03 1.853593149038461661e+03 2.385643973214285779e+03 2.423089518229166515e+03 6.060605168269231399e+03 8.600279336734693061e+03
1.205307914402173992e+03 1.399861778846153811e+03 1.581183134191176350e+03 1.856622314453125000e+03 1.868799609375000045e+03 2.352633203124999909e+03 4.640344184027777374e+03 8.760055650684931607e+03
1.219115885416666742e+03 9.783752170138888005e+02 1.451645774147727252e+03 1.656932404891304259e+03 2.413004825367646845e+03 2.266269531250000000e+03 5.188537703804347984e+03 8.533896103896104250e+03
9.917416294642856656e+02 1.238406250000000000e+03 1.146805357142857019e+03 1.380443750000000136e+03 1.290550307765151501e+03 1.808852306547619037e+03 4.020617466517856883e+03 6.248123086734693061e+03
1.004886270491803316e+03 1.007784298780487802e+03 1.394134943181818244e+03 1.493296030405405418e+03 1.447296585648148039e+03 1.964295608108108127e+03 2.691634259259259125e+03 7.778822443181818016e+03
8.406506529850746574e+02 9.485428734756097811e+02 8.844164751838235361e+02 1.190408809267241395e+03 1.371566319444444389e+03 1.819295928030303003e+03 3.669531250000000000e+03 6.567933620689655072e+03
8.492115205223880139e+02 9.687460937500000000e+02 1.013850954861111177e+03 1.247312330163043498e+03 1.253635807291666652e+03 1.583515625000000000e+03 3.014369721283783747e+03 4.865087962962962592e+03
6.056333626760563220e+02 7.943848379629629335e+02 9.742674534574467771e+02 1.006087402343750000e+03 1.079350796568627402e+03 1.242743984375000082e+03 2.464242499999999836e+03 4.494522786458333030e+03
6.365649245689654663e+02 6.830145931603773306e+02 8.741291956018518476e+02 9.416265943877550626e+02 1.244652118389423094e+03 1.319646276595744666e+03 2.578786764705882433e+03 3.739658946700507386e+03
5.584215517241378848e+02 6.726478794642856656e+02 8.046670283564814099e+02 8.324443530701753389e+02 1.101526733398437500e+03 1.153355232007575751e+03 1.825279687499999909e+03 4.046819277108433198e+03
5.807280607876712111e+02 5.514453473772321104e+02 6.186999627976190368e+02 8.208406438253012993e+02 9.167531249999999545e+02 1.076193824404761926e+03 2.095580729166666515e+03 3.416858201581027515e+03
5.064463778409091219e+02 6.396578124999999773e+02 6.932680664062500000e+02 7.990807291666666288e+02 8.543154069767441570e+02 1.091754799107142844e+03 2.126388392857143117e+03 3.321347950819671951e+03
5.089953321540880893e+02 5.674440658244681117e+02 6.534686298076923094e+02 6.942877072704080774e+02 9.103067208904109293e+02 9.302398792613636260e+02 2.053815512048192886e+03 2.945735423322683801e+03
4.725223214285713880e+02 5.089935772235577360e+02 6.412571102528089568e+02 7.200009251644736423e+02 7.946732673267326845e+02 9.440445130813952801e+02 1.874989522058823468e+03 3.195556697612732023e+03
4.400401724726775683e+02 4.571150990099009732e+02 6.198239239386791724e+02 7.125309633027522977e+02 8.015110677083332575e+02 8.816760416666667197e+02 1.594950032552083258e+03 3.017177860696517200e+03
3.911983035714285961e+02 4.296902145127118615e+02 4.946270411036035739e+02 6.387870028409090537e+02 7.450009847689075286e+02 8.767164652122640973e+02 1.634904057017543664e+03 2.748602808988764082e+03
3.800100530660377558e+02 4.436396313048245474e+02 4.751711448598130687e+02 6.180551023230088958e+02 6.409288504464285552e+02 7.944157037815125477e+02 1.608859375000000000e+03 2.277828841743119483e+03
3.711245598591549424e+02 3.753088124999999877e+02 4.500986402671755400e+02 5.458508638211383186e+02 6.479320825729927265e+02 6.978333333333333712e+02 1.431579589843750000e+03 2.144725739371534019e+03
3.218794216579860858e+02 3.794947706653225623e+02 4.255247493003731165e+02 4.717238721026490111e+02 5.941351066468254203e+02 7.391395722517730746e+02 1.361698299632352928e+03 2.075754816513761398e+03
3.005665934504792176e+02 3.516253356933593750e+02 4.055265534682080784e+02 5.002104088345864170e+02 5.765136834319526997e+02 6.790231584821428896e+02 1.192563554447852766e+03 2.008091239316239353e+03
3.026351118311036998e+02 3.361424107142856883e+02 4.117253069196428328e+02 4.581760165662651048e+02 5.634791294642857338e+02 6.138108986801241826e+02 1.114475295608108127e+03 1.823207998392282889e+03
2.737988045933735179e+02 3.127942362034574444e+02 3.746296401515151615e+02 4.102735778443113759e+02 4.943391853932583899e+02 6.340413933011049039e+02 1.082464181286549547e+03 1.780882132667617725e+03
2.748153582317073074e+02 2.874723494764398311e+02 3.511496199324324721e+02 3.911645720108695627e+02 4.884172321428571308e+02 5.949973323170731874e+02 1.049447309027777919e+03 1.756083791208791354e+03
2.503189080056179705e+02 2.953760363520407850e+02 3.596376469678218086e+02 4.298777573529411598e+02 4.478044207317072960e+02 5.546263719512195394e+02 9.664263174019607732e+02 1.686472452229299279e+03
2.536862993777056374e+02 2.892204861111110858e+02 3.294420289855072497e+02 4.013893623737374128e+02 4.880471484375000273e+02 5.310772569444444571e+02 1.020421565594059416e+03 1.567817958179581865e+03
2.327828902867965439e+02 2.799131904069767529e+02 3.165843675239234472e+02 3.725092296511627978e+02 4.434584878177965948e+02 5.018032446509009219e+02 1.019878854625550730e+03 1.487559421534936973e+03
2.254377773668639122e+02 2.531269166179906449e+02 2.935426762114537951e+02 3.706372634462151154e+02 4.231715116279069662e+02 5.018957159323770725e+02 8.393292072510822663e+02 1.358844450373532709e+03
2.185330110143442823e+02 2.276379616477272521e+02 3.023388400607638573e+02 3.468286957762556995e+02 3.896231667418772986e+02 4.454284613228699641e+02 8.431696078431372143e+02 1.233316198595787455e+03
2.111783704501915508e+02 2.299153645833333144e+02 2.658989955357142776e+02 3.282378826530612059e+02 3.854444596069868680e+02 4.216206536091549424e+02 7.724818822957198563e+02 1.235112804878048792e+03
1.878879956479690634e+02 2.190292187500000125e+02 2.655827375461254292e+02 3.180526859504132062e+02 3.734711378737541736e+02 4.414272042410714221e+02 7.974976741412212959e+02 1.248863728584310138e+03
1.807881433823529278e+02 2.100881901041666708e+02 2.507487690916398719e+02 2.832224653908795062e+02 3.520048204787233885e+02 3.897318566849816648e+02 7.007057823129251801e+02 1.189650862068965353e+03
1.712152686403508710e+02 1.935907946134868212e+02 2.339658677184466171e+02 2.790208163680782150e+02 3.296750305374592926e+02 4.015691964285714448e+02 6.747026241987178992e+02 1.055224838318512411e+03
1.735544800884955805e+02 2.037920953027950191e+02 2.285305866745283083e+02 2.912157783742331389e+02 3.311838059105431284e+02 3.895232833059210407e+02 7.213975961538461661e+02 1.094524038461538566e+03
1.640645932002706502e+02 1.879130552279874280e+02 2.171655022658610221e+02 2.696307657747603912e+02 3.092091448300283218e+02 3.746859154929577471e+02 6.739362444196427759e+02 1.052438349697885087e+03
1.611673295454545496e+02 1.795524164244185954e+02 2.216487536127167459e+02 2.600702321658097276e+02 3.041227223032070128e+02 3.635238158831908777e+02 6.590989001396648064e+02 9.749318022440392042e+02
1.459823066841415482e+02 1.607062817950581461e+02 2.057928268765133168e+02 2.378612938596491233e+02 2.860272551952140816e+02 3.689786769943020204e+02 6.257336501288659747e+02 9.308540540540541315e+02
1.474149249839537674e+02 1.708151231751824923e+02 2.056764268207282953e+02 2.472454379562043982e+02 2.820359809027777942e+02 3.308714939024389992e+02 5.932771990740740193e+02 9.287952434336963279e+02
1.467374272315653343e+02 1.688389128212616583e+02 1.958360325425790904e+02 2.297137116514360287e+02 2.742839781746031917e+02 3.319563753132832176e+02 5.593398535894206134e+02 8.683979700854700923e+02
1.394251358695652243e+02 1.508819722540045802e+02 1.739282871462264097e+02 2.189288729265402935e+02 2.461548118781094558e+02 3.138058657192575538e+02 5.491650748777506124e+02 8.457235520094562844e+02
1.308534867610837580e+02 1.472965451388888880e+02 1.698151844713656544e+02 2.102681845556745373e+02 2.537635135135135158e+02 2.975070599197247816e+02 5.527445622246696075e+02 8.261478405315614282e+02
1.287764979859013010e+02 1.445242322781385269e+02 1.781137706043955973e+02 2.104971749441964164e+02 2.426029381793478308e+02 3.029606518817204233e+02 5.155055066079295329e+02 7.989899725274725597e+02
1.221528728834661308e+02 1.425985863095237960e+02 1.723100134408602173e+02 1.863392668776371011e+02 2.422954799107142776e+02 2.892024594320486699e+02 5.211472704875518502e+02 7.626309555320275422e+02
1.222182922363281250e+02 1.346312499999999943e+02 1.586736042490118450e+02 1.857665637112403090e+02 2.267037146226415132e+02 2.710715561224490102e+02 4.915593188622754042e+02 7.503936539414971776e+02
1.157208207831325382e+02 1.321525286136831312e+02 1.545449859671848003e+02 1.812237632844129678e+02 2.252426368274582558e+02 2.681568220134874991e+02 4.782824451958954910e+02 7.291983554188357175e+02
1.099817188983855658e+02 1.284156629774305429e+02 1.462282793598790249e+02 1.773651670258620641e+02 2.220891597762646086e+02 2.660153674450549488e+02 4.605097398775894249e+02 7.104629758588672530e+02
1.125693879855465127e+02 1.214018702651515156e+02 1.473320599724264639e+02 1.801398642322097317e+02 2.081435026041666845e+02 2.583118031732418558e+02 4.693530691964285779e+02 6.628148479427549091e+02
1.086181255728689337e+02 1.222016984854948873e+02 1.461349833610648830e+02 1.715193369425385868e+02 2.125300739247311697e+02 2.522299795825771298e+02 4.209383576329331049e+02 6.608138828633404955e+02
1.042899244746059537e+02 1.134803926542207932e+02 1.343212086025848180e+02 1.605243000000000109e+02 2.004297004346026370e+02 2.436486262077294782e+02 4.013848549836601478e+02 6.280132796780684430e+02
1.018136295180722897e+02 1.160448151125401921e+02 1.339281791460396107e+02 1.591652920081967295e+02 1.948178040135782680e+02 2.400395235247208916e+02 4.232094254032257936e+02 6.155052062066149574e+02
9.905769947800148145e+01 1.097246715764331242e+02 1.381226936823802021e+02 1.557373357882165692e+02 1.849996950075075119e+02 2.261186808846761380e+02 4.088727146263911436e+02 5.952011614623000924e+02
9.861002791786742705e+01 1.068678425854037215e+02 1.264136591998525034e+02 1.440235587094499294e+02 1.862695312500000000e+02 2.171740719153515045e+02 3.978235989810771684e+02 5.763891616314199382e+02
9.109045262455516934e+01 9.719182692307691696e+01 1.195310388513513544e+02 1.455726902173912833e+02 1.753547309027777885e+02 2.251640275707898695e+02 3.649738620199146908e+02 5.417944494584837685e+02
9.068779688599578037e+01 9.742149565288713120e+01 1.205511374252615866e+02 1.424058613679846701e+02 1.730763032010014228e+02 2.142590666118420870e+02 3.653068141748942139e+02 5.464764224137931024e+02
8.745031613123718728e+01 9.509193148569571008e+01 1.120699843326558209e+02 1.381802599676724128e+02 1.630972496706192487e+02 2.082009173525377150e+02 3.612940476190476033e+02 5.408986190636577476e+02
8.480850139082058092e+01 9.398067020440251440e+01 1.083251765083440290e+02 1.321823773734177223e+02 1.601947860512129580e+02 2.066862331081081265e+02 3.442927096879063811e+02 5.122856443719413164e+02
8.237275326797384878e+01 9.129445614856429358e+01 1.052714416058394136e+02 1.315967140389447252e+02 1.553717359394313746e+02 1.994457417582417520e+02 3.365961956521739467e+02 5.193773141005862044e+02
8.229799759053737773e+01 8.811660624211853587e+01 1.033609886649874028e+02 1.262271267901618899e+02 1.571339901194853041e+02 1.921220828005115209e+02 3.290514200998751448e+02 4.987359987554449390e+02
7.858166058394161269e+01 8.604646626040427293e+01 1.027148628048780523e+02 1.236306684334511061e+02 1.506110990127758384e+02 1.924848040617848994e+02 3.324227339181286425e+02 4.855049479166667084e+02
7.860058593750000000e+01 8.591234431956256401e+01 9.680992305458768499e+01 1.182342334371461021e+02 1.472206485419197861e+02 1.791857415005861469e+02 3.110172781569965537e+02 4.863689569293876502e+02
7.363400116657240346e+01 8.446173878205128460e+01 9.291841172680412342e+01 1.148121112263033297e+02 1.428732066950053081e+02 1.793357224770642233e+02 3.090344408990011402e+02 4.599637782112009177e+02
7.184264764831640093e+01 8.028234505753137285e+01 9.386917004634993589e+01 1.115039223915289313e+02 1.393196716994382029e+02 1.716276339750260433e+02 3.019211836283186017e+02 4.419176359210170517e+02
7.234882812499999716e+01 7.842301713197970514e+01 9.141441874337222373e+01 1.082823852933261435e+02 1.302151772103658800e+02 1.746788875272331438e+02 2.949825542902542566e+02 4.304324236092974729e+02
6.840954122340426125e+01 7.642991520100503067e+01 8.896896809571285303e+01 1.038014123210634096e+02 1.276570521390374324e+02 1.590496770516717504e+02 2.827222294484911913e+02 4.148928617157490066e+02
6.607821627721720859e+01 7.477056823852294087e+01 8.497335199004974982e+01 1.024344778165503413e+02 1.277287014563106737e+02 1.619012549950049902e+02 2.739650807240704466e+02 4.139983970329394083e+02
6.687426487546125031e+01 7.122703414070107897e+01 8.325617911735700716e+01 9.940488735465116577e+01 1.239481638331702413e+02 1.566556280339805767e+02 2.676395255203171359e+02 3.967143465563397058e+02
6.334069747992863597e+01 7.057786630794701921e+01 8.128901041666667027e+01 9.569322867577756142e+01 1.188517139889196699e+02 1.533784850230414634e+02 2.678895987511563703e+02 3.984157199165314296e+02
6.213754130583409108e+01 6.723850574712643891e+01 7.918219095303867050e+01 9.324332943404634477e+01 1.135604786355052056e+02 1.495367612570356357e+02 2.608251467931345928e+02 3.959081096849475330e+02
6.206648759415152483e+01 6.552402127536900878e+01 7.710530803946262779e+01 9.124133751182591823e+01 1.105797592474489761e+02 1.477200880909902025e+02 2.551163869257950410e+02 3.683368729096990251e+02
5.915433547430830430e+01 6.571009451996602024e+01 7.383142045454545155e+01 8.975809268140116615e+01 1.111300505764014446e+02 1.448392525153105908e+02 2.517680935569285054e+02 3.631690826482042098e+02
5.639697369825010753e+01 6.280883629493464326e+01 7.134830841222030529e+01 8.857657358156028238e+01 1.062573781120331944e+02 1.409850227368866342e+02 2.435233905579399050e+02 3.572957787404902774e+02
5.687028085954329981e+01 5.890118018617021534e+01 7.063492450698439029e+01 8.506857709006462187e+01 1.065937367696867000e+02 1.364247322899505832e+02 2.421137303556658367e+02 3.477564776274713836e+02
5.429639423076923066e+01 5.795977894528152063e+01 6.851213628266033595e+01 8.285847796213354854e+01 1.015901289682539641e+02 1.298899808003233431e+02 2.323293365307753788e+02 3.429298333667938437e+02
5.412682015885022935e+01 5.787356822709163851e+01 6.674929650473933407e+01 7.906385816366483255e+01 9.827358858783239270e+01 1.295845747829518473e+02 2.289386259007205524e+02 3.371790767860676397e+02
5.224014520434462128e+01 5.700427464925954979e+01 6.530252244340358914e+01 7.842808618012422528e+01 9.797606496398786646e+01 1.236965038314176297e+02 2.231085003782148419e+02 3.284053088067098543e+02
5.104588176534689836e+01 5.429733137970792001e+01 6.320793493470149116e+01 7.552797576621526332e+01 9.503966483778626184e+01 1.233775183150183210e+02 2.218743475018642641e+02 3.204689362891207338e+02
4.914376374633430800e+01 5.560159238714613394e+01 6.229299828178694298e+01 7.387118459302325846e+01 9.373484748593530469e+01 1.221426980667172018e+02 2.100154783393501816e+02 3.217707454612140054e+02
4.935241370010787421e+01 5.298401063100136810e+01 6.033818845785440743e+01 7.246809008855585432e+01 9.050861749444032966e+01 1.183048385704419871e+02 2.118513421908893690e+02 3.067417958889289480e+02
4.787373519794980581e+01 5.134994449564343455e+01 5.827730561366806228e+01 7.046854967948718240e+01 8.642179036899119637e+01 1.168019121503496507e+02 2.005527546777546775e+02 2.974954780361757116e+02
4.636423356068555535e+01 4.943870556772237279e+01 5.777264432647644554e+01 6.765567912719892263e+01 8.739742080479452113e+01 1.133186088567396013e+02 1.989853489159891637e+02 2.973915181573638051e+02
4.516538628472222427e+01 4.889394157877389091e+01 5.620987641478029673e+01 6.657982089675711279e+01 8.373789889219575855e+01 1.090816972959844549e+02 1.974109188247011843e+02 2.855040726817042582e+02
4.452463334123972061e+01 4.763957578999341536e+01 5.546520353618421240e+01 6.536189935876082302e+01 8.437398211887172295e+01 1.081498508946322090e+02 1.931084534459907331e+02 2.755009260783667742e+02
4.276780667583256701e+01 4.518844011422136475e+01 5.297832130899234215e+01 6.330837152338812501e+01 7.989048094652734733e+01 1.066554985165521430e+02 1.863953676007556624e+02 2.705193424356560286e+02
4.230354887477036385e+01 4.581521565495207682e+01 5.185774578434406124e+01 6.283992015586797208e+01 7.852256119296578163e+01 1.020884193448702035e+02 1.856053815136476430e+02 2.696557752545027142e+02
4.139991311574493693e+01 4.360430364015394389e+01 5.104543128654970729e+01 6.101116973725124382e+01 7.711889951269934329e+01 9.969247159090909349e+01 1.778650864639236602e+02 2.609217552865461016e+02
4.050426434242061191e+01 4.247734330886504495e+01 4.927668746125232246e+01 5.955409356725146353e+01 7.388786536069652300e+01 9.710931239267314652e+01 1.760219072164948386e+02 2.606710895919574682e+02
3.937477199970220454e+01 4.174444256274956899e+01 4.776368782817969105e+01 5.503906716975492941e+01 7.170517374788970244e+01 9.588660318047337228e+01 1.702417106807511686e+02 2.529452751629254124e+02
3.914143162703015832e+01 4.090002468961625226e+01 4.539404572740112798e+01 5.635269043788472487e+01 6.952842227378189932e+01 9.545152769845802254e+01 1.704114613180515505e+02 2.409636683738796137e+02
3.752822946947674154e+01 4.024079966795793695e+01 4.508512603591160683e+01 5.379585902466367742e+01 6.774757946973903699e+01 9.309864206128133901e+01 1.626116814650388562e+02 2.380072589608224405e+02
3.751673126829917493e+01 3.970650536703601574e+01 4.388656421703296928e+01 5.272622056786703837e+01 6.693443142361111597e+01 8.813539643451720451e+01 1.633906335993395658e+02 2.391092533370411672e+02
3.605076910621761499e+01 3.877850995158686942e+01 4.416141833516182658e+01 5.147450523667029643e+01 6.419979693140794552e+01 8.884530427631578675e+01 1.594121833333333313e+02 2.287222613773660953e+02
3.562457627118644155e+01 3.746616960929108586e+01 4.233033746109958173e+01 5.054577727952167265e+01 6.264047206362153020e+01 8.601071357218965829e+01 1.591534888253638371e+02 2.270426143748375125e+02
3.435419307809330292e+01 3.644358521814775287e+01 4.102133502979145874e+01 4.909244017036235874e+01 6.257876355953582248e+01 8.429108408505155126e+01 1.514262390294269665e+02 2.207228940918472517e+02
3.379867051838611047e+01 3.535151298147245313e+01 4.045802549254526781e+01 4.801554148445092096e+01 6.149003007322175307e+01 8.287555192786069824e+01 1.488165864166244319e+02 2.234445783132530039e+02
3.199638028630239361e+01 3.448349567099567281e+01 3.924559382603406732e+01 4.747600073831535639e+01 5.823223590715301157e+01 8.126659630445423943e+01 1.449895729890764642e+02 2.125194789234361394e+02
3.169987496893637768e+01 3.438315086621751959e+01 3.896292538480038559e+01 4.529943181818182296e+01 5.903339536171259994e+01 7.907726335548991869e+01 1.425782619279454764e+02 2.111879088926581005e+02
3.171356346958877381e+01 3.302939197097378354e+01 3.752083087541293338e+01 4.448774682651621504e+01 5.621341300475059199e+01 7.733502598016060858e+01 1.398166913507108973e+02 2.063701235941893231e+02
3.077609565119423252e+01 3.236081889438943904e+01 3.692710779708783519e+01 4.390254099811232180e+01 5.563467888031790665e+01 7.480951074399260392e+01 1.373990486569274196e+02 2.019345688127584140e+02
2.998437148560503829e+01 3.282191125290022882e+01 3.600316528545119610e+01 4.182749018928900853e+01 5.434988261920828023e+01 7.339916289461467613e+01 1.373328553756185499e+02 1.984275930392832663e+02
2.949248566071034361e+01 3.106957894888991945e+01 3.466418930342651095e+01 4.235399980667256159e+01 5.204286785055350606e+01 7.406601770648312311e+01 1.323352015398550634e+02 1.965664731740306479e+02
2.849793851026649349e+01 3.077776133288227456e+01 3.411165474556587895e+01 4.035588057985643928e+01 5.079877843359206935e+01 7.142001835781040597e+01 1.298741605285961782e+02 1.936131030521824528e+02
2.808189146542261128e+01 2.985271187999159181e+01 3.353403535698044635e+01 3.956417935363247551e+01 5.077671729231452247e+01 7.107544123977615413e+01 1.285748559397163149e+02 1.906838339126656479e+02
2.766421961916987726e+01 2.927937578092461735e+01 3.249939776577721062e+01 3.809251024148340292e+01 4.991143701391731469e+01 6.812970727848100694e+01 1.248123151668779087e+02 1.884610072248193831e+02
2.642790901727861907e+01 2.870594474337748281e+01 3.159837339411520674e+01 3.796348245659363130e+01 4.818345130845131052e+01 6.592771525117071008e+01 1.233500733137829855e+02 1.819255257926127456e+02
2.616796061536859597e+01 2.764142587621555691e+01 3.071208891595615142e+01 3.691387686266612889e+01 4.675539426846884083e+01 6.416789658634537830e+01 1.185353514831369353e+02 1.784053652392947242e+02
2.591977529469548003e+01 2.728600901174564797e+01 3.064529106133979042e+01 3.652363122459349398e+01 4.693234186746988001e+01 6.398585243553008439e+01 1.189624191265669140e+02 1.692834871222875677e+02
2.518327220123958909e+01 2.659275133981738648e+01 2.977831755940394842e+01 3.521125924630148063e+01 4.424470405549110552e+01 6.353785916731821715e+01 1.180760655090765567e+02 1.704241868306227730e+02
2.435733488770460653e+01 2.578135312500000254e+01 2.908426790527531836e+01 3.425629982915717875e+01 4.331297659988038617e+01 6.101013286646200839e+01 1.151379785382830647e+02 1.663038837073739273e+02
2.375214408233275876e+01 2.528968512519485756e+01 2.814004459360058874e+01 3.369242746189917881e+01 4.233991392215568794e+01 5.983082297376664371e+01 1.117421282245827001e+02 1.619870734597156456e+02
2.294842688278595588e+01 2.485234231651376291e+01 2.758541748719968467e+01 3.198076441957787708e+01 4.121566541460631328e+01 5.910764017394522085e+01 1.076241742166855317e+02 1.603629743833017187e+02
2.311179308535447774e+01 2.425943799496040398e+01 2.747873564527889201e+01 3.147138009862121777e+01 4.047330869175627299e+01 5.759813353636027955e+01 1.082724999999999937e+02 1.574615455128792689e+02
2.211620730174981375e+01 2.356314962942877855e+01 2.622579134511845211e+01 3.091233355003587135e+01 3.911977215249157069e+01 5.602186365698729276e+01 1.062689024945375138e+02 1.596061834077042079e+02
2.195881667884545152e+01 2.311427826588569445e+01 2.590569116595136023e+01 2.985162368725525184e+01 3.778156050390347787e+01 5.483077008928571416e+01 1.035490322868355264e+02 1.522698124889439271e+02
2.148591254507985582e+01 2.256090734649122709e+01 2.508872748338579939e+01 2.952441610125261207e+01 3.833391325280111772e+01 5.430949074074074190e+01 1.020286002102312466e+02 1.471858298171589468e+02
2.123897074333445900e+01 2.208169947133869115e+01 2.436083013603069247e+01 2.856525507950529885e+01 3.719672401326981515e+01 5.296572477921195343e+01 1.002186746209510630e+02 1.450071199096987016e+02
2.088938860300320499e+01 2.179691002155172086e+01 2.376975899249914548e+01 2.801196216617210766e+01 3.567458679947461064e+01 5.132226830418380814e+01 9.825473739495798498e+01 1.439849411714553753e+02
1.992846407173341916e+01 2.145208628955968422e+01 2.314225386100385862e+01 2.753090265902872602e+01 3.513141876824521148e+01 5.090702811664438343e+01 9.615801436399867441e+01 1.419302982470715335e+02
1.953091447803105396e+01 2.069488649952168302e+01 2.304125329282800649e+01 2.751331909688803279e+01 3.443987441294867580e+01 4.877919327111984416e+01 9.398179068611202069e+01 1.373557927575238580e+02
1.929617563883463305e+01 1.997928160466582526e+01 2.257954177461139977e+01 2.561496637462981241e+01 3.367954218552963397e+01 4.829615516269329589e+01 9.216594412331406261e+01 1.366049838253133828e+02
1.850170449885170498e+01 1.994526272300095471e+01 2.170985905693384410e+01 2.627079831091898754e+01 3.240878842213114552e+01 4.684351030680728911e+01 8.995643939393939092e+01 1.339798173954829394e+02
1.846661816801619338e+01 1.903550981726282743e+01 2.118095642468944106e+01 2.501191863825524209e+01 3.229435841561246434e+01 4.542528121039289601e+01 9.002533887861984851e+01 1.323124610834371140e+02
1.770329964605067019e+01 1.896958913838729899e+01 2.108416314381011247e+01 2.441791125117444494e+01 3.162475267690875214e+01 4.518659892638036979e+01 8.849949202875897925e+01 1.297478566995112033e+02
1.776142636601796454e+01 1.822193931021341484e+01 2.027942357711138044e+01 2.331906051196607166e+01 3.044207368480215692e+01 4.332306511522134684e+01 8.678463674572201114e+01 1.261436940694676139e+02
1.734485027097773013e+01 1.766045774310872929e+01 1.942269859291245027e+01 2.306632916053019144e+01 2.970365400892582386e+01 4.295931154822335429e+01 8.422336679652383395e+01 1.255630793959330163e+02
1.668176794066062385e+01 1.758680397295654529e+01 1.929207816532836262e+01 2.279010291691661649e+01 2.914531384350816978e+01 4.131234179571173826e+01 8.279270407418223954e+01 1.215955006290239027e+02
1.646070351119511344e+01 1.743627601247197134e+01 1.897246844951923350e+01 2.205526259909400011e+01 2.833658223201174664e+01 4.080711238067688384e+01 8.059779133972682530e+01 1.190492849938765119e+02
1.613106113373338957e+01 1.691285788127277812e+01 1.844735034960045539e+01 2.192011690320233086e+01 2.761477674817825090e+01 4.055094250210615314e+01 7.990907793320012331e+01 1.180430380423167236e+02
1.565315190035016002e+01 1.651593854515050097e+01 1.792782384776536020e+01 2.133516894969170252e+01 2.723654626040769600e+01 3.948119321459474662e+01 7.918956618898978661e+01 1.146590332134546202e+02
1.541817416678510355e+01 1.596411660318559633e+01 1.753754628668327697e+01 2.065474118523136937e+01 2.621585950384826802e+01 3.798812482857926653e+01 7.711448225672303636e+01 1.120282677247210472e+02
1.503073338534059289e+01 1.570951079482948209e+01 1.721457369352204836e+01 2.002330280172413879e+01 2.597590573489010879e+01 3.808278463648834133e+01 7.597843527153044363e+01 1.129346534821975752e+02
1.481156654771345416e+01 1.551536948078495470e+01 1.698117434031556172e+01 1.947393973214285623e+01 2.522528135048231590e+01 3.707810402684563655e+01 7.546343959731542839e+01 1.097395133943709737e+02
1.430487263517936647e+01 1.489873302823561119e+01 1.642550765645805555e+01 1.958619381296822581e+01 2.488938105164066528e+01 3.615770502645502660e+01 7.324171238762559710e+01 1.074580396915098675e+02
1.400039077925496755e+01 1.462349832214765044e+01 1.600169845573313054e+01 1.868000624831126544e+01 2.463039870415180843e+01 3.542882365830636360e+01 7.128447491551857240e+01 1.076121515250901979e+02
1.380658387438930390e+01 1.424345811304128873e+01 1.533184712050599074e+01 1.830827311686686798e+01 2.305362000461619942e+01 3.412932547642928682e+01 7.088714508986716112e+01 1.035354491999228799e+02
1.345324187516120773e+01 1.393151589500375565e+01 1.510984109228230743e+01 1.773637316986265944e+01 2.299456642008093255e+01 3.405867895175776283e+01 6.975406426011264216e+01 1.037828563732014828e+02
1.319866584695963319e+01 1.360402274707493220e+01 1.486421679687500053e+01 1.728548201249690663e+01 2.266967351220752747e+01 3.311624905565348342e+01 6.883675759668508931e+01 1.005264485012254170e+02
1.282489626884581391e+01 1.328677978814597083e+01 1.460662158645603803e+01 1.707628608151635419e+01 2.181206682034684974e+01 3.246066113686264742e+01 6.550997111602752909e+01 9.845400892582333086e+01
1.263726797883787789e+01 1.309272470492905960e+01 1.430265463600590259e+01 1.682024539877300739e+01 2.149699076913640639e+01 3.173359647483806611e+01 6.425829362170088643e+01 9.826482623831918772e+01
1.233163157047529879e+01 1.278481801782682403e+01 1.388988513697387539e+01 1.600978870267663368e+01 2.090905610727878283e+01 3.113641110656695687e+01 6.437601171780623588e+01 9.452888186665069270e+01
1.208680555555555536e+01 1.257800771791767502e+01 1.357427692819148923e+01 1.595566488122962312e+01 2.052589032734507057e+01 3.033185872239558023e+01 6.287637856805850589e+01 9.281885309355088509e+01
1.172885287494150752e+01 1.218180034971305581e+01 1.329815780858574392e+01 1.551123844260326479e+01 1.999322737686139817e+01 2.946477366619452454e+01 6.085367834764446826e+01 9.128543515308221856e+01
1.147934765354421671e+01 1.205419932929590132e+01 1.297314069566769845e+01 1.528772088808337237e+01 1.977732902332704867e+01 2.874731412005456832e+01 6.132701335432703615e+01 9.093951706021591974e+01
1.141065781322037864e+01 1.172963991382195381e+01 1.263309462298432884e+01 1.466483120699541409e+01 1.891105285234899469e+01 2.833345113662326042e+01 5.858366912437128349e+01 8.990081835596370752e+01
1.104778291272644353e+01 1.142608213682432527e+01 1.228302085675736421e+01 1.469597873018120104e+01 1.858772831050228191e+01 2.761608396025151535e+01 5.797742897727273004e+01 8.694145112909616557e+01
1.069917842395044616e+01 1.106295663041089838e+01 1.210738187486236583e+01 1.413036251235720542e+01 1.804912658489525867e+01 2.701777365621500593e+01 5.725864083809943139e+01 8.576948705921306271e+01
1.059354925053533059e+01 1.096586588973678467e+01 1.190883898619665793e+01 1.374615080078557305e+01 1.775220236771898641e+01 2.686114801340745473e+01 5.681200363997352554e+01 8.370962239655267467e+01
1.023076529128779910e+01 1.080200226977950706e+01 1.164657415437987886e+01 1.332573892876489730e+01 1.720858336410634948e+01 2.593617881794650515e+01 5.496177210447442008e+01 8.298400461224927938e+01
9.998205314648334507e+00 1.056867187499999972e+01 1.137130811227223859e+01 1.298385323836234129e+01 1.692114841373316025e+01 2.521129086280814491e+01 5.441458710829247281e+01 8.168711188436830639e+01
9.840455611763472277e+00 1.025041096214085101e+01 1.108016522220525424e+01 1.284050074113359408e+01 1.644381631728778359e+01 2.512057677061310557e+01 5.356781551868962765e+01 8.102306881096757252e+01
9.661252236371289825e+00 9.971778039165819507e+00 1.103316121244635184e+01 1.255035827020201999e+01 1.615243813586265276e+01 2.421545164138790796e+01 5.217672705943691369e+01 8.023424857754345396e+01
9.441976907062814561e+00 9.792765735591506981e+00 1.051152719584109185e+01 1.223725168294614463e+01 1.556088852376137588e+01 2.370822944229594853e+01 5.099807572290409752e+01 7.829475742548949313e+01
9.120005637886597682e+00 9.606625375375376308e+00 1.031699995006990278e+01 1.191924938603889750e+01 1.566479850632137172e+01 2.311324200328070688e+01 4.966016568538647391e+01 7.698756742450976276e+01
8.935880745947054393e+00 9.399173629846123035e+00 1.013861120445041841e+01 1.162458997335612310e+01 1.503103825787994374e+01 2.277842374057913588e+01 4.873700259948009972e+01 7.473459161203142287e+01
8.911358464805825719e+00 9.182426695611066947e+00 9.979871994351128706e+00 1.147148259556347760e+01 1.476538943166038464e+01 2.224561567164179010e+01 4.813240928416057329e+01 7.481420710355178016e+01
8.618529373024236051e+00 8.946207506386324226e+00 9.690155547958585913e+00 1.101784376228380502e+01 1.431585592610364799e+01 2.173493074555403481e+01 4.734404659980430807e+01 7.164706237911025255e+01
8.510197689505760721e+00 8.678303335454190304e+00 9.367585680609284537e+00 1.084351137118193797e+01 1.402279718137254783e+01 2.128389185072353484e+01 4.612861503082257997e+01 7.100626387950178753e+01
8.198366011129078146e+00 8.566050859633742576e+00 9.149314162110822934e+00 1.065483824888153919e+01 1.364971295036592380e+01 2.039690800410717841e+01 4.548227056368411070e+01 7.016942745903597256e+01
8.024742894650088942e+00 8.453189673013245198e+00 9.011312729424265200e+00 1.032235248662114735e+01 1.330448886446186307e+01 2.053463584853510326e+01 4.419629482119079711e+01 6.931563969896519950e+01
7.786534106908203690e+00 8.112945489667154675e+00 8.840172490203396904e+00 1.011762896731964645e+01 1.296737031535649010e+01 1.976693947024808651e+01 4.298992893755824696e+01 6.756468450534697467e+01
7.688373574233358099e+00 7.982449995443776203e+00 8.643594663742689477e+00 9.891212729357798494e+00 1.249144241494701646e+01 1.911291074240459409e+01 4.221653970452446458e+01 6.593496238014405719e+01
7.499828264985683113e+00 7.826663256167241123e+00 8.396778720184315148e+00 9.522194347162356465e+00 1.222959517045454447e+01 1.882475103640951630e+01 4.164999324202559450e+01 6.548003797983452046e+01
7.294234330642299646e+00 7.666384544696012604e+00 8.265169984720474261e+00 9.491149336484275167e+00 1.216336827284105127e+01 1.842095152316672824e+01 4.129090090090090115e+01 6.405782712922339783e+01
7.146345698564386062e+00 7.594982999865567130e+00 8.074319124732333819e+00 9.210220068072610289e+00 1.169393760955302319e+01 1.807648453742203642e+01 4.078764946855624629e+01 6.340353898980948344e+01
7.027117639720558806e+00 7.265369213166695594e+00 7.838696306219254950e+00 8.955927047598626345e+00 1.149756051268309953e+01 1.755477425965097993e+01 3.931807879292221486e+01 6.200360142751446801e+01
6.909635732542020570e+00 7.149350739474151339e+00 7.643770514223194645e+00 8.718163409970108191e+00 1.120592374616172116e+01 1.733042247195934138e+01 3.931715032945404431e+01 6.188034494758362314e+01
6.718695667339228628e+00 6.935064268569985479e+00 7.516395159700316242e+00 8.608498436971949275e+00 1.086129538729047894e+01 1.673849808081660129e+01 3.857062878460207145e+01 6.070241160315826079e+01
6.505100623824986883e+00 6.863007138561711962e+00 7.308962990904454671e+00 8.360114147512051730e+00 1.088424348958333354e+01 1.655656372507244001e+01 3.779675604804602074e+01 5.887167039554223180e+01
6.386523981270563866e+00 6.702945730794811929e+00 7.165773063132150789e+00 8.144090211389483969e+00 1.036357754039115520e+01 1.637639937041360838e+01 3.681138467660858282e+01 5.832927728613569229e+01
6.238481705773126329e+00 6.561939671993099132e+00 7.038083685131795164e+00 7.997556813473648774e+00 1.012508060718964842e+01 1.546498775323812680e+01 3.587621889883396165e+01 5.711679155173123235e+01
6.059737035028521568e+00 6.336603104440789558e+00 6.937156466156126911e+00 7.869912656710914334e+00 9.972387119869788208e+00 1.530041172258592574e+01 3.562682553068948721e+01 5.682125360230547528e+01
6.005965715459866239e+00 6.288958282495526575e+00 6.682308665143603221e+00 7.458303276999176390e+00 9.769888191763191898e+00 1.510224840207428798e+01 3.453773781031964774e+01 5.518106778351563690e+01
5.881745837293101964e+00 6.122328842396614235e+00 6.597575766650694895e+00 7.455069023765144465e+00 9.506665290014684189e+00 1.458001467513670057e+01 3.410766833782498253e+01 5.498571871003836975e+01
5.718137675545269971e+00 6.049299071285140883e+00 6.408470007904071508e+00 7.261856387384838740e+00 9.167878355445850502e+00 1.435119460520057189e+01 3.329629247286455751e+01 5.377034597025523510e+01
5.556197463555137439e+00 5.828174263688095991e+00 6.239827915536227287e+00 7.108409891469915642e+00 9.059337119711614150e+00 1.391247115535043832e+01 3.298616987932926037e+01 5.324481295496126876e+01
5.468175371674490748e+00 5.700992256721661988e+00 6.091667394426330873e+00 6.854298794989694521e+00 8.770506912442396441e+00 1.354729687739024158e+01 3.217729492187500284e+01 5.215157702329560863e+01
5.351624158542247045e+00 5.539616230143721509e+00 5.942418520520406311e+00 6.779964847293619812e+00 8.532289011816496682e+00 1.341747296596496497e+01 3.153182649794176129e+01 5.128094450150253181e+01
5.208101975951596962e+00 5.453575766420608595e+00 5.827432344149496402e+00 6.593919964366091513e+00 8.362600761307657393e+00 1.292705774826178988e+01 3.108097549093089640e+01 5.057693607751821929e+01
5.050108753879118950e+00 5.326593079821535071e+00 5.787116100838448851e+00 6.428713003362043210e+00 8.215838325899607497e+00 1.277133108586989074e+01 3.052023503627569312e+01 4.948344290007513280e+01
4.938269153520304044e+00 5.241628219781444997e+00 5.581230597321963138e+00 6.272811479818964031e+00 7.977841053993005360e+00 1.244726881780353622e+01 2.979191300675675436e+01 4.885925510620157297e+01
4.859890321469991115e+00 5.139815931008901551e+00 5.469970346715329335e+00 6.208934675709271822e+00 7.759045229043026737e+00 1.219920734155957831e+01 2.886970025230364101e+01 4.798762435299731521e+01
4.736299028427492175e+00 5.024086332792447429e+00 5.346170356086220821e+00 6.025290428353436312e+00 7.656654591728149661e+00 1.185812143796580465e+01 2.847084934976290072e+01 4.706964856804053454e+01
4.636617716588617100e+00 4.840721409574467948e+00 5.220868986301875125e+00 5.924187838030174014e+00 7.424608803074670860e+00 1.160687171846175758e+01 2.809153537941561041e+01 4.624797348416615961e+01
4.531806998176487689e+00 4.764095424574379400e+00 5.079095747979869735e+00 5.660957745977502675e+00 7.213966386851015322e+00 1.134390361967746585e+01 2.741972005669737555e+01 4.583226957260720269e+01
4.449618745524525742e+00 4.632704478002793280e+00 4.968119326117317769e+00 5.663213339067547203e+00 7.059528645097485011e+00 1.107855396514936075e+01 2.699573164298776362e+01 4.558165287072912975e+01
4.266246343108401895e+00 4.545274069020312169e+00 4.845625431629835056e+00 5.429763438404797249e+00 6.836818588886603543e+00 1.079247685185185190e+01 2.634195268215124841e+01 4.447538276277309421e+01
4.241017987918847432e+00 4.454816772359690091e+00 4.758576695910472054e+00 5.397593693818282468e+00 6.743800172018349137e+00 1.062122687439143043e+01 2.605300829875518431e+01 4.393241560597675743e+01
4.120134274408974839e+00 4.307163897958834475e+00 4.695648584503681278e+00 5.216662445047396623e+00 6.568726836253369505e+00 1.043453747141511911e+01 2.528353699932111454e+01 4.300659751742901449e+01
4.059161907961034821e+00 4.250418981953506758e+00 4.524860977401702122e+00 5.102379002156602006e+00 6.477670369488296664e+00 1.013147604054418061e+01 2.505473054696949475e+01 4.231367980278931640e+01
3.930180937335005176e+00 4.130992199165195444e+00 4.379917476596021153e+00 5.011990861287704213e+00 6.241806576797386263e+00 9.760794386247649612e+00 2.438835972700768551e+01 4.203014196159076477e+01
3.851622194611669769e+00 4.054990182450395331e+00 4.346103846930533088e+00 4.823450975028961807e+00 6.098444652955432588e+00 9.575515749056357606e+00 2.387440015223722511e+01 4.100155338365692614e+01
3.766312590921113479e+00 3.941008559431524283e+00 4.211135980005884960e+00 4.776136553918284733e+00 6.008224666634379041e+00 9.340628314331167914e+00 2.326594094669117396e+01 4.065223310656112687e+01
3.702999946916241569e+00 3.888305899386325315e+00 4.121018736306225172e+00 4.597465554342240246e+00 5.787875113180700914e+00 9.047285392049833064e+00 2.296991728059971649e+01 4.024046486801242395e+01
3.609627451659710218e+00 3.761450722681067393e+00 4.046271785237671281e+00 4.508858016823859671e+00 5.660248409251185997e+00 8.974592356483853450e+00 2.223626439539347643e+01 3.892641388174806849e+01
3.509804949664429241e+00 3.694110213191259096e+00 3.966232755116679165e+00 4.426611463861511275e+00 5.559896165116574807e+00 8.762375158528852737e+00 2.203290902892299741e+01 3.886932161363130689e+01
3.436200250293554248e+00 3.617654589238263885e+00 3.848912358133669720e+00 4.337882955984801114e+00 5.381949519529792170e+00 8.411443117541024250e+00 2.169741752383341549e+01 3.807582031618317586e+01
3.350776975034199356e+00 3.510456549711272967e+00 3.761068353807782927e+00 4.201805937845983330e+00 5.254873279098873695e+00 8.382837947882736174e+00 2.099267409169549836e+01 3.736293458907319120e+01
3.260959783337396445e+00 3.404492895419322096e+00 3.682254551353216332e+00 4.138948464503294566e+00 5.146019457904300154e+00 8.159522362102929804e+00 2.075698722249329009e+01 3.697669920019612277e+01
3.195676039176016392e+00 3.367438218476829004e+00 3.584570434646654036e+00 4.051556027884499755e+00 4.978725976538125764e+00 7.873121758220092303e+00 2.025964727570035961e+01 3.654390453453362397e+01
3.120322176958691518e+00 3.264549477303886338e+00 3.504375852545269066e+00 3.950686328220112120e+00 4.882717225609756184e+00 7.727760391710589261e+00 2.012001825201297933e+01 3.561613948742571978e+01
3.029960189267254300e+00 3.194562294578349171e+00 3.429521489018664049e+00 3.861333259888862113e+00 4.797123913830557917e+00 7.581128578732106327e+00 1.929324219217422609e+01 3.537654903017241281e+01
2.972681017889492683e+00 3.147547118334120153e+00 3.332239921137971628e+00 3.758669314878435586e+00 4.664392020616729972e+00 7.278366036678853845e+00 1.904490550867461351e+01 3.484589687619833853e+01
2.898141228756387466e+00 3.029708855144298330e+00 3.299228329108701008e+00 3.664137469828093963e+00 4.570378120194013682e+00 7.227979880687800396e+00 1.891498772492061775e+01 3.472307415881955706e+01
2.842837387789158843e+00 2.952485305298865548e+00 3.202152081389925353e+00 3.563852687129661856e+00 4.419244925671812041e+00 6.987491416841982605e+00 1.850696915133634235e+01 3.384758857839296553e+01
2.780707428232047640e+00 2.931177426106581052e+00 3.114202934275679624e+00 3.490083791404911651e+00 4.440154741830444785e+00 6.898561169001252935e+00 1.784664830119375623e+01 3.322322434360648202e+01
2.717682475518105267e+00 2.803513086708052882e+00 3.033101655495605620e+00 3.387050582871652615e+00 4.371861788331454335e+00 6.718315220528807252e+00 1.765542464860575933e+01 3.268078744524716939e+01
2.654223361407369808e+00 2.794985102549889078e+00 2.960238795467667217e+00 3.389607088921525069e+00 4.322862805928989971e+00 6.507731147127981508e+00 1.736629109977324248e+01 3.206744551137643384e+01
2.608346258104180748e+00 2.696285936982672826e+00 2.903023088362309156e+00 3.313817382922833676e+00 4.251924120304651389e+00 6.420574217449217080e+00 1.702855585374035741e+01 3.196136192939998466e+01
2.538080536036798840e+00 2.655526469152272195e+00 2.867992526050281210e+00 3.270484538028555654e+00 4.145367430276101217e+00 6.245569687639633827e+00 1.658933811316576268e+01 3.166328816333324170e+01
2.457750679158539953e+00 2.550806404851560849e+00 2.751423909033773985e+00 3.170292172480941417e+00 4.054425252032743288e+00 6.117365635179153216e+00 1.626662803138373903e+01 3.069172901422346555e+01
2.398676888368983739e+00 2.532484648705255026e+00 2.735096668188508495e+00 3.174686104910714235e+00 3.967208741163676056e+00 5.985475291812801579e+00 1.596363111413043612e+01 3.037988978472731105e+01
2.363425264004894277e+00 2.461091660551206761e+00 2.666384974774872685e+00 3.085061483240528535e+00 3.851071714743589780e+00 5.805570892226148416e+00 1.564237892988331957e+01 2.990625505799837924e+01
2.293503045796073891e+00 2.409132704028091876e+00 2.572604199819647608e+00 2.985096009625417324e+00 3.816372560909875311e+00 5.658162196840761382e+00 1.522402905219051661e+01 2.978014868207569776e+01
2.261082671250065790e+00 2.339516792375390342e+00 2.505223115927941890e+00 2.942414914035467177e+00 3.736334893153417713e+00 5.558693136070853136e+00 1.492751005732015201e+01 2.948273139794077125e+01
2.184443130837443459e+00 2.270421834729381416e+00 2.476156623104227350e+00 2.867076467559217523e+00 3.617847077209769502e+00 5.422182655038759513e+00 1.468561504798059758e+01 2.878856623724188779e+01
2.179757790840612941e+00 2.252467886580731271e+00 2.410125786011259486e+00 2.797509607075520766e+00 3.513195829497801181e+00 5.323619572008746914e+00 1.432942870485678633e+01 2.826644388137652797e+01
2.113998004283489163e+00 2.181704029057859540e+00 2.359266681801903243e+00 2.748593766002662697e+00 3.455714787998749760e+00 5.152174053578816526e+00 1.395745481927710863e+01 2.822131905385622730e+01
2.083935935400950790e+00 2.113668551878671309e+00 2.304665601748037584e+00 2.660883054042067819e+00 3.323758676133468981e+00 5.001555236964430051e+00 1.392775182778228960e+01 2.775970876871837945e+01
1.997709700057262339e+00 2.077338316389988560e+00 2.284495877699838307e+00 2.629255953518291999e+00 3.244701194936421729e+00 4.953722300487358510e+00 1.353860853361728012e+01 2.753875450301892513e+01
1.982401685914239042e+00 2.024106041729587968e+00 2.200514920148350040e+00 2.524938519973968898e+00 3.183319164515488353e+00 4.829124136895827313e+00 1.332373627059410737e+01 2.698525879968979169e+01
1.926269338024337197e+00 1.995335062468608811e+00 2.144200673287534720e+00 2.489319328248031482e+00 3.120142943426615911e+00 4.703364802730085614e+00 1.298959883432539719e+01 2.645208660142924728e+01
1.892311341286968540e+00 1.940924737583524351e+00 2.119592856107460399e+00 2.424722214450909963e+00 3.027277198512280609e+00 4.608535310039370003e+00 1.273554946798125798e+01 2.640828978505226132e+01
1.858708877148734118e+00 1.896743304214265180e+00 2.045043218415045772e+00 2.353357636369134198e+00 2.977412570743110276e+00 4.484416014485709034e+00 1.255858647151123009e+01 2.591829515235794901e+01
1.813789713794106140e+00 1.864043938014945390e+00 2.028091088432907974e+00 2.306456761330550886e+00 2.864050923159655593e+00 4.395264728151139444e+00 1.218285722055695253e+01 2.569567901978265567e+01
1.777086590435330571e+00 1.842591764453348491e+00 1.952032175616281284e+00 2.241015886687721448e+00 2.819043614976644463e+00 4.298273747830697822e+00 1.188184441297010707e+01 2.554089918321396979e+01
1.743309883622564893e+00 1.779902621445497601e+00 1.912978229078214909e+00 2.188827125769777560e+00 2.710489063385436381e+00 4.154125502593262631e+00 1.177229817708333393e+01 2.497787301962639006e+01
1.703549572669422529e+00 1.744780200779337154e+00 1.874572072271909917e+00 2.145110720198675658e+00 2.680436179494434690e+00 4.091810630693022866e+00 1.153853881467144937e+01 2.482899792776790804e+01
1.674526294376990965e+00 1.711927563364055382e+00 1.819534473462115498e+00 2.075685516477592252e+00 2.592749192431933469e+00 3.962572844504774761e+00 1.134709800727997830e+01 2.457807973553873637e+01
1.638526269280205616e+00 1.680754144507718539e+00 1.773777708931714825e+00 2.034058412689307094e+00 2.528064937776418386e+00 3.894984274007386560e+00 1.106878143251135604e+01 2.424976952246213813e+01
1.609127444742513902e+00 1.634771225487928969e+00 1.729480015749186972e+00 1.969752980701958922e+00 2.473989093531785421e+00 3.828177170283805886e+00 1.086035031026744768e+01 2.414474633945143367e+01
1.566949479643183984e+00 1.597572524540705974e+00 1.687235740882516710e+00 1.924176909815511261e+00 2.418899391506395435e+00 3.722530617603216463e+00 1.065523540811673442e+01 2.368945522268686688e+01
1.538409568859967269e+00 1.561423809630158921e+00 1.643026322473584377e+00 1.885155603923550416e+00 2.332694502714709017e+00 3.663015579971181435e+00 1.036921596388282474e+01 2.368210913024859821e+01
1.524611028608493735e+00 1.544531250000000133e+00 1.619414595122983691e+00 1.827510784699441393e+00 2.287725909157832582e+00 3.548447715200217623e+00 1.018267018739924801e+01 2.315231968002868257e+01
1.488224075130925250e+00 1.500718628619350348e+00 1.581304703456620109e+00 1.776386369669085141e+00 2.235341661707661132e+00 3.484507833041191827e+00 1.000349788660706274e+01 2.286531049546560368e+01
1.475046371672713130e+00 1.470094228837322214e+00 1.545747039792235267e+00 1.732186432153880240e+00 2.185023000220361666e+00 3.390484527236492518e+00 9.899589926509534621e+00 2.269077201980898550e+01
1.434287309359404627e+00 1.453339501096491126e+00 1.511969793030104814e+00 1.698143086020084569e+00 2.118756645473482969e+00 3.319440787330611542e+00 9.720096254469346775e+00 2.246815182596197857e+01
1.408766048635798906e+00 1.409974380754055234e+00 1.460350967812092282e+00 1.664013213981244688e+00 2.081439792687461932e+00 3.250502174405069944e+00 9.476864618479106994e+00 2.231398922343766955e+01
1.401640517482366954e+00 1.381828313399982688e+00 1.436047650989057400e+00 1.603364651416121944e+00 2.023374085778304021e+00 3.167328854175718966e+00 9.213711141002647764e+00 2.186065316859904328e+01
1.382630605154507419e+00 1.368048854673603154e+00 1.410332134214847599e+00 1.583086199884550682e+00 1.955735904484691812e+00 3.087964719768026001e+00 9.113652972177179734e+00 2.194451251997868724e+01
1.343593993733706471e+00 1.338350308787232157e+00 1.376524710446269006e+00 1.540783304692169731e+00 1.910750401347267813e+00 3.028058340443685825e+00 8.839721927966103010e+00 2.163649250333537921e+01
1.334322430122095060e+00 1.305052975574171548e+00 1.345630678502959032e+00 1.504329101644543476e+00 1.871544939823792220e+00 2.954118847516987056e+00 8.673500410630055057e+00 2.126437471242732258e+01
1.319085074771953359e+00 1.291819615093988016e+00 1.330711387475173924e+00 1.458350147536601416e+00 1.803721035135247064e+00 2.891449922360248337e+00 8.588801287478318613e+00 2.114583979528535806e+01
1.281556356913938099e+00 1.273739869335097641e+00 1.290866677005789942e+00 1.435250719769673777e+00 1.780145412784678971e+00 2.824853098290598385e+00 8.448147874699493798e+00 2.116557258515954132e+01
1.269064685536184678e+00 1.248611195107263372e+00 1.262138024052328111e+00 1.401665474799048461e+00 1.730334397949816250e+00 2.755044806051989870e+00 8.234325198185681316e+00 2.082074294121265723e+01
1.267914424668874274e+00 1.232555719811146533e+00 1.244158930122404527e+00 1.374993105695948570e+00 1.684983510345249735e+00 2.694862097827861902e+00 8.039955664600551444e+00 2.045975789963765834e+01
1.247241349753744011e+00 1.203247388826035547e+00 1.224738373968008442e+00 1.326443314931490258e+00 1.636224051672640512e+00 2.618314931505471677e+00 7.918838301603205565e+00 2.054471666633062554e+01
1.225756207123084307e+00 1.192740070846120437e+00 1.183560357811609398e+00 1.289045599138609166e+00 1.604368606978248568e+00 2.581572952294782120e+00 7.778843074459567575e+00 2.028527597402597493e+01
1.217547320679530198e+00 1.174676567055393583e+00 1.175996267250951632e+00 1.270144229800016289e+00 1.568895174455196218e+00 2.535898614253393912e+00 7.620253960741330879e+00 2.018815682301289272e+01
1.208428621527640523e+00 1.160587458425990981e+00 1.153542359037050158e+00 1.246322624733320339e+00 1.523351597599905238e+00 2.450388414610185084e+00 7.449893889193851315e+00 2.013103301665493916e+01
1.190869852315034727e+00 1.157232101235335264e+00 1.128042668783552527e+00 1.217940045050315945e+00 1.485246380210358597e+00 2.380871447363273496e+00 7.249841630282239713e+00 1.988411916092065823e+01
