nan nan nan nan nan nan nan 0.000000000000000000e+00
1.143697166442871094e+01 nan nan nan 3.256495666503906250e+01 3.744955062866210938e+01 nan 1.411767005920410156e+01
3.475563049316406250e+01 nan nan 7.825600179036457860e+01 nan 1.135391235351562500e+02 4.983187866210937500e+01 1.392973225911458144e+02
4.332217407226562500e+01 nan 6.779622395833332860e+01 nan 9.257092285156250000e+01 1.512692260742187500e+02 2.014218343098958144e+02 1.509727172851562500e+02
9.918185424804687500e+01 6.590653483072915719e+01 nan 8.781088256835937500e+01 nan 1.566303710937500000e+02 1.572810465494791572e+02 1.002560096153846274e+02
6.927192826704545325e+01 7.426187744140625568e+01 6.224465506417410410e+01 nan 1.116678022904829533e+02 1.751453653971354072e+02 9.409492187500000000e+02 2.445100142045454504e+03
6.381011962890625000e+01 6.736001247829861427e+01 1.055299804687500114e+02 9.457856750488281250e+01 1.054420242309570312e+02 1.234577178955078125e+02 3.921453247070312500e+02 1.319731987847222172e+03
4.282709757486978930e+01 6.424647013346353219e+01 8.543520100911457860e+01 8.785032435825893060e+01 1.121335449218750000e+02 1.422814565805288680e+02 5.713172052556818699e+02 1.359015017361111177e+03
5.000132349917763008e+01 7.376478794642856940e+01 8.141660563151040719e+01 9.658272611177885381e+01 1.298681815011160552e+02 1.363228759765625000e+02 6.263144906850961888e+02 9.810204081632651878e+02
5.126366126019021863e+01 6.478108097956730660e+01 8.187782915900734793e+01 8.922573852539062500e+01 1.062280151367187528e+02 1.282674560546875000e+02 4.693668077256944002e+02 9.954844820205479436e+02
5.194987936580882604e+01 4.612615966796875000e+01 7.317813387784090651e+01 8.993701171875000000e+01 1.322333266314338118e+02 1.432962979403409065e+02 5.193960597826086314e+02 9.329984780844156376e+02
4.463040098852040671e+01 6.019909667968750000e+01 5.828152901785713880e+01 7.210231933593750853e+01 7.859546638257576490e+01 1.113964146205357082e+02 3.720259486607142776e+02 6.704519292091836178e+02
4.464623623206967551e+01 5.054085484946646289e+01 7.238463800603693699e+01 8.372972313133446676e+01 8.570070167824073337e+01 1.197051441089527088e+02 2.244259982638888857e+02 8.013387784090908781e+02
4.022401906483209189e+01 4.697834889481707421e+01 4.698766371783088402e+01 7.286991514008620641e+01 8.606638454861111143e+01 1.135548354640151558e+02 3.388792229729729684e+02 6.694385775862068613e+02
3.686668464319029681e+01 4.703485979352678470e+01 5.333868272569444713e+01 7.025494650135868824e+01 7.378193359374999716e+01 9.646191987537201840e+01 2.771120935388513544e+02 4.960018325617283494e+02
2.745708282900528374e+01 3.880883789062500000e+01 5.611196185172872219e+01 5.900954182942707860e+01 6.963770488664215463e+01 8.440266601562500171e+01 2.152832031250000000e+02 4.495628255208333144e+02
3.127542850889008719e+01 3.556279481132075659e+01 4.744072808159722143e+01 5.599480827487244738e+01 7.496275916466346700e+01 8.884690824468084713e+01 2.292585784313725412e+02 3.595682899746192334e+02
2.695886988146551744e+01 3.478490556989397220e+01 4.328007450810184764e+01 4.932812500000000000e+01 7.091886901855468750e+01 7.680473188920454675e+01 1.500232259114583258e+02 3.921729731425702425e+02
2.605733625856164082e+01 2.713450840541294440e+01 3.530939205109126533e+01 5.120918439382530352e+01 5.669971923828124716e+01 7.300844804067459393e+01 1.760459526909722001e+02 3.174615859683794383e+02
2.256374923904220964e+01 3.035993652343750071e+01 4.139781697591145360e+01 4.759021210252192446e+01 5.384467546329941712e+01 7.106026785714286120e+01 1.784832589285714448e+02 3.052366547131147740e+02
2.428265342472484534e+01 2.732109946392952082e+01 3.730995342548077076e+01 4.130369599011478954e+01 5.472078339041095774e+01 5.874916770241477337e+01 1.689544898343373518e+02 2.666471894968050833e+02
2.209631638299850920e+01 2.441492168719952005e+01 3.465240409936797761e+01 4.180264442845394512e+01 5.201913482363861618e+01 6.003958484738372192e+01 1.483678768382353041e+02 2.883127279509283767e+02
2.057312612064549029e+01 2.221090124149133516e+01 3.414458422390919878e+01 4.257670943233944882e+01 4.845479910714285410e+01 5.761318824404762751e+01 1.258470458984375000e+02 2.643685673196517314e+02
1.790393973214285595e+01 2.115881347656250000e+01 2.608303860501126081e+01 3.731242453835226769e+01 4.566428407300419678e+01 5.662185841686320487e+01 1.285825794956140271e+02 2.369053370786517121e+02
1.691152528007075517e+01 2.198402592173793835e+01 2.555721561039719347e+01 3.631909395741150348e+01 3.861019025530134030e+01 5.179349396008402806e+01 1.268436472039473557e+02 1.936367904243119256e+02
1.660555471500880387e+01 1.924015429687500145e+01 2.453835430582061150e+01 3.201247300558943465e+01 4.040056170164233151e+01 4.797711512839147474e+01 1.104080581665039062e+02 1.796633693391866871e+02
1.450856865776909643e+01 1.827517798639112812e+01 2.376143634853078268e+01 2.743354847889072801e+01 3.647199745783729696e+01 4.644658687943262265e+01 1.026841179342830799e+02 1.752212729357798366e+02
1.425117936301916899e+01 1.663549613952636719e+01 2.267843010522037517e+01 3.016786228265977243e+01 3.603940920857988317e+01 4.366005859375000142e+01 9.118025067101227421e+01 1.653915998931623790e+02
1.295548801996237387e+01 1.603562499999999957e+01 2.266301967075892776e+01 2.780559935052711040e+01 3.553404715401785552e+01 3.810565071816770200e+01 8.433907833614865979e+01 1.434517182475884169e+02
1.282179499246987930e+01 1.501852222199135589e+01 2.014108072916666714e+01 2.402397841036676951e+01 3.126202323999297761e+01 4.230975375517955683e+01 7.999278714364034215e+01 1.409399629992867347e+02
1.202872522865853711e+01 1.367541184350458217e+01 1.915411739864865126e+01 2.435429050611412904e+01 3.174548549107142748e+01 3.767800531154725974e+01 7.637297092013889710e+01 1.380370664491758248e+02
1.097558593750000000e+01 1.359908870774872369e+01 1.900622921178836577e+01 2.436296290977328383e+01 2.761129954268292508e+01 3.507262290396341342e+01 7.176550532322303866e+01 1.305291301751592243e+02
1.096978152056277089e+01 1.380848170478562764e+01 1.774920624811292313e+01 2.390285669191919382e+01 3.005222167968750213e+01 3.433684994476010388e+01 7.290569887066831711e+01 1.202695552736777387e+02
9.717134021577381375e+00 1.312596747819767451e+01 1.646328662343002236e+01 2.137147529069767415e+01 2.803818524894067821e+01 3.157157279349662105e+01 7.152872470401983662e+01 1.112513870990836296e+02
9.810325366740631381e+00 1.181638799649532601e+01 1.536294999311674125e+01 2.141542424053784899e+01 2.602239280523255616e+01 3.173366859310963406e+01 5.942061096455627478e+01 9.935215448239061686e+01
9.178722944415984131e+00 1.057074085582386225e+01 1.576015896267361072e+01 1.993138199200913263e+01 2.382134194494584989e+01 2.800135317404708601e+01 5.985723039215686470e+01 9.085575476429288244e+01
9.029324937140804863e+00 1.105268351236979107e+01 1.371574837820870485e+01 1.874217089179421691e+01 2.271311237718340337e+01 2.716758706536091594e+01 5.497327182636186649e+01 8.829676829268292693e+01
7.935543097195357554e+00 9.748188476562500426e+00 1.401756010724169776e+01 1.828323137267561904e+01 2.238333646958056633e+01 2.764370989118303612e+01 5.368911020992366190e+01 8.609337663435526622e+01
7.529120052562040755e+00 9.530916341145834636e+00 1.290165764419212202e+01 1.637374828226791479e+01 2.175979159740691316e+01 2.491482085622710585e+01 4.666578311011904390e+01 8.154803800462573804e+01
7.010980331688596578e+00 9.047980057565789380e+00 1.172293436488673279e+01 1.579512545806188939e+01 1.996437614515472347e+01 2.537312748015872899e+01 4.426436673677884670e+01 7.512460842764753011e+01
7.357966330199114502e+00 9.351346412800852548e+00 1.190751369644261004e+01 1.635569791267254658e+01 1.990005054412939245e+01 2.419804944490131504e+01 4.748421274038461348e+01 7.392168489992151592e+01
7.103021397158322259e+00 8.519188838934748986e+00 1.096617582845543737e+01 1.507893932208466303e+01 1.834463250265580925e+01 2.379904269366197411e+01 4.424633789062500000e+01 7.272705815709969102e+01
6.582836401879371024e+00 8.091714548510173799e+00 1.113949743722904628e+01 1.465325755141387987e+01 1.820633370535714235e+01 2.322211788862179560e+01 4.224381055778631122e+01 6.596444928997195234e+01
5.859332763351900120e+00 7.153702137082121659e+00 1.016930236077481808e+01 1.348658368740862556e+01 1.702504132556675032e+01 2.281908831908831914e+01 4.016875906088917247e+01 6.348802259290540917e+01
6.113023006258022640e+00 7.553647971791362714e+00 1.025144706320027943e+01 1.370471221107056081e+01 1.681127387152777786e+01 2.047935642149390389e+01 3.836218843005951840e+01 6.294834541159512753e+01
5.871321151358344537e+00 7.355920524240653791e+00 9.659689353330291439e+00 1.265874112679503938e+01 1.625424062854308360e+01 2.025985373590225436e+01 3.630529508422544183e+01 5.811496489621489303e+01
5.396785229037266873e+00 6.662990962886155444e+00 8.645044290794515973e+00 1.197839297615521481e+01 1.434640518112562191e+01 1.917881969620069427e+01 3.475427634092298490e+01 5.601985907949172372e+01
5.067969712130541815e+00 6.281148003472222463e+00 8.067709767345816019e+00 1.161031601311563222e+01 1.473854298634572046e+01 1.849034972584575698e+01 3.486268971985132481e+01 5.544997577519379917e+01
4.974010947727844467e+00 6.221322460091990969e+00 8.888928356799450370e+00 1.152027021135602602e+01 1.431497112771739211e+01 1.840199512768817058e+01 3.269518343887665424e+01 5.127058722527472412e+01
4.746026635644920333e+00 5.948818190273268414e+00 8.119003066196237128e+00 9.830418067642403557e+00 1.378241451202876888e+01 1.757741783405172242e+01 3.265281379668049766e+01 4.919482861302276433e+01
4.605773925781250000e+00 5.610249837239583037e+00 7.537384395071639709e+00 9.976305111434108142e+00 1.269943781118972836e+01 1.611316565688775526e+01 3.035045144086826241e+01 4.753929489960336952e+01
4.367443632703892575e+00 5.422985186792695700e+00 7.235565765328151322e+00 9.766224973114878694e+00 1.291397190978664256e+01 1.616408696110308441e+01 2.941584800606343109e+01 4.709156116895409383e+01
4.086836160078347824e+00 5.181064605712890625e+00 6.883642381237399022e+00 9.335572130926724554e+00 1.263866997507295764e+01 1.586822129693223360e+01 2.783318988347457434e+01 4.427640073700092671e+01
4.144012533875338633e+00 4.963246149647516425e+00 6.881955315085018121e+00 9.513596895482208993e+00 1.179302083333333329e+01 1.562433332439965739e+01 2.848777553013392705e+01 4.124841723501788948e+01
3.972165730980751874e+00 4.849763525223976579e+00 6.778076984323003096e+00 9.149102500536020699e+00 1.194621205757168525e+01 1.506348542422867531e+01 2.521235795454545325e+01 3.996364560737526972e+01
3.866794138572679618e+00 4.496704894226867033e+00 6.120443760096931030e+00 8.268814843750000421e+00 1.119724298944536400e+01 1.432061285980273801e+01 2.415362668504901933e+01 3.756453722334003942e+01
3.607978177357868965e+00 4.622356844101688012e+00 6.166515186674917715e+00 8.158225537909835623e+00 1.079343285118809881e+01 1.387043180572169021e+01 2.484363974294354804e+01 3.732951268374846876e+01
3.537397027637956715e+00 4.344676023835589262e+00 6.162690482515455592e+00 7.976316804339172784e+00 1.026303476327890429e+01 1.311104888674960556e+01 2.395607021313593066e+01 3.573438392517136464e+01
3.479779246217578947e+00 4.223828428280278935e+00 5.566778582457596158e+00 7.250840201868829382e+00 1.007109647952251485e+01 1.240179452116212389e+01 2.332676747862081612e+01 3.359832302681268601e+01
3.196370384786477281e+00 3.843479942908653690e+00 5.347887193834459651e+00 7.212403101950698669e+00 9.591767035590278212e+00 1.256710774497019401e+01 2.161510935277382828e+01 3.161790952166064983e+01
3.146604641317733986e+00 3.792827776410760965e+00 5.365829946748879031e+00 7.028035689373404615e+00 9.305408395922746934e+00 1.220843441611842017e+01 2.083989471306417585e+01 3.150857219827586064e+01
2.984150050196514137e+00 3.612300242807217288e+00 4.960517697217987632e+00 6.728456694504310498e+00 8.807450567152503851e+00 1.172217131772976551e+01 2.064573899872448948e+01 3.111680858454024801e+01
2.882928967641689599e+00 3.534911188089622680e+00 4.614321119825095963e+00 6.592672072784810489e+00 8.341317806603774088e+00 1.127532200168919019e+01 1.933526444652145670e+01 2.940776916802609975e+01
2.758685661764705532e+00 3.390540267049001244e+00 4.489058223083941535e+00 6.287051713646357065e+00 8.187724524876390575e+00 1.115933350503662957e+01 1.887852047748447148e+01 2.897725914069731701e+01
2.701111980687791903e+00 3.232461282313997319e+00 4.297865091703400253e+00 6.138118530121420058e+00 8.357994528377757248e+00 1.065469649136828778e+01 1.830868884597378354e+01 2.758065786403235720e+01
2.569109480277933955e+00 3.212745766293846117e+00 4.368621677305640105e+00 5.770397388471731226e+00 7.733085393074913050e+00 1.051600378110697953e+01 1.809051535087719387e+01 2.663121744791666856e+01
2.536805863813920148e+00 3.114231114254252475e+00 3.998427972560975707e+00 5.625776383776897482e+00 7.617236150136694306e+00 9.843521028722156174e+00 1.701576498506825885e+01 2.637833055596249565e+01
2.381471107448388302e+00 2.987893129006410131e+00 3.819683271585051720e+00 5.414328624851895810e+00 7.397797701082624577e+00 9.899084808629588395e+00 1.684320373196448273e+01 2.489947582892170885e+01
2.298071302111170500e+00 2.757127067533995390e+00 3.847174192497103018e+00 5.176479875548811727e+00 7.013735516151686333e+00 9.385008495382415106e+00 1.606755997649336365e+01 2.366952300852042157e+01
2.279416822350543548e+00 2.695775995399746439e+00 3.721435805772800087e+00 4.995795209903120870e+00 6.581075032552083925e+00 9.230793207039761583e+00 1.567227431475105881e+01 2.265494213567511395e+01
2.159037878158244883e+00 2.557321765075377229e+00 3.508470925115279027e+00 4.773388572021984189e+00 6.395229988302139290e+00 8.497067344224925378e+00 1.515257747463579818e+01 2.225984915172855239e+01
2.037059846737254265e+00 2.529789054703093676e+00 3.356896911924751148e+00 4.608306915191923814e+00 6.374113508798543215e+00 8.518379081855643520e+00 1.465060848825831563e+01 2.189812908599446928e+01
2.031554274893334622e+00 2.382580007759250496e+00 3.225571009769477637e+00 4.494356377180232620e+00 6.160334458323140971e+00 8.240054232402911794e+00 1.413874736744301330e+01 2.077042011438306091e+01
1.927332120107604796e+00 2.367065545175023544e+00 3.090103701636904621e+00 4.309328242813383447e+00 5.822161476367728739e+00 8.077206041186636654e+00 1.396109378613552288e+01 2.068661423313238856e+01
1.871410220345259834e+00 2.223674905711206851e+00 2.969933609936119101e+00 4.062038700423350690e+00 5.562607431096553867e+00 7.544563221886726012e+00 1.368774347899728916e+01 1.999912850058343139e+01
1.788373887142777896e+00 2.085683449607933504e+00 2.920388632517317173e+00 3.992805589226584573e+00 5.324895119180484748e+00 7.641267039752453805e+00 1.321148099326413394e+01 1.873332636566332354e+01
1.720792546730895989e+00 2.126966607702315049e+00 2.755006880326704710e+00 3.904455698759382809e+00 5.205421599514014730e+00 7.346000451115485497e+00 1.288440016824801404e+01 1.892784846927736808e+01
1.641280626467136239e+00 1.992126664305045036e+00 2.655974133699978701e+00 3.692765472628546153e+00 4.956072922069502340e+00 7.092991552982232939e+00 1.234686829399141494e+01 1.844579459002535771e+01
1.642074486347479434e+00 1.867352125102291316e+00 2.564713113701725611e+00 3.549814942195073098e+00 4.901683474677180463e+00 6.901254569089785740e+00 1.213441667959057035e+01 1.754271754682622486e+01
1.527209785657051233e+00 1.814422728427339315e+00 2.474894495682403051e+00 3.403962076292752492e+00 4.712232220362102986e+00 6.517256025161681343e+00 1.177459126448840898e+01 1.733664801244729858e+01
1.513056814219695623e+00 1.774959342318227051e+00 2.404927668036631161e+00 3.253155283379013163e+00 4.519076806129129764e+00 6.299431250616613909e+00 1.143672203387710162e+01 1.663485955125667815e+01
1.430158971862343531e+00 1.709686160366328922e+00 2.288986646784738621e+00 3.149075146787655211e+00 4.404202106235784342e+00 6.157159587523946875e+00 1.089759242624810831e+01 1.601961166841402928e+01
1.378898002605112749e+00 1.629010023839834842e+00 2.212561763934234982e+00 3.027726579205274771e+00 4.217459222924618167e+00 6.018333619505494170e+00 1.074958417808538336e+01 1.568728460320417284e+01
1.333497883637280168e+00 1.582934402197302859e+00 2.135711816741838742e+00 2.945155038759689869e+00 4.131474705520393975e+00 5.907377230027482717e+00 1.030310314192238152e+01 1.534145625114615719e+01
1.321143947630124105e+00 1.550633894890260489e+00 2.063284243295019138e+00 2.847314320078337957e+00 4.011261959090066220e+00 5.570264278854454076e+00 1.025070188223065770e+01 1.467120588036422646e+01
1.273904983126767476e+00 1.485528613543062981e+00 1.967248381929916246e+00 2.706881357394052667e+00 3.740913406609681857e+00 5.511446951486013823e+00 9.765507920781358209e+00 1.419722222222222108e+01
1.217045456098067469e+00 1.409555440321765607e+00 1.907892400568181879e+00 2.616806918132611681e+00 3.751450128424657748e+00 5.337157686242942845e+00 9.432179189955961718e+00 1.421966154589778064e+01
1.168503485785590268e+00 1.350543933081328252e+00 1.805084431695239910e+00 2.504963761840254932e+00 3.512917493386243262e+00 5.125557538758905629e+00 9.191446453768259417e+00 1.340118264411027660e+01
1.128706042333768256e+00 1.337160774718153311e+00 1.778693108809621615e+00 2.417322045719520585e+00 3.510138476431329924e+00 4.920791656312127671e+00 9.093633511431411520e+00 1.287212658462298265e+01
1.096694456777039361e+00 1.254611021456724540e+00 1.692496163504464191e+00 2.349789779798119760e+00 3.355695033996619170e+00 4.814157289389443761e+00 8.693792309508815208e+00 1.254374362445072322e+01
1.068416635171080875e+00 1.247067270492212554e+00 1.610921425394492568e+00 2.302274745950489088e+00 3.211968522259188497e+00 4.668173960908528208e+00 8.466430966966500549e+00 1.210562230814408835e+01
1.013535823228316701e+00 1.170224897520445673e+00 1.585724626507675428e+00 2.182771141849347174e+00 3.128790885262846988e+00 4.526222614326862903e+00 8.348196649522957813e+00 1.193333397180508726e+01
9.963498124110620191e-01 1.142990517252787885e+00 1.496842215834237377e+00 2.114873446637426824e+00 3.006907904326026060e+00 4.319869217766170166e+00 8.165164612075500372e+00 1.180983654272619887e+01
9.653165452603856833e-01 1.113901977190886905e+00 1.455071715240300323e+00 1.932595881743125910e+00 2.836695613657147064e+00 4.225965583394970082e+00 7.722020682034917982e+00 1.101571325126719714e+01
9.378292499728102527e-01 1.076126339742346172e+00 1.379319633871822104e+00 1.994198278801762925e+00 2.764943275540168166e+00 4.174295491861792939e+00 7.585551352077363418e+00 1.071114756722150929e+01
8.986413290334301918e-01 1.037851254453168170e+00 1.329810244734116020e+00 1.875442025907370969e+00 2.659838501179900394e+00 3.954786516364902749e+00 7.294183220900388953e+00 1.037552097804945817e+01
8.804493981027083915e-01 1.014333151185941917e+00 1.295088480855082436e+00 1.799569338642659444e+00 2.585843912760416696e+00 3.833851872485432910e+00 7.176448773734176889e+00 1.019425881187430427e+01
8.395893630586139800e-01 9.832266591581494408e-01 1.271539283204196513e+00 1.730995020487622549e+00 2.473146797640536576e+00 3.814700863486842231e+00 6.974344791666666765e+00 9.826929369714054729e+00
8.234009584827248762e-01 9.185800193843984829e-01 1.221925854188278038e+00 1.685190821382972048e+00 2.398689207789559408e+00 3.587939531166755458e+00 6.804849922037422338e+00 9.611950058487131798e+00
7.857377553324670361e-01 9.001229590471092612e-01 1.165132282033577438e+00 1.636609157399270043e+00 2.330301325208123053e+00 3.537086722777062153e+00 6.502220331053175428e+00 9.528877628353972895e+00
7.675563044640577592e-01 8.687878650086847676e-01 1.135584887097311091e+00 1.570133368637633531e+00 2.299873639350156651e+00 3.401207828047263515e+00 6.390416125506842349e+00 9.141093650919467350e+00
7.285977361682883791e-01 8.425209005042989530e-01 1.095472171532846817e+00 1.523514366051939017e+00 2.137794310309095280e+00 3.310893189014317617e+00 6.174911362648956903e+00 8.780995568084060565e+00
7.152378696570576011e-01 8.174433777031701043e-01 1.071085905558561757e+00 1.441882616252990523e+00 2.138350839689960647e+00 3.260007000861644855e+00 6.028994967898004376e+00 8.675339229464501756e+00
6.991265284489658338e-01 7.722189685378628710e-01 1.010536759121342554e+00 1.391280632933709294e+00 2.019122067992874303e+00 3.087247348473665554e+00 5.828336974229857859e+00 8.377679826616683201e+00
6.651798917023433733e-01 7.590071890838637758e-01 9.965051997710192566e-01 1.365220894842791521e+00 1.994811754908835999e+00 2.978327668308109910e+00 5.637363041941564568e+00 8.200340556704075468e+00
6.473134427364485299e-01 7.475309509135731334e-01 9.399499489238030137e-01 1.285792413290627767e+00 1.894766714462438273e+00 2.879861277347377069e+00 5.575838886077373324e+00 7.951963803698598454e+00
6.180851597831181765e-01 7.142913281972710360e-01 9.023239369646076646e-01 1.274257415488289968e+00 1.810253973816593476e+00 2.885484170320825825e+00 5.421595476675724612e+00 7.684913738446798703e+00
6.082236780355777528e-01 6.922084892661817257e-01 8.718899907292546603e-01 1.213078796195042663e+00 1.767204176099612001e+00 2.742687732949488311e+00 5.209219206970320037e+00 7.618275489552565283e+00
5.873991278471459854e-01 6.686193811738124770e-01 8.638755586701341027e-01 1.155934390858707195e+00 1.696159779681252644e+00 2.696051122605467310e+00 5.126420690658244794e+00 7.337460793232674305e+00
5.664375902599486645e-01 6.478921746472824372e-01 8.123585928400306466e-01 1.121757530353870269e+00 1.656176048275685542e+00 2.589434788699894519e+00 4.996864850681242309e+00 7.349661668614534626e+00
5.420558855291576217e-01 6.326904296875000000e-01 7.864950269374222369e-01 1.100876706057513310e+00 1.598454760564135491e+00 2.502328118348233321e+00 4.896686478843736978e+00 7.074460310505388705e+00
5.337417392818096795e-01 5.982187230930915423e-01 7.542879737299532650e-01 1.053927645489327380e+00 1.534460504636556033e+00 2.397771162776104692e+00 4.646907776945346846e+00 6.891769521410579635e+00
5.258069591110019481e-01 5.941547256290502510e-01 7.427950929113700251e-01 1.034209163014481625e+00 1.522725668298192891e+00 2.329968596500204825e+00 4.602498783739385146e+00 6.552969653087608926e+00
5.020757391081978049e-01 5.681374289772727071e-01 7.179373942024517286e-01 9.786355965426329906e-01 1.428434981178702712e+00 2.312481293368843005e+00 4.543784222079715995e+00 6.464041117116223312e+00
4.844075273006281379e-01 5.492977050781250314e-01 6.980384236167933576e-01 9.520592714858580052e-01 1.375749165171451294e+00 2.224207470440809686e+00 4.355742912558004498e+00 6.257420850335178919e+00
4.715886756718124517e-01 5.316658763335444515e-01 6.605722498218554728e-01 9.064524487714927803e-01 1.337238791460048759e+00 2.149725308339859087e+00 4.273297461826631505e+00 6.119888551540284105e+00
4.507654347749150414e-01 5.132962120126146610e-01 6.552418501840044929e-01 8.687594884347707991e-01 1.289843118521776466e+00 2.119052076586787514e+00 4.156313039708380508e+00 6.018694778818785451e+00
4.443332501311800242e-01 4.976783790890478842e-01 6.367358389537003394e-01 8.487208938744733588e-01 1.249906106490815461e+00 2.028920885820413300e+00 4.044331235532407476e+00 5.928654092950774945e+00
4.221545891893149771e-01 4.769300349105206061e-01 5.945512123956837591e-01 8.129481749349892761e-01 1.206137012926189467e+00 1.977392843976860215e+00 4.012021747541878902e+00 5.765770137054913036e+00
4.152040826520825845e-01 4.684917760056132585e-01 5.885766811125268116e-01 7.712700457791918929e-01 1.147141423438609031e+00 1.888687918526785747e+00 3.866794854285586780e+00 5.595913881456747951e+00
4.028010891615146916e-01 4.537043842516447212e-01 5.657272418923793289e-01 7.666493882383003111e-01 1.149195139481573813e+00 1.875932126322751525e+00 3.825048862342326217e+00 5.446681885109001087e+00
3.967084932922713691e-01 4.368736909761665177e-01 5.431897283473579030e-01 7.340351010379858598e-01 1.107120001222779759e+00 1.834831569505774418e+00 3.687745991449862260e+00 5.354109007336980142e+00
3.830877400297367785e-01 4.272560277478447688e-01 5.260830920505881192e-01 7.127884771420622823e-01 1.047367727944395810e+00 1.720372245799039579e+00 3.610191045168067436e+00 5.204433522145962776e+00
3.636095093334495987e-01 4.170136873280013701e-01 5.066798147547658671e-01 6.961244095203488191e-01 1.031282467614742071e+00 1.690484521223261982e+00 3.501097538193291392e+00 5.072369958253717392e+00
3.579951659027089117e-01 4.052616820043446477e-01 4.922201959232664348e-01 6.774780939204363417e-01 9.952646874213770811e-01 1.624488375900458470e+00 3.387152490056346998e+00 4.936625785009379541e+00
3.511934280395507812e-01 3.800215462567977376e-01 4.833396160540803232e-01 6.334860357025337008e-01 9.610015368852459217e-01 1.584722302623630785e+00 3.346713556719652871e+00 4.912449454104327096e+00
3.352611671908320989e-01 3.759799846686843194e-01 4.566507121078841047e-01 6.366919359640169640e-01 9.172610623719262835e-01 1.514066213996084986e+00 3.228011592741935498e+00 4.680276910139355984e+00
3.270662401948380427e-01 3.596585524397356015e-01 4.426722935267857206e-01 6.004731240607660281e-01 9.018162977765350474e-01 1.454033333085788859e+00 3.145456066119840077e+00 4.679761380662359471e+00
3.144486496949515653e-01 3.595352267862702567e-01 4.408144191892258701e-01 5.882369942550109698e-01 8.865885719758690442e-01 1.477177944066334403e+00 3.149243415911222144e+00 4.657703213496004579e+00
3.095032103761227726e-01 3.443604632121760600e-01 4.173312052956700824e-01 5.517730481766889294e-01 8.399413769765436966e-01 1.372317858361127962e+00 3.049002856687180962e+00 4.449892997307750342e+00
3.046458798020203473e-01 3.228950068194869627e-01 3.995929874785959512e-01 5.492973496180043602e-01 8.091833244363649813e-01 1.359621983707823389e+00 2.949602995298921559e+00 4.369771126925089177e+00
2.908093971803292210e-01 3.239180809167045982e-01 3.911884768425580305e-01 5.292229884101303794e-01 7.865938037403267247e-01 1.288997211649419494e+00 2.856512622298481130e+00 4.258600225246059523e+00
2.851456899773280873e-01 3.173865758784683022e-01 3.807838146503155219e-01 5.056600257467440684e-01 7.612615868208516545e-01 1.261720586174790215e+00 2.834496353712583794e+00 4.109313371244867064e+00
2.785776037201743160e-01 3.066525342987804770e-01 3.671718231619220951e-01 5.007190954216703682e-01 7.288395492485285621e-01 1.263217873534470570e+00 2.734787035219811813e+00 4.050679955207664662e+00
2.706072996265866393e-01 2.973364040072812298e-01 3.578252866947450594e-01 4.863658956348094198e-01 7.192629546637238080e-01 1.218505788956590674e+00 2.655849010800936494e+00 3.989720235261970505e+00
2.615666652417033555e-01 2.845937121277701265e-01 3.413515143748269698e-01 4.621331734682391779e-01 6.894888267076690891e-01 1.171049234177866216e+00 2.616253985306348895e+00 3.869251756445353241e+00
2.559959524071338532e-01 2.806398498736592528e-01 3.412988254669638288e-01 4.487758692849446174e-01 6.704305460164835528e-01 1.140815757887517101e+00 2.549300603400987519e+00 3.843541510654231441e+00
2.508188843128386636e-01 2.743803093432730655e-01 3.320362643137071412e-01 4.355038150326236424e-01 6.440001198460946208e-01 1.106397467491610609e+00 2.526783242449664346e+00 3.726531239403187534e+00
2.410179391897420975e-01 2.634979882970818754e-01 3.189295132531624333e-01 4.261134351386915431e-01 6.307459724019970349e-01 1.062501033399470884e+00 2.429248537480169112e+00 3.664851489262682005e+00
2.351610254767506625e-01 2.570423919882550146e-01 3.082391205685565683e-01 4.082253885668569171e-01 6.198103638006240423e-01 1.034594226166396957e+00 2.318947292533142690e+00 3.609109031649721633e+00
2.323564925209726240e-01 2.485242307726349964e-01 2.941798955559254414e-01 3.944051778829610888e-01 5.860232808790557524e-01 1.005535772356130897e+00 2.339089769471216496e+00 3.472556591800012971e+00
2.246562415618148789e-01 2.430980595436544878e-01 2.884207553868368135e-01 3.863197360269823855e-01 5.765981640427415567e-01 9.858061389370028627e-01 2.273533256128392299e+00 3.442411966390948486e+00
2.183756801505812584e-01 2.363849513590677021e-01 2.842982788085937629e-01 3.710763200147704777e-01 5.556094226856561624e-01 9.433828607010198430e-01 2.221272091599698850e+00 3.346443601536480017e+00
2.133910777102733525e-01 2.284577888453266648e-01 2.726959295784349702e-01 3.597143832944901809e-01 5.376634322903944829e-01 9.317493834243107953e-01 2.136767722160767047e+00 3.273237678901200542e+00
2.063965836191565262e-01 2.232612117162655896e-01 2.677808950173696245e-01 3.548081024731595257e-01 5.231142951882973291e-01 8.941998294056738850e-01 2.104595762310605966e+00 3.235746350699322260e+00
2.026885364686987767e-01 2.194012686548781066e-01 2.560097334981252803e-01 3.311866188095309860e-01 5.000621966244945815e-01 8.804054411807665792e-01 2.051574485835950590e+00 3.151142132929970696e+00
1.972892496601263979e-01 2.163929198036470825e-01 2.497777050550384070e-01 3.304722239152742547e-01 4.893726121669279006e-01 8.502853620641802612e-01 1.982084835382755372e+00 3.077644889239564030e+00
1.915181239855083262e-01 2.098558846413946799e-01 2.451746225411352842e-01 3.170508129108879358e-01 4.811275102018900407e-01 8.160400966972084502e-01 1.945908545341146434e+00 3.011626011855791596e+00
1.871106912511183995e-01 2.041866966629287405e-01 2.376492942296105082e-01 3.115358270559583365e-01 4.685167318015138749e-01 7.948986710933947375e-01 1.918961941625845657e+00 3.001939932018936830e+00
1.831497888842064381e-01 1.998799914283871659e-01 2.304706768423163132e-01 2.990158501021359383e-01 4.412041103013143450e-01 7.752974756182887672e-01 1.837518776613225713e+00 2.926881223942193966e+00
1.794213708636564208e-01 1.920373040276604770e-01 2.253166800915645529e-01 2.973814742886466411e-01 4.330831449325770466e-01 7.582455713669156161e-01 1.826039151278409101e+00 2.840352674528835664e+00
1.729664357328228874e-01 1.863555539390381321e-01 2.204727478632184656e-01 2.841878666400071141e-01 4.178791689636163209e-01 7.215719703597425205e-01 1.774196774121480580e+00 2.810066273246509372e+00
1.709870234291354374e-01 1.874294605858424778e-01 2.154707499553178696e-01 2.744390762440528930e-01 4.081075964317474325e-01 7.259725600201656359e-01 1.743811441787999073e+00 2.729438506505165396e+00
1.643671207988607330e-01 1.808788861952145277e-01 2.095058206258808564e-01 2.672501089771803784e-01 3.926668378415805183e-01 6.899845363560990208e-01 1.692698193474363011e+00 2.678438279322643112e+00
1.610131435706967096e-01 1.748986683721127644e-01 2.063436264904876527e-01 2.596309099539342857e-01 3.852810153024500694e-01 6.756270724477491108e-01 1.640891884059901829e+00 2.658615706972697890e+00
1.566280877722661946e-01 1.710319527283835628e-01 1.961440993433109237e-01 2.527023328709747663e-01 3.687704714188664301e-01 6.680024032108878851e-01 1.617221132139857298e+00 2.610489305958344275e+00
1.535313854566801584e-01 1.668692479177263377e-01 1.945512763420399471e-01 2.430141256313131382e-01 3.601691556108255754e-01 6.437595667820226186e-01 1.571608405565693367e+00 2.563274439499921620e+00
1.497094558397373265e-01 1.623680801314459077e-01 1.858856055940280305e-01 2.372193285127375817e-01 3.473886580510616717e-01 6.194040961161714209e-01 1.549570755376274089e+00 2.540128676000715569e+00
1.456733750805412342e-01 1.583443550972847835e-01 1.825968180679860553e-01 2.296218402708870843e-01 3.404112873419657403e-01 5.989941926869746247e-01 1.522860565431260138e+00 2.499506918888945162e+00
1.425830348668684633e-01 1.553196895608513206e-01 1.775248598549196144e-01 2.256600682749346498e-01 3.273794912856354267e-01 5.889422890686979439e-01 1.486026915710607854e+00 2.433017616735898780e+00
1.416337629892293892e-01 1.531052802019058634e-01 1.740521524601329750e-01 2.176173257931644789e-01 3.210505156544460337e-01 5.664002740205223985e-01 1.449785723996440678e+00 2.364146721798399131e+00
1.364319742222674658e-01 1.476481327679799727e-01 1.702294950490818304e-01 2.113855709819673911e-01 3.070831708853167252e-01 5.526745922751368223e-01 1.392286111790606684e+00 2.326635789410057775e+00
1.347679848012986736e-01 1.443670238473962475e-01 1.636310274873065684e-01 2.081789101036330969e-01 2.987435374540440836e-01 5.366645109898610100e-01 1.367944143108264399e+00 2.305939861023945436e+00
1.288696509678493307e-01 1.410578228496980335e-01 1.594357274920079615e-01 1.988057149706404236e-01 2.902709250826843723e-01 5.154236902258947373e-01 1.335908007116394680e+00 2.235600449947451107e+00
1.260500898286651128e-01 1.388340964748896178e-01 1.571442428659618751e-01 1.945406119527357536e-01 2.815377321646195807e-01 5.094146419234844014e-01 1.297819796818527660e+00 2.198298962253057542e+00
1.219247539069832909e-01 1.326747467331234054e-01 1.540987926268893582e-01 1.884332665123493178e-01 2.728204981718464484e-01 4.882231407969594983e-01 1.271564647891425981e+00 2.149646753911855779e+00
1.204415480414699341e-01 1.315567353090258962e-01 1.495572140342310841e-01 1.828835919581421887e-01 2.620796959602737508e-01 4.739574589257595227e-01 1.228446913954293507e+00 2.115256686700004884e+00
1.164855872471598774e-01 1.282614893561241642e-01 1.442198537944411885e-01 1.775327660571569544e-01 2.533390447443181759e-01 4.618116184886445486e-01 1.205935718992160899e+00 2.070724725324410986e+00
1.144604327578845893e-01 1.256748332285652914e-01 1.427342402684309286e-01 1.727519712325031598e-01 2.534310640812175719e-01 4.519254955137267382e-01 1.178262246621621712e+00 2.045796006434031256e+00
1.119273917377897054e-01 1.247990073685920354e-01 1.407548576316860756e-01 1.676521036501434636e-01 2.397275210889570629e-01 4.349973471067221098e-01 1.160640984831709632e+00 1.994464617024811703e+00
1.090720012081814738e-01 1.191881982567989801e-01 1.353194879463501532e-01 1.629494511651747302e-01 2.326791864840121460e-01 4.190941294013308394e-01 1.119426083046820120e+00 1.969926108173390755e+00
1.073748638633631597e-01 1.172166893125999171e-01 1.307587455848394642e-01 1.588757244798993384e-01 2.288196971090284970e-01 4.144011135482387198e-01 1.095928003460337141e+00 1.954005856061594493e+00
1.039674958210805300e-01 1.137493815268654229e-01 1.288119482233613944e-01 1.558727433287480924e-01 2.184753365234037570e-01 3.977980880003584852e-01 1.068260198150951412e+00 1.890382787021541500e+00
1.015515364127125703e-01 1.123475781638810511e-01 1.259798933883298777e-01 1.493029213477100603e-01 2.148377075195312402e-01 3.894139925909749222e-01 1.056389256391685016e+00 1.866432930368525422e+00
9.922988905762253342e-02 1.090363634754582950e-01 1.228935938730621041e-01 1.460694727560470640e-01 2.075789055856717413e-01 3.822315462912774797e-01 1.012172013760891387e+00 1.814560806950849647e+00
9.644700384558575756e-02 1.068436255628953807e-01 1.197040187075267687e-01 1.424120838846795190e-01 2.003684020456313331e-01 3.616011311389488725e-01 9.804082862025784717e-01 1.794042088239532262e+00
9.365165332258777731e-02 1.045080887643914519e-01 1.193655162303658285e-01 1.383439335655829994e-01 1.960449218750000000e-01 3.513124057001841272e-01 9.771461555866381987e-01 1.767322747272540129e+00
9.157397505963835171e-02 1.027570991025856251e-01 1.133624044473115211e-01 1.337046397587335067e-01 1.889845211073238329e-01 3.448919924073404197e-01 9.401349598916923789e-01 1.712752834902208088e+00
9.108951103661795667e-02 1.001581547897671814e-01 1.116579741529907382e-01 1.317947544122786419e-01 1.849028838947014142e-01 3.324681745537150235e-01 9.234913285956325435e-01 1.687844669117647189e+00
8.750495330030010066e-02 9.837811205760542410e-02 1.087355616650119566e-01 1.288909788796064326e-01 1.780634111771058348e-01 3.223533213034624478e-01 8.726635930372030892e-01 1.669153615527239731e+00
8.659231121781683915e-02 9.610761667683982712e-02 1.066639909643811862e-01 1.248263217435024580e-01 1.737402715125376251e-01 3.138545565074018495e-01 8.846514554928694984e-01 1.638846667104597365e+00
8.388328014964788193e-02 9.255122701363427407e-02 1.040611983715164501e-01 1.208481287377863866e-01 1.666452527961789498e-01 3.034712785753212461e-01 8.487776184082030939e-01 1.578863318165908192e+00
8.277770750517447762e-02 9.089250203881428514e-02 1.005804460954094620e-01 1.173311919289338895e-01 1.628988912380290310e-01 2.939353337959050294e-01 8.291286602854855969e-01 1.566126457358591129e+00
8.106545758501186583e-02 8.993843816496874255e-02 9.864685728704504497e-02 1.149498495229276107e-01 1.575302713966170165e-01 2.825794704303487559e-01 8.077706034046620021e-01 1.525533665402238448e+00
7.844492271201233824e-02 8.724872152034436612e-02 9.774293655370377976e-02 1.129785827655163943e-01 1.538042380509147267e-01 2.796072599888559385e-01 7.904978225136033432e-01 1.493889110631104522e+00
7.632493540936312326e-02 8.556188786983347228e-02 9.493222285144561901e-02 1.088866100659407893e-01 1.481825968365181601e-01 2.683403705625835856e-01 7.592007449875146641e-01 1.469814564258442147e+00
7.407554566739227297e-02 8.335740629926279011e-02 9.275094804972629225e-02 1.068697469420654828e-01 1.432902621939911025e-01 2.603170091860761981e-01 7.435215069429208512e-01 1.436465111183510057e+00
7.251896372627295029e-02 8.199804485820180733e-02 9.141221077350132618e-02 1.040079155350784740e-01 1.403728749235155226e-01 2.515168792755826943e-01 7.125333426138813486e-01 1.392822011211326316e+00
7.091215721811959527e-02 7.860479693040779703e-02 8.828149879195280880e-02 1.021255766805881787e-01 1.348767572405746573e-01 2.446470773522864406e-01 7.032353051406454725e-01 1.376690733418597157e+00
7.015877730240810406e-02 7.789005808679877463e-02 8.613853357248546505e-02 9.779610159253525337e-02 1.310638272735388798e-01 2.422055109401524409e-01 6.834095112065909916e-01 1.354234811532877725e+00
6.827886890776047046e-02 7.593085432851780225e-02 8.417576624694482479e-02 9.669763548724723268e-02 1.271723272706802854e-01 2.297733833237020074e-01 6.586907194005837685e-01 1.326078449718210761e+00
6.567730094028099985e-02 7.451948118717181824e-02 8.189618864112138685e-02 9.307360626098683254e-02 1.217934323259461105e-01 2.239095554430298451e-01 6.393275746794206960e-01 1.293836417297436814e+00
6.492434809989465483e-02 7.254155722974840736e-02 8.029580412730553951e-02 9.264745067353236108e-02 1.217354760423182553e-01 2.215155233907706023e-01 6.333810133558090971e-01 1.270927999187188684e+00
6.355599706157338824e-02 7.023712425315406516e-02 7.888525969851462039e-02 8.962977897139888517e-02 1.172964008670611680e-01 2.126179947338663612e-01 6.030678515359809699e-01 1.242698148699200811e+00
6.212228320771749634e-02 6.884719159954458267e-02 7.670896953061663581e-02 8.654085297258626297e-02 1.151766623890004143e-01 2.044753863893706280e-01 5.874140897980781872e-01 1.210737788302434836e+00
5.990886587527636392e-02 6.739584885378842316e-02 7.424612892199486391e-02 8.523990110471899029e-02 1.098716107536764769e-01 1.974667967438473726e-01 5.686661522868075025e-01 1.196448783541742777e+00
5.826166642030795179e-02 6.612402077794708732e-02 7.355434764888765797e-02 8.223669076920292476e-02 1.069986392948658466e-01 1.924296355132679437e-01 5.651039081115964979e-01 1.174759395498895742e+00
5.778692197935263869e-02 6.438049000979084724e-02 7.126579314602814186e-02 8.087054365685698853e-02 1.047887791039083666e-01 1.848329667717585612e-01 5.468297365332851490e-01 1.146989680774514131e+00
5.634346043192824116e-02 6.365260040985251666e-02 6.952263003296575705e-02 7.808045468619524698e-02 1.007066656864409465e-01 1.800022237931062086e-01 5.321657245621688181e-01 1.117288340692934812e+00
5.545456312743535232e-02 6.109145284456400649e-02 6.779160375939327632e-02 7.666424030009320878e-02 9.761544511415727599e-02 1.758685637473571262e-01 5.052295140555023156e-01 1.093555239177695260e+00
5.339146632327981118e-02 5.972987650366733819e-02 6.692597501833078000e-02 7.460109507281399710e-02 9.611275029313048890e-02 1.707326014584654439e-01 5.055103991579982248e-01 1.068717316495533698e+00
5.211991570094748338e-02 5.870493083125079281e-02 6.461145465942229327e-02 7.359905955608772588e-02 9.278271539040147675e-02 1.652284050272330163e-01 4.900178579128511847e-01 1.055940638062985215e+00
5.126658234337107961e-02 5.691316850275781464e-02 6.333540782770091804e-02 7.090275929061846949e-02 9.007599679042160856e-02 1.595630268201108926e-01 4.739005465467436284e-01 1.026073270038734275e+00
4.970435594012828640e-02 5.591500006590972155e-02 6.180131887508250738e-02 7.035367577493627234e-02 8.802606315774530454e-02 1.561936089863949773e-01 4.577774006903360671e-01 1.008786279418073750e+00
4.868019772412023050e-02 5.452378457669739692e-02 5.995543326639696941e-02 6.892031366075984655e-02 8.575642827475665753e-02 1.505169460016151928e-01 4.515519907750216166e-01 9.904254641738390319e-01
4.754879788450408484e-02 5.287407987391772035e-02 5.923102539296715846e-02 6.668757347402300140e-02 8.331452009323081498e-02 1.463764448398942875e-01 4.351699695236450061e-01 9.659817345710041137e-01
4.557271872149589592e-02 5.143280372678365325e-02 5.724774776500460988e-02 6.545734587864483756e-02 8.117989575319062290e-02 1.415491102978768123e-01 4.248087774470504230e-01 9.532937236215875965e-01
4.539174987498113129e-02 5.067593627180790039e-02 5.594713462973540524e-02 6.389818825518998879e-02 7.978239582256468898e-02 1.359741772411988403e-01 4.075253631941166410e-01 9.303404236785050019e-01
4.374836487317527306e-02 4.882078560122521393e-02 5.520886054890135342e-02 6.244202630337115922e-02 7.813751318180305050e-02 1.334448553467511012e-01 4.005902328589909800e-01 9.187114061720789149e-01
4.360491629367951177e-02 4.800722392375936232e-02 5.332018012431130605e-02 6.092234722645811090e-02 7.441739169034090884e-02 1.295502579284639466e-01 3.887854287790697416e-01 8.832665345426714554e-01
4.205306636957472505e-02 4.686352524843476891e-02 5.167375561939522438e-02 5.939247048561536318e-02 7.523710515030816726e-02 1.252938111894644768e-01 3.782596920913682270e-01 8.820203281606538992e-01
4.136859613191400109e-02 4.513239600481912944e-02 5.047237028308036028e-02 5.778244878006333352e-02 7.540302470141628521e-02 1.207279196072913036e-01 3.667929784912717928e-01 8.584950993550544140e-01
4.068512725787025441e-02 4.461569775498891444e-02 4.883173354503464458e-02 5.825281365169862613e-02 7.355466393592725860e-02 1.182529328585124884e-01 3.590446627869898211e-01 8.487113510925884396e-01
3.932385409461980341e-02 4.313361430297083660e-02 4.811021198360707074e-02 5.693099539423511490e-02 7.151030327821303323e-02 1.147709305668290075e-01 3.498858110917756892e-01 8.351999099418621064e-01
3.870353005462312534e-02 4.230348425659623268e-02 4.724807226088702239e-02 5.572896221062430960e-02 7.075622954305695045e-02 1.120309565512594974e-01 3.335544052690039840e-01 8.174462840508751604e-01
3.729881696895026577e-02 4.113279224821272950e-02 4.588657937449618779e-02 5.401450159167495157e-02 6.932416102111031708e-02 1.079589181044720431e-01 3.282012185974020890e-01 7.961598336998821912e-01
3.667560434596423696e-02 4.011723079770631445e-02 4.557210370748780714e-02 5.403116069314799902e-02 6.705340187856852208e-02 1.064387969101065895e-01 3.167735489555027484e-01 7.736058408495534167e-01
3.615309369305939879e-02 3.918814695407629028e-02 4.392083089289831183e-02 5.195556867199441903e-02 6.518540341629941448e-02 1.018502194259288951e-01 3.061701742450843033e-01 7.599330658214189516e-01
3.490618639089700798e-02 3.825620003144844516e-02 4.286973460727807467e-02 5.077265260215593767e-02 6.398807079846512147e-02 9.864717371323528106e-02 2.997186542809218146e-01 7.613840948080964344e-01
3.440968429896774233e-02 3.708826336720515843e-02 4.152454239769634570e-02 5.000554649062634999e-02 6.263220972415467491e-02 9.599313863937533609e-02 2.895716569681452413e-01 7.494471916131514311e-01
3.353926992601532348e-02 3.612117177432345311e-02 4.066197954481284155e-02 4.784669728775103187e-02 6.041466657897084230e-02 9.372081037023578809e-02 2.822629145576294185e-01 7.278832025817962847e-01
3.331350997108267764e-02 3.548904707320126029e-02 3.901625551378021250e-02 4.726970509183185676e-02 5.867204630046921748e-02 9.034720900206966165e-02 2.742600177718970689e-01 7.106583955742430403e-01
3.218794492917639860e-02 3.481868464581733269e-02 3.841016764139721512e-02 4.570368009236737417e-02 5.756873579767424198e-02 8.807967741922449745e-02 2.642744706791911313e-01 7.031109047146673063e-01
3.193953895391456188e-02 3.367613200743430069e-02 3.745773761793203677e-02 4.391770283099182687e-02 5.544647512178425830e-02 8.511062659076268355e-02 2.569141279479335571e-01 6.883974354390715034e-01
3.101574875399902911e-02 3.300672367098658050e-02 3.705925569930863805e-02 4.295939227121389065e-02 5.358900269798920479e-02 8.220774317189562252e-02 2.519712480034986268e-01 6.795364249042316063e-01
3.069181162559041220e-02 3.206506788844633998e-02 3.534330375163992344e-02 4.165461505466716563e-02 5.197389585996450151e-02 8.041004679838387181e-02 2.423751823436719743e-01 6.669316730199134069e-01
3.017704808575200418e-02 3.136925613502950655e-02 3.467292436229807429e-02 4.071976669191375298e-02 5.085535358561820568e-02 7.844636977658964172e-02 2.370824904668898669e-01 6.513857893852245118e-01
2.965089926227837402e-02 3.077837300226887382e-02 3.337444575265147845e-02 3.960785789417648611e-02 4.913789574908535018e-02 7.591331662155512139e-02 2.296904504694821381e-01 6.447591177929649087e-01
2.889759525728947259e-02 2.985888826557550266e-02 3.273836494012690584e-02 3.843559482908502634e-02 4.783285546490526757e-02 7.421984182080011705e-02 2.235822461569579311e-01 6.298328991467222471e-01
2.858176495780219775e-02 2.929364723546177413e-02 3.199797864118843205e-02 3.716035511182701895e-02 4.615869467390654873e-02 7.157756672285117694e-02 2.160980218707696798e-01 6.194201269246524255e-01
2.811995101848821857e-02 2.894621690569249700e-02 3.105335902602773118e-02 3.616726123518847896e-02 4.477176094574888965e-02 6.945398274049122134e-02 2.088575254640790690e-01 6.137961388296725440e-01
2.775582802983153630e-02 2.788195858634478705e-02 3.018234833106307399e-02 3.478215162023329948e-02 4.329021354418769590e-02 6.670924180535069137e-02 2.043740474816524710e-01 6.044430938165050726e-01
2.720381622335715441e-02 2.731494540704758681e-02 2.956762824707493201e-02 3.399829124660004587e-02 4.229674728787905652e-02 6.617216249398417960e-02 2.026735979984894132e-01 5.995257456335109092e-01
2.694040682995937561e-02 2.702884464197545522e-02 2.848466785885924585e-02 3.267311026091962445e-02 4.076884806183663640e-02 6.320436695858103193e-02 1.931547433604980102e-01 5.875064702627090796e-01
2.659213556071830103e-02 2.646833155528608567e-02 2.767123502718775788e-02 3.180840585471403359e-02 3.924957416104027375e-02 6.144105976418224452e-02 1.881080203782620197e-01 5.822409809355938437e-01
2.631460775747179737e-02 2.577413986441760840e-02 2.690917770297540992e-02 3.089723160017782133e-02 3.825029017022138489e-02 6.013262619049689062e-02 1.824000369587493176e-01 5.739120931291674665e-01
2.574022298325994926e-02 2.522832172404792031e-02 2.626339488323299262e-02 2.986137366905533552e-02 3.708150001330001722e-02 5.828061742676619167e-02 1.799453116093821248e-01 5.670372520623385704e-01
2.538471024719271552e-02 2.464521257115279140e-02 2.549043205989512742e-02 2.908511110540808881e-02 3.629948563735360678e-02 5.649521027930531208e-02 1.743393277497270744e-01 5.578534650459779920e-01
2.538068445700475406e-02 2.445962449314877107e-02 2.508716805926109600e-02 2.828332559575593916e-02 3.517805775017412984e-02 5.475861623762825342e-02 1.670531133330254714e-01 5.545521392340182487e-01
2.517207755989548518e-02 2.355590917296328940e-02 2.448754208558575826e-02 2.731854100076313782e-02 3.386404055467854418e-02 5.320625004279414677e-02 1.623223632207388967e-01 5.374806026736341780e-01
2.475898489574227673e-02 2.344920788301465761e-02 2.391991362163262483e-02 2.654319372967647861e-02 3.280095469851807000e-02 5.213334359776351096e-02 1.599576271186440579e-01 5.384692909610452327e-01
2.426577574454698294e-02 2.295166818719161089e-02 2.314145286253817616e-02 2.574543754679792240e-02 3.164919725816579127e-02 5.032517762545332674e-02 1.546811936903178808e-01 5.332855525658195539e-01
2.429817230097817624e-02 2.252867287682211797e-02 2.246472332569867530e-02 2.522006738114743185e-02 3.109048030144670460e-02 4.903509091007070275e-02 1.505339432983767989e-01 5.248786198283331705e-01
2.430993629244258478e-02 2.213018392209457202e-02 2.221590806338120949e-02 2.434373510688997780e-02 2.997143810656363941e-02 4.754785067139838395e-02 1.451857216037076292e-01 5.196237137947108398e-01
2.428329700285844148e-02 2.194842245579166004e-02 2.163894886731916253e-02 2.361188323231528177e-02 2.928990820144054819e-02 4.625001451635907951e-02 1.433833910864022454e-01 5.093438249200852308e-01
2.391093394415893733e-02 2.158128465195417039e-02 2.120594916258083246e-02 2.304750249831888712e-02 2.797184392345809442e-02 4.499856473642811772e-02 1.375778974112817910e-01 5.069104913597763939e-01
2.384446196270322699e-02 2.091683281792534529e-02 2.066251934891274664e-02 2.252960269174525409e-02 2.754940981407027339e-02 4.370314818322183770e-02 1.320055013075671912e-01 4.932612816722089510e-01
2.371673410800422335e-02 2.095675776438351429e-02 2.042043560271782424e-02 2.190044118809374510e-02 2.646435704398110086e-02 4.228559600640527383e-02 1.302784546130337784e-01 4.897847039133581548e-01
2.361823323600932903e-02 2.057890997712201464e-02 1.978057280762122658e-02 2.127603007051330833e-02 2.584662206424689218e-02 4.129194443715122204e-02 1.279401914363653414e-01 4.836812241489229502e-01
2.321165383719972497e-02 2.043187919641202901e-02 1.944204109609986783e-02 2.079028031957430925e-02 2.527680476798372863e-02 4.019709942691409438e-02 1.227281713220721576e-01 4.782395707314072708e-01
2.349869782465221699e-02 2.004966335346692469e-02 1.902878869087445621e-02 2.039517044208157687e-02 2.426731559212908992e-02 3.903034265653070045e-02 1.196929778335662775e-01 4.724765977662395144e-01
2.313529117156843187e-02 1.984251237584342201e-02 1.874534907942491252e-02 1.958682056585986722e-02 2.364247214599512342e-02 3.776589827327280630e-02 1.156385622808116104e-01 4.680861336119119809e-01
2.334991163688267257e-02 1.949754210061759724e-02 1.825186457607185647e-02 1.900102148422135734e-02 2.297174850566275142e-02 3.690901297200002706e-02 1.139980539118795044e-01 4.702148242382617194e-01
2.341802053917860227e-02 1.945812900751517013e-02 1.811520339268718124e-02 1.879508264044986443e-02 2.225563830202432689e-02 3.584521273123685708e-02 1.109225732674870429e-01 4.654904071557701140e-01
2.332868970603488995e-02 1.932018675310037334e-02 1.783147308356758040e-02 1.824119218659086411e-02 2.175500652812056498e-02 3.499460565110715932e-02 1.072828132504950183e-01 4.604455916705763041e-01
2.351594545390971527e-02 1.915079744700720274e-02 1.736378252371771277e-02 1.779871859596229150e-02 2.112904302494848091e-02 3.382874370861777003e-02 1.050282651876559420e-01 4.624979135306400146e-01
