nan nan nan nan nan nan nan 0.000000000000000000e+00
1.741728591918945312e+01 nan nan nan 1.025728530883789062e+02 4.227984237670898438e+01 nan 1.844676399230957031e+01
6.931923828125000853e+01 nan nan 1.585621744791666572e+02 nan 3.088861389160156250e+02 1.209397583007812500e+02 5.219607747395832575e+02
6.711299133300781250e+01 nan 1.606130981445312500e+02 nan 2.154675292968750000e+02 2.778335571289062500e+02 5.387431640625000000e+02 2.397839965820312500e+02
1.430157063802083144e+02 1.234910685221354072e+02 nan 2.343767395019531250e+02 nan 4.051549072265625000e+02 2.579388427734375000e+02 2.601160982572115472e+02
1.612029918323863740e+02 1.725525268554687557e+02 1.582390834263392776e+02 nan 2.918730246803977479e+02 4.158118489583333144e+02 1.579647042410714221e+03 4.050931463068181984e+03
1.279698638916015625e+02 1.523752441406250000e+02 2.400142333984375114e+02 2.308941650390625000e+02 3.341573486328125000e+02 1.280986572265625000e+03 1.642403320312500000e+03 2.165788845486110858e+03
9.472902425130207860e+01 1.539932250976562500e+02 1.548292439778645644e+02 2.239106794084821388e+02 2.453567560369318130e+02 1.792719651442307850e+03 2.066537642045454504e+03 2.299460763888888778e+03
1.294730674342105203e+02 1.811278948102678612e+02 2.016847737630208144e+02 2.490164137620192548e+02 4.854317103794642776e+02 1.773893554687500000e+03 1.746077524038461661e+03 1.629273915816326507e+03
1.239606296705162976e+02 1.664462890625000000e+02 1.735204934512867680e+02 2.423151092529296875e+02 3.133004394531250227e+02 1.373254296875000136e+03 1.322769097222222172e+03 1.685519691780821859e+03
1.305204120710784252e+02 1.191816677517361001e+02 1.826600230823863740e+02 2.251255519701086882e+02 3.579738625919117680e+02 1.243992009943181756e+03 1.391117187500000000e+03 1.565578023538961133e+03
1.129306640624999858e+02 1.352087673611111143e+02 1.600599330357142946e+02 1.947218505859375171e+02 2.569606119791666856e+02 9.628373325892856656e+02 1.263684709821428442e+03 1.131050701530612059e+03
1.308004290471311606e+02 1.347822861089939011e+02 2.058646129261363740e+02 2.162654798353040633e+02 3.832803457754629335e+02 1.076868032094594582e+03 9.877251157407406481e+02 1.358190222537878753e+03
1.119562441697761130e+02 1.200120760289634205e+02 1.322863051470588118e+02 1.728777444773706975e+02 2.052266927083333314e+02 8.820210700757576205e+02 9.391522381756757341e+02 1.175872629310344792e+03
1.068791831856343322e+02 1.217570103236607082e+02 1.481690646701389085e+02 1.909918053668478137e+02 2.910163085937500114e+02 7.486394159226190368e+02 7.779532305743243796e+02 8.673994984567900701e+02
8.832969300176056038e+01 1.023769079137731381e+02 1.297302609707446663e+02 1.625901082356770644e+02 1.738753638174019613e+02 6.357227343749999591e+02 6.995275000000000318e+02 7.942884114583332575e+02
8.990650255926723844e+01 9.512371941332547465e+01 1.455528609664351904e+02 1.525087093431122298e+02 2.212046649639423208e+02 5.948210605053191102e+02 6.560877757352941444e+02 6.353563213832486554e+02
8.830495689655172953e+01 1.071713605608258888e+02 1.188219853153935048e+02 1.256041495339912188e+02 2.097359161376953125e+02 5.487940340909091219e+02 5.360308593749999773e+02 6.786226782128513833e+02
8.098400042808218302e+01 8.736099679129463880e+01 9.518369450644840413e+01 1.353849303463855449e+02 1.499243489583333258e+02 5.214410342261904816e+02 5.354819878472221717e+02 5.727797677865612513e+02
7.405594942167208217e+01 9.127141113281250284e+01 1.037093302408854072e+02 1.324693839089912331e+02 1.917801598837209269e+02 4.567674665178571445e+02 5.063234577922078188e+02 5.543231045081967068e+02
7.333868907232704260e+01 8.683599463929520823e+01 1.114102689302884670e+02 1.201709582270408134e+02 1.878503852739725914e+02 4.304371448863636260e+02 4.698752353162651048e+02 4.844289137380191619e+02
6.938599795386903679e+01 7.923306039663461320e+01 9.815932233146067176e+01 1.186450709292763150e+02 1.477515276918316829e+02 4.045088571947674154e+02 4.534300091911764525e+02 5.147299817639257071e+02
6.108909665300546266e+01 6.968136022586634226e+01 9.695104289504716633e+01 1.186528454701834931e+02 1.672720307849702408e+02 3.707012648809524080e+02 4.016427408854166288e+02 4.804218750000000000e+02
5.652068638392857025e+01 6.449048265360168841e+01 8.166161669481981278e+01 1.126418856534090907e+02 1.284698168329831844e+02 3.603195754716981014e+02 3.855128152412280542e+02 4.313589887640449660e+02
5.812733637971697931e+01 6.590889271518639703e+01 7.886823707651868176e+01 1.064019116426991189e+02 1.317126290457589164e+02 3.078432904411764639e+02 3.604383566337718889e+02 3.583782970183486327e+02
5.512348013864436780e+01 6.006740625000000477e+01 7.757758080868320860e+01 9.257612423780489053e+01 1.324390682025547505e+02 2.761907097868216852e+02 3.160458679199218750e+02 3.259872342883548981e+02
4.833172607421875000e+01 5.965763608870967261e+01 6.677536147388059362e+01 8.432739419495032962e+01 1.024584263392857082e+02 2.798166278812056476e+02 2.761567670036764639e+02 3.184177465596330308e+02
4.661248564796325411e+01 5.143722534179687500e+01 6.561035720736994392e+01 8.009825834116540477e+01 1.152486825073964525e+02 2.586007254464285552e+02 2.634390337423312758e+02 2.998767361111110858e+02
4.525781250000000000e+01 4.967953124999999659e+01 6.406318359374999716e+01 7.981052922628012425e+01 9.614383370535713880e+01 2.209640430900620913e+02 2.502182485219594810e+02 2.669775673231511064e+02
4.035289791980422081e+01 4.998422955452127781e+01 6.182181581439393625e+01 7.413770116017964540e+01 9.617733936095505953e+01 2.182024343922651894e+02 2.376021107456140271e+02 2.621998038516405245e+02
4.242983636623475974e+01 4.664173961060209450e+01 5.989558699324324920e+01 7.061847189198368824e+01 9.665194196428571161e+01 2.139169207317073358e+02 2.165108072916666799e+02 2.575295758928571672e+02
3.904757724719100764e+01 4.721741470025509813e+01 5.630904818997525041e+01 7.190095549938725128e+01 8.202749618902439011e+01 2.013410823170731589e+02 2.073080384497548891e+02 2.380610469745222701e+02
3.888542089420995751e+01 4.546477770229468263e+01 5.276967749849033851e+01 6.756081321022728048e+01 9.693949218750000796e+01 1.882974668560606233e+02 2.000561571782178305e+02 2.198894526445264432e+02
3.625551271645021956e+01 4.103979832848837361e+01 5.212584105861243700e+01 6.342470930232558146e+01 8.423284394862288593e+01 1.806209705799549567e+02 2.111126101321586077e+02 2.055712521477663302e+02
3.318807014299802916e+01 3.919195385514018426e+01 4.826574115501102114e+01 6.316319487674302735e+01 7.471404433139534262e+01 1.709887935450819896e+02 1.740810842803030312e+02 1.860683697972251878e+02
3.063288654264856703e+01 3.679059614701704106e+01 4.683365885416666430e+01 5.965740938926940373e+01 7.887989338898917424e+01 1.481919317544843011e+02 1.679892769607843093e+02 1.714562123871614858e+02
3.105456776819923093e+01 3.528125000000000000e+01 4.466700090680803470e+01 5.745341730442176953e+01 7.264157171124453782e+01 1.398168738996479021e+02 1.420899501459144005e+02 1.646333689024390310e+02
2.795138343205996279e+01 3.473269531249999886e+01 4.367695600784132637e+01 5.226911964101239505e+01 7.329530471345515252e+01 1.463233537946428555e+02 1.538353709446564892e+02 1.617695136384129739e+02
2.647496481502757248e+01 3.275349934895833570e+01 4.152813818830385628e+01 4.858761706026059102e+01 6.674827543218084713e+01 1.186592691163003650e+02 1.348833041028911452e+02 1.547311553826745012e+02
2.498996710526315823e+01 2.899920975534539380e+01 3.740145251820388239e+01 4.643880102300488488e+01 5.927876883143322573e+01 1.235255456349206327e+02 1.295735802283653868e+02 1.394749141067097753e+02
2.432470271017698948e+01 2.995435631793478137e+01 3.800951687794811562e+01 4.912400546395705447e+01 6.719022064696486041e+01 1.188189504523026301e+02 1.287873317307692389e+02 1.397851133241758248e+02
2.369253742388362838e+01 3.055606635711477992e+01 3.572568034837613027e+01 4.575887954273162705e+01 5.808638013456091187e+01 1.108933868838028189e+02 1.218419828869047592e+02 1.358281013972809603e+02
2.310738909527972140e+01 2.687873591933139394e+01 3.594330292630057500e+01 4.247212905687660367e+01 5.889049972667638144e+01 1.075633012820512846e+02 1.150509012744413440e+02 1.241660676718092589e+02
2.132918347599934350e+01 2.451333405250726827e+01 3.236583970187651715e+01 4.165041346856725113e+01 5.638270426637279797e+01 1.042653245192307736e+02 1.100232965528350491e+02 1.201141152871621642e+02
2.062704213133825348e+01 2.628811207420924489e+01 3.214558440563725839e+01 4.176665145985401750e+01 5.106026475694444855e+01 9.679134908536585158e+01 1.048520171957671892e+02 1.163619574791800062e+02
2.014955555667852849e+01 2.378216267523364280e+01 3.208617985857664223e+01 3.829514625489556323e+01 5.015484605300453325e+01 9.385795543546365138e+01 1.041922229219143503e+02 1.091659321581196593e+02
1.893156541149068417e+01 2.285451676916476060e+01 2.762713738207547109e+01 3.707515134404621193e+01 4.551179648631840990e+01 9.122775884570765470e+01 9.790480783924205355e+01 1.042633625147754088e+02
1.770946303494458007e+01 2.246273871527777644e+01 2.707194727422907832e+01 3.618970824411135112e+01 4.560144812781531698e+01 8.393142560206422331e+01 9.121542882709252353e+01 1.026880883167220304e+02
1.758997749874118810e+01 2.139312770562770538e+01 2.813516912774725398e+01 3.556906999860490970e+01 4.605329908288043583e+01 7.884573252688171863e+01 8.686211969988987391e+01 9.838799793956043516e+01
1.674588948891932105e+01 2.043247133725649434e+01 2.698786122311827995e+01 3.165369527953586370e+01 4.320535326760912653e+01 7.643211206896552312e+01 8.690398080912862611e+01 9.143172644256220849e+01
1.632024955749511719e+01 1.978528645833333144e+01 2.452798449851778528e+01 3.174855029675387641e+01 4.065430915880503449e+01 7.296238839285715017e+01 7.979691398453093143e+01 8.618103929102626637e+01
1.542356565685820158e+01 1.914911265432099086e+01 2.392547090889464556e+01 2.953631863613360409e+01 3.900574341952690105e+01 7.007771104287090225e+01 7.830910389458955478e+01 8.480873609796498158e+01
1.517286732846628716e+01 1.838416883680555358e+01 2.335231854838709609e+01 2.894985183189655231e+01 3.798787086575875804e+01 6.733437786172160600e+01 7.298411752589453272e+01 8.084808060584958866e+01
1.400103743224932273e+01 1.722774621212121104e+01 2.215692138671875000e+01 2.836602440308988804e+01 3.809003255208333627e+01 6.556792050814750894e+01 7.253187779017856940e+01 7.454080948121645633e+01
1.368706229233501404e+01 1.631840936966723632e+01 2.143944662541597523e+01 2.853074078044596718e+01 3.853949652777777857e+01 6.475636626588021727e+01 6.599396976843910068e+01 7.418468004338394906e+01
1.299775527446366041e+01 1.546114676339285765e+01 2.049421319668820729e+01 2.671041250000000034e+01 3.502459514693708797e+01 6.245070954106279970e+01 6.568458946078430927e+01 6.894424044265593920e+01
1.297421080807605520e+01 1.569507071442926005e+01 2.061403220400164926e+01 2.488081134733606703e+01 3.538093113518370814e+01 5.900403708133971037e+01 6.290025201612903061e+01 6.679951000408330231e+01
1.216498298844146042e+01 1.496741888933121167e+01 2.031566665861669208e+01 2.496020041301751746e+01 3.191291877815315203e+01 5.471465244865719058e+01 5.999987579491256184e+01 6.439889565879664701e+01
1.162086860590778059e+01 1.496775524068322838e+01 1.876299490689527971e+01 2.317348653473201736e+01 3.141023510287266873e+01 5.266191041965566910e+01 5.806392148835517020e+01 6.090282760574017829e+01
1.128505129559608555e+01 1.371538461538461462e+01 1.777076119087837824e+01 2.400719380822981108e+01 3.099858940972222499e+01 5.063388366244411287e+01 5.367735375177809942e+01 5.831538244584837116e+01
1.123600924744897966e+01 1.324598097112860806e+01 1.790786446655456032e+01 2.265236866230867108e+01 2.813179542203147321e+01 5.057067228618421240e+01 5.251245151622002538e+01 5.700811422413792684e+01
1.057830522684552399e+01 1.262001305469765988e+01 1.679244474085365724e+01 2.180010354929956762e+01 2.844061882411067188e+01 4.839785343792866712e+01 5.286257971938775313e+01 5.607220444594139508e+01
1.006248981332579895e+01 1.201045351808176065e+01 1.599634572568998614e+01 2.110822290348101404e+01 2.729683814858490720e+01 4.696490709459459367e+01 4.708751219115735154e+01 5.215710134584013247e+01
9.567495149101306495e+00 1.206073950530586814e+01 1.573749833675486620e+01 2.055120205519786580e+01 2.569067714771322386e+01 4.477305116758241610e+01 4.702597049689440922e+01 5.160338244369021510e+01
9.554616767669392274e+00 1.164105109158259843e+01 1.526109394678841191e+01 1.971711063978829515e+01 2.701449046415441302e+01 4.269134630754476234e+01 4.511694854088639062e+01 4.929770632389545426e+01
9.340249508702976655e+00 1.104626885775861922e+01 1.463779296875000036e+01 1.928047473130153122e+01 2.447102751161440182e+01 4.246702481407322693e+01 4.452222222222222570e+01 4.737625558035714590e+01
9.188650790127839585e+00 1.101555855103280557e+01 1.438948057309814210e+01 1.876322949108154248e+01 2.448261172919198003e+01 3.862503663540444876e+01 4.154399530716723632e+01 4.636385236595370429e+01
8.500351297369910242e+00 1.044948280885780889e+01 1.367989892074742286e+01 1.729848331975711062e+01 2.362708388682252902e+01 3.864701297305045813e+01 4.004437777469478732e+01 4.372213708553915268e+01
8.197834547033671981e+00 9.936889137683053264e+00 1.334079202274043929e+01 1.742245811273243916e+01 2.263839536516854167e+01 3.649857732830385260e+01 3.967694361863937758e+01 4.185306498512306916e+01
7.918014393682065055e+00 9.785661881345177449e+00 1.274429803486214396e+01 1.680809127758342214e+01 2.200846751143292934e+01 3.636310253267973991e+01 3.822683974443855703e+01 3.999378101331940627e+01
7.763074509640957466e+00 9.377107215766333326e+00 1.249074456318544257e+01 1.574122491692229175e+01 2.166738803475935882e+01 3.364189146403242603e+01 3.655546793704474595e+01 3.882751280409731010e+01
7.258673928737386483e+00 9.110688778692614065e+00 1.189180659203980106e+01 1.588080290378863246e+01 2.092696070995145519e+01 3.357781281218781544e+01 3.548979482632093863e+01 3.790219150741765475e+01
7.283899511358394641e+00 8.922902910479551863e+00 1.171186205621301823e+01 1.508920879511870083e+01 2.050497263331702413e+01 3.260680749393203826e+01 3.433939079534192018e+01 3.603768024458505437e+01
6.961106068103256383e+00 8.436683272232734510e+00 1.131113560267857210e+01 1.436676410815268667e+01 1.918167128347183592e+01 3.148036434331797295e+01 3.348660094819611288e+01 3.608002333062832889e+01
6.713546711201002992e+00 8.324263649425287070e+00 1.076844857849907910e+01 1.405509135472370730e+01 1.875284208274315390e+01 3.077551155018761619e+01 3.235710252935862741e+01 3.504859976662777399e+01
6.509153813136907551e+00 7.872297336254612254e+00 1.027068410212006633e+01 1.367956554517502354e+01 1.824193837691326436e+01 2.941713244313113407e+01 3.068814183966431131e+01 3.208282469342252341e+01
6.281561367753623060e+00 7.607854980883602458e+00 1.016422407670454575e+01 1.306972688829232609e+01 1.783827913087703365e+01 2.811915942147856740e+01 3.027046557811121019e+01 3.171923342167892557e+01
6.060232190967776766e+00 7.538339652267157298e+00 9.572642971439329074e+00 1.257319543716755206e+01 1.787971991701244789e+01 2.775891960131133729e+01 2.913646727467811104e+01 3.065702926880811319e+01
5.687798733035329235e+00 6.978545992737315906e+00 9.559642531583811831e+00 1.248821735536147060e+01 1.714064153789161793e+01 2.629372007567957326e+01 2.804354386373035624e+01 2.963376040582726390e+01
5.563380575587606458e+00 6.882415989294210945e+00 9.000255158847981107e+00 1.181704801379275338e+01 1.592216796874999929e+01 2.545373446341956125e+01 2.723331334932054304e+01 2.888060567657096911e+01
5.584334519194402269e+00 6.805087462649402674e+00 9.060250666469194414e+00 1.142172511256852019e+01 1.587442712530217470e+01 2.505462583859510772e+01 2.642914331465171784e+01 2.775704408272313373e+01
5.380364262127208974e+00 6.480544865549493494e+00 8.476416892320452590e+00 1.116582531662461086e+01 1.507967683851402541e+01 2.422597282088122839e+01 2.532616301059001529e+01 2.699392989897064510e+01
5.181235527152197484e+00 6.327965867601844430e+00 8.140710995802239225e+00 1.109789708437277334e+01 1.496533874045801582e+01 2.299141769688644743e+01 2.486036539895600228e+01 2.612984351713859965e+01
5.069531751168438127e+00 6.229075261811400033e+00 7.958885040807560429e+00 1.048481861676356530e+01 1.464707772943038044e+01 2.229340409401061507e+01 2.385826376353790579e+01 2.572674445259490028e+01
4.895511675206759783e+00 5.807276261359739067e+00 7.618736530172413701e+00 1.026232278184604851e+01 1.399924567967012479e+01 2.227244205369474983e+01 2.341618085683296968e+01 2.440186339253516223e+01
4.648941487716507837e+00 5.642171005780831194e+00 7.358614316379009423e+00 9.828086048789174356e+00 1.364390974102911258e+01 2.119718230987762198e+01 2.206119791666666785e+01 2.321595338070628856e+01
4.496041830622595548e+00 5.423770215633423319e+00 7.179032354221964063e+00 9.557268981520635975e+00 1.310324272260274014e+01 2.078347466037402924e+01 2.164163332063008127e+01 2.329003446536651012e+01
4.353175184461806069e+00 5.336147683029827782e+00 7.067975771887484271e+00 9.208563632321309811e+00 1.280341900214946982e+01 1.964154084358808205e+01 2.087608550174302735e+01 2.194271094402673583e+01
4.232117664354047903e+00 5.248157774954739452e+00 6.917740028782894512e+00 8.961942038640906105e+00 1.272829132387508366e+01 1.948146925737243151e+01 2.058068386555666152e+01 2.104957863434309928e+01
4.090716181637641391e+00 4.963006882440476275e+00 6.537762700294961427e+00 8.496294988542985038e+00 1.200790853564843097e+01 1.903547465451280374e+01 1.942680208989294499e+01 2.025823058890458483e+01
3.990211351328077249e+00 4.899146053813898227e+00 6.357469011061262165e+00 8.541571955226160640e+00 1.184028932984790750e+01 1.802064783876699394e+01 1.915202872983870819e+01 1.947827427564604363e+01
3.910911765261408046e+00 4.622189329097177612e+00 6.314134457236842302e+00 8.195804425139925797e+00 1.125957527318369777e+01 1.766635470920138928e+01 1.838292197748956269e+01 1.889726191388292875e+01
3.742639211354104489e+00 4.483846740894974481e+00 5.986118645381276693e+00 7.961481747989766156e+00 1.103738631063432862e+01 1.681220373318545924e+01 1.748457279980291190e+01 1.887028524172087529e+01
3.640250428082191902e+00 4.332741527916428304e+00 5.637283948366394348e+00 7.512567477958755902e+00 1.049203252497186334e+01 1.655904793823964383e+01 1.727411031946889608e+01 1.776677339790007082e+01
3.589734991299303957e+00 4.287106068354965771e+00 5.527563890360169374e+00 7.465400068200896300e+00 1.029339698738399100e+01 1.576120007317247307e+01 1.690908510924068509e+01 1.693436344074548217e+01
3.359946743277616221e+00 4.134112781889872856e+00 5.307878323549724442e+00 7.084894154638452513e+00 1.017106381871182741e+01 1.582507507834261951e+01 1.633484713165926649e+01 1.653024494651291931e+01
3.397389196416689128e+00 3.964952497403047449e+00 5.416619805975274815e+00 7.022692499134350008e+00 9.852172309027777075e+00 1.482993722253052127e+01 1.574768032815079799e+01 1.613365110539488256e+01
3.247232735589378194e+00 3.913252200023533689e+00 5.068915421009325684e+00 6.730830046245920073e+00 9.591503755157297917e+00 1.449745065789473664e+01 1.505455208333333417e+01 1.566630483118539274e+01
3.100295387874836717e+00 3.747224506578947345e+00 4.958623735736514604e+00 6.675170594326107931e+00 9.232129808999454568e+00 1.417273241875332879e+01 1.486155044016372173e+01 1.502875109663373898e+01
3.062743645410750393e+00 3.671890683551927381e+00 4.758290598622144429e+00 6.419728041339913815e+00 8.919403538092835149e+00 1.369886839561855751e+01 1.398156177400619704e+01 1.445879490776573739e+01
3.049432616189990064e+00 3.449591567375670298e+00 4.615904136714590322e+00 6.275419096209912340e+00 8.708656470645919967e+00 1.353727845149253639e+01 1.393551420742524094e+01 1.437396659004438781e+01
2.865622758389470892e+00 3.422251721079846210e+00 4.587667274939173367e+00 5.962811878049564029e+00 8.389531398034106857e+00 1.295589742413118017e+01 1.314445172852532195e+01 1.358540559327762054e+01
2.796134569535909442e+00 3.322651926431665181e+00 4.346000931938432288e+00 5.936386999102871265e+00 8.189175342950294478e+00 1.246948855243722321e+01 1.310709476935248397e+01 1.320770705869881212e+01
2.642867174033489253e+00 3.229838739173689355e+00 4.177322826952572399e+00 5.717327625470145058e+00 7.947899346793349196e+00 1.200944548594709538e+01 1.262548596712085391e+01 1.281153167467197740e+01
2.680940439809599063e+00 3.131081530307048499e+00 4.119015859852042993e+00 5.597094000707881101e+00 7.704989554114072270e+00 1.173328561835720940e+01 1.202830190415881262e+01 1.246759266095688190e+01
2.552975111054880841e+00 3.049439212949535793e+00 4.024832203901933525e+00 5.442303461161126066e+00 7.556029998875393616e+00 1.145862349117920154e+01 1.187194423358074680e+01 1.184276020129795626e+01
2.511842193704500126e+00 2.965137802815680068e+00 3.765212008284490430e+00 5.273425417034909302e+00 7.262613331699722785e+00 1.099543027725355238e+01 1.147682610110960155e+01 1.145367976499098184e+01
2.425080932243883769e+00 2.819039488892647771e+00 3.700125204550253510e+00 4.964337286899954904e+00 7.157267410521776618e+00 1.078325267022696821e+01 1.118472940587088260e+01 1.146378268241986653e+01
2.352769964324917584e+00 2.778892539538671880e+00 3.563828951014665680e+00 4.861921574519231015e+00 7.327633898822744740e+00 1.041659660191562686e+01 1.067685997063386516e+01 1.071175982375624613e+01
2.304152835165275803e+00 2.715012340235839261e+00 3.475870096092757322e+00 4.643210216553471881e+00 6.732796830229226259e+00 1.019671842035864984e+01 1.051104212874947130e+01 1.062736400339991505e+01
2.205151525377969879e+00 2.627960407181291203e+00 3.432722411805843254e+00 4.684958273046713195e+00 6.556246816012441414e+00 9.896851885110685032e+00 1.000901203131545891e+01 1.014978304515015139e+01
2.172892439022803046e+00 2.510272107982171708e+00 3.261201723000406005e+00 4.486923580346354967e+00 6.236831520197069878e+00 9.636106927710843095e+00 9.747166738622510707e+00 9.904325409319898910e+00
2.128062070235756220e+00 2.450492750734102998e+00 3.200341718056396001e+00 4.405779582698170493e+00 6.273413968373493965e+00 9.449819158053623269e+00 9.536949049737160067e+00 9.417987762370715998e+00
2.015942009248498756e+00 2.379298193107383774e+00 3.086159714181433866e+00 4.183796793782486922e+00 5.930958617314385783e+00 9.231545335711492939e+00 9.185321810872139281e+00 9.263853939408964067e+00
2.003832273624857496e+00 2.338587304687500090e+00 3.003717104471505639e+00 4.154548245301822540e+00 5.977637964762759104e+00 8.679266296527245572e+00 8.957127924400619889e+00 8.948591427426405787e+00
1.923144512638174097e+00 2.273139317334859744e+00 2.916606087945936121e+00 3.959633890191481154e+00 5.771426263683570923e+00 8.478306088488645642e+00 8.633584562310318233e+00 8.758179798578199282e+00
1.852725969705549147e+00 2.178667932912844218e+00 2.827783453131154090e+00 3.951010891443777595e+00 5.579737869674781692e+00 8.498466124629903362e+00 8.339327635428462671e+00 8.430207839184060248e+00
1.838836761019123189e+00 2.167780327573793908e+00 2.760462711903025834e+00 3.741165307233818460e+00 5.340953671034946559e+00 8.122204053617570807e+00 8.213268229166665435e+00 8.288221021633512819e+00
1.749177593307892797e+00 2.105501584530911074e+00 2.646033074131819873e+00 3.619535032953730358e+00 5.260421301283251694e+00 7.896655229128856313e+00 7.890552451292790259e+00 8.034994393725526152e+00
1.748556742669894026e+00 2.024229288693645490e+00 2.614480822212535749e+00 3.514620972766109297e+00 5.056531116926898939e+00 7.694140625000000178e+00 7.793478806189796160e+00 7.771743847293472562e+00
1.695556514844152485e+00 1.971665296052631522e+00 2.562977863217033914e+00 3.472026615235734415e+00 5.003239479385504396e+00 7.459213789682539897e+00 7.434154914155570282e+00 7.441183055335795160e+00
1.634643348696422471e+00 1.903787601581614641e+00 2.491207871904429716e+00 3.280256183745582810e+00 4.843389147031302855e+00 7.171576458474864246e+00 7.322497819391799112e+00 7.353597535165407706e+00
1.584321319544035545e+00 1.850141769935344627e+00 2.407483938160586145e+00 3.234187608184965423e+00 4.729367338003502397e+00 7.075980313357338680e+00 7.039129464285714732e+00 7.146800931451957162e+00
1.531824523965856777e+00 1.838102767834107309e+00 2.314950204110360232e+00 3.170040772486319991e+00 4.599269494506162737e+00 6.727435270095253550e+00 6.866153530803719818e+00 6.981392659092796826e+00
1.513889641662537144e+00 1.744033969178491628e+00 2.269104709275152842e+00 3.101805622393326800e+00 4.515282990187856171e+00 6.708491936804191091e+00 6.605922558626118324e+00 6.745204561210342398e+00
1.451368172963460212e+00 1.712507327297446480e+00 2.224050571263763043e+00 2.949709762668641044e+00 4.261758465183637767e+00 6.529144601723582575e+00 6.439371587989723089e+00 6.625531995551961373e+00
1.418715749825705252e+00 1.647683067358235220e+00 2.110449405116889388e+00 2.910389524295549091e+00 4.230649334016393759e+00 6.302598299177053498e+00 6.316633446358748571e+00 6.414770793288482764e+00
1.373920483299595041e+00 1.607940379568429057e+00 2.044033263781055876e+00 2.824409005086313318e+00 4.054053231545047709e+00 6.129767704372623527e+00 6.188511461221503751e+00 6.322907140216376121e+00
1.372027233140834523e+00 1.570737541835305118e+00 2.043758817241312364e+00 2.759305328550736292e+00 4.030846281424580901e+00 5.908326543328221270e+00 6.010949466630196802e+00 6.090195612537822711e+00
1.329937634496631826e+00 1.539387028391768331e+00 1.956104143159042019e+00 2.643934839821266092e+00 3.885185991831534569e+00 5.810955503335354599e+00 5.819832281034224231e+00 5.894194126346124385e+00
1.292800253004719124e+00 1.464626902277947895e+00 1.876494216237343915e+00 2.556995869385124909e+00 3.770993238304093609e+00 5.645492357793371774e+00 5.690015592223554464e+00 5.821905254747308689e+00
1.245479723125548110e+00 1.446576007482528015e+00 1.844284070744909521e+00 2.511991156456208518e+00 3.702845102464889848e+00 5.425386902546159185e+00 5.509808977073597624e+00 5.610486198475541642e+00
1.253032625536129707e+00 1.415816508066493729e+00 1.797754581157977816e+00 2.439841869868346613e+00 3.599498669236417037e+00 5.364668268187734235e+00 5.330675811900610128e+00 5.505116030905553792e+00
1.202579302623589141e+00 1.356209042963274491e+00 1.735840261799015405e+00 2.340914699326783310e+00 3.529568385650224016e+00 5.196976577857343571e+00 5.149495744718812773e+00 5.361969705065184222e+00
1.178355020790778918e+00 1.334857375060967133e+00 1.708107787403980282e+00 2.318913344310538083e+00 3.415257478287396342e+00 5.126998756129218293e+00 5.075111068742905296e+00 5.175677402862985943e+00
1.132211794698692264e+00 1.302225534539473761e+00 1.651083032686184948e+00 2.225741527258243480e+00 3.351993604830951323e+00 4.951784704127811132e+00 4.970250446181037063e+00 5.065964702162312427e+00
1.119817514689284366e+00 1.265203058391776603e+00 1.604921726149972860e+00 2.200069166495621342e+00 3.299743518200549453e+00 4.747187928669410084e+00 4.826411864029073406e+00 5.000661102695895366e+00
1.087001186434377376e+00 1.243324294341101144e+00 1.578394112571409158e+00 2.123718261718750000e+00 3.136558606310289488e+00 4.660339240771811831e+00 4.675489723154361954e+00 4.838344565954560750e+00
1.066417501309243399e+00 1.204395507548635447e+00 1.519650362017310075e+00 2.043448706124063374e+00 3.073745440256858252e+00 4.505213500330688348e+00 4.571803939714436993e+00 4.690743218536001180e+00
1.038217954044359459e+00 1.189197383598993074e+00 1.479989634861745174e+00 1.985160524604836496e+00 3.042099644198930086e+00 4.473475846143473156e+00 4.434317731349103120e+00 4.612987864873729471e+00
1.017764950019285131e+00 1.151406525365055389e+00 1.423854392060585727e+00 1.960473535058496086e+00 2.952962711850435351e+00 4.335473706275075223e+00 4.335289341299818133e+00 4.501893756827967330e+00
9.857040771295461079e-01 1.120971710258577447e+00 1.412939663858212791e+00 1.866426418963786027e+00 2.850828472749114884e+00 4.265048133981268030e+00 4.226970526113671411e+00 4.395534242885211995e+00
9.616490882089934189e-01 1.104530841579536959e+00 1.377274047851562599e+00 1.842807270400272035e+00 2.736638081765005115e+00 4.090633656509695015e+00 4.080678973348820016e+00 4.272841485734933720e+00
9.447090925107690662e-01 1.063688713109233408e+00 1.333619868203526737e+00 1.809644353165262620e+00 2.664915262808377872e+00 4.006455461697974840e+00 3.956403734175270692e+00 4.163089123576485306e+00
9.312357088414634498e-01 1.056933020425635972e+00 1.326062594149655549e+00 1.747320504217791504e+00 2.643657710531157612e+00 3.889762296804932795e+00 3.849621307581867047e+00 4.048357528400415184e+00
8.957490378424256550e-01 1.022422448194579170e+00 1.250629072553821830e+00 1.706937173144743136e+00 2.541676500431137242e+00 3.861103097978499932e+00 3.755055757731335930e+00 3.974032903013239082e+00
8.879213399287184671e-01 1.000039251664649020e+00 1.222978654144503574e+00 1.666285919487948464e+00 2.495503385353870396e+00 3.765234468765002340e+00 3.712760232366123958e+00 3.913479109599237837e+00
8.706584782259008115e-01 9.762649426672346253e-01 1.201133955640799389e+00 1.632405364433237249e+00 2.416424595504009343e+00 3.580225208775968060e+00 3.570036914017173491e+00 3.796414293427161191e+00
8.449626421438467538e-01 9.584167217922231474e-01 1.194056869830099954e+00 1.568941794751076202e+00 2.353100056697690956e+00 3.535885008100272842e+00 3.468229029988920242e+00 3.795427605940765670e+00
8.401529497680382264e-01 9.413535217257920085e-01 1.146650277509652538e+00 1.541713553612385379e+00 2.281011867309843399e+00 3.425002588102581846e+00 3.376037290666437762e+00 3.707660466786861342e+00
8.025343226615017089e-01 8.992933668531812863e-01 1.118431974856644917e+00 1.511120425750283047e+00 2.251226277111872065e+00 3.297030048211879727e+00 3.347146218039772858e+00 3.547715322386665981e+00
7.808414747146708024e-01 8.857646113148209821e-01 1.096163771746311300e+00 1.444140389011698167e+00 2.156440359702315401e+00 3.227586523656215345e+00 3.212800831087769815e+00 3.501343831052369904e+00
7.624261827489292598e-01 8.766493127557509757e-01 1.087560879413220549e+00 1.419981086800177206e+00 2.131119256127723460e+00 3.142438038205798811e+00 3.107783373317890785e+00 3.431861067758687156e+00
7.516744464011947402e-01 8.491461094560635026e-01 1.033392953335049880e+00 1.378847529286294726e+00 2.048972991730850346e+00 3.079751621144305673e+00 3.023536807897131418e+00 3.353478125335192406e+00
7.344860316961925317e-01 8.282911748471467606e-01 9.970514720659163777e-01 1.325721886303470320e+00 2.006420866606910103e+00 2.947752545551982628e+00 2.991002135072478918e+00 3.229066013115631684e+00
7.207276465683319921e-01 8.068266971808165655e-01 9.859125241804113093e-01 1.307887250802328039e+00 1.947275532155797073e+00 2.932502394952431146e+00 2.929152872020684750e+00 3.223405780384919428e+00
7.061512440637497390e-01 7.902122210389114221e-01 9.630441297277360091e-01 1.266604127209596031e+00 1.903013144473293838e+00 2.834294813525867429e+00 2.807699263555787361e+00 3.109332179490525316e+00
6.881331040531510901e-01 7.691515854082406900e-01 9.409085728972687024e-01 1.239620594640971518e+00 1.855131445904954601e+00 2.780782092789538140e+00 2.755033756110879750e+00 3.076101082830632105e+00
6.752225455057989656e-01 7.633539789789790531e-01 9.374098917765129046e-01 1.200282522884004832e+00 1.841025024214926642e+00 2.712269685834016730e+00 2.694113419635668194e+00 3.060448514770378825e+00
6.601008887460240171e-01 7.361231132281674805e-01 9.025315953554360338e-01 1.164745583180424315e+00 1.727237918151475649e+00 2.580384535526576872e+00 2.618519264897020360e+00 2.998557418610179326e+00
6.434982270175971797e-01 7.202162044063495916e-01 8.940645464657068775e-01 1.155751274231283432e+00 1.739143902809462405e+00 2.552549945584576818e+00 2.539094170209610368e+00 2.868644869309655121e+00
6.359349928752754399e-01 7.138510681740027897e-01 8.597307900102558742e-01 1.125562271981869200e+00 1.658802933061420459e+00 2.461221861564393265e+00 2.469869702482876850e+00 2.808677995043520337e+00
6.228046175661841044e-01 6.977906133760767293e-01 8.375916117625724633e-01 1.105225582046812649e+00 1.620204886642156783e+00 2.439313483256378756e+00 2.455338679625794551e+00 2.761595607137684816e+00
6.063601315038523731e-01 6.736167552479056519e-01 8.153989210757968120e-01 1.058260947529663376e+00 1.575824058219178259e+00 2.366882288407001766e+00 2.373745911297129751e+00 2.717564297401232398e+00
5.913171019944428730e-01 6.589094531106282071e-01 8.030105897411128346e-01 1.028013954085163384e+00 1.540357551436149830e+00 2.298493067072047147e+00 2.308389780887388554e+00 2.689355744355597544e+00
5.759591742977989703e-01 6.466105083697193390e-01 7.829727881834297465e-01 1.015381457195328796e+00 1.502404093350091507e+00 2.231271167051389614e+00 2.225170739165890144e+00 2.603643205175686148e+00
5.623927205555815378e-01 6.251028709905230851e-01 7.579737434610288593e-01 9.855411410550458662e-01 1.464596477621304960e+00 2.102544851681177995e+00 2.169450095221606478e+00 2.570541889365509203e+00
5.506022992287799012e-01 6.204360804150417241e-01 7.408600349826075515e-01 9.608571721219468786e-01 1.411002929687499963e+00 2.071466843344448527e+00 2.125369224747702290e+00 2.510511745772482595e+00
5.383549426953957440e-01 6.049416211888868355e-01 7.348107052175084641e-01 9.510350923411651225e-01 1.421046851253799481e+00 2.041700750752462490e+00 2.095222057995495657e+00 2.524681514032746765e+00
5.326748116973319958e-01 5.917784080088277499e-01 7.101140263929782703e-01 9.066355675220234556e-01 1.352188150471077988e+00 1.983160218511780926e+00 2.019293207484499586e+00 2.397939916094373292e+00
5.174936302666406363e-01 5.802651519318782203e-01 6.912887691194878892e-01 8.949144209637649450e-01 1.329895128561539686e+00 1.921064038262383145e+00 1.977989362517519112e+00 2.382213905481568528e+00
5.090240229975308006e-01 5.661376476033709304e-01 6.743274605890212658e-01 8.690005886506506627e-01 1.291840921933640418e+00 1.851409152646337430e+00 1.904689806445746925e+00 2.314295865685762621e+00
4.975170057874345186e-01 5.568455764695975363e-01 6.620759158396863908e-01 8.547207341479384768e-01 1.259748243638759257e+00 1.812777793888138866e+00 1.877252176146193774e+00 2.300531829299691022e+00
4.873418239136472208e-01 5.460491420895197123e-01 6.482396805136433349e-01 8.352070958161157410e-01 1.225336181640624966e+00 1.768390401291119796e+00 1.813900989680257370e+00 2.225876362710540679e+00
4.805563300166624252e-01 5.365566282840039669e-01 6.315649984843931808e-01 8.138293933884127584e-01 1.209550050488945594e+00 1.728400802357821675e+00 1.776388459806467868e+00 2.197857916303128434e+00
4.608618345395847915e-01 5.247016478007928697e-01 6.122530841356054188e-01 7.969413557548888916e-01 1.157403610434408758e+00 1.670595187437728502e+00 1.737574609439152651e+00 2.177607726234097374e+00
4.530791807262794513e-01 5.073901527806332634e-01 6.030751908092474300e-01 7.808793479596853881e-01 1.152507771293472816e+00 1.622098282784369960e+00 1.684559063631314801e+00 2.114257249639769576e+00
4.478258309277523552e-01 4.995411490742435734e-01 5.881355624286064288e-01 7.497685393909728768e-01 1.098953384536880629e+00 1.566888014552178854e+00 1.648901775210936282e+00 2.080049931637051319e+00
4.390485248005266405e-01 4.819052921992022509e-01 5.652807699074628989e-01 7.394236066616184377e-01 1.078724735886767760e+00 1.538890054579446831e+00 1.616397487565393254e+00 2.073453859295077084e+00
4.239123655828299642e-01 4.742701273845381649e-01 5.574392404620990282e-01 7.219383889607240423e-01 1.043517444943690142e+00 1.511499344726098037e+00 1.550558808203555072e+00 2.005572520119136559e+00
4.175112757416333809e-01 4.686623617012073417e-01 5.492659884445818541e-01 7.061713097391468796e-01 1.016126666237521681e+00 1.449605738863031901e+00 1.530405972075301602e+00 1.985627207900268809e+00
4.096433254474765029e-01 4.505073321255346763e-01 5.339969136925555304e-01 6.844678098244014741e-01 9.825997863863287218e-01 1.407374458610601398e+00 1.470855712890625000e+00 1.955936685723174806e+00
4.033510284282149638e-01 4.409174516594175364e-01 5.256721405135791336e-01 6.719508925196553406e-01 9.588383582406549976e-01 1.361626435732943952e+00 1.443758695113584345e+00 1.906199331231693828e+00
3.937822055458757853e-01 4.309460121883473827e-01 5.124632522277785540e-01 6.522815518332708562e-01 9.203472533213912232e-01 1.329010489485716429e+00 1.405608668818393081e+00 1.861672155505896598e+00
3.842188250424855567e-01 4.218629540693423219e-01 5.022567381204147141e-01 6.465730595062707531e-01 9.112357251190656982e-01 1.288910667990898373e+00 1.378358483458660855e+00 1.833881215956048250e+00
3.789693713710560741e-01 4.134577020378010226e-01 4.877299246568297386e-01 6.240089462921056818e-01 8.875887188957302110e-01 1.250173862665329150e+00 1.340709574214159705e+00 1.830981020869629550e+00
3.670972479568352931e-01 4.080618566858308371e-01 4.733259437728102870e-01 6.113661135383152700e-01 8.548016737759643879e-01 1.204749419310382486e+00 1.305459380027789829e+00 1.773482813130942137e+00
3.600922586249550306e-01 3.999178298790382335e-01 4.657127915654057371e-01 5.942478609577096504e-01 8.320323584704880648e-01 1.186124421169443277e+00 1.273228266678043008e+00 1.714118618392683979e+00
3.519200569614553409e-01 3.881575520833333570e-01 4.585166461287106809e-01 5.726839234406134738e-01 8.066829474743777428e-01 1.141750257201646024e+00 1.238644390990696342e+00 1.709823619942717254e+00
3.405188379353189521e-01 3.800173181080798712e-01 4.443603723286433382e-01 5.605552876486188385e-01 7.853662908480882887e-01 1.118383854682416301e+00 1.204708540042523035e+00 1.675079284108211608e+00
3.335419323979591510e-01 3.694909463381633730e-01 4.400915731930865604e-01 5.475794799273276947e-01 7.618225735774583063e-01 1.088931643403271865e+00 1.177005902509143276e+00 1.641197659827404065e+00
3.263801754870016558e-01 3.582099597230378740e-01 4.238742891596167239e-01 5.321466184789913623e-01 7.357417590069244007e-01 1.050164166988168724e+00 1.144977879164938317e+00 1.608973018450025716e+00
3.226391122009447665e-01 3.506573167399605895e-01 4.175257349449087996e-01 5.177678733491218876e-01 7.184562439185432359e-01 1.010777777898525409e+00 1.109575377658194917e+00 1.576463168407581605e+00
3.117770672290303136e-01 3.427388464595869655e-01 4.043582596894600423e-01 5.010001749467646315e-01 6.864243993219339979e-01 9.902355572790556559e-01 1.075531706126951814e+00 1.559271515261010155e+00
3.090127172908968545e-01 3.378972628636486841e-01 3.970599412241588855e-01 4.935287991974949828e-01 6.819768665793414231e-01 9.564232004099878504e-01 1.053409214991264609e+00 1.550222875088643537e+00
3.012055957959345331e-01 3.280534843940884904e-01 3.833066855740476231e-01 4.746717558522419722e-01 6.574138327205882870e-01 9.230991786697555490e-01 1.027435569651967917e+00 1.496094656953796287e+00
2.948790421779902138e-01 3.244684946829204941e-01 3.776620136645126302e-01 4.637542775674958762e-01 6.371610761411067303e-01 9.030935537469088059e-01 1.019769831690991557e+00 1.497615973275208567e+00
2.887662314851550671e-01 3.147422455385981421e-01 3.755200201698600249e-01 4.539794431304420286e-01 6.154068468092147581e-01 8.703976757216955740e-01 9.799307174041491653e-01 1.453454247277098155e+00
2.798983420513197484e-01 3.023721018145161255e-01 3.632046944979218095e-01 4.373540927302800863e-01 6.027560763888888395e-01 8.492803840627407563e-01 9.597362662773039066e-01 1.407240968313276497e+00
2.758308232522498904e-01 3.015008599209815787e-01 3.500065534443314585e-01 4.250547091571342251e-01 5.777026451708552335e-01 8.256991106323680052e-01 9.315002949056302439e-01 1.401900052365990579e+00
2.696009481128044949e-01 2.928275789811098373e-01 3.458908225042240381e-01 4.166682091270216826e-01 5.629660102998789162e-01 8.017047424896955876e-01 9.139329812769567685e-01 1.375589470348412169e+00
2.622948741965885899e-01 2.890602757655320598e-01 3.335580371216897988e-01 4.020180642416086303e-01 5.408618337168802359e-01 7.741450343423669223e-01 8.848277932725475692e-01 1.363966442860734762e+00
2.577207461175537451e-01 2.792821333930924910e-01 3.291068271509790533e-01 3.869706091808647885e-01 5.282007783166458026e-01 7.586076239899148810e-01 8.733433314732141906e-01 1.314742253147158868e+00
2.519017019137006486e-01 2.713860596526996294e-01 3.185133840164426355e-01 3.814478865550789410e-01 5.084493062916414230e-01 7.339425085800911353e-01 8.384070786129238506e-01 1.301827449399381109e+00
2.469485340606032975e-01 2.713711190089510006e-01 3.096401193128517915e-01 3.717301160666046100e-01 4.935703846483839308e-01 7.049774118084203289e-01 8.277302412108170637e-01 1.287162656625406854e+00
2.403147618716553469e-01 2.624271303685324352e-01 3.029399285829386113e-01 3.612072138650474495e-01 4.796039162837280601e-01 6.892455996196693579e-01 7.980425678441593895e-01 1.263827904612568220e+00
2.382441352804803847e-01 2.552897810131173895e-01 2.913471245504933305e-01 3.474167191047741188e-01 4.658039009228668870e-01 6.657079602354745163e-01 7.767675348884169884e-01 1.255394361941750470e+00
2.322934947727958999e-01 2.513096203158182163e-01 2.844949974204009635e-01 3.343586149925857343e-01 4.516106012412866577e-01 6.491947707203090667e-01 7.666083625929422940e-01 1.214013091427981417e+00
2.278859925378222406e-01 2.449751253812763874e-01 2.799002034178996734e-01 3.282971891373778206e-01 4.371112465618715026e-01 6.227495311951690704e-01 7.431554488121839830e-01 1.202217563766904140e+00
2.243374738804091439e-01 2.385554905453123320e-01 2.717006740285389244e-01 3.215691987626350667e-01 4.211261345769010678e-01 6.044435077540615264e-01 7.176383028534651931e-01 1.189341755897971531e+00
2.164053525671802147e-01 2.336052247515652269e-01 2.633834831838726687e-01 3.093120058627212843e-01 4.094705893308814848e-01 5.861796665919314364e-01 7.085213709359217127e-01 1.163855797420640714e+00
2.142354278460202599e-01 2.303299088299924635e-01 2.573656104857325877e-01 2.996841388395948824e-01 3.939976637366121581e-01 5.689413548341704097e-01 6.924387694648321823e-01 1.132691283811650296e+00
2.107453396570453108e-01 2.232000448222699607e-01 2.504056512070583218e-01 2.906543661501052589e-01 3.895656266158221137e-01 5.525809089302710086e-01 6.728332934736395154e-01 1.122101991932304532e+00
2.050137740505533213e-01 2.190656907220850103e-01 2.451611562116906284e-01 2.847885081841035060e-01 3.697892584949634132e-01 5.361652236652236780e-01 6.570458389242983532e-01 1.115134569981084400e+00
2.037499162222033977e-01 2.140693710718313270e-01 2.369224454959890924e-01 2.759435277663371822e-01 3.593345555101442046e-01 5.184712346053954590e-01 6.402613437396190710e-01 1.109026841070487324e+00
1.964044867999442667e-01 2.064992941719193398e-01 2.307431780454147763e-01 2.658854058771130124e-01 3.481924419363257028e-01 5.026021520426167122e-01 6.194228883188851453e-01 1.078262348755789413e+00
1.937852502506684504e-01 2.050643786423199388e-01 2.273579800019761288e-01 2.599771078530844215e-01 3.378706848575992461e-01 4.835426634939445356e-01 6.082788085937500533e-01 1.059710578867714359e+00
1.902818029888412865e-01 2.014722067212301460e-01 2.186327637619344677e-01 2.531815316560214191e-01 3.246463612613514904e-01 4.736339627502944571e-01 5.883617087902441867e-01 1.047265941124898792e+00
1.880256922902666938e-01 1.972172751183941530e-01 2.123747335329142782e-01 2.455260415308065658e-01 3.190487906458872591e-01 4.575102341173811205e-01 5.792227134328259419e-01 1.031147348857621715e+00
1.831190901638532209e-01 1.903349381240580229e-01 2.083960707661028922e-01 2.372317198651059666e-01 3.060304913515304870e-01 4.431109098228663279e-01 5.628952263883045815e-01 1.023033440916569337e+00
1.812189834567504432e-01 1.873512504027061987e-01 2.032022048443046236e-01 2.294716203495108242e-01 2.983111653576998035e-01 4.277133296996123990e-01 5.513550564167457591e-01 1.001718266241177657e+00
1.771856109336585328e-01 1.841735338322334492e-01 1.968221949122314351e-01 2.223796323043233381e-01 2.854746291519638102e-01 4.175343154482973884e-01 5.326863657443441369e-01 9.980472284885073542e-01
1.744122117974428732e-01 1.798341218838005739e-01 1.914649306843471954e-01 2.190984329792477481e-01 2.755428727113501397e-01 4.025440523828609507e-01 5.212350805465451042e-01 9.795170925148316554e-01
1.717892593867869633e-01 1.756828668172093488e-01 1.864477889932218690e-01 2.112474954859351051e-01 2.693755124092587772e-01 3.915081101265662777e-01 5.104615546938464643e-01 9.491847851994508201e-01
1.690970266363341912e-01 1.703325686617930546e-01 1.830839204075936089e-01 2.052434479851345250e-01 2.596244477085225544e-01 3.823118245665803605e-01 4.984939090862995359e-01 9.501989295816631875e-01
1.673418499075745580e-01 1.682851766995117071e-01 1.764348047702845868e-01 1.986600962170229356e-01 2.503395232063517772e-01 3.677264270536250157e-01 4.832711869695456297e-01 9.456576548545267968e-01
1.670061963605559974e-01 1.639460089935961817e-01 1.730781533907058967e-01 1.936582790585014702e-01 2.453348594866745780e-01 3.554329745520563022e-01 4.760859898158482095e-01 9.313913840541818701e-01
1.623813315390651713e-01 1.609080531393362878e-01 1.698018336876691015e-01 1.890251564170832010e-01 2.356515656095282130e-01 3.478324349470964250e-01 4.608247243813451965e-01 9.183928065223821990e-01
1.610274036283608490e-01 1.580296227395723285e-01 1.650801079762554413e-01 1.809666456897073006e-01 2.272367222102608109e-01 3.350780708836647026e-01 4.523205833363979633e-01 9.019574992680963188e-01
1.580132746613270578e-01 1.547275008906759119e-01 1.610906118583236846e-01 1.777923299659112943e-01 2.184549772944550661e-01 3.277371823472502999e-01 4.386607892876135950e-01 8.909183852497530864e-01
1.573015279216962437e-01 1.522475913880640686e-01 1.591460499325195732e-01 1.733360586240310086e-01 2.138518396171905367e-01 3.158542266739780002e-01 4.293043145793153381e-01 8.803628717154902139e-01
1.563442951415744131e-01 1.497424258553021192e-01 1.530624434277408352e-01 1.669435906782922863e-01 2.050125473708443447e-01 3.037349612348924643e-01 4.180970625443892197e-01 8.720848604871127563e-01
1.532581461705722348e-01 1.448088915564960388e-01 1.483151293062653642e-01 1.649887561346972675e-01 1.986480753189256709e-01 2.969422424127265425e-01 4.089206107793617595e-01 8.618334628478389048e-01
1.528454887961082087e-01 1.423360508337839780e-01 1.456479918929927952e-01 1.591175650870757519e-01 1.929125311851061231e-01 2.861260016119406835e-01 3.997533190264768721e-01 8.590857089874778252e-01
1.517550958415580242e-01 1.395940895540168647e-01 1.423250493664875438e-01 1.561516378821994067e-01 1.895968479462689371e-01 2.739272690876038419e-01 3.888594561161583529e-01 8.509814139434561664e-01
1.496925621646718885e-01 1.376994677007215007e-01 1.398905715501377323e-01 1.509407612814832045e-01 1.818391788337716530e-01 2.678364403635689062e-01 3.785961435530774688e-01 8.375329929137736995e-01
1.497762751601098008e-01 1.362503337585273255e-01 1.362055925059159067e-01 1.458135130327276874e-01 1.787721355364866038e-01 2.598949628466889483e-01 3.747150022799817792e-01 8.328955862525992959e-01
1.478081725155314663e-01 1.327550852961128514e-01 1.330371940404023456e-01 1.429639986461108958e-01 1.713779110203715317e-01 2.509014558379862869e-01 3.640176031787322741e-01 8.212069871419234168e-01
1.486434009285811653e-01 1.302059083123601746e-01 1.299602799891108329e-01 1.380620970456711560e-01 1.676339386835190570e-01 2.416562120476936359e-01 3.551912001975864319e-01 8.167941704104955125e-01
1.473919714069703846e-01 1.291606278069275249e-01 1.273726583659865741e-01 1.350653895950384709e-01 1.613917182196619171e-01 2.363074340285385710e-01 3.468631873713707292e-01 8.089494684527759327e-01
1.463129035325790028e-01 1.264026173220436089e-01 1.237960615274782128e-01 1.319808071883267209e-01 1.585205616116681371e-01 2.303406897005093046e-01 3.405128522107830347e-01 8.017773299323487368e-01
1.468205462632830027e-01 1.237121796189692841e-01 1.209129879403905011e-01 1.286770778276955518e-01 1.535345527325102100e-01 2.209585055947055066e-01 3.260738099682785607e-01 7.917007775581977880e-01
1.466097131390007302e-01 1.219805659353079830e-01 1.195270659457916551e-01 1.261411128649829461e-01 1.481893006893100773e-01 2.140229592386618251e-01 3.232602250546111056e-01 7.855140866998808757e-01
1.466020564091260747e-01 1.192568078130421538e-01 1.158191616687710562e-01 1.226650369349128467e-01 1.449979596804451820e-01 2.075673537031806626e-01 3.146524992126782938e-01 7.831382036122243040e-01
1.468593772445890289e-01 1.184013303963804831e-01 1.150821115119425725e-01 1.197543691127466448e-01 1.419393166841849963e-01 2.024642807606146788e-01 3.078218013890074434e-01 7.647245438199253842e-01
1.453223933347846109e-01 1.167036513567289990e-01 1.122520808350793431e-01 1.175222839037550066e-01 1.374260569303229762e-01 1.975893821325725164e-01 3.008632233183262672e-01 7.674808844317146939e-01
1.448624064582366699e-01 1.151121208466679147e-01 1.097624056079123944e-01 1.137410827036776512e-01 1.330859309132872426e-01 1.901342447807440605e-01 2.928808577298475657e-01 7.484017658269543904e-01
1.454796104554625935e-01 1.129048294719381396e-01 1.082595173628351504e-01 1.111706324089591219e-01 1.290585829253350081e-01 1.838216348020186297e-01 2.860766926222949591e-01 7.418913810483871440e-01
1.426874071839021874e-01 1.120519054436817791e-01 1.056174253806089758e-01 1.089479219910498287e-01 1.274713905603001851e-01 1.789725616001784092e-01 2.812053532107477438e-01 7.418749708446500390e-01
1.408286666328806003e-01 1.105679776929094915e-01 1.031605900095282219e-01 1.064021994122682918e-01 1.242285714058037477e-01 1.761209842734565156e-01 2.760813458365683482e-01 7.244283958559740721e-01
1.395369948564448292e-01 1.079233925486487028e-01 1.033127300764522943e-01 1.047651784371239347e-01 1.197131459245174279e-01 1.704875890596929677e-01 2.690482701345001115e-01 7.351295077528794408e-01
1.395698401337391037e-01 1.068973528817830643e-01 1.000359766803356060e-01 1.026121394181755270e-01 1.182217189677917252e-01 1.657075614916921624e-01 2.609247205348196319e-01 7.151683191523680039e-01
1.391483341472007085e-01 1.059815644242308036e-01 9.910502375933707975e-02 9.924318326802430978e-02 1.150065604279534304e-01 1.601304027862014701e-01 2.565965858624399409e-01 7.162541364885114392e-01
1.397376689868218558e-01 1.044834826199422806e-01 9.740083955871271792e-02 9.619866097303141073e-02 1.117402119411828321e-01 1.558843026551460786e-01 2.508782251083598869e-01 7.172597319069471400e-01
1.416645777354091640e-01 1.026084223638908388e-01 9.640977361623526143e-02 9.442528842307505721e-02 1.096444264121246015e-01 1.527676191093111369e-01 2.462659809490667928e-01 7.090848641899288873e-01
1.441631438009941257e-01 1.026764307236228829e-01 9.405268270904652839e-02 9.267150750351041411e-02 1.058283538189449119e-01 1.476108869488889641e-01 2.417689052327791355e-01 7.090740173108672773e-01
