nan nan nan nan nan nan nan 0.000000000000000000e+00
2.336052246093750000e+03 nan nan nan 1.498900878906250000e+03 3.566065063476562500e+02 nan 2.840083618164062500e+02
3.214894921875000364e+03 nan nan 3.019269856770833030e+03 nan 4.148675781250000000e+03 3.694152343750000000e+03 7.623558593750000000e+03
3.659238769531250000e+03 nan 3.448343098958333030e+03 nan 4.597110839843750000e+03 5.284853515625000000e+03 1.035055989583333212e+04 5.924430175781250000e+03
5.872087239583333030e+03 4.291716471354166060e+03 nan 4.860485351562500000e+03 nan 6.238339843750000000e+03 4.553282877604166060e+03 4.529947115384615245e+03
5.475115767045454959e+03 4.854772656250000182e+03 3.851142857142856883e+03 nan 6.285616477272727025e+03 7.768516927083333030e+03 1.898020758928571377e+04 4.527663352272727207e+04
3.979338867187500000e+03 4.904898437500000000e+03 5.290714062500000182e+03 5.890161132812500000e+03 5.109762695312500000e+03 1.434673535156250000e+04 1.716609765625000000e+04 2.404534548611110949e+04
2.462730143229166515e+03 4.514438802083333030e+03 3.550167317708333030e+03 3.951824497767856883e+03 4.474895241477272975e+03 1.706521394230769147e+04 2.167498437500000000e+04 2.471709166666666715e+04
3.826153782894736651e+03 4.040520647321428442e+03 3.831873697916666515e+03 4.770307091346154266e+03 1.439032366071428442e+04 1.659321614583333212e+04 1.792032572115384755e+04 1.837363265306122412e+04
3.565247961956521522e+03 3.947144531250000000e+03 3.584659466911764866e+03 5.165225585937500000e+03 1.034785234375000073e+04 1.311986562500000036e+04 1.318132118055555475e+04 1.842898972602739741e+04
3.524452818627451052e+03 3.063699218750000000e+03 3.703640625000000000e+03 8.317673233695652016e+03 1.338658088235294053e+04 1.212921590909090992e+04 1.429365081521739012e+04 1.709322240259740283e+04
3.025005420918367236e+03 3.500495008680555202e+03 3.264418526785714221e+03 6.805650000000000546e+03 7.050401515151515014e+03 9.184348958333332121e+03 1.302133035714285688e+04 1.216275637755101889e+04
3.446030225409836021e+03 2.968291730182927040e+03 3.497494318181818471e+03 7.808300675675675848e+03 7.732744212962962592e+03 1.021460979729729843e+04 1.028074768518518431e+04 1.517337310606060601e+04
2.804755597014925115e+03 2.525446265243902417e+03 4.107559742647058556e+03 5.601887931034482790e+03 6.962291666666666970e+03 8.354871212121212011e+03 9.606851351351351695e+03 1.257819741379310290e+04
2.782421175373134247e+03 2.648509672619047251e+03 3.722915972222222535e+03 6.212876358695652016e+03 6.290757291666666788e+03 7.179186011904761472e+03 8.139903716216216708e+03 9.256781635802468372e+03
2.194611795774647817e+03 2.244348668981481296e+03 3.819913563829787108e+03 5.299669270833333030e+03 5.461608455882353155e+03 6.098137499999999818e+03 7.160050624999999854e+03 8.855467447916666060e+03
2.154083108836206975e+03 2.099843602594339700e+03 4.742332175925926094e+03 4.481306760204081002e+03 5.280115384615384755e+03 6.020577127659574217e+03 6.753849264705881978e+03 7.144349619289339898e+03
1.935035344827586187e+03 2.108134905133928442e+03 3.774100983796296077e+03 3.864285087719298190e+03 4.805739257812500000e+03 5.410232007575757962e+03 5.810628125000000182e+03 7.421314759036144096e+03
1.981204409246575324e+03 1.893115792410714221e+03 3.011504464285714221e+03 3.657827936746988144e+03 4.639104166666666970e+03 5.109146825396825079e+03 5.476098090277777374e+03 6.490626976284584089e+03
1.885001623376623456e+03 2.070920703124999818e+03 2.860134765625000000e+03 3.866818256578947057e+03 4.049231468023255729e+03 4.638416964285714130e+03 5.397228084415584817e+03 6.212080737704917738e+03
1.762510220125786191e+03 1.811937832446808443e+03 3.272262019230769511e+03 3.201952168367346530e+03 4.171750428082191320e+03 4.321854403409090992e+03 5.106317018072289102e+03 5.487110623003194632e+03
1.646837983630952294e+03 1.769248647836538566e+03 3.154425561797752835e+03 3.164608347039473301e+03 3.508340965346534631e+03 4.145831395348836850e+03 4.769911029411764503e+03 5.849982758620689310e+03
1.601685450819672042e+03 1.624532487623762336e+03 2.784052181603773533e+03 3.065039564220183820e+03 3.604393973214285325e+03 3.784192857142857520e+03 4.217548828125000000e+03 5.470353855721393302e+03
1.448747321428571468e+03 1.529248013771186379e+03 2.389595439189189165e+03 2.964089204545454322e+03 3.230943802521008365e+03 3.709001179245282856e+03 4.345791392543859729e+03 5.037652247191012066e+03
1.448876179245283083e+03 1.430604166666666515e+03 2.366157126168224295e+03 2.840361172566371806e+03 2.772001395089285779e+03 3.267065651260504183e+03 3.909743969298245247e+03 4.150968750000000000e+03
1.347309198943662068e+03 1.304153000000000020e+03 2.241547471374045926e+03 2.510503556910569387e+03 2.635419708029196954e+03 2.845634689922480447e+03 3.647265136718750000e+03 4.035760166358595143e+03
1.228861762152777601e+03 1.344992817540322449e+03 1.992910214552238813e+03 2.223052980132450102e+03 2.585792658730158564e+03 2.940289228723403994e+03 3.124428768382352700e+03 3.918823853211009464e+03
1.188103933706070165e+03 1.188651855468750000e+03 1.677277637283236800e+03 2.121664473684210407e+03 2.389055658284023593e+03 2.839735491071428442e+03 3.081115989263803840e+03 3.757628632478632426e+03
1.130216973244147084e+03 1.124065982142857138e+03 1.931937276785714175e+03 1.964670933734939808e+03 2.287880803571428714e+03 2.411385481366459317e+03 2.905435388513513772e+03 3.473467443729903607e+03
1.061593185240963976e+03 1.176195977393616886e+03 1.714194696969696906e+03 1.981995883233533050e+03 2.007878511235955102e+03 2.358584426795579930e+03 2.812563961988304072e+03 3.255678673323823205e+03
1.087301638719512312e+03 1.057065608638743470e+03 1.628613851351351514e+03 1.759929008152173765e+03 1.974215357142857101e+03 2.321378048780487916e+03 2.553839236111111404e+03 3.229008241758242093e+03
1.050740607443820181e+03 1.112066406250000000e+03 1.540968595297029651e+03 1.953540747549019670e+03 1.858863719512195075e+03 2.262632012195122115e+03 2.399364430147059011e+03 3.037602866242038090e+03
1.005100378787878753e+03 1.069114960748792328e+03 1.526040157004830917e+03 1.674461016414141568e+03 1.898742343750000146e+03 2.042615845959596072e+03 2.353357054455445450e+03 2.755278905289053000e+03
9.705238095238095184e+02 1.022055959302325618e+03 1.469308911483253496e+03 1.571009011627907057e+03 1.709617849576271283e+03 2.031754363738738675e+03 2.498824339207048524e+03 2.727806414662084990e+03
8.838881903353058078e+02 8.997215245327101911e+02 1.432969988986784301e+03 1.581280129482071743e+03 1.690455959302325482e+03 1.878150102459016580e+03 2.114714556277056090e+03 2.530647545357523995e+03
8.701789830942623212e+02 8.832454545454545496e+02 1.254066297743055429e+03 1.421163099315068393e+03 1.612461642599278093e+03 1.793312920403587441e+03 2.073099754901960750e+03 2.355016549648946693e+03
8.610203544061301955e+02 8.294395073784721717e+02 1.194201869419642890e+03 1.324705569727891088e+03 1.537922489082969378e+03 1.612645466549295861e+03 1.906789032101167322e+03 2.187004634146341687e+03
7.745471470019342632e+02 8.609504166666666833e+02 1.178435654981549760e+03 1.299657024793388473e+03 1.499766818936877144e+03 1.730960825892857201e+03 1.838707061068702160e+03 2.283318304779080336e+03
7.518530560661764639e+02 7.889686458333334258e+02 1.114810088424437254e+03 1.170106677524430097e+03 1.351961103723404221e+03 1.483304716117216003e+03 1.710779549319727721e+03 2.156949747687132003e+03
6.990841008771930092e+02 7.299681332236841627e+02 1.048248381877022666e+03 1.183854845276872993e+03 1.313687601791531051e+03 1.490153571428571468e+03 1.675454126602563974e+03 1.904869240097008742e+03
6.834125184365781251e+02 7.710159161490682891e+02 1.100952437106918296e+03 1.178889378834355966e+03 1.307787739616613408e+03 1.403377878289473529e+03 1.659828269230769138e+03 1.928770800627943572e+03
6.882129144113667962e+02 7.153819772012578824e+02 1.046813444108761360e+03 1.155398761980830614e+03 1.237786827195467367e+03 1.352061443661971907e+03 1.563267299107142662e+03 1.900466012084592194e+03
6.306285402097902306e+02 6.524579396802325846e+02 9.872136921965317242e+02 1.035590938303341773e+03 1.206620991253644206e+03 1.293818821225071360e+03 1.536892981843575399e+03 1.759595722300140096e+03
6.355020068807339158e+02 6.463194949127906739e+02 9.270148305084745743e+02 9.712398574561402711e+02 1.128270072418135896e+03 1.274918269230769283e+03 1.415646585051546253e+03 1.696314527027027225e+03
6.183027920410783054e+02 6.684730079075426374e+02 9.437335434173669455e+02 9.897926551094890328e+02 1.066673524305555702e+03 1.204491844512195030e+03 1.348070271164021051e+03 1.625835201793721808e+03
6.177309993531695227e+02 6.172338639018690856e+02 9.103267944038930182e+02 9.484407637075718185e+02 1.028172973356009152e+03 1.150887061403508596e+03 1.338730950881611989e+03 1.537905219780219795e+03
5.529740683229813385e+02 5.869906321510297857e+02 7.857125589622640973e+02 9.246762440758294588e+02 9.693956778606965372e+02 1.167238689095127484e+03 1.294944529339853261e+03 1.462549349881796616e+03
5.424627463054187047e+02 5.626470486111111313e+02 7.786012527533040384e+02 8.494184288008565318e+02 9.548505771396396540e+02 1.070485593463302848e+03 1.219178138766519851e+03 1.430000276854927961e+03
5.239898665659617336e+02 5.519374323593073086e+02 7.591950549450549488e+02 8.476848493303571104e+02 8.910101222826086769e+02 1.051524663978494573e+03 1.168498898678414207e+03 1.438069368131868032e+03
4.987837400398406089e+02 5.346638933982684421e+02 7.760451612903225396e+02 7.774138317510547722e+02 9.198169642857142208e+02 9.955599011156186862e+02 1.169384854771784148e+03 1.332861169931180484e+03
4.967935180664062500e+02 5.341599609375000455e+02 7.111261734189722574e+02 7.642351017441860677e+02 8.506574947589099338e+02 9.346399234693878952e+02 1.086222554890219499e+03 1.311795116509667650e+03
4.885772706209453418e+02 5.230540766460906070e+02 6.941946243523316298e+02 7.579121963562753308e+02 7.901788033395176853e+02 9.261961705202312487e+02 1.063088619402985159e+03 1.219972314245148937e+03
4.764916310541310622e+02 4.942639431423610858e+02 6.848923891129031745e+02 7.182781250000000455e+02 7.813216196498054842e+02 8.692795329670329920e+02 1.015106167608286228e+03 1.234290273909006601e+03
4.476339769647696016e+02 4.762527356902356814e+02 6.775537683823529278e+02 7.147184573970037036e+02 7.790042708333334076e+02 8.507259326758147608e+02 9.987562500000000227e+02 1.124888640429338011e+03
4.423958810724106456e+02 4.804373933447099034e+02 6.291156405990017220e+02 6.929668739279587726e+02 7.921288642473118671e+02 8.322675816696914808e+02 9.651665951972555604e+02 1.124073210412147546e+03
4.188419439579684536e+02 4.554929991883117282e+02 6.121670032310178158e+02 6.826238000000000739e+02 7.326396937086092294e+02 8.165991344605474751e+02 9.471134599673202956e+02 1.075860060362173044e+03
4.123753765060241108e+02 4.464873392282958093e+02 5.944500309405940470e+02 6.396795081967212582e+02 7.035021964856230170e+02 7.929679525518341734e+02 9.375839717741935146e+02 1.061738260514495778e+03
4.251654548844146007e+02 4.229785031847134178e+02 6.112453149149922638e+02 6.259455613057325536e+02 6.732069256756756204e+02 7.274826718009478554e+02 8.770689586645469262e+02 1.018203065498857654e+03
3.903960734870316855e+02 4.135691964285713880e+02 5.692813421828908531e+02 5.845501586741889923e+02 6.484654503105589356e+02 7.223133070301291809e+02 8.613561681222707875e+02 9.999705438066465604e+02
3.741624110320285013e+02 3.951029326923077178e+02 5.267316722972973366e+02 5.959654988354036504e+02 6.267907986111110858e+02 7.293186475409836476e+02 7.682517780938834449e+02 9.513534296028880135e+02
3.663252111189303264e+02 3.889228182414698267e+02 5.443349682361733812e+02 5.786182238520407282e+02 6.344200643776823654e+02 6.826349095394737105e+02 8.117559943582510869e+02 9.502510344827585413e+02
3.729555707450444402e+02 3.822795838751625297e+02 5.161253387533874957e+02 5.452856501436781400e+02 5.862968544137022491e+02 6.618016546639231592e+02 7.634595238095237164e+02 9.036557763556752434e+02
3.441364960013908103e+02 3.734367138364779635e+02 4.868038751604620984e+02 5.223871439873418012e+02 6.010488544474393393e+02 6.599484797297297973e+02 7.566002113133940838e+02 8.606674551386623762e+02
3.361371323529411370e+02 3.649132724719100906e+02 4.690197688564476834e+02 5.285970477386935045e+02 5.593232385661309536e+02 6.283975122100122235e+02 7.150684006211180304e+02 8.733804381363776201e+02
3.424084404205607370e+02 3.577324637452711045e+02 4.873503620906801075e+02 5.066248443337484559e+02 5.660712316176470722e+02 6.342276214833759695e+02 7.130387016229713026e+02 8.084064250155569198e+02
3.261149284110050530e+02 3.416671373365041404e+02 4.666747713414634404e+02 5.064093786808008986e+02 5.293460002903600525e+02 6.013080663615560297e+02 6.975930555555555657e+02 8.082255952380953659e+02
3.241729403409090651e+02 3.411277339003644897e+02 4.338348214285714448e+02 4.732870540770102252e+02 5.147440385783717147e+02 5.749917203985932019e+02 6.847498577929465000e+02 7.693592880164078451e+02
3.054384898190045305e+02 3.301532998251748268e+02 4.258683634020618456e+02 4.620664988151659145e+02 4.989346772051009111e+02 5.837939005160550323e+02 6.401430355160932777e+02 7.613535107272221012e+02
3.028585649385354941e+02 3.198713389121338651e+02 4.363130793742757874e+02 4.472786027892561833e+02 5.027088483146067688e+02 5.407612838189386366e+02 6.149140625000000000e+02 7.386286854206113048e+02
2.960078464673912890e+02 3.104059961928934399e+02 4.121371951219512653e+02 4.443614773950483823e+02 4.859521722560976400e+02 5.488441584967321205e+02 6.195738877118643586e+02 7.160173674588666017e+02
2.880688829787234226e+02 3.007526381909548263e+02 3.963844092721834045e+02 4.287704498977505523e+02 4.720024064171122973e+02 4.899880952380952976e+02 5.706746227887617806e+02 7.111779129321382698e+02
2.741304766330324014e+02 2.929131424650698250e+02 3.917208022388059590e+02 4.129462861415752286e+02 4.469436893203883301e+02 5.020334665334665374e+02 5.923435665362035252e+02 6.828504526024642018e+02
2.736519257380073782e+02 2.867661270691334039e+02 3.871298076923077360e+02 4.015993217054263482e+02 4.527708537181995894e+02 4.941727548543689181e+02 5.700297324083251169e+02 6.670453273302506432e+02
2.623618978590544089e+02 2.787465113528855341e+02 3.769919047619047774e+02 3.989398857210179017e+02 4.291039935364727285e+02 4.665082949308755929e+02 5.465670675300648327e+02 6.445054486436355319e+02
2.636789539653600514e+02 2.709833572796934504e+02 3.648955455801105359e+02 3.873474264705882320e+02 4.176696765816808465e+02 4.727178705440900330e+02 5.349506549232158932e+02 6.282595682613768986e+02
2.601903799291094401e+02 2.718467481549815261e+02 3.516580079764903530e+02 3.762625354777672442e+02 4.037340029761904816e+02 4.533918376449598782e+02 5.198747791519434713e+02 6.143907469342252625e+02
2.534174352217830517e+02 2.643094466864910714e+02 3.523353409090909167e+02 3.740664616346955427e+02 4.007716998191681341e+02 4.429895833333333712e+02 5.065948808473080476e+02 5.891782237126784594e+02
2.406445262483995009e+02 2.576286254084967595e+02 3.353730905765921193e+02 3.699147828014184256e+02 3.883379149377593080e+02 4.332888113367174014e+02 4.888845493562231468e+02 5.773748943364328170e+02
2.355390456699698234e+02 2.439721767594108144e+02 3.339861852917009060e+02 3.568033622778675635e+02 3.869624788314987427e+02 4.155441978995057752e+02 4.785162324234904645e+02 5.655472424557752902e+02
2.284081997863247864e+02 2.418550505551149854e+02 3.141684481393507440e+02 3.464808122964169570e+02 3.678880456349206156e+02 4.003387732417137954e+02 4.608925859312549846e+02 5.500453724151776669e+02
2.258386913767019735e+02 2.337760458167330739e+02 3.282929008688783483e+02 3.369747944400939446e+02 3.660957393231265087e+02 3.985698747040252670e+02 4.530961769415532103e+02 5.385980110825252041e+02
2.204570139911634783e+02 2.289846063912704608e+02 3.024067622950819896e+02 3.194031201475154944e+02 3.498818233510235132e+02 3.829408285440613327e+02 4.573710287443267930e+02 5.269198913457872777e+02
2.178313657827824272e+02 2.235250048039969215e+02 2.946023787313432649e+02 3.215836600142552015e+02 3.422588740458015195e+02 3.819649267399267387e+02 4.433419090231170685e+02 5.008262388226527833e+02
2.135061858504398913e+02 2.211043420045906487e+02 2.839968642611684118e+02 3.108709302325581234e+02 3.302122890295358957e+02 3.739210576194086570e+02 4.204605595667869693e+02 4.967471575279662375e+02
2.069886731391585784e+02 2.177270233196159097e+02 2.846109195402298724e+02 2.950757620912806374e+02 3.211846275018531855e+02 3.687532803867403004e+02 4.127065256688358659e+02 4.869953119365308680e+02
2.015063626723223820e+02 2.138527144772118049e+02 2.772392564504881420e+02 2.989071848290598723e+02 3.180611882193635438e+02 3.596521853146853118e+02 4.098562023562023455e+02 4.671045219638242543e+02
1.984177597061909921e+02 2.038175539083558192e+02 2.717786164565361560e+02 2.830728602841678025e+02 3.129958047945205522e+02 3.414156669019054675e+02 3.962532181571815499e+02 4.719705783456623749e+02
1.871426215277777771e+02 2.011002389584706407e+02 2.631589547270306184e+02 2.859315436796823064e+02 3.046528604497354422e+02 3.311395522992228280e+02 3.771759628154050006e+02 4.535812447786132111e+02
1.864997628083491463e+02 1.980668202764976797e+02 2.629113281250000114e+02 2.717006162558294591e+02 2.970551124916051435e+02 3.354531974817759874e+02 3.788220675944334062e+02 4.380100428054000190e+02
1.840759051329055751e+02 1.935897482303732318e+02 2.529273756377550910e+02 2.668919682364096388e+02 2.929454901659495931e+02 3.197392645221736416e+02 3.628529596977330129e+02 4.261651365348399736e+02
1.779332325474586582e+02 1.955404752396166259e+02 2.461057008044554379e+02 2.556044086185819140e+02 2.810933143219264707e+02 3.113410267305314960e+02 3.595033343672456567e+02 4.199720046985121371e+02
1.745518094590510714e+02 1.812166853752405302e+02 2.345200657894736764e+02 2.540812733208955194e+02 2.766683402244536296e+02 3.052912326388889142e+02 3.455939177101967630e+02 4.121258044744100175e+02
1.698060590173756736e+02 1.772826792772444833e+02 2.403246667699937973e+02 2.529410635964912331e+02 2.671571050995024734e+02 3.008558242701774361e+02 3.354833232261976832e+02 3.972708456534595030e+02
1.681685154854079940e+02 1.742265402167712409e+02 2.256732424154025409e+02 2.436292214584578346e+02 2.629451146595385467e+02 2.933090236686390426e+02 3.335043280516431992e+02 3.874335626357711817e+02
1.663000471287703022e+02 1.754664573927765048e+02 2.253062500000000057e+02 2.372258498880806030e+02 2.515554488109048634e+02 2.837791262135922352e+02 3.283126790830945083e+02 3.937937117655426960e+02
1.571090843023255843e+02 1.686284933591588242e+02 2.200550587016574866e+02 2.313366381726457348e+02 2.553492851193781519e+02 2.799359157381615546e+02 3.175233421198668111e+02 3.661740414003889441e+02
1.581861192440777302e+02 1.652179536011080359e+02 2.167012877747252730e+02 2.242814058171745444e+02 2.450165798611110972e+02 2.713699535238623639e+02 3.038401554760594081e+02 3.609931868743047971e+02
1.545431832901554401e+02 1.621339261699838517e+02 2.107067334064728641e+02 2.190646422742111099e+02 2.462532233109850495e+02 2.669436513157894524e+02 3.069177333333333308e+02 3.570245670559806399e+02
1.518251629726206033e+02 1.597577873254564906e+02 2.033208960062240749e+02 2.210548548829098081e+02 2.387716320010875393e+02 2.604729954714970290e+02 2.948049636174636134e+02 3.402631271120353063e+02
1.485926407200811354e+02 1.528209983940042775e+02 2.008170307845084324e+02 2.132843428880476040e+02 2.334141019172552944e+02 2.558165270618556804e+02 2.892717475477542735e+02 3.372769930340556925e+02
1.475385916751787647e+02 1.498973823744514675e+02 2.020481063631523000e+02 2.101625971817298364e+02 2.221058283211296782e+02 2.527801150497512310e+02 2.834837493664470571e+02 3.356291376030437732e+02
1.428180202095808227e+02 1.471218734968734907e+02 1.938981447688564685e+02 2.100572836414997369e+02 2.152916271909047907e+02 2.496406020558003149e+02 2.725407770605759765e+02 3.247111343246896809e+02
1.390258759940357720e+02 1.466335418671799857e+02 1.876329665704665786e+02 2.030125299043062341e+02 2.099523868110236151e+02 2.376615737321516519e+02 2.693498661148977931e+02 3.163084262175914887e+02
1.369004863334154152e+02 1.440903411750936414e+02 1.819692366682397449e+02 1.920759726140103396e+02 2.109897268408550985e+02 2.320421291922532134e+02 2.670753554502369980e+02 3.027755388940955754e+02
1.332395786390266039e+02 1.401245285242810041e+02 1.791475604744011321e+02 1.932637741859367679e+02 2.040613020102852033e+02 2.261336933918668990e+02 2.560261545711592817e+02 3.007123154164205516e+02
1.309742886864597438e+02 1.350239559164733123e+02 1.772291091160221015e+02 1.876579380193905706e+02 1.973905898560503829e+02 2.202940169452182033e+02 2.551421783625731052e+02 2.951209797840569991e+02
1.291254963600264603e+02 1.377469067992599605e+02 1.688779164788097376e+02 1.864696752098983836e+02 1.961306936116235988e+02 2.209359735790408479e+02 2.440923913043478422e+02 2.899633115419296701e+02
1.281158256880733859e+02 1.323674024582769562e+02 1.692192514780405475e+02 1.767656880888290516e+02 1.930403191030616767e+02 2.140705106809078586e+02 2.418764081455805695e+02 2.861386883273164585e+02
1.222650109769484033e+02 1.306334725725094472e+02 1.629546953160527494e+02 1.754622596153846246e+02 1.911931641492669769e+02 2.085873600947051330e+02 2.385502825797872219e+02 2.750750325874429336e+02
1.209246095421480476e+02 1.266137807163681828e+02 1.617511118170266684e+02 1.733173242777059215e+02 1.861819740073679839e+02 2.050235495780590895e+02 2.296548373468525597e+02 2.659469560135996744e+02
1.187080723542116658e+02 1.254284199089403984e+02 1.597793203481143678e+02 1.736795680033071392e+02 1.847502681252681214e+02 2.009842752234993668e+02 2.292183703393380938e+02 2.652804227267970987e+02
1.156336162015826829e+02 1.197459734602917223e+02 1.551520249695493305e+02 1.642602069069673973e+02 1.761750412711514855e+02 1.948034136546184811e+02 2.247410097521332659e+02 2.563550629722922167e+02
1.151899312377210123e+02 1.195096952207371430e+02 1.531694410815173342e+02 1.631023373983739759e+02 1.736215737951807228e+02 1.930146592304543560e+02 2.165224423776789138e+02 2.521178766984384652e+02
1.137316240557815235e+02 1.181848079595077365e+02 1.480434202577527287e+02 1.565770816673330614e+02 1.696215438901778896e+02 1.909148993354182835e+02 2.123357833464877729e+02 2.428730166600555265e+02
1.104842025123715388e+02 1.148289000000000044e+02 1.469745980939545689e+02 1.575822181093394079e+02 1.652982705342902818e+02 1.825321133921719081e+02 2.068978151585460239e+02 2.412043378995433613e+02
1.082347055460262908e+02 1.124250779423226874e+02 1.402504827142331862e+02 1.523247850722938779e+02 1.646907513098802553e+02 1.786392913077525577e+02 2.011516028072837798e+02 2.351309241706161117e+02
1.046018072857682171e+02 1.114995756880733921e+02 1.424932306025994535e+02 1.479796784024745477e+02 1.596346400722708267e+02 1.787508095854922203e+02 1.988464986787466842e+02 2.360693074003795005e+02
1.023400886194029908e+02 1.099798866090712721e+02 1.380563593693036637e+02 1.427491981041746385e+02 1.596536402329749080e+02 1.747847222222222285e+02 1.958098379629629449e+02 2.260357502979191509e+02
1.005518196202531698e+02 1.066420033441793151e+02 1.338433461952620291e+02 1.429194651183644282e+02 1.546212766953915434e+02 1.710132713248638652e+02 1.900538965768390369e+02 2.205064201803114372e+02
9.979430032882717683e+01 1.024655883919062802e+02 1.331698073140200336e+02 1.392397984158063480e+02 1.490196393718949537e+02 1.650868973214285802e+02 1.867962562433107223e+02 2.166766539890323600e+02
9.702202472952086509e+01 1.009764912280701736e+02 1.276536704267226270e+02 1.370294667710508065e+02 1.510021227240896451e+02 1.607936067019400355e+02 1.826334311492641689e+02 2.116987517580872122e+02
9.584319102261221701e+01 1.016070866829779789e+02 1.260345090687129357e+02 1.348182420494699727e+02 1.427366663831235201e+02 1.588471467391304373e+02 1.784151231909028184e+02 2.071787791959711740e+02
9.360672557786401171e+01 9.738997844827585482e+01 1.234747165871121695e+02 1.337761395483020124e+02 1.411662762697022799e+02 1.529721686385459520e+02 1.774497058823529585e+02 2.052682666894023384e+02
9.131638829612606401e+01 9.635987487100102555e+01 1.222824766731016695e+02 1.289289393809849571e+02 1.400830055951994666e+02 1.539770116143048142e+02 1.723567751577548961e+02 2.010163038963196698e+02
9.054199702675916228e+01 9.649212771045917236e+01 1.179090117267165141e+02 1.290043912415784462e+02 1.375312919322375080e+02 1.489225605762933924e+02 1.679503231687106393e+02 1.949122624582008143e+02
8.896455891927082860e+01 9.290735340479193383e+01 1.168742308937823822e+02 1.244542304211911841e+02 1.344792323455233429e+02 1.450550298002577279e+02 1.649765374116891223e+02 1.884662555600485234e+02
8.735174704724408912e+01 9.102722801847721712e+01 1.152773536895674340e+02 1.220415666026256645e+02 1.316038934426229616e+02 1.443880832534356102e+02 1.637358056370153179e+02 1.861788002562870474e+02
8.601502024291498572e+01 8.864144634525659683e+01 1.127022127329192642e+02 1.192662415228113417e+02 1.284217641160135770e+02 1.386908666032952908e+02 1.593730264171287843e+02 1.819980541718555287e+02
8.362877235469449033e+01 8.576754164072228548e+01 1.110914811511014477e+02 1.196628170999060501e+02 1.270343148665425161e+02 1.384564992331288522e+02 1.550556619256017541e+02 1.801703778415703425e+02
8.217270770958083403e+01 8.600014291158537105e+01 1.090983590881272818e+02 1.158910462738564036e+02 1.219478979316546656e+02 1.390269197240752135e+02 1.515139128640047943e+02 1.747287084786895264e+02
8.179591874354814252e+01 8.315059341500764845e+01 1.068485519654556413e+02 1.129803847569955764e+02 1.204792532317636216e+02 1.315622387279784959e+02 1.453083795325142376e+02 1.711642120215310854e+02
7.921380809704764658e+01 8.208631494986325094e+01 1.031309865213650596e+02 1.106535505398920094e+02 1.212095783175695090e+02 1.304097956372841054e+02 1.447191515771027923e+02 1.673358432620439658e+02
7.910858897935446521e+01 8.154279358183856630e+01 1.016323617788461604e+02 1.088278418742921900e+02 1.178832415565345002e+02 1.281039919004917351e+02 1.428111649956408087e+02 1.662639399178733584e+02
7.625360765823688780e+01 7.994913442668909909e+01 1.009109589041095774e+02 1.073530931586608546e+02 1.135328615470852043e+02 1.245709948048301072e+02 1.391122073936625725e+02 1.603246776376718401e+02
7.533399748322146650e+01 7.765874094202898448e+01 9.801680342178769934e+01 1.059138873318385663e+02 1.127037216480046027e+02 1.227561292183443840e+02 1.367905788876277029e+02 1.555606797828079948e+02
7.255756999715747213e+01 7.710280470914128159e+01 9.529480723975636636e+01 1.037349421584926716e+02 1.101130085211654830e+02 1.197245097366977546e+02 1.346999757416135424e+02 1.536444833321782539e+02
7.273416544947549767e+01 7.551012444994499617e+01 9.151709648884050807e+01 9.993211206896552312e+01 1.080482829670329608e+02 1.173981310013717518e+02 1.310458550466264569e+02 1.506414323643543014e+02
7.064449510970129609e+01 7.363453086672117820e+01 9.226331270402612006e+01 9.956696428571429180e+01 1.063170551982851038e+02 1.137287583892617278e+02 1.275269295302013290e+02 1.473153102746693719e+02
7.002609485467399963e+01 7.314490171575249633e+01 9.137954394141144121e+01 9.858137432188064508e+01 1.041110644163528747e+02 1.124981564153439280e+02 1.259401441036488620e+02 1.455495977661059612e+02
6.900898380939844401e+01 7.208587248322146479e+01 8.822816780821916893e+01 9.528867198054580001e+01 1.018942944472745751e+02 1.101231121898597536e+02 1.237010901351702472e+02 1.405568547064611380e+02
6.782826562098225054e+01 7.087334780966767767e+01 8.802585719041277912e+01 9.458734515765765138e+01 1.011276130968082327e+02 1.091764512286860622e+02 1.225764684813753576e+02 1.386836160915108280e+02
6.739893119680165512e+01 6.952798647633358087e+01 8.623049949225692501e+01 9.277645601192018887e+01 9.908295397066262922e+01 1.068272950346420345e+02 1.186625544034818205e+02 1.353595740635101663e+02
6.487897611139500498e+01 6.779393826238487009e+01 8.355340624999999477e+01 9.132949764909675139e+01 9.574421414038657474e+01 1.068164977335683545e+02 1.171413548468106569e+02 1.338866964117388534e+02
6.392386450019004229e+01 6.608357059759980245e+01 8.197400808229242841e+01 9.058671952428146312e+01 9.588583903273082854e+01 1.027312911685776982e+02 1.155502857669616645e+02 1.310653277931671425e+02
6.324459738163558598e+01 6.617433647260273233e+01 8.244563145597638254e+01 8.713404907975460389e+01 9.276357028949949779e+01 1.028678998505231590e+02 1.129012554985337289e+02 1.298599370915531779e+02
6.203489376024350577e+01 6.490159622847440346e+01 8.012098603047894585e+01 8.698595370147094741e+01 9.127787523786869883e+01 9.933289758121057389e+01 1.098309978255617239e+02 1.254716947223386967e+02
6.049144620811287609e+01 6.304168810532687672e+01 7.803970153664302245e+01 8.528177398695855516e+01 8.958891970098866864e+01 9.693001380220835017e+01 1.072237261146496792e+02 1.249242392663609849e+02
5.937732876111371638e+01 6.250720349115255914e+01 7.678388322705534108e+01 8.293566882804995544e+01 8.745386597938144746e+01 9.551524876062323699e+01 1.056502378742167565e+02 1.214250455426926010e+02
5.857384986146386296e+01 6.073229850577314437e+01 7.635435015472506848e+01 8.125855233348437423e+01 8.602055843543826086e+01 9.487003325375169993e+01 1.042144856543037150e+02 1.178801382714623855e+02
5.827357797372060588e+01 6.011318886657741700e+01 7.553853196684079307e+01 8.000118979357799276e+01 8.444751118568233039e+01 9.374913610920722817e+01 1.024044067215363469e+02 1.168415262831708787e+02
5.689500968440241735e+01 5.900790399774774642e+01 7.310717899707668721e+01 7.999905152887882309e+01 8.285076341324200655e+01 9.153170615315518432e+01 9.981382102272726797e+01 1.143074169449318020e+02
5.474410701995870454e+01 5.842018924412217018e+01 7.126688091829993255e+01 7.764157238576449060e+01 8.146080485115766123e+01 8.964448488241882274e+01 9.950672981742191325e+01 1.121299045306550397e+02
5.400202087794432515e+01 5.767619166113691875e+01 7.119985976682798423e+01 7.735230416021244082e+01 8.097975489106269720e+01 8.712566764770001271e+01 9.682694959188175687e+01 1.099840409369648029e+02
5.338523604356100805e+01 5.604365272373540563e+01 6.983061849522982811e+01 7.406562838569880114e+01 7.920924773158894538e+01 8.634341296376186392e+01 9.362673945621922655e+01 1.069187828488683891e+02
5.277720782654679965e+01 5.405532948369565105e+01 6.785097802786708598e+01 7.298099706437407974e+01 7.893792101260322625e+01 8.454470793140406215e+01 9.242175175868683823e+01 1.040433150428265492e+02
5.135746160096456236e+01 5.398643740548714476e+01 6.559765068214213102e+01 7.111447454308093086e+01 7.623429089026915051e+01 8.199852008456659291e+01 8.969285489290214741e+01 1.032478513050355957e+02
5.103068432961481449e+01 5.270975966429298154e+01 6.622868830472103241e+01 7.060219065656565363e+01 7.495891399957609735e+01 8.172632713484313172e+01 8.845858315954119178e+01 1.009671856240538688e+02
4.978437596381207442e+01 5.164251769464105024e+01 6.419842747775707892e+01 6.838598204857444784e+01 7.313140798786653818e+01 8.005156599837167164e+01 8.745814697316413344e+01 9.998794795767086896e+01
4.942204896907216494e+01 5.097425237737738257e+01 6.327591372079088927e+01 6.868782248461997142e+01 7.179328736745513595e+01 7.785206069304901177e+01 8.553937072262479546e+01 9.690354514291475141e+01
4.813997409193515153e+01 5.029375874300559701e+01 6.195492333731581169e+01 6.684344208727127068e+01 7.098970462758482824e+01 7.622900138833796291e+01 8.576967731453709121e+01 9.468767203843650293e+01
4.736773665048544046e+01 4.936264057523885640e+01 6.148687137572485284e+01 6.589462022182610212e+01 7.042712879389010538e+01 7.652985696517413317e+01 8.262910322325490142e+01 9.335822286143071835e+01
4.609886303764728410e+01 4.901695753094910657e+01 6.062541512014065148e+01 6.457550854952830832e+01 6.857142514395393107e+01 7.432073236271251915e+01 8.190418297455968855e+01 9.191381769825918013e+01
4.543987477383106466e+01 4.782449711237274670e+01 5.824511000967117980e+01 6.362483399734395562e+01 6.792112745098039284e+01 7.282554265041889607e+01 8.054958100558658884e+01 8.908974606546297537e+01
4.486035741462950455e+01 4.669485741768945530e+01 5.736623193106004237e+01 6.268910474615832840e+01 6.603137314693188387e+01 7.090918981028750068e+01 7.927158366160195158e+01 8.998240218793291945e+01
4.435929700009418752e+01 4.580264670713760466e+01 5.822303661128284347e+01 6.153703404687211531e+01 6.474137354234372310e+01 6.960901510963699934e+01 7.680752449115465197e+01 8.690695555032925768e+01
4.326251877229209697e+01 4.485929498902707024e+01 5.569919761149468229e+01 5.946376436240346663e+01 6.358687157221206832e+01 6.908365976496922656e+01 7.525890027958993755e+01 8.551780588861626597e+01
4.221143418100223954e+01 4.394804481046109146e+01 5.500362070540935377e+01 5.909023509174311783e+01 6.318047615727829935e+01 6.757813078918117355e+01 7.379140120036933581e+01 8.487279212735697342e+01
4.167772409254640564e+01 4.401174213223290366e+01 5.341130963136971843e+01 5.838573096264367734e+01 6.173045454545454191e+01 6.631527690158615940e+01 7.195306023607857071e+01 8.175625084776416429e+01
4.088506642565649685e+01 4.282087204582356321e+01 5.297330015279525384e+01 5.637936852390473774e+01 6.121764370641874109e+01 6.536502417001094045e+01 7.127610923423424083e+01 8.170608123388664978e+01
4.015277717720314854e+01 4.208735884567126817e+01 5.232851534618129818e+01 5.587082332265527640e+01 5.964327892199824532e+01 6.372590739778240021e+01 7.016197962798938192e+01 7.938159614532565911e+01
3.977470602273713496e+01 4.113139192043654191e+01 5.179187895291637744e+01 5.514715909090908497e+01 5.853994172025723230e+01 6.349903049532875343e+01 6.836740649088997657e+01 7.762991252121686614e+01
3.885464499220239531e+01 4.020404656688576495e+01 5.018380743982494607e+01 5.442686719711623056e+01 5.683789662231320960e+01 6.151095338240449450e+01 6.810600290946430846e+01 7.567107094697463765e+01
3.842189244011333216e+01 3.972955617315142973e+01 4.925124868559411340e+01 5.275861777627576288e+01 5.696549377916019097e+01 6.070093955626791882e+01 6.564490700692041969e+01 7.556376051321662146e+01
3.776158989916253717e+01 3.864705851857996066e+01 4.820199336960217806e+01 5.237990702479338978e+01 5.514669270833333314e+01 5.934629602011249005e+01 6.559273494332600762e+01 7.382409557178436899e+01
3.766803235467813948e+01 3.790458721316927182e+01 4.799662680318355257e+01 5.161302950387341326e+01 5.466202168367346559e+01 5.908498373915943347e+01 6.385286109249329911e+01 7.284471727117869477e+01
3.625467642218096387e+01 3.748590515116661237e+01 4.670113261943986771e+01 4.971476218097447486e+01 5.370469620045856374e+01 5.780862877781468256e+01 6.268353793726392098e+01 7.063082568240767500e+01
3.565125381618060629e+01 3.705582853618420813e+01 4.606967432476943713e+01 4.952245165519502024e+01 5.247456527113894964e+01 5.627896890343698999e+01 6.125476180681257432e+01 7.046246397694524433e+01
3.494120359233421169e+01 3.632202192126240448e+01 4.489552056135770641e+01 4.842387675185490536e+01 5.208456000643500516e+01 5.499600016079755704e+01 6.109193980204446461e+01 6.865611657788802802e+01
3.452664924368416877e+01 3.585703710110713160e+01 4.380173893946653862e+01 4.752215361913637537e+01 5.081976056452928958e+01 5.428358193953039290e+01 5.965064204185161856e+01 6.786128316815857886e+01
3.402819512003766533e+01 3.491669678714859515e+01 4.331414828809376871e+01 4.645675408113786631e+01 4.942168697932736876e+01 5.364902588393848504e+01 5.829409509202454132e+01 6.687548325377726144e+01
3.332624275021553473e+01 3.440486581051984416e+01 4.272023619533992900e+01 4.621944497334348512e+01 4.886885002376802589e+01 5.305334793491864787e+01 5.739569620749099244e+01 6.514400618941959920e+01
3.246733910406885570e+01 3.347277440421631667e+01 4.166748175749107475e+01 4.553113603932138886e+01 4.807554243471582112e+01 5.149923512314517637e+01 5.639121093749999858e+01 6.304787461595301323e+01
3.215825208913648936e+01 3.290236857034795293e+01 4.117861951904111351e+01 4.400523510734804944e+01 4.697726482854494634e+01 5.017812692071296254e+01 5.588266122884586196e+01 6.295359751226748557e+01
3.183761105154323445e+01 3.248569316812292840e+01 4.007823544893968659e+01 4.369175731432858356e+01 4.708505467233915454e+01 4.987898182436516947e+01 5.428253822515365101e+01 6.147350334259746063e+01
3.103505292226983769e+01 3.200926533443310973e+01 3.983271260667764579e+01 4.275985003022061193e+01 4.597909736921681656e+01 4.890296739779170565e+01 5.340108260278113761e+01 6.073177122464313271e+01
3.029226920829681546e+01 3.113074960972345906e+01 3.838332445017952921e+01 4.192167328238610935e+01 4.504207046050714069e+01 4.806545363352652345e+01 5.253479362514688233e+01 5.938226081476813079e+01
2.963769389678167343e+01 3.066671921364985209e+01 3.730133667883212212e+01 4.165323376718338722e+01 4.436362203264094717e+01 4.719220027745326718e+01 5.155816695919262571e+01 5.820614147791931003e+01
2.932086856783015705e+01 3.028880550228647550e+01 3.594663329459002199e+01 4.052694920796395905e+01 4.312713269721906784e+01 4.710676055823469710e+01 5.043636388130478565e+01 5.670806083581875612e+01
2.899945740273775385e+01 2.958875443262411409e+01 3.444128452222714287e+01 3.985988649302590403e+01 4.229879209370424320e+01 4.517903895274584869e+01 4.975816797499636124e+01 5.637939078430666484e+01
2.829448163973112074e+01 2.887381820401898125e+01 3.314482252977034449e+01 3.894950074754378733e+01 4.222020492381489731e+01 4.527546329042297657e+01 4.849429039688163812e+01 5.520325944548706332e+01
2.806250223773719910e+01 2.840100820530726011e+01 3.240139664804468822e+01 3.836783808453868971e+01 4.046962418762362290e+01 4.401850551209103912e+01 4.797109298072865613e+01 5.454548696724199175e+01
2.728038942610889350e+01 2.792474005112615743e+01 3.132431802486188133e+01 3.739608610230249042e+01 4.008007678595913603e+01 4.332409550754458394e+01 4.719197169224388233e+01 5.338838809564768439e+01
2.700032284374362845e+01 2.716777111556538671e+01 3.031499982730035825e+01 3.675992687733370445e+01 3.935005733944954187e+01 4.231902907219362930e+01 4.680171161825725790e+01 5.277983190370780164e+01
2.629417657272605524e+01 2.695947158780087349e+01 2.929822146850286302e+01 3.587981693913999237e+01 3.910941711590297132e+01 4.200942880683346914e+01 4.550737440597420402e+01 5.121321628974664719e+01
2.610284472623446206e+01 2.645487314777052390e+01 2.850625760032427891e+01 3.474814407763768997e+01 3.775742548992923275e+01 4.124908236799569039e+01 4.479155187474801636e+01 5.013831763077027404e+01
2.560928219046990151e+01 2.583838400977331062e+01 2.796931275191782618e+01 3.394838022453672011e+01 3.776059232026144485e+01 4.050338688557614830e+01 4.425277464882056222e+01 4.997290540316428320e+01
2.529232270441915631e+01 2.533456263779017092e+01 2.755239044830371498e+01 3.298299732912859383e+01 3.667560926349804618e+01 3.989990888975660965e+01 4.318835219751125010e+01 4.912636384612849128e+01
2.509673593202406749e+01 2.482493136304909243e+01 2.690832420546690784e+01 3.181672387809778613e+01 3.576234986439364150e+01 3.928779166114277643e+01 4.242480468750000000e+01 4.813384738666840690e+01
2.442985185548150895e+01 2.437128502120549811e+01 2.636460481376466447e+01 3.099078638874614811e+01 3.572737598628896194e+01 3.809186360133573146e+01 4.194979481711258273e+01 4.807027206262939956e+01
2.380662865201512801e+01 2.402820243011435863e+01 2.549114689247585019e+01 3.023347485980117355e+01 3.421401782279779979e+01 3.717590338288056984e+01 4.097820697376839405e+01 4.693839855279443896e+01
2.340609270134228126e+01 2.345786545935270340e+01 2.531028237375669221e+01 2.944331445855445750e+01 3.408992785705185469e+01 3.653097653772987030e+01 4.019155936826081188e+01 4.605229360714626097e+01
2.294555342685866250e+01 2.327892097937492011e+01 2.453855217528373345e+01 2.845053831538949041e+01 3.301184071401915787e+01 3.617693700273495239e+01 4.005626724786753101e+01 4.498348760096803289e+01
2.280832996517845856e+01 2.280667838312829687e+01 2.446613195563266885e+01 2.803365842969614974e+01 3.281243742177721856e+01 3.571229798296166535e+01 3.880869608872960441e+01 4.440879095992252701e+01
2.241743356899073447e+01 2.248057078802649400e+01 2.385100178528564285e+01 2.698134441439761133e+01 3.189231904906117521e+01 3.486551957645900046e+01 3.812616644303488300e+01 4.392314145190451313e+01
2.190513112316841671e+01 2.202367605675966900e+01 2.352835952157598598e+01 2.646810091247448682e+01 3.123296128166729346e+01 3.456015681873331857e+01 3.776888575219054900e+01 4.297957026854414408e+01
2.158179003066562274e+01 2.140898269849785152e+01 2.283873216212975166e+01 2.542884480764548272e+01 3.085384264168728663e+01 3.388114668183996514e+01 3.701358009854584452e+01 4.275216823720064241e+01
2.112349498327759179e+01 2.125534096292787112e+01 2.248357628982406098e+01 2.508769269837475946e+01 3.051666214096065843e+01 3.290992271141585235e+01 3.625918765705397107e+01 4.147512946000957612e+01
2.069647116545893795e+01 2.089338831701274302e+01 2.218186173349056745e+01 2.407887927237491255e+01 2.937433542060491476e+01 3.237846444156150483e+01 3.585900802549274147e+01 4.137475295713990420e+01
2.058201936326577552e+01 2.029818380455185434e+01 2.151415865951426554e+01 2.372827990698221967e+01 2.918630589731456126e+01 3.213101678558896168e+01 3.531998265318122776e+01 4.061672386987004302e+01
2.013445520197951666e+01 2.008148613872967658e+01 2.128317032999067138e+01 2.338143190135935967e+01 2.809659626929673948e+01 3.121264682678821956e+01 3.441360060164294765e+01 3.978031325266243101e+01
1.978087302264709280e+01 1.993750910017472222e+01 2.082367356632888189e+01 2.281571958880639528e+01 2.737286312361902318e+01 3.092035004555290101e+01 3.425680813820018500e+01 3.918044322809855373e+01
1.940072378159872457e+01 1.957094707298677250e+01 2.044100428301257111e+01 2.239778826177285254e+01 2.679982736753100170e+01 2.980892434476388431e+01 3.356872024484243866e+01 3.862444180556345685e+01
1.926111322724451114e+01 1.910293791574279254e+01 2.024675591801385721e+01 2.204029040124141048e+01 2.610271781282316539e+01 2.966305564886350865e+01 3.267945719954648354e+01 3.824463561612975582e+01
1.891243293091884681e+01 1.877262788323584530e+01 1.985397163713362190e+01 2.163881729465597203e+01 2.558211399868966751e+01 2.915831737706737670e+01 3.216259574527563814e+01 3.759846240507385318e+01
1.870737385709448120e+01 1.838470266255913899e+01 1.936413193295842916e+01 2.114458058758923542e+01 2.503603915157612647e+01 2.830333305406612965e+01 3.129892869006754808e+01 3.680003606202668465e+01
1.818530927835051614e+01 1.816396699683475191e+01 1.899039512515028960e+01 2.057614144845873483e+01 2.429173991869025429e+01 2.807324579261672071e+01 3.100957423460990015e+01 3.634572405382444060e+01
1.790226270053475943e+01 1.787354137199434234e+01 1.869107064980375199e+01 2.016780472132034774e+01 2.362316646275149523e+01 2.749581974736957690e+01 3.063366168478260931e+01 3.573157083910199106e+01
1.772025788689684589e+01 1.748248939986953587e+01 1.836596777693392823e+01 1.974520621792772346e+01 2.327090845352564230e+01 2.698443523128814547e+01 3.004105445116681139e+01 3.514809144861073520e+01
1.741002500132282194e+01 1.735663377192982537e+01 1.808793165181413087e+01 1.944614396389816591e+01 2.262371981457524939e+01 2.639926271141367664e+01 2.991483902620133861e+01 3.480268040003191743e+01
1.734433943572673797e+01 1.701665276133060445e+01 1.782096293416277888e+01 1.899701455720155607e+01 2.216796833980888337e+01 2.599437902576489279e+01 2.913615836663862169e+01 3.434923973038955580e+01
1.686970366775107522e+01 1.666111469072165008e+01 1.736669254867161527e+01 1.866286688980432729e+01 2.172052098752378768e+01 2.551705749354005093e+01 2.882404697880417643e+01 3.366463542623252181e+01
1.667663434377778842e+01 1.649203022288413933e+01 1.708087039045553368e+01 1.838834025086414670e+01 2.104807200572772885e+01 2.501144010986150334e+01 2.805055910128684005e+01 3.326524484835948670e+01
1.631317497403945893e+01 1.621876280081925259e+01 1.684846483935332273e+01 1.804583322664891298e+01 2.054646317324721494e+01 2.457964418700868592e+01 2.772405004633920100e+01 3.295349217967486055e+01
1.624645583600289100e+01 1.600563981162649441e+01 1.631893251197635308e+01 1.745641472377090508e+01 1.991105132450331183e+01 2.403126263136620722e+01 2.722112992485783778e+01 3.253400452546208044e+01
1.613102655230792237e+01 1.573449715707178242e+01 1.632326150585385349e+01 1.713291679404871104e+01 1.956795274497931203e+01 2.353671375266524279e+01 2.673199345908122737e+01 3.202100563194479577e+01
1.583636060141451196e+01 1.550873980670492180e+01 1.583213335099404695e+01 1.702281174909891703e+01 1.902168604795472362e+01 2.336886758230761529e+01 2.627497191712431146e+01 3.150431541290371129e+01
1.545115873565492670e+01 1.518964402310396800e+01 1.563948937176423648e+01 1.660193774606299044e+01 1.881941753070263701e+01 2.281553204232381660e+01 2.585336681547618909e+01 3.121838039391449371e+01
1.538698562950610516e+01 1.505770045876134411e+01 1.551418752415925617e+01 1.624944512831990551e+01 1.820876007183768763e+01 2.226703524852362293e+01 2.567512690355329852e+01 3.094715046341944742e+01
1.511239378764875951e+01 1.486245440145915353e+01 1.506976664847161551e+01 1.596976445331398153e+01 1.775060900590551327e+01 2.199980859906669295e+01 2.498721897371776279e+01 3.021309375686159626e+01
1.487532110314075240e+01 1.453550279028549497e+01 1.479072107018561510e+01 1.561132812499999822e+01 1.743969437141491241e+01 2.111813918132871848e+01 2.463799917810868223e+01 2.983240162887641489e+01
1.475332678883071580e+01 1.430289424728105274e+01 1.480849596311866989e+01 1.553193038807541448e+01 1.698364362349163059e+01 2.109743931980331766e+01 2.402682166104146688e+01 2.951746449016743057e+01
1.447562478851452639e+01 1.429346860189573398e+01 1.432925865647702679e+01 1.499798377546186678e+01 1.671789407820173778e+01 2.044919049771602815e+01 2.353844696969697026e+01 2.930451938992669625e+01
1.430363114868316998e+01 1.397887284563948107e+01 1.409515042352829717e+01 1.470088990066225243e+01 1.642909061969439577e+01 2.030683925720724758e+01 2.326976727719033278e+01 2.895347246891651949e+01
1.401098027561054415e+01 1.382785167638483870e+01 1.386983953019504945e+01 1.450013477404837836e+01 1.591826545916012847e+01 1.954971856862011137e+01 2.300709594964295590e+01 2.860002569853284626e+01
1.397950904333455746e+01 1.369652437876506035e+01 1.370952527100898699e+01 1.427257629646626924e+01 1.567122953326432722e+01 1.927109591412742162e+01 2.255044555946973261e+01 2.798027750075376474e+01
1.386893829962856017e+01 1.351848666867079807e+01 1.342115810151734046e+01 1.405267024253731378e+01 1.533859929037816272e+01 1.892547185123353515e+01 2.235943224491665049e+01 2.790595712747187207e+01
1.360329940530649573e+01 1.314589477890850056e+01 1.328458205734966491e+01 1.378339938205265902e+01 1.500348676037544848e+01 1.853691616225494698e+01 2.189164244186046560e+01 2.758278489979662140e+01
1.350620692000725498e+01 1.300221240173307002e+01 1.308063109590896822e+01 1.346829343930901324e+01 1.476660796015435828e+01 1.798849372973702998e+01 2.148308144559679889e+01 2.738049088327435854e+01
1.329428114616049861e+01 1.291505173378076066e+01 1.292869257419124907e+01 1.328407466309069918e+01 1.431084222388330041e+01 1.765722328157631793e+01 2.112230767508507867e+01 2.706342008559456858e+01
1.311647307640660820e+01 1.265806243379237372e+01 1.275488966344019204e+01 1.314203238364891035e+01 1.400050416556466537e+01 1.725009996713409421e+01 2.086774281888996896e+01 2.650105065251050718e+01
1.297217153284671554e+01 1.253527526936324321e+01 1.254291063253807614e+01 1.285451940035273388e+01 1.392501377258704309e+01 1.691121844552701603e+01 2.032183251677259861e+01 2.640920697736115841e+01
1.274855607898812693e+01 1.238343475877192823e+01 1.231971804101221757e+01 1.260045724321705407e+01 1.360038462373057833e+01 1.644218261379430146e+01 2.023586705328333579e+01 2.609009494566755905e+01
1.269326492697134512e+01 1.220558417360806658e+01 1.205697314049586844e+01 1.243190537084398883e+01 1.346102294601452520e+01 1.621066805699258495e+01 1.979517448524958922e+01 2.599569208274666821e+01
1.261700472002408269e+01 1.210452268390006836e+01 1.179074074074074119e+01 1.209256535947712408e+01 1.314626490234210010e+01 1.585580787781350409e+01 1.940201847937484203e+01 2.567895833779816073e+01
1.235344529454328644e+01 1.194032136264473998e+01 1.176516722841586748e+01 1.178837242863140133e+01 1.284160872143165122e+01 1.550647454149568638e+01 1.935746271443202460e+01 2.519024240809802961e+01
1.238181920167528460e+01 1.178556151690093579e+01 1.157600187186250373e+01 1.181662539492784525e+01 1.266351359858977688e+01 1.518110334897610869e+01 1.889091234110169637e+01 2.504812742212151377e+01
1.209321886466197071e+01 1.150828313253012070e+01 1.142873218304576000e+01 1.153976413509199439e+01 1.227629810934997145e+01 1.477708848880127590e+01 1.862345487280997247e+01 2.511398858075040863e+01
1.208052040859220533e+01 1.149964547449486574e+01 1.124856214829526735e+01 1.130566422314525354e+01 1.218139165770535293e+01 1.453183488612836349e+01 1.838971127240439429e+01 2.463026778329197697e+01
1.182873356740426196e+01 1.126902084022494321e+01 1.113900434243176107e+01 1.111969169865643003e+01 1.188683876811594153e+01 1.431723119450668058e+01 1.824578514880212055e+01 2.448736083179565881e+01
1.173587953577944454e+01 1.117481264926295026e+01 1.090009013185002118e+01 1.095914329068241422e+01 1.155460016319869432e+01 1.399101594232331358e+01 1.778469143306636013e+01 2.433660214480510220e+01
1.170553651469875689e+01 1.100811238927165370e+01 1.083158782419003074e+01 1.077932836943441508e+01 1.153124107288605948e+01 1.360423556671566203e+01 1.740656270256036464e+01 2.417020910507884324e+01
1.153962996516377082e+01 1.093096665035877280e+01 1.061957584147019240e+01 1.059619295938341210e+01 1.122542313819195492e+01 1.333988523897650502e+01 1.712841182364729420e+01 2.393907645623727021e+01
1.147098160555243496e+01 1.081098766525023613e+01 1.053059996539933252e+01 1.036305508574575285e+01 1.108409729522115228e+01 1.311545746500159026e+01 1.684356109887910335e+01 2.370230769230769141e+01
1.134310332774049179e+01 1.067097992671972229e+01 1.027981242068527834e+01 1.020342235505201245e+01 1.084819988592557571e+01 1.285525819639596889e+01 1.665782184137106370e+01 2.357379760414804082e+01
1.134210643300272636e+01 1.070233009519350809e+01 1.032750278168189340e+01 1.006541408068269838e+01 1.055552681879088794e+01 1.260982198994026859e+01 1.634627166326850656e+01 2.326287727734771948e+01
1.111665156646070862e+01 1.051200372931396210e+01 1.004628175328716999e+01 9.935353527966299225e+00 1.038448873357181768e+01 1.221747369141694683e+01 1.607578356463433877e+01 2.337717296299893377e+01
