nan nan nan nan nan nan nan 0.000000000000000000e+00
2.366363332839682698e-04 nan nan nan -1.757303136400878429e-03 -3.351504565216600895e-04 nan 7.319015567190945148e-04
4.124523140490055518e-04 nan nan 7.088626734912395477e-04 nan 7.739929133094847202e-04 8.337530889548361301e-04 -5.577364936470985413e-05
5.395940388552844524e-04 nan 7.562281098216772079e-06 nan 1.117031206376850605e-03 -1.253229565918445587e-03 -2.923589005755881107e-04 -6.929463706910610199e-04
-4.493582528084516525e-04 -1.361481069276730129e-04 nan -3.864121972583234310e-04 nan 5.320994338641563690e-04 5.412629495064417160e-04 -6.903293184362925767e-04
7.417651993984526347e-05 -8.286344818770886552e-05 -3.222072430487189819e-04 nan 2.536746800284494152e-04 -1.236003202696641106e-04 5.605053013392856883e+03 1.721601136363636397e+04
3.124091308563947678e-04 1.731079149370391983e-04 4.982657730579376654e-04 -5.512646748684346676e-04 2.901367552112787962e-04 5.504716796875000000e+03 7.833768554687500000e+03 9.775918402777777374e+03
-3.458669719596703667e-04 2.899609971791505814e-04 -2.502635470591485500e-05 -6.501683300094944625e-04 8.719101738692684484e-05 8.874870793269230489e+03 9.888458806818181984e+03 1.054642222222222335e+04
-3.011402134832582726e-05 -3.935742591108594467e-04 -7.902902628605563984e-05 -4.634946190680449190e-05 8.435560267857143117e+03 8.507108072916666060e+03 8.080364182692308532e+03 7.721880102040815473e+03
1.108016940238683079e-04 6.262449404368034401e-05 -1.805835567853030052e-04 -2.681728801690042019e-04 6.409360156250000728e+03 6.928451562500000364e+03 6.966111979166666060e+03 8.047960616438355828e+03
-1.853339775812392210e-04 4.097671545524564130e-05 -1.755808374251831760e-04 4.214006793478260988e+03 7.718630514705881978e+03 6.599186789772727025e+03 7.174953804347826008e+03 7.888759740259741193e+03
1.108229768519498789e-04 6.234617386427189966e-05 -1.398270949721336202e-04 2.343636471778154536e-04 4.275287405303030027e+03 4.835488839285713766e+03 6.685064174107142208e+03 5.868556122448979295e+03
-2.005021087825298309e-06 2.323587214937660719e-05 1.677957003597508950e-04 2.714800253378378329e+03 4.636599537037036498e+03 5.839919763513514226e+03 5.358854166666666060e+03 7.373190814393939945e+03
-2.300275321146334228e-06 -1.587028183588167602e-04 2.448565381414750139e-04 5.225541487068965125e+02 4.113239583333333940e+03 5.128989583333333030e+03 5.174170608108108354e+03 6.188390517241378802e+03
-3.658102672380298103e-05 -7.163306387762227744e-05 -6.745133755935563222e-05 1.673542289402173765e+03 3.827791666666666515e+03 4.143256696428571558e+03 4.288666385135134988e+03 4.750034722222221717e+03
-1.752586103975772858e-05 7.422401190355972108e-05 7.676057755313020264e-05 7.141348470052082575e+02 3.244561274509803752e+03 3.511970000000000255e+03 3.968727187500000127e+03 4.374463541666666060e+03
-3.520186573010066226e-06 -1.654734764740152107e-04 -4.577969580336853210e-05 1.509613042091836633e+03 3.404324519230769511e+03 3.436406914893616886e+03 3.600629289215686185e+03 3.600334390862944019e+03
8.532764582798399195e-05 -1.642601897141763103e-04 5.069678580319439572e-05 8.346011513157894797e+02 2.955180419921875000e+03 3.195998579545454504e+03 3.013230729166666606e+03 3.930155120481927497e+03
2.675745891381616323e-05 1.749673891546470585e-04 2.123636474448536903e-05 1.019335560993975946e+03 2.837218750000000000e+03 3.043828869047618809e+03 3.088339626736110858e+03 3.331366600790513530e+03
7.775171913883903549e-05 2.607673717041810444e-05 9.572963851193586082e-05 1.137658717105263122e+03 2.676845203488372135e+03 2.741703125000000000e+03 3.006033482142857338e+03 3.291368237704918101e+03
-1.234776873446110615e-04 5.927300476964483654e-05 2.847599367109629007e-05 6.405483896683673493e+02 2.727598458904109521e+03 2.525305752840909008e+03 2.862631024096385772e+03 2.862769768370606926e+03
1.222198452090933201e-05 -4.502303468493315411e-05 6.894026935267983649e-05 8.638589638157894797e+02 2.250380259900990040e+03 2.489232739825581575e+03 2.778783455882352882e+03 3.112185676392572987e+03
-9.803173686962961492e-05 7.619181334382236245e-05 -1.854791947341752342e-05 6.877851204128440941e+02 2.361805059523809177e+03 2.190214583333333394e+03 2.435965983072916515e+03 3.003183146766169102e+03
3.393677196332386655e-05 5.628955866194377557e-05 -3.144728137297672914e-05 7.118333806818181984e+02 2.008967305672268822e+03 2.289479363207547067e+03 2.554233278508771946e+03 2.717037078651685533e+03
-7.720975521600470862e-05 2.334280380685078274e-05 3.206121918057726935e-05 7.305694828539823220e+02 1.798011579241071331e+03 1.975415703781512548e+03 2.278821271929824434e+03 2.260752293577981618e+03
-1.891973612069244143e-06 -4.382222890853882026e-06 -1.193554129963385117e-05 7.013011941056911382e+02 1.681966012773722468e+03 1.688555353682170562e+03 2.094962402343750000e+03 2.207059149722735583e+03
-4.362909304392006737e-05 -1.434869538511960744e-06 5.763074827950392004e-05 5.549173220198675835e+02 1.633538814484126988e+03 1.798404920212766001e+03 1.818214384191176350e+03 2.092602752293578305e+03
1.269995202176486977e-05 -8.249442544183693826e-06 -1.188528837065476187e-05 4.512541118421052602e+02 1.529926775147928993e+03 1.764496428571428623e+03 1.724105828220858939e+03 2.021793376068376119e+03
-5.727759982929580887e-06 1.185989273445946778e-05 2.931659442505666081e-05 5.131922063253011856e+02 1.388939955357142708e+03 1.539098020186335361e+03 1.642211676520270430e+03 1.831368971061093134e+03
4.401172129773950255e-05 -4.566382577127598384e-05 5.797020187883666150e-05 4.060243731287425248e+02 1.329967169943820181e+03 1.439364036602209808e+03 1.547320175438596380e+03 1.783473252496433815e+03
-6.219220529423980914e-05 -4.603770312838529499e-05 4.290099683645609812e-05 5.792784901494565020e+02 1.195830267857142871e+03 1.465767911585365937e+03 1.459952777777777783e+03 1.760358173076923322e+03
1.294818821917758946e-05 -3.432970475025322793e-05 3.602671538396637286e-06 2.904837048100490051e+02 1.155111128048780529e+03 1.382543902439024350e+03 1.377110906862744969e+03 1.706163216560509454e+03
6.787525792303797883e-06 -9.038983866716352605e-06 -1.708783011361596614e-05 5.559729324494950333e+02 1.245969843750000109e+03 1.328501736111111313e+03 1.431036045792079221e+03 1.576113929889299015e+03
-1.245933822739175967e-05 1.900317580547443736e-05 -2.839901533566023228e-05 2.996207485465116065e+02 1.136838585805084676e+03 1.212970861486486456e+03 1.506814977973568375e+03 1.492311855670103114e+03
-1.219467717338595945e-06 2.395688712805787862e-05 7.861131793995785938e-06 5.108895044820716862e+02 1.068845639534883730e+03 1.220598232581967295e+03 1.273905032467532465e+03 1.369433030949840031e+03
-2.308894181624054909e-06 -3.895914944058114339e-06 -1.487415930670168571e-06 3.067435787671232674e+02 1.009624210288808740e+03 1.064871776905829620e+03 1.237781127450980421e+03 1.282885656970912805e+03
1.821010212959914360e-05 -2.779482747428119183e-05 3.492357791401445866e-05 3.466691113945578309e+02 9.953286026200872811e+02 1.000014194542253563e+03 1.055382538910505900e+03 1.266526463414634236e+03
3.265521743080832803e-05 3.240073720614115903e-05 4.827005383163360736e-06 2.929861182851239505e+02 9.747894518272426012e+02 1.054064955357142935e+03 1.166624403625954074e+03 1.285010031559963863e+03
4.142737837837022973e-05 6.828831198314826518e-06 -1.058824228607956687e-05 3.224190248371335770e+02 8.378015292553191102e+02 8.760586080586080016e+02 1.014979379251700607e+03 1.176994533221194160e+03
1.355714181013274618e-05 -1.995100511090927735e-05 8.232426651810750669e-06 2.578790716612377878e+02 8.768878257328990458e+02 8.888563492063492504e+02 9.923595753205128176e+02 1.100933205335488992e+03
-6.565593380843643541e-06 -1.983290179545834831e-05 -9.947837148822329592e-06 3.287273773006135116e+02 8.241635383386580997e+02 8.578061266447367643e+02 9.677386538461538521e+02 1.111683281004709670e+03
1.595475293786664681e-05 3.034155230102299254e-06 1.460120639006897024e-05 2.868006439696485472e+02 7.744275849858357788e+02 8.115005281690141601e+02 9.161258370535713311e+02 1.091657854984894357e+03
-2.565484988939511929e-05 -5.945987013970003197e-06 5.896627833000841172e-07 2.586335154241645000e+02 7.701618075801749228e+02 8.122698539886040408e+02 9.282054818435753987e+02 9.762857643758765107e+02
-1.260902864436178390e-05 -1.737056164677406293e-05 2.100873630286417847e-05 2.515073556286549490e+02 7.600210957178841227e+02 7.796945334757834871e+02 8.687744845360824684e+02 9.465402027027027998e+02
6.921427977176930439e-06 -1.014095851177136742e-05 3.274603217255835585e-07 2.411716088807785923e+02 7.076945746527777601e+02 7.402244664634146147e+02 8.223209325396825307e+02 9.439672485586162338e+02
-1.083801525800379419e-05 -2.141638058368290509e-05 -1.242573071642803828e-05 2.313840363903394177e+02 6.468134920634920491e+02 7.367224310776941820e+02 7.845861933249369713e+02 8.798066239316239034e+02
5.209727085525204644e-06 -9.438438549876486077e-06 1.015332154051031665e-05 2.356507331161137699e+02 6.149498600746268266e+02 7.278230858468676843e+02 8.099894559902199944e+02 8.564082446808509985e+02
9.733160471387684981e-06 2.943673429803715622e-06 2.621183795485202679e-06 2.046789179603854620e+02 6.411881334459459367e+02 6.814237385321101783e+02 7.426409691629957024e+02 8.455260935769656498e+02
3.981841062190910023e-06 2.706892086894481107e-05 -3.620392673618190999e-06 2.572291957310267776e+02 6.085438858695652016e+02 6.329373655913977927e+02 6.898262665198238892e+02 8.302631181318681683e+02
2.020904311977059776e-05 1.234931415712936573e-05 5.635933610059881479e-07 1.562257054324894341e+02 5.926555059523809632e+02 6.348769016227180373e+02 7.029639522821577202e+02 7.865483721545791695e+02
2.612399839563295245e-06 1.663893926888704232e-05 -2.289958401277602259e-07 2.027447765261627808e+02 5.554162080712789020e+02 5.933118622448980659e+02 6.791562499999998863e+02 7.616987481408031044e+02
-1.428836992871882820e-05 -3.809740751552483848e-06 1.269560757644847557e-05 1.712229409159918987e+02 5.333316906307977661e+02 5.736437259152215802e+02 6.544555736940297948e+02 7.401981187884524616e+02
1.513901328471651209e-06 -1.669878757739853381e-07 -5.096899375559822096e-06 1.978897629310344826e+02 5.151684703307392965e+02 5.486267170329670080e+02 6.174649246704331063e+02 7.155608170844939195e+02
3.070503392516759147e-05 1.169609921899708742e-05 1.516710172462112664e-05 1.396298864700374622e+02 5.022565625000000296e+02 5.426149228130360598e+02 6.210236607142857110e+02 6.673344141323792655e+02
-1.115689445099188135e-05 1.889229323015684906e-05 -1.355682107652483364e-05 1.910569789879931477e+02 5.284540770609319225e+02 5.510935798548093771e+02 5.657688143224700070e+02 6.844028741865508891e+02
1.807019258025648834e-05 4.528707207797410195e-07 3.715545640166048747e-06 1.414163125000000036e+02 4.624665769867549443e+02 5.271012479871175174e+02 5.662794117647058556e+02 6.171635814889335734e+02
4.705828151676848843e-06 -2.597387688432092304e-05 -5.462214584299440068e-06 1.761615266393442596e+02 4.668142472044728493e+02 4.967817982456140271e+02 5.787397177419354648e+02 6.270775826868109561e+02
-4.997979752347151025e-06 1.082942853711403233e-05 -9.717447093041639255e-06 1.460627612460191074e+02 4.453560435435435352e+02 4.921782187993680964e+02 5.435074026232115330e+02 6.196612718964204305e+02
2.407388605971844695e-05 6.184161218426982261e-06 -3.945491425033691882e-06 1.508657109485190517e+02 4.398191964285713880e+02 4.625408895265423439e+02 5.509007459970888476e+02 5.984349981117824200e+02
2.012592889501106752e-06 1.275137926523502037e-05 -3.448132790524411871e-06 1.401210452251552567e+02 4.216840711805555770e+02 4.538059798807749416e+02 4.889255423186344274e+02 5.494190884476533938e+02
6.098377555713613323e-06 6.542899193647965383e-06 1.632812417631548507e-06 1.442463528380101820e+02 4.283594420600858257e+02 4.589413651315789480e+02 5.017954866008462318e+02 5.587974137931033738e+02
-1.139279839443329409e-05 -2.631692940027723336e-06 -3.631762891432376507e-07 1.457634473778735753e+02 3.920915266798419339e+02 4.371838991769546965e+02 4.979980867346938567e+02 5.563192994274165812e+02
4.091230447770656742e-06 -5.865483632627522582e-06 -1.715625748659970537e-06 1.410291930379746930e+02 3.946871209568733434e+02 4.234524915540540633e+02 4.628463507802341041e+02 5.201876835236541865e+02
4.218789608844744000e-06 -3.190973910797252438e-06 6.459835789862050508e-06 1.294849933260050250e+02 3.765923207663782364e+02 4.235550976800976741e+02 4.706453804347826235e+02 5.327920780623264818e+02
3.636428960120287623e-06 1.246016590020996265e-05 -1.228677216795289532e-05 1.385303938356164508e+02 3.817966452205882320e+02 4.096677989130434980e+02 4.267715745942571743e+02 5.301973786558804704e+02
-8.848737893915792333e-06 -1.297762681697976802e-05 -1.189009649906216544e-05 1.192269029740871531e+02 3.589093350754936296e+02 4.115290331807780149e+02 4.522330043859649322e+02 4.981296875000000455e+02
-1.242819072848016445e-05 -2.670604260332818826e-06 -6.231330616375848899e-06 1.236508883069082714e+02 3.698159173754556264e+02 3.709235052754982007e+02 4.252241183162684592e+02 4.976349252856724661e+02
1.380712055175552631e-06 -1.056199309379209745e-06 1.065169182634845221e-05 1.174118409360189617e+02 3.390949787460148741e+02 3.805063790137614887e+02 4.147024139844617139e+02 4.777155544719977911e+02
-8.700277112754890515e-06 -1.807503254156730957e-06 4.754164865885797484e-06 1.191948605371900811e+02 3.423266853932584581e+02 3.464500520291363728e+02 3.953545353982300981e+02 4.544131728428455403e+02
-1.058401236229616630e-05 1.864203814473854102e-06 6.840182596685272667e-06 1.101385394241119400e+02 3.033769054878048905e+02 3.615005446623093803e+02 3.951232123940678207e+02 4.361887568555758889e+02
1.183386317434463138e-05 -1.063559709781378460e-05 -1.806262295585448728e-06 1.122597616308793533e+02 3.119932152406417458e+02 3.390153242147923152e+02 3.676518275234131465e+02 4.294236235595390099e+02
-5.170375512308473920e-06 3.321139056406572919e-06 -2.515404508333301039e-06 9.410052654536390548e+01 3.000638652912621183e+02 3.358758741258741338e+02 3.763159552348336661e+02 4.238474352527030646e+02
1.111592022647111935e-06 -1.297265965901424010e-05 -9.969258001276258105e-06 1.134354257509689887e+02 2.805083476027397182e+02 3.144106492718446475e+02 3.600708622398414036e+02 4.121351910440496340e+02
-4.525039674021323639e-06 6.032195699981844374e-06 -9.466616791628655732e-07 9.480574045711593101e+01 3.081155355493997945e+02 3.182974078341013637e+02 3.575091928769658125e+02 4.238383955483421914e+02
-5.549456204271577323e-06 -4.486630445924298195e-06 2.654960754620765599e-06 1.076426512366310106e+02 2.790889990557129750e+02 3.170453212945590735e+02 3.522911020776874125e+02 4.227812427071178831e+02
-6.226068020104622144e-06 6.096807009509568378e-06 4.448515060416397003e-06 8.953871511352885193e+01 2.728413052721088548e+02 2.967478813559322361e+02 3.259273962014134440e+02 3.743641304347826235e+02
-5.366827116286906698e-07 -9.670273615276803677e-06 1.027945598418062385e-06 1.018465843932443704e+02 2.704525881555153433e+02 3.088945756780402689e+02 3.301868380406002075e+02 3.771416053656425902e+02
-8.890916471342932305e-06 -1.227845334344440018e-05 2.577194379780460936e-06 7.952853501773049061e+01 2.578692427385892074e+02 2.854780826988155695e+02 3.196335836909871091e+02 3.678619241335587162e+02
-4.780875620837870922e-06 1.336804380771473862e-06 2.648143041128982644e-06 9.797232178917609247e+01 2.654713166807790117e+02 2.806730848434925747e+02 3.217471308933002661e+02 3.653435223725286392e+02
3.441440291766427526e-06 -1.037275473292530105e-06 -3.768904658177497225e-06 7.440627544788273440e+01 2.462096974206349103e+02 2.727056891673403243e+02 3.146819544364508374e+02 3.587264354547279481e+02
1.005721299623036433e-05 5.497241696988444378e-06 5.033214048351533572e-06 8.288045712607674886e+01 2.424123186946011117e+02 2.573350434096290655e+02 2.998964671737389835e+02 3.628849693251533495e+02
-7.228226474978698496e-07 1.563667555630718199e-06 -1.878103031940426746e-06 8.665718410326086030e+01 2.458855667172099970e+02 2.508340517241379359e+02 3.012638993948563098e+02 3.383721883339687224e+02
4.352910374451931053e-06 -1.619117897144195928e-07 6.575932476057935013e-06 8.144897095509622886e+01 2.398859255725190849e+02 2.514848443223443155e+02 2.863751398210290517e+02 3.319834202682563387e+02
-4.813943230314863418e-06 -4.608458436757622273e-06 -4.502864637735373922e-08 7.802797965116279499e+01 2.330106364275668227e+02 2.562950625473843616e+02 2.749086868231046878e+02 3.301280029341646696e+02
3.967237253919517191e-06 -3.717740389565708184e-06 4.601491422488771385e-06 7.333081786444141414e+01 2.237342012601927195e+02 2.385006474447513654e+02 2.841307619305856633e+02 3.237891498377209132e+02
2.972887003956940046e-06 -8.591224474397965151e-07 -6.095496508990371204e-07 7.859649327813390585e+01 2.164122376438727144e+02 2.440535402097902136e+02 2.633037508662508799e+02 3.095258828596037688e+02
3.774010945383841017e-06 6.995285293865557431e-07 -1.661925821972352201e-06 7.452311506258457996e+01 2.226996147260273915e+02 2.419335303458009889e+02 2.634134485094850788e+02 3.155517821116341679e+02
4.495820677321818575e-07 1.894199303501753857e-06 6.258174573652912954e-06 6.988493754136334246e+01 2.152974123677248599e+02 2.194595814443005395e+02 2.519820509628153786e+02 2.968057644110275533e+02
-5.302956630578906677e-06 8.173846995912937721e-07 2.669627582164187305e-06 7.552423384410393226e+01 2.080126553055742136e+02 2.301670394300861631e+02 2.508507496686547427e+02 2.865743743826143941e+02
-2.768845062644846450e-06 2.641346487797978926e-06 1.434017001290102378e-07 6.780975426675095719e+01 1.980685502458512417e+02 2.144574679887570028e+02 2.388722056045340025e+02 2.746092671060891348e+02
3.625755697324534524e-06 -2.335842413167222252e-06 -1.181155186155718832e-06 7.220903690403423525e+01 1.938475522813688201e+02 2.112255678306551090e+02 2.494839097394541056e+02 2.781798355520751898e+02
-8.779859643718849579e-06 -6.687851303697319890e-06 3.435780234329881931e-06 6.364115943718905299e+01 1.972341996455995172e+02 2.113297821969697168e+02 2.409363073941562163e+02 2.709090177750535986e+02
5.590101233039022366e-07 3.656503633464008462e-06 -3.358007391934356217e-06 6.737877832602339367e+01 1.921582711442786149e+02 2.044946694333142432e+02 2.297174802910855078e+02 2.772170128622117318e+02
2.446973240396819214e-06 -3.940111033605699156e-06 4.354698633473005659e-06 5.952958289748953291e+01 1.814333321609454117e+02 2.022755732248520815e+02 2.290227406103286398e+02 2.622491672700941194e+02
-7.343732939899105823e-06 -5.436150365536422561e-06 6.892781515242689618e-06 6.298096932708450169e+01 1.756022694315545039e+02 1.988096087949743094e+02 2.308758237822349315e+02 2.504187473324797111e+02
-6.592154589503310030e-06 6.901095123929613021e-07 -1.103797469555673044e-06 5.510364700112107528e+01 1.795929691837868063e+02 1.956488857938718695e+02 2.094129786348501625e+02 2.482834467907752014e+02
2.859081227172712619e-06 -8.936078801049420933e-07 3.398531679432470652e-07 6.363405470914128159e+01 1.726282638888888812e+02 1.872134433962264097e+02 2.131347344523940421e+02 2.519720175194660783e+02
2.517042092863142254e-06 -3.239539195896156677e-06 -1.365537037413916873e-07 5.727226009929270845e+01 1.633061500773594616e+02 1.868020065789473563e+02 2.101564000000000192e+02 2.361527721841857783e+02
-2.239313768283639851e-06 1.557459944717097756e-06 -5.624795147059369591e-06 6.240336167164922188e+01 1.671647294725394204e+02 1.753145644645711059e+02 2.088995582120582242e+02 2.356345853912139034e+02
4.043953037966216256e-07 7.984447676879882465e-07 -8.910962832719826979e-07 5.343600425905895435e+01 1.622004603935418743e+02 1.843328447164948614e+02 1.977755227155394948e+02 2.260248161764705799e+02
-1.035575527579840387e-07 -4.439208309630659398e-06 -3.075079111673961811e-06 5.777731338070942257e+01 1.637379543671547992e+02 1.674861162935323193e+02 2.056036809427268111e+02 2.375232244768547787e+02
1.829924310990674205e-06 -1.579106365612288307e-07 1.963627028421763890e-06 5.866075211864406924e+01 1.583182733301752876e+02 1.684004986539403035e+02 1.892693954816286066e+02 2.192341311294088655e+02
3.107740112374838062e-06 -3.556052224640667396e-06 9.212686920815387897e-07 5.936718002392344573e+01 1.438485789862204740e+02 1.642520310192023771e+02 1.934078931353456881e+02 2.190026653743639429e+02
3.558264325637296114e-06 1.718802464784084638e-06 2.821161112396038885e-06 4.771702368359191127e+01 1.497997624703087922e+02 1.639271374586679428e+02 1.792454383886255869e+02 2.139418345829428461e+02
1.314401277393411590e-06 3.640083723448178288e-06 -1.729200928773382881e-06 5.522765750353940462e+01 1.518283952781673634e+02 1.575774318391866871e+02 1.794212270263901985e+02 2.102130832841110362e+02
-1.558667200471279207e-06 7.738905965313834249e-06 4.249201267683264582e-06 4.997318646121883745e+01 1.405999493927125457e+02 1.646452820334261844e+02 1.846108580746738710e+02 2.078797811853893904e+02
-3.694361677738890501e-06 -4.293946299450359802e-06 2.162698555546262568e-06 5.005312361908970331e+01 1.326825991697417066e+02 1.565729351687388942e+02 1.742031957653985614e+02 2.034219454463480474e+02
1.418280389604218618e-06 -4.024192334619469798e-06 1.333934542836269057e-06 5.050242541498429460e+01 1.371096782018111355e+02 1.535577158433466707e+02 1.748020743067590956e+02 2.069256372388141187e+02
-1.319628679137329443e-06 -1.036733492250550792e-07 -2.590889638868338729e-06 4.336324118589743648e+01 1.311722845402043447e+02 1.468883179078777346e+02 1.751524822695035368e+02 1.992260482294155963e+02
4.421494770468326972e-07 4.349910234819100468e-06 -3.393389180473026943e-06 4.469499245364381323e+01 1.337391526811297524e+02 1.511710706751054829e+02 1.623826045627376402e+02 2.000372928176795426e+02
-2.886772912084155300e-06 -2.753857826962080052e-06 -3.862887901905113095e-06 4.730977741318726260e+01 1.305963508151008057e+02 1.415122924648786693e+02 1.677113793464599780e+02 1.818379198493250897e+02
5.211624495688203626e-08 3.630068602955128762e-06 -3.436374222051308301e-06 4.183225307088199685e+01 1.296256190672719981e+02 1.413727409638554207e+02 1.541116670052824134e+02 1.833755037783375315e+02
2.285184371623636801e-06 -8.894794470822584405e-07 1.632537816059598930e-06 4.768111026422764098e+01 1.275816139558233004e+02 1.434977102947196101e+02 1.559848362312980043e+02 1.770497363617927533e+02
-5.129791122292816939e-06 -2.255909878401209242e-07 6.246378726318052339e-07 4.213136620351859563e+01 1.163894528228925083e+02 1.382811400508209658e+02 1.554584772099447605e+02 1.823864042046806730e+02
2.351766583365453729e-06 -1.461888663470745115e-06 2.434718557789456769e-06 4.091383115034168583e+01 1.270104789673046213e+02 1.266629412893323092e+02 1.564578257927300911e+02 1.812707301078402793e+02
3.233905551500358442e-06 -3.268208176141498775e-07 -1.127257482116167096e-06 4.154480509964830048e+01 1.181085329341317447e+02 1.299801536805011608e+02 1.501048700682852939e+02 1.693124644549762934e+02
5.725978618074966699e-06 -1.682778051413527317e-06 4.417143025563522875e-08 4.343838700873362768e+01 1.132154573982502939e+02 1.287383766654330088e+02 1.447904987731219251e+02 1.706690227703984704e+02
-1.066352706402540165e-06 4.886761103214292337e-07 -1.626201259190263510e-06 3.849579902336269299e+01 1.182611559139784987e+02 1.309406146179401844e+02 1.447730092592592541e+02 1.640065198459987243e+02
3.011989437060309840e-06 1.028391151451280049e-06 -4.963199267055564052e-07 4.232395534433285889e+01 1.128383992131884526e+02 1.292698049001814695e+02 1.411571490349599571e+02 1.667028162280302297e+02
1.616924517959149434e-06 2.878661544178240626e-06 1.808258209201655075e-06 3.523503415361338398e+01 1.098730482611781412e+02 1.206545535714285649e+02 1.310558441848019982e+02 1.560830421899876228e+02
-8.215111983092650238e-07 -1.370749158556001140e-07 1.042410561925008099e-06 4.272805214857341838e+01 1.100234812675070089e+02 1.224187830687830711e+02 1.382904257182901233e+02 1.537238924050632818e+02
-3.241022047343143219e-06 1.670152068721460413e-06 4.409762446316726524e-07 3.626649182862190912e+01 1.090074004763525011e+02 1.156646356997282510e+02 1.369645072363886982e+02 1.516938330294347566e+02
1.994983777240413656e-06 -5.586242367481362930e-06 -2.688646349551691480e-06 3.873370013188262817e+01 1.064044767950963291e+02 1.158247170781892947e+02 1.340929411764705890e+02 1.549145707221416899e+02
-4.096619249153355878e-07 -5.505690245405685316e-07 3.226866413440022923e-07 3.386894557968535935e+01 1.007286328251702798e+02 1.189356199866310106e+02 1.302289936898040708e+02 1.532792223976073558e+02
2.134337357937954662e-06 -1.405710556392310785e-07 -1.060088367070331545e-06 3.867447164741739130e+01 1.020704880912445418e+02 1.102443516699410679e+02 1.268606024196221398e+02 1.447239315716499561e+02
-6.971453482644088834e-07 -1.817309382180172478e-06 -4.714237251005333164e-06 3.415935546232313413e+01 1.033791968789407321e+02 1.082304385470360870e+02 1.268774084778419962e+02 1.424696522442377784e+02
2.121584907936768182e-06 1.086545847035889919e-06 2.616083334761721623e-06 3.172801593019532262e+01 9.587474385245901942e+01 1.092821188878235859e+02 1.236236762789182109e+02 1.409194497837578126e+02
3.171758311480163001e-06 4.324691245567001286e-07 -1.998415783695552936e-06 3.052763756165228060e+01 9.583832150570810882e+01 1.057782497623574045e+02 1.244830175600739466e+02 1.413694543897883023e+02
2.895574322755929990e-06 -1.831540367003544154e-06 4.459263799059586642e-07 3.076431353742561825e+01 9.342067233085040812e+01 1.056739072085889575e+02 1.195711745858080519e+02 1.398814008068895873e+02
9.607450484471049714e-07 -3.359573268581454239e-06 1.574278982399507853e-06 3.061264105574068495e+01 9.395229129196641793e+01 1.050134835506367494e+02 1.152151568598018656e+02 1.399763954193842039e+02
1.101015906689213153e-06 7.143998903665936943e-06 1.225978698517113415e-06 3.070309278350515214e+01 9.128737688519544236e+01 1.041614101224246127e+02 1.141845407551693228e+02 1.362962021531100447e+02
-1.355338143661195559e-06 2.874399922206313819e-06 -3.417022392722095140e-07 3.152752886922615261e+01 8.777757774433935367e+01 9.801803528886242134e+01 1.168753011828270871e+02 1.291769962258565840e+02
7.000225605608314858e-07 5.478846460514004512e-06 -9.876256836623026521e-07 3.138441835362401022e+01 8.452784508076358350e+01 9.295603124096035685e+01 1.099123801220575416e+02 1.300631348606008260e+02
2.970606842318983319e-06 2.459597267066359910e-07 -5.376800048466958345e-06 2.989157114264920168e+01 8.378262507006726878e+01 9.411403046896938918e+01 1.059239223522694857e+02 1.278826672365890005e+02
4.020625812895346144e-06 3.401963548981890873e-06 1.889945842929225806e-07 2.823396116521860932e+01 8.436609962675854035e+01 8.983178901067203981e+01 1.074663379682179283e+02 1.227661131090896305e+02
1.806531375726222096e-06 -9.895340407943132309e-07 9.296740666196855108e-07 2.609551641729010996e+01 8.353536455470039357e+01 9.132158529895777122e+01 1.039795536456889380e+02 1.212251108877954096e+02
-4.057578179580157912e-06 -2.178041278758589331e-06 -9.970294228497899826e-07 2.948479406130268288e+01 7.792731799450550056e+01 8.937893518518518476e+01 1.010653284421283615e+02 1.226727993736810021e+02
4.178614269704721130e-07 9.803573808331489627e-07 -1.289373541390675251e-06 2.742225274725274886e+01 8.435251708199356813e+01 8.680959731543623548e+01 1.013416862416107307e+02 1.184292641573414784e+02
-9.280095390466284540e-07 -6.192763530017877981e-07 9.838110964482380020e-07 2.759940503099974052e+01 7.619698090371166188e+01 8.566639384920635791e+01 1.001553741406663107e+02 1.126211023203244395e+02
1.245383621909766700e-06 -4.934117935547892311e-07 2.513309342494656593e-06 2.579806555660632128e+01 7.779581635252165484e+01 8.190604773462781907e+01 1.010504613984923168e+02 1.167729173499508164e+02
-8.681481792722026802e-07 4.034969122838397364e-06 8.474626192716402806e-08 2.716385917167167108e+01 7.866903521498285556e+01 8.290658694834503706e+01 9.280088401927585551e+01 1.118997092089197309e+02
4.903224784749237519e-07 5.329924341941458792e-07 4.590297220442675925e-06 2.203440010365379820e+01 7.710076030601922525e+01 8.412887317167052004e+01 9.582387672811060497e+01 1.132491364010901833e+02
1.195413795740981018e-06 -7.593235010705482031e-08 1.613588305190205620e-06 2.903773625030932948e+01 6.996835261953204110e+01 8.005422909846384982e+01 9.556769525364138929e+01 1.071135078237918776e+02
1.652448959757163267e-06 9.507446305996467731e-07 -1.468735275105346302e-06 2.377018938924677727e+01 6.926679286761113019e+01 8.011207001707732900e+01 8.956620267944936131e+01 1.069321483533394854e+02
6.810270716618374192e-07 -5.982353861412715236e-07 -5.555053988716253955e-07 2.405680406441717878e+01 7.040066854759567150e+01 7.820277466367713259e+01 8.425384897360703462e+01 1.066887711476210967e+02
-1.236299317556029362e-06 -2.946833606241051636e-06 -1.491943169718614559e-06 2.607286894140342426e+01 6.761035620837297699e+01 7.629569554802523612e+01 9.054087641942497555e+01 9.871559186485352200e+01
-1.134293844845630045e-06 -2.980057249346310576e-06 -9.909769779965104822e-07 2.340257481369352632e+01 6.781737551241862150e+01 7.273370739318291101e+01 8.726555496579382520e+01 1.058504064193413967e+02
2.404618668372127812e-07 -9.516987634269545719e-07 -3.632971967299634353e-07 2.187838654238712621e+01 6.783863831615120432e+01 7.308204969310671117e+01 8.514252146669761601e+01 9.861274020097549453e+01
8.254336600482835140e-07 -3.537481942947617203e-06 1.294271241438102179e-06 2.052494548595378276e+01 6.518726437323279299e+01 7.238948101409731350e+01 8.308435386050851434e+01 9.718240863691472953e+01
6.596659988151161288e-07 1.406848566944925618e-06 1.981056585329217493e-06 2.211394065366972583e+01 5.769842002237136569e+01 7.339836788896504061e+01 8.113041552354823693e+01 9.563893740492422069e+01
2.565454885616543819e-06 5.401109831894302922e-07 2.589575194068670193e-07 2.193192596262740679e+01 6.136301369863013377e+01 6.851683556029642830e+01 8.141184659090909292e+01 9.246242005772822381e+01
1.426175558039233517e-07 1.177696993693601361e-06 -5.980744482930918191e-07 2.407493272188049005e+01 6.434901460859978783e+01 6.949741041433371436e+01 7.937559117905851735e+01 9.141885795485900701e+01
-4.764036544672426680e-07 1.768360841006627418e-07 1.495656474615134591e-08 2.288842940916131852e+01 6.306778012449977666e+01 7.065461494440810952e+01 7.763572689168320551e+01 8.808497458703938321e+01
2.209395312007574075e-06 1.256095855088136985e-06 8.772664880323492855e-07 2.302253182556879807e+01 6.030984253006963058e+01 6.913191598360656087e+01 7.485400610147719647e+01 9.268829775823232353e+01
5.089670482733336372e-09 -2.108604530803859403e-07 1.127191041651134941e-07 2.070372785175089092e+01 6.021145018470230781e+01 6.564684485530545999e+01 7.426574824131314756e+01 9.077181477516059260e+01
8.832113370127487043e-07 2.159763205628282762e-06 -2.441316580570926287e-06 2.169508472040904934e+01 5.867309782608695912e+01 6.443060914376320625e+01 7.407099170516589481e+01 8.845123912470340599e+01
2.731035330801907084e-07 -2.424633424134123597e-06 -7.204455623299266558e-07 2.116910669191919325e+01 5.723801133955065978e+01 6.650311655931851362e+01 7.265052137643378671e+01 8.684385603173774371e+01
1.514159767044292891e-07 -2.628812402547068641e-07 -2.936846442704069563e-06 1.911998416050686345e+01 5.588492163801819856e+01 6.406085894565438821e+01 7.249084018098605497e+01 8.350828178518480627e+01
-1.178398613155502717e-06 -1.203136759119348856e-06 1.989309111469063839e-06 1.868946281504266693e+01 5.542290732055464986e+01 6.250111492720935047e+01 6.910987822061191821e+01 8.321269597217320779e+01
3.014538087762651831e-07 -6.073070943153066349e-07 -2.277873334823875780e-06 1.867044540518801554e+01 5.285658000401525669e+01 6.389310417493058480e+01 6.832714707058588033e+01 8.317093739052099011e+01
-5.824952974047476209e-07 3.131358976220819101e-07 2.464687928834502078e-06 1.821280513468013496e+01 5.362355559412814898e+01 5.696409825870646415e+01 6.565544047854459109e+01 8.045767258629315677e+01
-9.024579983319870855e-07 -2.221874832319332726e-07 1.450441122742038135e-06 1.920454377948113134e+01 5.068480686180422623e+01 5.735744210474887694e+01 6.651084882583170099e+01 7.617625120889748302e+01
1.498767548249501356e-06 1.195000087843803837e-06 1.374855133159017669e-06 1.528432697780307414e+01 4.951921568627450654e+01 5.939205302741812886e+01 6.531647322288576163e+01 7.655295935116346584e+01
1.157166748674841301e-06 1.684363554751642907e-06 2.063060727514453655e-06 1.576271335829605036e+01 5.503683852505160701e+01 6.019661891257578645e+01 6.490664861189270596e+01 7.561935102469784908e+01
-2.371219556199366626e-06 1.119842925509869600e-06 4.208448970578092354e-07 2.041205711385864419e+01 5.039930821066717925e+01 5.640455131748664286e+01 6.264829037473844409e+01 7.510684971777986618e+01
7.805108631727998294e-08 -1.367931298491897329e-06 1.251102494846464291e-06 1.559137343426257338e+01 4.848952239488117044e+01 5.335956444693154310e+01 6.143626514445480069e+01 7.600375561316604944e+01
-2.496250296985380788e-06 3.200800977721987239e-07 1.909147453772132727e-07 1.643639048165137595e+01 4.907449107640825048e+01 5.071572225824379387e+01 6.258209833795013566e+01 7.168075882002111143e+01
-1.157167739839316777e-06 -4.079347027341705028e-07 1.047723170977057506e-06 1.560683257004310320e+01 4.805614204545454271e+01 5.146529154650324500e+01 6.189703099657596397e+01 7.233651715874667332e+01
-7.703403444568090822e-07 -4.700352102598730242e-07 -5.918105455818910100e-07 1.659901466778767443e+01 4.731501989093509764e+01 5.358623677489966752e+01 5.910908783783784060e+01 6.830781016780497339e+01
1.084602661098997163e-06 -1.067246508563071150e-06 6.672145990251984466e-07 1.570919814468766518e+01 4.396034180543382774e+01 4.866263860013859954e+01 6.018639282550930147e+01 7.109066238369517521e+01
-4.647183666432637633e-07 1.845636749808961530e-06 1.153911942339915160e-06 1.253202454974270985e+01 4.359890250982493143e+01 5.110990657500440904e+01 5.645669455150665073e+01 7.040841928885407697e+01
1.416781284928507786e-06 1.601249589751045704e-06 1.338350827536224159e-06 1.549103904738878157e+01 4.329663510747185740e+01 4.912615010515247604e+01 5.868994416395686642e+01 6.609994997607550715e+01
-2.484636211268346879e-06 -1.531456833548752283e-06 3.381926509888912895e-07 1.470335338163230787e+01 4.445002808017971319e+01 5.023416673696642221e+01 5.647668685121107046e+01 6.712373948678339275e+01
-3.672365199152454538e-09 -3.727150471620236892e-07 -1.222884728339244584e-06 1.528941088799931158e+01 4.513655208333333491e+01 4.842190429521049566e+01 5.656261630857723333e+01 6.449778378150196545e+01
-1.398866935982378520e-06 -1.773751694814366660e-06 -2.066407286593064611e-07 1.508367242871270797e+01 4.598077168367346701e+01 4.736293466477651037e+01 5.363734710120643712e+01 6.552451285886409948e+01
1.570046360552270813e-06 1.038124202100258397e-06 -1.016096787333881109e-06 1.652103056637388079e+01 4.515500122830002994e+01 4.578527171205579549e+01 5.127527098045656118e+01 6.357444728066202089e+01
-5.799251469903426635e-07 -1.335808988905658827e-06 -2.777279687159460491e-06 1.484760247664700117e+01 3.935268151475193577e+01 4.393186374795417493e+01 5.425632507816357020e+01 5.972054857966241315e+01
1.167899493384061080e-06 5.659155413685377877e-07 8.392224012929994906e-07 1.595863561417972143e+01 4.064633355453668173e+01 4.322498593021386171e+01 4.859089019146519917e+01 6.055342475501159072e+01
9.316709262841178276e-07 1.369557003464849535e-06 5.006345994193378058e-07 1.247055568499533962e+01 3.795137869146680032e+01 4.473554599549694188e+01 5.081563094483195897e+01 6.109786105338875473e+01
-6.674860352607905589e-07 1.475105742852850572e-07 5.906839458011021716e-07 1.337139112251495021e+01 3.665310185899413398e+01 4.124536229586174585e+01 4.937762505899009113e+01 5.778997692216655224e+01
4.798475878044714281e-07 -3.833886707486353931e-07 3.866945413300072510e-07 1.392465965346534595e+01 3.850763547773728135e+01 3.970756903160200579e+01 4.689090170036044469e+01 5.799565475495348466e+01
8.369460760241196272e-07 -6.079386659091741472e-07 1.222697419051223700e-07 1.621872274853337714e+01 3.581189516129032313e+01 4.068316888480954674e+01 4.713720703125000000e+01 5.795977229417025711e+01
1.473735247749324551e-06 -3.355377002896771884e-07 6.543256782143380895e-07 1.271741051179316706e+01 3.751044562866852061e+01 4.089997407037491683e+01 4.824142399756060229e+01 5.717085568108334570e+01
8.088371437478048848e-07 -1.876167706083411028e-06 -3.583718481763428685e-07 1.345196689797449352e+01 3.752898753545304800e+01 3.904874074214026081e+01 4.551326637685505005e+01 5.515439795688425306e+01
-1.303916289197899961e-06 -1.187633916324459218e-06 -1.681294096437181098e-06 1.090134977523420901e+01 3.711545585122467372e+01 3.764771476797970706e+01 4.802968183192260909e+01 5.324744552967693778e+01
3.059879636428455685e-07 -1.244282683924199409e-06 1.034662665332205482e-06 1.001426746364445819e+01 3.556819713640338421e+01 4.026382077574676543e+01 4.498172646151586207e+01 5.339169014345553421e+01
1.151496925218169506e-06 1.513901324141273193e-06 2.416030904889976975e-08 1.211752454116700761e+01 3.667288112017804025e+01 3.871934780227803685e+01 4.364324630685973005e+01 5.137012224220843137e+01
8.853880293766515299e-07 2.686145051441144972e-06 -6.075790107342584517e-07 1.220910841447464001e+01 3.273774918416572177e+01 3.690770906400701534e+01 4.146077920678258977e+01 5.036134517948902811e+01
3.466228296931951490e-07 -1.317045737242867691e-06 9.997425293609039499e-07 1.077671995089666979e+01 3.353854776720351083e+01 3.627174019086135814e+01 4.422687708969326792e+01 5.153842724357819804e+01
-1.186393339877406768e-06 5.209041102273385003e-07 -4.034236824466852709e-07 1.134997841912288230e+01 3.598882353978554960e+01 3.471350261706040641e+01 4.015132884479092468e+01 5.139940157926419317e+01
7.107512437866188427e-07 -1.181575844282877328e-06 3.754676062114245167e-07 1.148894115994944620e+01 3.131504750635772893e+01 3.529911539829303280e+01 4.060334611056407539e+01 5.007290419161677164e+01
1.073859762012745615e-07 -1.832376843833356737e-06 7.709331337094965330e-09 1.035913587481042164e+01 3.026907865418894872e+01 3.438993055555555856e+01 4.210093063044379846e+01 5.024693789781524345e+01
4.200677522940160682e-08 1.368116209412728567e-06 -7.153135750357305651e-07 1.087668329069285100e+01 3.260721391089796839e+01 3.429223466407010790e+01 3.939686203319502056e+01 4.766037458494742651e+01
-8.477906395345468082e-07 -1.342318716705562741e-06 1.339676665746128680e-06 1.263727417914548568e+01 2.650612365229110878e+01 3.599699018025289377e+01 3.981452817379497588e+01 4.581465312021765612e+01
1.430892825707277647e-07 6.857011219068283869e-07 -9.185483171043968232e-07 8.805654860650298232e+00 3.054758097441481013e+01 3.370162016769935320e+01 3.652040216368767744e+01 4.602323303954344169e+01
-4.064412925238971373e-07 -1.577636548366639649e-06 1.717940798244121750e-06 1.240426966387122931e+01 3.098738357843137692e+01 3.130010660085952168e+01 4.131833918632387537e+01 4.759375103651862560e+01
4.109858564064438947e-07 -1.799982515055139852e-06 -1.075083523282583675e-06 1.175815641491826646e+01 2.922881042143530195e+01 3.081394800208252249e+01 3.486055401111993746e+01 4.507717061673864123e+01
1.136404325751915122e-06 -5.867711246706718139e-08 1.753708666807813697e-08 6.831063713998659637e+00 3.104631804533126527e+01 3.090880203499933643e+01 3.765419019170168013e+01 4.530551694250016226e+01
-6.858462424710047309e-07 -1.472709806990981850e-06 4.466285299879940733e-08 8.300735081577595764e+00 2.929041763678695887e+01 3.304813928846647997e+01 3.684890784541812536e+01 4.515048363095238670e+01
8.763796445193649705e-07 -1.533898457487171693e-06 -4.818619559857526442e-07 1.127553251656895306e+01 2.986629896461084854e+01 3.182343990261404443e+01 3.387685940499040527e+01 4.277331873432986953e+01
4.728171400764733336e-07 6.381264924775205852e-07 5.022600406932377426e-08 1.161627732499368193e+01 2.443507333736781817e+01 3.040797201965757779e+01 3.359803929341621398e+01 4.144769844549702498e+01
-5.787379261987788335e-07 8.025912099660356307e-08 1.935984746730342578e-07 1.225906724984167262e+01 2.825600587759671356e+01 2.839134370338139846e+01 3.478665563848469588e+01 4.310155734355847557e+01
-2.109768426680710120e-06 2.672350978300615353e-07 7.459197841120232926e-07 7.014267014700455327e+00 2.880664111389236481e+01 2.964492764971185323e+01 3.351506889520513965e+01 4.150986708524661850e+01
-8.029793650238819952e-08 -1.032216202734470476e-06 8.310607589327024172e-07 1.569021781362675405e+01 2.798587598425196887e+01 3.003583246121645089e+01 3.448047160892900820e+01 4.144074633040174405e+01
1.864580479907592178e-07 6.903340760540382144e-09 -5.374141293738021400e-07 7.409947547724817341e+00 2.799003182328716122e+01 2.750523424229556113e+01 3.199547428421572448e+01 3.889113773911985561e+01
-1.066382659670752005e-06 -4.338364360670163083e-07 -1.254477547661465382e-06 8.436520346359873912e+00 2.400827368328031142e+01 2.648738095951125970e+01 3.440373002043023831e+01 3.999826315947422017e+01
-2.966189060975222588e-07 1.415805005390441011e-06 1.423791631271498524e-07 1.362764260053178633e+00 2.457278278119720127e+01 3.127331814627691742e+01 3.218066441306689285e+01 3.771906803759578253e+01
-4.147543292942542150e-08 -3.959924582991469538e-07 1.590091346341343404e-07 6.381349835564952500e+00 2.391120665465501105e+01 2.750664140818492953e+01 3.152242417089578908e+01 3.806303280139228917e+01
-6.847804157825770137e-07 -6.141848398913580112e-07 -6.247004830058636722e-07 1.443897915930766551e+01 2.694807686620134746e+01 2.699119780091238852e+01 3.151287413265906068e+01 3.788354747865880512e+01
3.570701094340614305e-07 9.181967436751366572e-08 -1.127499984507796410e-06 1.547870374404554461e+01 2.290931067753001571e+01 2.419620003506311434e+01 2.874091388985305784e+01 3.630967252836539672e+01
-1.574281734099930276e-07 1.626695632656855065e-10 5.434076325347598580e-07 1.575322851227869769e+01 1.795378277997441430e+01 2.655267765630338417e+01 3.035961891643709620e+01 3.479422893619479851e+01
-2.663938357893303961e-07 -3.504649897871755856e-07 1.032315074422757631e-06 1.150017403191366583e+01 1.978629157271702255e+01 2.542510247084632269e+01 2.800818621060983915e+01 3.504573283463223277e+01
-2.714110005773705795e-07 -1.023808275318462891e-06 7.877525858426203852e-07 4.039612804117711953e+00 2.088409528323566633e+01 2.443719558280147908e+01 2.945523667800453538e+01 3.529439344446947757e+01
1.113840665942253271e-06 -2.279931315719495686e-08 -1.059346267189400780e-06 8.109470328211502377e+00 2.159684838392661987e+01 2.643149558774558727e+01 2.695737413340042465e+01 3.510094508887591047e+01
-9.303636035661905126e-07 3.693854959474851959e-07 -1.380390731301719534e-07 1.093975408429434282e+01 2.856980424211938541e+01 2.298095746760500546e+01 2.708223064998339069e+01 3.413237191045521257e+01
6.173853340770713820e-07 -3.575363323089207835e-08 8.204993109342660715e-07 1.563189150370124914e+01 2.778773623777606971e+01 2.153054085233441839e+01 2.754195757434434455e+01 3.339696209816656847e+01
-7.367274539674666647e-07 -1.062204251285736014e-06 -2.778102645818656061e-07 9.350952042748918558e+00 1.917573749320282772e+01 2.244811588941253788e+01 2.809837466032608688e+01 3.218443073540190369e+01
2.174332263070534782e-07 -7.876443487712937232e-07 -1.292218408409214649e-07 1.233952089474833613e+01 2.178898237179487296e+01 2.064989392600920937e+01 2.654441544673725062e+01 3.114746762881035735e+01
-1.594091220705387738e-07 -1.129594544986646488e-06 8.885478357802827611e-07 1.142920329455342277e+01 2.134729577673566325e+01 2.200970641421125151e+01 2.618661822424949648e+01 3.148823044391840043e+01
1.100624392412667108e-06 3.014663050875800856e-07 -2.926036893178169271e-07 4.462972146004541507e+00 3.083461750498792142e+01 2.288996242619430888e+01 2.444813906710139051e+01 3.164792086827300466e+01
8.853123171349013443e-08 1.563585588958152841e-07 -3.263341479113220527e-07 1.160609471549948601e+01 1.987472576126030788e+01 2.205519218346253041e+01 2.416539465359063499e+01 3.152301052134442472e+01
-6.789881474917084183e-08 1.020907369291527710e-07 -1.821624290772600536e-07 6.612664645962081700e+00 2.893740411169070370e+01 1.839516296990523969e+01 2.457534570880033087e+01 3.037196848256069259e+01
4.573945663985433362e-07 -4.282646564050509436e-07 -4.538821008265671286e-07 -1.537331511963590858e+00 2.523129850765704774e+01 2.254137521979726699e+01 2.555166821130676524e+01 2.952688317024937703e+01
-2.960912853254566364e-07 -9.444974783897787051e-07 -2.880372787081445343e-07 7.704860935124176358e+00 1.097169272159959164e+01 2.175993141168148526e+01 2.612704673537773914e+01 3.113645348689395576e+01
-8.522825243158987702e-08 -1.340145667878150024e-06 -4.668576345088311472e-07 4.259704919494548214e+00 1.590758086083358691e+01 1.989076302162656162e+01 2.437567659213061333e+01 2.986719899538282164e+01
8.596423117014531356e-08 4.074100277838624860e-08 -6.279148513300650593e-07 6.641764648828594630e+00 1.859787964158061868e+01 2.127977396677674449e+01 2.306945207189216163e+01 2.946702148950541655e+01
-5.186424669148094426e-07 -2.378051036838788182e-07 -7.740295262527342805e-08 8.346501291830708880e+00 2.031151852224683196e+01 2.097902837392692987e+01 2.198362165178571459e+01 2.929852033066905648e+01
2.602601238499499686e-07 1.580206972866480679e-07 -1.610090051049378805e-07 9.344349945289962989e+00 1.080609361348412811e+01 1.670202233021653626e+01 2.173136714174150796e+01 2.862670084795898262e+01
-7.400945331798231731e-07 5.014456384433966937e-07 4.307297585253300608e-07 6.147546262699564501e+00 2.102833876722440820e+01 1.867609037769784308e+01 2.116133574825929387e+01 2.870124301641903841e+01
-4.191593472499540390e-07 6.469698420462195025e-07 -3.893660797038146737e-07 4.544387343507375832e+00 1.269269090583173920e+01 1.918944692817998288e+01 2.094225609166505464e+01 2.840609563624973077e+01
8.313647719323692899e-08 -1.261046128210687497e-06 -1.049076461302785262e-07 6.211675459374102815e+00 2.772766944822888036e+01 1.633842466496336243e+01 2.027434607039537084e+01 2.694128302474310743e+01
-6.795995931094753325e-07 -6.389732680049553079e-07 -3.768760366157064403e-07 1.224142142349597329e+01 1.111156645494899919e+01 2.008384683098591594e+01 2.000454841382575921e+01 2.684423622605816817e+01
-4.072958392657052305e-07 -1.455008315073666964e-07 -1.906420659684963254e-07 9.773571280747399115e+00 2.088565836634597161e+01 1.767143335054934639e+01 2.225302114803625386e+01 2.673887803433984445e+01
4.170803098399896391e-07 1.294671293415691812e-07 1.809427605324270541e-07 9.362492382336395025e+00 2.587945027688047972e+01 1.190060528225051506e+01 2.070930515626449164e+01 2.647233903373516384e+01
-3.207480675823715598e-07 4.609087939691135080e-08 1.575813134208033052e-07 1.231388538320330461e+01 9.148883739531381565e+00 1.262260503231763487e+01 2.029822355613238116e+01 2.641972133961082747e+01
5.245265370386800610e-08 -1.972645837146847070e-08 4.158076454045498668e-07 6.102220222131530036e+00 1.123762483563072401e+01 1.147300767482841621e+01 1.912407835684191326e+01 2.638399956462959040e+01
-4.164889465066564440e-07 -5.286282632279851001e-07 -1.141505166210660029e-07 9.608822261776822415e+00 7.160751874942486772e+00 1.518768633119523059e+01 2.024092282261741715e+01 2.558302198304426156e+01
-8.738519643809603047e-07 -2.992364225354346879e-07 6.794658846393527840e-07 7.321972288345355295e-01 9.416183366238895402e+00 1.995496273865273551e+01 1.844800053447962185e+01 2.527928564989068860e+01
-2.124297023809809486e-07 2.036177421976256056e-07 5.465413534793186405e-07 9.329032383189998612e+00 3.425103487134184999e+00 1.956031650095341945e+01 1.903488267956295843e+01 2.480796679289251472e+01
-2.336980813600549474e-07 7.757713977447421280e-07 6.423497865476549185e-07 6.628499795390196070e+00 5.220883749889799752e+00 1.596170574057843972e+01 1.869871149420200140e+01 2.488270294182703068e+01
8.030112443142637304e-07 2.869169986046403811e-07 -4.051172849535679984e-07 4.266370769951499220e+00 1.598498925738210730e+01 1.212210612267493381e+01 1.703956319518008300e+01 2.506752962504421589e+01
-8.817507629447049276e-07 -7.256263409528814976e-07 -7.650124178923029660e-07 9.092760361610288555e+00 9.044266990712610976e+00 1.388566957305420324e+01 1.765660972791488703e+01 2.441844961999956354e+01
-3.876402940939860380e-07 -6.546936390275549479e-08 -2.476365255656165804e-07 3.159702019394714512e+00 8.103481959270277812e+00 1.289645305225038818e+01 1.771962053378319979e+01 2.422312628614751517e+01
1.228837680559283030e-06 1.985963794617997080e-08 -4.273339140194433891e-07 7.910950265522875835e-01 1.264337691299568789e+01 1.256298611714608526e+01 1.840850921299854903e+01 2.361810719873127340e+01
-3.870513828965545155e-07 -8.120564742313574158e-07 2.568370102677037791e-07 4.188626941645675394e+00 8.745937095730919708e+00 1.156485140482371676e+01 1.762409053085260879e+01 2.366898508257858325e+01
-4.757704298676290289e-07 1.516064015401644379e-07 4.281382508544853803e-07 1.179491503714456435e+01 4.931743093154537405e+00 1.381324792022184234e+01 1.782276218220339103e+01 2.412256993710425235e+01
8.362592495878897029e-07 -1.700917072469490755e-07 4.847743600852848417e-07 6.097554188019826960e+00 5.696592298288508438e+00 1.530425824175824268e+01 1.748920516762129651e+01 2.422811833354247568e+01
1.436176514593227671e-07 -1.201307945232313991e-06 3.418681781784622567e-07 1.228256905818185585e+00 1.479604780172057232e+01 1.210461050724637566e+01 1.688324161642025345e+01 2.305881410256410291e+01
-1.973715461221745463e-07 -4.622814304981253923e-07 5.939000920139136350e-07 2.206247098754485769e+00 8.363470496894409578e+00 1.195479757903908435e+01 1.560363560059686705e+01 2.267202434018203405e+01
2.298848852651152475e-08 4.346592821635476015e-07 4.270458597801917403e-07 8.261027338623687655e+00 9.222859292125662023e+00 1.886867257311129009e+01 1.533825903072899699e+01 2.270943375915027929e+01
3.363633718798299322e-07 -6.648864025088745161e-07 4.805562406877059199e-07 2.744551306157239967e+00 2.053293977513875390e+01 1.374249117058631420e+01 1.400226234605412401e+01 2.212435730045950422e+01
2.838933666316428621e-07 5.223481829016331526e-07 3.029999627124092574e-08 2.732678819019656036e+00 1.172196336121067262e+01 1.256010621177985342e+01 1.497093436873747407e+01 2.161493386696776042e+01
8.533764871177040136e-07 -6.502886590931000260e-07 -2.137823939459298384e-07 3.787901564466646054e+00 1.091004411943074359e+01 1.354667117403754339e+01 1.377824634707766194e+01 2.159021728271728335e+01
6.907274866206991572e-07 -8.431298272396109443e-08 1.266792234562828900e-09 4.627590201899041134e+00 1.496711263865942776e+01 1.813592273954116152e+01 1.476682194101235446e+01 2.209719738959413604e+01
-1.068269167014902213e-07 4.314858691369215040e-07 -1.467718964074212120e-07 4.812028765031031163e+00 9.538729358792464197e+00 8.654848244459289575e+00 1.274069263644918415e+01 2.194623309093752539e+01
7.801393521489298607e-07 5.860219769415419954e-07 1.340279555488613982e-07 3.936230522076605176e+00 5.829142040594136986e+00 1.290021442962209441e+01 1.485231536527366458e+01 2.113780470039817416e+01
