nan nan nan nan nan nan nan 0.000000000000000000e+00
-3.178545739501714706e-04 nan nan nan -7.012945134192705154e-04 1.180802064482122660e-05 nan 3.057681606151163578e-04
8.667726651765406674e-05 nan nan -1.744085069124897140e-04 nan 1.295398105867207050e-04 -1.358396111754700541e-04 1.271575844536224911e-04
-1.395862182107521221e-05 nan 9.944766255406041488e-05 nan 1.081126174540258944e-04 -6.952080002520233393e-05 -5.722811329178512096e-05 4.022386856377124786e-04
-5.863064628404875145e-05 1.896142445427054934e-05 nan 8.423867984674870968e-05 nan -7.923203520476818085e-05 1.923467886323730061e-04 5.040171806915448523e-05
2.061276410875672829e-05 6.457982817664742639e-06 7.685855962336063385e-05 nan 1.210991547188975656e-04 -1.850589372528095927e-05 1.056299218750000000e+04 3.276513920454545587e+04
-6.191151624079793692e-05 -8.198170689865946770e-05 -6.026887567713856833e-05 -1.485120264987926930e-06 3.927287616534158587e-05 9.065060546875000000e+03 1.351859375000000000e+04 1.802681250000000000e+04
-4.137125506531447172e-05 -5.644067035367091214e-06 6.525776795266816110e-05 3.067870732463363800e-05 -1.356430690396915955e-04 1.425102524038461706e+04 1.771892045454545587e+04 1.924064722222222190e+04
-2.759845780306740651e-05 -2.865672909787722754e-05 -8.183343258375921935e-05 7.241045554670004578e-05 1.306083705357142753e+04 1.417870833333333212e+04 1.469589182692307804e+04 1.485979336734693788e+04
-2.976389014688522757e-05 -3.904841231325497942e-05 -2.354697105200851485e-05 -2.699316246435046196e-05 9.458350000000000364e+03 1.147784687500000109e+04 1.148395312500000000e+04 1.540052910958904067e+04
-1.439008081112714435e-05 2.898050782581170287e-05 -2.035669405648315680e-05 6.440062500000000000e+03 1.218011305147058738e+04 1.093243181818181802e+04 1.250630978260869597e+04 1.455943668831168907e+04
1.772581623410995842e-05 -8.670742520027690614e-05 1.461622637829610207e-05 6.643550781250000000e+03 6.541619318181818016e+03 8.306995535714284415e+03 1.169010491071428442e+04 1.065448724489795859e+04
3.326469345293084573e-05 6.558553872221126996e-06 4.811167970977046335e-05 7.458234797297297519e+03 7.291655092592592155e+03 9.451344594594595037e+03 9.284343171296295623e+03 1.352309090909090992e+04
-1.639446744055890194e-05 -1.357492661421618782e-05 2.680742187500000000e+03 5.394452586206896740e+03 6.517243055555555657e+03 7.805374053030303003e+03 8.818751689189190074e+03 1.127077241379310362e+04
1.392014491469112807e-05 -2.177095406555703611e-05 2.210057986111111404e+03 6.066868206521739012e+03 5.975832291666666606e+03 6.715827380952380736e+03 7.560871621621621671e+03 8.533048611111111313e+03
2.750466597384550107e-05 3.758623346651869446e-06 2.677669049202127553e+03 5.146257486979166060e+03 5.237037990196078681e+03 5.800705625000000509e+03 6.755194999999999709e+03 8.253292968750000000e+03
-1.180339062682770368e-05 1.154228043303174687e-05 4.647983506944444343e+03 4.307743622448979295e+03 5.080533052884615245e+03 5.770000000000000000e+03 6.299935661764705401e+03 6.706142766497461707e+03
-2.838326939221086264e-05 -6.547364007149423146e-06 3.738841435185184764e+03 3.780953947368420813e+03 4.613004882812500000e+03 5.226265151515151956e+03 5.438433333333333394e+03 7.025557730923694180e+03
7.243653159741669473e-06 2.167115703092089624e-05 2.938538938492063153e+03 3.600108057228915641e+03 4.507144791666666606e+03 4.927687996031745570e+03 5.196104600694444343e+03 6.197224802371541045e+03
2.192600944696308956e-06 -7.530390575993806124e-06 3.123808919270833030e+03 3.837677631578947057e+03 4.030712209302325391e+03 4.461213392857142935e+03 5.199207386363636942e+03 5.973396311475409675e+03
1.653554884470858632e-05 9.228304521276595551e+02 3.207756250000000364e+03 3.178374681122448692e+03 4.135284246575341967e+03 4.200469460227272975e+03 4.965884789156626539e+03 5.298988817891373401e+03
-2.119214817260702338e-05 1.042870492788461661e+03 3.080083216292134694e+03 3.139413240131578732e+03 3.474206064356435490e+03 3.990832122093023372e+03 4.628083823529411347e+03 5.654098806366047029e+03
-3.187538027926220744e-06 8.346927599009901542e+02 2.760119693396226467e+03 2.942643348623853399e+03 3.578951636904761926e+03 3.695922321428571649e+03 4.065447916666666515e+03 5.322519900497512026e+03
1.947928752217973811e-05 7.374732521186440408e+02 2.613981418918918735e+03 2.911380113636363603e+03 3.112194852941176123e+03 3.650398879716980900e+03 4.299479989035087783e+03 4.927475842696630025e+03
5.066901761687027224e-06 1.545037006578947285e+03 2.369160192757009099e+03 2.846834347345132755e+03 2.731186941964285779e+03 3.246852415966386616e+03 3.830493421052631220e+03 4.082973050458715988e+03
1.102646986599749190e-05 1.237471250000000055e+03 2.203421755725190906e+03 2.492410823170731874e+03 2.584619069343065803e+03 2.783250484496124045e+03 3.593662109375000000e+03 4.017799445471349372e+03
1.385311285654703720e-05 1.428205393145161224e+03 1.985832322761194064e+03 2.199770695364238236e+03 2.565750496031746025e+03 2.883824468085106218e+03 3.098392003676470722e+03 3.883363302752293748e+03
2.154396637119709947e-06 1.246536254882812500e+03 1.778111271676300476e+03 2.121125469924812023e+03 2.364754807692307622e+03 2.841785491071428623e+03 3.034625766871165524e+03 3.747032051282051270e+03
7.177715541726370832e-06 1.278796250000000100e+03 1.892428794642857156e+03 1.933205384036144778e+03 2.233753571428571377e+03 2.424822204968943879e+03 2.855089315878378329e+03 3.477867765273311761e+03
4.582466832530426988e-06 1.308141788563829778e+03 1.699677272727272793e+03 1.981638847305389390e+03 2.016653792134831292e+03 2.330930248618784390e+03 2.757382309941520361e+03 3.266973252496433815e+03
-6.462113715980838129e-06 1.162388498036649253e+03 1.617566385135135306e+03 1.748511548913043498e+03 1.943531607142857183e+03 2.318817835365853625e+03 2.562741319444444343e+03 3.211789491758242093e+03
-5.190488306826419807e-06 1.261428332270407964e+03 1.667367110148514939e+03 1.958568627450980330e+03 1.816604573170731783e+03 2.256666006097560967e+03 2.395952818627451052e+03 3.064064012738853307e+03
2.089223508960950391e-06 1.526326388888888914e+03 1.523831068840579746e+03 1.654447127525252654e+03 1.902540625000000091e+03 2.071521780303030482e+03 2.372795482673267543e+03 2.783445879458794479e+03
2.279930578714067132e-06 1.500695639534883639e+03 1.473113785885167317e+03 1.561455232558139414e+03 1.717756091101694892e+03 2.017285472972972912e+03 2.522437775330396562e+03 2.750089633447881170e+03
6.200371427678263083e-06 1.222694509345794359e+03 1.474252477973568375e+03 1.559724601593625493e+03 1.685339244186046471e+03 1.914429559426229616e+03 2.154442099567099376e+03 2.588282017075774093e+03
-1.827780430235701579e-06 1.226620880681818107e+03 1.337806206597222172e+03 1.435946347031963342e+03 1.597618907942238366e+03 1.809678811659192888e+03 2.115517892156862672e+03 2.429212387161484457e+03
2.918061773538931692e-06 1.157525390625000000e+03 1.175908342633928442e+03 1.297114583333333258e+03 1.542029203056768438e+03 1.631499559859154942e+03 1.946396157587548714e+03 2.263538292682927022e+03
-2.419934977328754285e-06 1.178848020833333521e+03 1.155191420664206589e+03 1.295049328512396642e+03 1.511720411129568220e+03 1.742784821428571377e+03 1.889785663167938765e+03 2.374977457168620276e+03
4.679812905926476357e-06 1.111221875000000182e+03 1.128390876205787663e+03 1.184515879478827401e+03 1.337240802304964518e+03 1.494008585164835267e+03 1.743595450680272052e+03 2.205476661059713933e+03
2.563091632174818284e-07 1.025405427631578959e+03 1.121339805825242820e+03 1.198946152280130264e+03 1.334218037459283551e+03 1.495400992063492140e+03 1.710602564102563974e+03 2.002965036378334617e+03
1.656141224188790488e+02 1.061875097049689430e+03 1.094609276729559724e+03 1.190603527607361912e+03 1.325111821086261898e+03 1.425560238486842081e+03 1.681164999999999964e+03 1.999145211930926280e+03
1.530375401725304698e+02 9.547460691823899879e+02 1.063847809667673801e+03 1.158088059105431284e+03 1.243089235127478787e+03 1.365224471830985976e+03 1.625834077380952294e+03 1.989162953172205334e+03
1.919465690559440532e+02 9.037486373546511231e+02 1.024535223988439157e+03 1.053170549485861102e+03 1.220464923469387713e+03 1.320499109686609700e+03 1.589528282122905011e+03 1.830252279102384136e+03
1.582609354521625278e+02 8.707719840116278647e+02 9.742001361985472840e+02 9.643053728070175339e+02 1.138559351385390300e+03 1.292653757122507159e+03 1.469876127577319494e+03 1.775577533783783792e+03
1.322869464056482514e+02 9.111409671532846914e+02 9.480857843137255259e+02 9.945237986618004697e+02 1.083088020833333303e+03 1.239633384146341541e+03 1.392231977513227548e+03 1.698850736707238866e+03
1.675645011319534490e+02 8.507405081775700637e+02 9.057951642335766564e+02 9.548802219321148641e+02 1.029545564058956870e+03 1.192420895989974952e+03 1.389269678841309769e+03 1.618840964590964631e+03
1.343610830745341786e+02 7.779435783752860516e+02 8.172824292452829695e+02 9.359576421800948083e+02 9.926416355721393074e+02 1.209884860788863080e+03 1.365730440097799601e+03 1.553049645390070964e+03
1.182005945966748754e+02 7.567913888888888323e+02 8.141759361233480377e+02 8.578226713062099407e+02 9.784857826576576372e+02 1.110973050458715761e+03 1.265370044052863477e+03 1.521188953488372135e+03
2.035059164149043340e+02 7.181540178571428896e+02 7.581495192307692150e+02 8.604730050223213311e+02 9.129904891304347530e+02 1.089722446236559108e+03 1.223921117841409796e+03 1.529734065934065939e+03
2.186300423306772984e+02 7.085803571428571104e+02 7.762864247311828194e+02 7.827839530590716777e+02 9.417868303571427759e+02 1.043903080628803309e+03 1.227534362033195066e+03 1.425332848067760779e+03
2.269251708984375000e+02 7.106960937500000455e+02 7.380536067193675080e+02 7.854613614341085395e+02 8.794474580712789020e+02 9.789247448979592718e+02 1.142580838323353191e+03 1.395968393653941348e+03
2.008737256719184359e+02 6.959857253086420315e+02 7.327746653713298883e+02 7.642544281376518711e+02 8.159671266233766573e+02 9.763964354527938667e+02 1.129479011194029908e+03 1.304021769995267277e+03
1.967031695156695150e+02 6.646745876736110858e+02 6.925603578629031745e+02 7.245001077586206293e+02 7.962232490272373298e+02 9.053826694139194160e+02 1.068230696798493454e+03 1.318535051067780842e+03
2.000307842140921366e+02 6.325953282828282909e+02 6.891625689338235361e+02 7.230522003745318216e+02 8.048053125000000136e+02 8.830484562607203998e+02 1.059515401785714175e+03 1.205648703041144927e+03
1.914037580201649860e+02 6.329399530716723348e+02 6.590358257071547996e+02 6.940140437392796002e+02 8.285212813620071302e+02 8.725623865698729560e+02 1.012397834476843855e+03 1.221909869848156177e+03
1.654381020140104965e+02 6.059308035714285552e+02 6.295716882067852112e+02 7.052703999999999951e+02 7.564380173841059332e+02 8.557475845410627926e+02 1.002481311274509835e+03 1.143858651911468769e+03
2.206503435617470075e+02 5.974907556270096620e+02 5.989705033003300514e+02 6.504908811475410175e+02 7.297709165335462558e+02 8.293344298245614254e+02 1.007638104838709637e+03 1.132285320538995620e+03
1.922375675801640398e+02 5.678940087579618421e+02 6.118156877897990853e+02 6.317776671974522742e+02 7.020201764264264739e+02 7.771166074249605344e+02 9.373157790143085322e+02 1.101213728103579570e+03
1.475976449927953809e+02 5.374268730590061978e+02 5.899059734513274407e+02 5.986586741889985888e+02 6.756658579192545631e+02 7.542731348637016708e+02 9.312787481804949721e+02 1.086533421450151081e+03
1.476768905693950273e+02 5.195525480769231308e+02 5.494389358108107899e+02 6.153806288819874908e+02 6.550959201388889142e+02 7.661978390461996469e+02 8.192622688477952124e+02 1.031548375451263382e+03
1.268710525158339237e+02 5.154818733595800495e+02 5.402882567264574618e+02 6.006517857142856656e+02 6.701036748927039071e+02 7.203524671052631447e+02 8.817440056417489131e+02 1.027406896551724003e+03
1.376700166609706173e+02 4.944995123537061090e+02 5.291991869918699649e+02 5.655102370689654663e+02 6.131268939393939945e+02 7.038745284636487440e+02 8.256315476190475238e+02 9.793241832266755864e+02
1.307117741655076486e+02 4.892175314465408746e+02 5.099875641848523173e+02 5.517654272151899022e+02 6.299732985175202202e+02 6.920062500000000227e+02 8.087291124837450980e+02 9.346129690048940120e+02
1.277133476307189426e+02 4.854469023096129945e+02 4.852716316909975944e+02 5.418012719849245968e+02 5.927233467243510177e+02 6.775237332112332069e+02 7.799444875776397339e+02 9.502020981178648071e+02
1.698324693341121474e+02 4.809822667087011610e+02 4.974507241813602150e+02 5.316218866749688914e+02 6.059683670343137010e+02 6.844106457800512544e+02 7.580550873907615141e+02 8.915974642190417399e+02
1.466574080572711978e+02 4.625031956004755784e+02 4.809041920731707478e+02 5.205658495288574841e+02 5.546269599303135465e+02 6.562084525171625273e+02 7.616365497076023985e+02 8.815047619047619492e+02
1.736914595170454447e+02 4.608017542527338719e+02 4.398715156794424956e+02 4.923390430351076361e+02 5.528031212029161452e+02 6.075057883939037993e+02 7.415831200227530644e+02 8.405815265162614196e+02
1.505513822115384812e+02 4.296138913170163391e+02 4.502860180412371278e+02 4.874262070497630930e+02 5.257576049415515627e+02 6.164359231651376376e+02 6.933910932297447971e+02 8.380655475062692403e+02
1.371665469668626258e+02 4.251718749999999432e+02 4.541825028968713696e+02 4.546660963326446563e+02 5.292804775280899321e+02 5.775784989594172885e+02 6.623212804203540145e+02 8.095553827427644364e+02
1.035283627717391255e+02 4.158441624365482312e+02 4.249262990455991940e+02 4.640177610333691973e+02 5.071946138211382618e+02 5.891561138344227402e+02 6.756974973516948921e+02 7.896466440323845291e+02
9.111832613031914718e+01 3.952061243718593460e+02 4.149980682951146491e+02 4.457685966257669179e+02 4.972425133689839640e+02 5.274652355623101130e+02 6.135684183142560641e+02 7.814425736235594968e+02
9.565051613117364582e+01 3.852173465568861843e+02 4.170337064676616592e+02 4.340713484546360519e+02 4.751216019417475422e+02 5.464004120879120592e+02 6.467175269080235012e+02 7.504690721649484431e+02
1.204625590982472261e+02 3.816473344693281433e+02 3.960957532051282328e+02 4.241867126937984267e+02 4.731862463307240318e+02 5.231251820388349643e+02 6.259267839444994479e+02 7.414299099537599886e+02
1.143178663024085751e+02 3.621915208136234696e+02 3.961933333333333280e+02 4.193913171536286200e+02 4.608768467220683078e+02 5.036888248847926093e+02 5.909231036077705994e+02 7.111476350568050293e+02
1.207520083181403834e+02 3.622597581417624610e+02 3.846418047882136193e+02 4.024891934046345341e+02 4.428230642115203182e+02 5.105143644465291004e+02 5.873325993676603503e+02 7.006174445740957708e+02
1.126070073659725210e+02 3.746458717712176849e+02 3.687106685558354116e+02 3.950888718070009418e+02 4.284943133503401214e+02 4.883386485280999523e+02 5.646588449646643539e+02 6.748445930880714059e+02
1.142739418642951250e+02 3.512447429906542311e+02 3.679817613636363376e+02 3.904585592160133274e+02 4.265139014466545859e+02 4.778696959755030775e+02 5.511751434245365999e+02 6.526791432280398340e+02
1.054856554097311232e+02 3.494463848039216032e+02 3.556386080034423571e+02 3.898233045212766115e+02 4.149483921161825606e+02 4.646591582064297654e+02 5.335302038626608692e+02 6.336398457311918264e+02
1.022647296423955225e+02 3.285104337152209837e+02 3.575837099424815051e+02 3.844245759289176476e+02 4.132967823878068998e+02 4.457241042009884495e+02 5.215406327543424823e+02 6.226878251821019603e+02
1.025194845085470092e+02 3.308239244647105579e+02 3.405582442596991086e+02 3.648535728827361595e+02 3.950885168650793844e+02 4.392356507679870674e+02 5.089856614708233451e+02 6.090578197149167181e+02
9.769316140317700103e+01 3.085233814741035872e+02 3.466692831753554174e+02 3.590683241973375175e+02 3.940170729250604040e+02 4.340084846093133137e+02 4.894677241793434632e+02 6.015733722541064026e+02
9.377934002209130426e+01 3.101950993764614282e+02 3.231180962138953987e+02 3.464884510869565020e+02 3.797798047763457134e+02 4.167683908045977432e+02 5.024245461422087828e+02 5.784465306900495989e+02
8.841232292045042129e+01 3.015012490392006157e+02 3.135939832089552510e+02 3.428744877049180673e+02 3.685221851145038272e+02 4.133239926739926773e+02 4.765933538404175920e+02 5.545659463487331777e+02
8.012477662206744355e+01 2.974448402830910254e+02 3.055118127147766813e+02 3.267097383720929997e+02 3.548014240506329315e+02 4.118737680060651769e+02 4.582027978339349943e+02 5.444426920960938787e+02
8.539089468716288422e+01 2.944028206447187586e+02 2.988431992337164615e+02 3.178839833106267179e+02 3.424982857672349610e+02 3.936083390883977700e+02 4.582914859002169123e+02 5.394532095203750259e+02
7.911292086426298908e+01 2.909022704423592813e+02 2.971230387029288522e+02 3.189273726851852189e+02 3.432705653351387696e+02 3.955964160839160968e+02 4.462247920997921256e+02 5.184870370370369983e+02
8.146594088842252290e+01 2.783287567385444845e+02 2.963358908427339315e+02 2.991505624154262932e+02 3.438513270547945240e+02 3.750804516584333328e+02 4.383027608401084194e+02 5.229470830531271304e+02
7.286712239583333428e+01 2.789942526367830737e+02 2.880573402130493150e+02 3.048930757776307132e+02 3.360554522156084545e+02 3.600635929404145372e+02 4.097791334661354199e+02 5.086364661654135375e+02
9.734137808349146326e+01 2.729982307439104261e+02 2.845150904605263236e+02 2.908413349433710664e+02 3.221901443922095609e+02 3.652310304837640729e+02 4.177753479125248646e+02 4.810747448139611038e+02
8.970974641002138128e+01 2.615584781209781227e+02 2.786794882015306030e+02 2.914479693426043241e+02 3.143643784572832942e+02 3.511715724547157720e+02 3.956205132241813658e+02 4.741836942875078762e+02
8.785626530924677979e+01 2.654532747603834082e+02 2.665095915841584429e+02 2.782187500000000000e+02 3.004150625792141796e+02 3.420028198393077332e+02 3.984260235732010074e+02 4.656003523884103288e+02
8.771354638863705588e+01 2.475552036561898603e+02 2.619768274853801131e+02 2.776597870024875760e+02 3.036690785587713890e+02 3.355550426136363740e+02 3.835489713774597362e+02 4.537882316886300487e+02
6.177691544337927354e+01 2.432799795313381992e+02 2.543848419094854307e+02 2.773304641812865725e+02 2.956824860074626713e+02 3.313684530623926321e+02 3.659421619163128980e+02 4.479075990538143515e+02
6.792978521441334294e+01 2.433380633200227976e+02 2.507033620186697647e+02 2.641890877166766245e+02 2.887039954980303946e+02 3.223906434911242513e+02 3.764561326291079695e+02 4.302080376538739870e+02
6.142697306409512237e+01 2.401741323363430922e+02 2.509493820621468956e+02 2.552921796306659417e+02 2.743156177494199142e+02 3.161072958309537171e+02 3.654193409742119911e+02 4.374514155640915760e+02
6.061318586482558146e+01 2.324281786109573602e+02 2.441468404696132666e+02 2.527908492152466238e+02 2.822208842309827901e+02 3.120099233983286808e+02 3.544575471698113347e+02 4.096716449013614465e+02
7.555853240617514643e+01 2.291797264542936432e+02 2.397578125000000000e+02 2.472058691135734136e+02 2.666832291666666492e+02 3.027462541620421916e+02 3.340242501375894335e+02 4.014933954393770819e+02
7.120229922279791879e+01 2.281940055137170305e+02 2.370728195282501360e+02 2.379409684439608270e+02 2.707233432181536728e+02 2.932767434210526289e+02 3.431894666666667035e+02 4.028168210498053554e+02
7.267568448500651357e+01 2.188492212674543396e+02 2.262547977178423366e+02 2.426237232187344262e+02 2.652047988036976562e+02 2.852022176345231514e+02 3.266052169958419995e+02 3.822146802703404660e+02
7.106475817697769060e+01 2.129137111884368494e+02 2.259278488083415937e+02 2.370692942130881704e+02 2.594719033804238393e+02 2.865494845360825025e+02 3.203460247805885501e+02 3.751019736842105203e+02
6.935752362104187796e+01 2.133931009263773717e+02 2.259766706602769091e+02 2.333151421282798594e+02 2.475710970188284250e+02 2.776507773631840905e+02 3.153330587937151677e+02 3.746114140773620989e+02
6.858852607285427894e+01 2.136411586099086151e+02 2.181476277372262871e+02 2.346467642526964710e+02 2.381214471814305966e+02 2.768646598139990260e+02 3.019522405660377444e+02 3.634023288681331678e+02
6.266298303926440383e+01 2.058562921077959800e+02 2.122694504569504659e+02 2.257436154306220146e+02 2.323376138041338663e+02 2.662367676021664238e+02 2.976442916260954235e+02 3.536028289314272115e+02
5.593617643437577414e+01 2.035723607209737906e+02 2.072768109957527258e+02 2.130116067230841566e+02 2.352572446555819567e+02 2.571631435994331696e+02 2.946501777251185104e+02 3.352740159325210811e+02
5.844909024335286318e+01 1.974192450495049513e+02 2.029500352278064952e+02 2.139644879660217214e+02 2.282282170406732291e+02 2.539047481515711695e+02 2.846719486333647637e+02 3.322970466627288602e+02
5.651904450629779575e+01 1.959423143851508087e+02 2.019241194751381272e+02 2.091148141735918671e+02 2.180199055330634224e+02 2.524958797585886714e+02 2.831462831758884704e+02 3.316960429588789339e+02
5.860806860798587792e+01 1.952898358001850170e+02 1.924069826420198410e+02 2.090240278391515858e+02 2.199194245848708533e+02 2.493132770870337538e+02 2.721383038949275601e+02 3.231355387736699640e+02
5.487520478374835875e+01 1.850988949030221136e+02 1.956202227618243228e+02 2.004094605204127220e+02 2.145672703751617121e+02 2.392126168224299079e+02 2.705725736568457478e+02 3.214022809320642864e+02
5.455598243688254456e+01 1.900269283312316020e+02 1.842495594588449137e+02 1.965325320512820610e+02 2.095463960462016644e+02 2.329192854068015492e+02 2.664863142730496293e+02 3.059396317618944181e+02
5.211028094244758080e+01 1.835046204706372350e+02 1.882694303261329765e+02 1.985137047218628936e+02 2.071203182562423137e+02 2.289854957805907247e+02 2.556995669623996434e+02 3.000058436039099092e+02
5.329100296976241680e+01 1.824997930463576097e+02 1.843504196021549717e+02 1.998179257957833670e+02 2.071795768983268999e+02 2.253773148148148096e+02 2.562989107666526820e+02 2.948225907711624814e+02
5.183927269887546885e+01 1.686498683144246229e+02 1.797616093179049983e+02 1.868867045912203082e+02 1.987560874948411254e+02 2.172066767068273236e+02 2.474212210483543117e+02 2.807510075566750629e+02
5.930179273084478808e+01 1.703026022681247582e+02 1.786287959039547957e+02 1.821724593495935096e+02 1.958147088353413778e+02 2.187492325010233287e+02 2.397184593610998604e+02 2.792360322449807768e+02
5.988180321518497351e+01 1.703196705041683003e+02 1.741787656061216296e+02 1.816232631947221137e+02 1.927911470417633382e+02 2.138711884284597318e+02 2.371271211523283284e+02 2.715056525188417140e+02
5.344509540350209420e+01 1.690618500000000211e+02 1.705739194262610567e+02 1.801337556947608221e+02 1.886561627791068645e+02 2.046236569455103620e+02 2.338641241299304170e+02 2.699242203439230252e+02
4.448891628549647237e+01 1.636582594505066197e+02 1.647373344979772014e+02 1.728904845642829287e+02 1.860224667851796596e+02 2.025020188919342274e+02 2.279840193474962007e+02 2.631986492890995351e+02
4.313108720271800678e+01 1.603431995412844060e+02 1.678229864119732042e+02 1.674234443231441105e+02 1.796842073982502939e+02 2.023516839378238217e+02 2.242846357115892602e+02 2.641802419354838776e+02
4.245524720149253994e+01 1.580597327213822894e+02 1.663044340138534380e+02 1.632447218498659538e+02 1.828955197132616490e+02 1.974273717238833399e+02 2.182634259259259011e+02 2.514188055733797853e+02
4.214661671630677375e+01 1.543352313810556780e+02 1.606811288585786031e+02 1.643795059182209570e+02 1.768798239040839348e+02 1.951708711433756775e+02 2.127340222141296522e+02 2.468712321282214646e+02
4.121219058275484315e+01 1.508522807951721632e+02 1.574668723175965681e+02 1.628728862584549688e+02 1.674119499645138376e+02 1.876553348214285677e+02 2.079039867998572788e+02 2.425422120997700119e+02
4.801188176197835844e+01 1.499404824561403302e+02 1.517524265477439656e+02 1.588007024182324471e+02 1.738265165441176521e+02 1.821228946208113086e+02 2.025243079887876547e+02 2.376342739099859500e+02
4.884283243334458291e+01 1.507758869276476617e+02 1.503071590512731177e+02 1.558321775618374545e+02 1.647337423443348143e+02 1.791700917119565304e+02 2.008037775671950271e+02 2.346972953025961601e+02
4.703654884427196947e+01 1.449148599137930944e+02 1.502477838390726106e+02 1.551232484338938491e+02 1.606603327495621727e+02 1.726611368312757122e+02 1.999774369747899243e+02 2.309148264984227126e+02
4.643603804169401883e+01 1.425818928448572365e+02 1.465495696589446482e+02 1.505638466142270886e+02 1.601522056438533923e+02 1.762554520387700450e+02 1.923530803719694688e+02 2.239421159757414443e+02
4.585719152626362671e+01 1.444987942442601820e+02 1.403213587695445312e+02 1.488766642605068853e+02 1.594648607849714779e+02 1.670526051899148854e+02 1.927286211468345982e+02 2.202957752222494321e+02
4.578731282552082860e+01 1.363720345996216849e+02 1.408308978303108745e+02 1.436574839585389896e+02 1.542293111601513260e+02 1.634278149162371108e+02 1.848249036608863207e+02 2.116434492519207424e+02
3.654635211614173329e+01 1.356380614845492119e+02 1.429701415394402204e+02 1.423211855587576053e+02 1.518974487704917919e+02 1.650075003994886629e+02 1.872416503747148795e+02 2.130331771584174305e+02
3.558412955465586691e+01 1.363649591757387043e+02 1.395703998447204981e+02 1.397419659371146849e+02 1.477273314563406359e+02 1.573337690114068437e+02 1.814244454713493724e+02 2.054450498132004839e+02
4.099844448584202894e+01 1.303344294831880461e+02 1.337875620539869601e+02 1.400540635765737534e+02 1.468234210117939256e+02 1.567284317484662779e+02 1.748181658330728112e+02 2.027777562262394326e+02
4.010683944610778440e+01 1.287833841463414615e+02 1.327907932986535968e+02 1.366654801575280089e+02 1.423196193045563405e+02 1.582332284718010840e+02 1.721654157910537322e+02 1.987588730471712495e+02
3.899822574104114636e+01 1.283337480857580317e+02 1.285882407683144777e+02 1.332573085419734866e+02 1.380160626346568051e+02 1.522936324275903246e+02 1.634802592148636506e+02 1.927543361244019025e+02
3.723808142721426151e+01 1.272746125797629730e+02 1.303329868081445397e+02 1.303376199760047882e+02 1.379881681713958130e+02 1.488083029332936462e+02 1.645613682827102764e+02 1.872250795530230221e+02
3.941780859261412928e+01 1.244845501681614337e+02 1.258596003605769340e+02 1.290502548131370304e+02 1.323446218795888285e+02 1.461719518368527417e+02 1.619859779133972779e+02 1.871250270153446991e+02
3.641273753393342361e+01 1.228484633445472411e+02 1.246955622146118685e+02 1.253030931586608574e+02 1.313380745515694912e+02 1.402571960123560757e+02 1.569922387953183147e+02 1.807674538719099360e+02
3.655023754377005929e+01 1.196010834726867245e+02 1.196787011173184254e+02 1.245316791619955126e+02 1.289201030002871278e+02 1.391385924430342982e+02 1.537125070942111336e+02 1.739284606163176079e+02
3.654459653922683060e+01 1.191164473684210634e+02 1.185590133582502688e+02 1.230535033942920649e+02 1.282736651319406462e+02 1.349228263850795599e+02 1.531764624341558090e+02 1.711944867974218596e+02
4.041053229982738060e+01 1.169417715209020798e+02 1.162423873843222708e+02 1.205462335796387521e+02 1.235766655219780148e+02 1.343349708504801185e+02 1.470963555951728097e+02 1.686065423105725642e+02
3.741922746497488816e+01 1.143986525620060064e+02 1.138235514145810754e+02 1.178555460164835154e+02 1.247966740353697759e+02 1.297790268456375600e+02 1.424822147651006503e+02 1.647682943370634234e+02
3.093950887012307049e+01 1.133592103485544413e+02 1.136161118508655079e+02 1.174584490441746283e+02 1.197820232651963295e+02 1.272810846560846585e+02 1.429284108937070243e+02 1.624311548434279473e+02
3.210780159931551481e+01 1.109418456375838815e+02 1.122763032724505194e+02 1.139707849229937722e+02 1.183194329470198625e+02 1.260501786677453993e+02 1.412444112295295042e+02 1.588278779927845221e+02
3.254449448765749509e+01 1.110759850201409904e+02 1.091818242343541954e+02 1.111219187937937960e+02 1.167998054603007176e+02 1.257147536359077264e+02 1.388165537900494826e+02 1.552549643339116869e+02
3.077989183002321738e+01 1.096806442524417662e+02 1.068324130489972106e+02 1.096640726224410542e+02 1.146495874430955979e+02 1.222241467795740277e+02 1.341358006912442420e+02 1.511114438739937782e+02
3.093388716785896975e+01 1.062143001618123037e+02 1.043538281250000068e+02 1.075132624969067052e+02 1.087574707527975590e+02 1.195842435784437043e+02 1.358269085886489336e+02 1.495114371897191177e+02
3.033799727606740149e+01 1.057944679157482284e+02 1.044631092334068114e+02 1.092393613726461865e+02 1.097180019540791420e+02 1.163929921932178502e+02 1.339203078908554687e+02 1.460787626962142269e+02
3.502670671927307922e+01 1.040209683830724003e+02 1.035880625922282263e+02 1.036833435582822176e+02 1.069808022571148172e+02 1.181526376432486245e+02 1.280700604838709751e+02 1.452709185854760960e+02
3.142772111332240925e+01 1.023592196216347219e+02 1.015818214804063757e+02 1.053987973233662956e+02 1.070580325285442456e+02 1.134321103061462992e+02 1.247062545300797183e+02 1.409956418858203904e+02
3.383254703115814266e+01 1.004663740920096870e+02 9.909284869976359289e+01 1.029643106660456482e+02 1.047426980347239009e+02 1.088681289006241002e+02 1.219491109341825847e+02 1.414662210444828361e+02
3.144536733738886625e+01 1.004078640602582482e+02 9.885026189933955720e+01 1.005798135806916349e+02 1.011261884306987326e+02 1.091387290486307933e+02 1.179708023903457956e+02 1.368953840277369807e+02
3.103362387439390346e+01 9.705546751188589383e+01 9.486980778386099189e+01 9.652219500453104217e+01 9.988968249293120039e+01 1.081575005684401987e+02 1.182056945416375129e+02 1.331548409445182131e+02
2.721315266251728815e+01 9.548918591030789571e+01 9.537953526004996263e+01 9.679233084862386249e+01 9.774362416107382501e+01 1.062666923692026586e+02 1.163011831275720169e+02 1.311847428024113924e+02
2.683356713569556717e+01 9.343932995495495675e+01 9.515849167978412027e+01 9.707814269535674612e+01 9.738771404109589014e+01 1.023937864922524170e+02 1.142820596590909048e+02 1.277529854547512684e+02
2.515776625946318035e+01 9.326733822236870708e+01 9.330965095793878561e+01 9.483465372363795609e+01 9.633682469680265115e+01 1.035968854983202760e+02 1.115360756709195016e+02 1.252896087412394479e+02
2.815579496788008385e+01 9.199168463835434295e+01 9.030312362516498581e+01 9.323325127240541121e+01 9.580995720320142084e+01 9.946924732940919966e+01 1.100731028016765833e+02 1.224670736423401962e+02
2.840159785366885004e+01 9.057237624297448519e+01 9.044447907632263650e+01 9.079268689057421682e+01 9.317139691918126232e+01 1.004309345340811035e+02 1.074367506957824929e+02 1.190978359969966789e+02
2.827695994182971972e+01 9.025822010869565304e+01 8.857895230439442003e+01 8.899393216607255397e+01 9.212737668405041802e+01 9.800116559485529422e+01 1.053913677787252112e+02 1.158053934689507400e+02
2.615390412036066436e+01 8.811445506588896137e+01 8.637036117898594512e+01 8.554015720191470962e+01 8.814292831262939387e+01 9.435119582452431075e+01 1.021186082528349459e+02 1.157998154495122662e+02
2.704338560303094141e+01 8.626953204476093617e+01 8.558164565450643124e+01 8.529270202020201452e+01 8.890666728486647230e+01 9.356302591938499802e+01 9.995978884254431307e+01 1.117973064676097437e+02
2.631254015883623154e+01 8.544675176946410033e+01 8.383875181046968805e+01 8.252488120380147052e+01 8.434453361981799446e+01 9.212291369835131150e+01 9.975400457665904241e+01 1.111553601554112731e+02
2.668516430412371321e+01 8.265610610610610820e+01 8.274392725184740982e+01 8.239723903552292938e+01 8.392376121533442301e+01 8.815519274143940720e+01 9.736452043075684060e+01 1.076833316529717166e+02
2.485954494151446781e+01 8.282366606714627721e+01 8.113457039028276085e+01 8.282259199678263428e+01 8.277881574984942858e+01 8.648188962713209094e+01 9.592846430713856876e+01 1.060428031630048480e+02
2.776484830097087553e+01 8.147088972929937256e+01 8.082934663067386794e+01 7.808714596949890563e+01 8.278008455663558607e+01 8.774731965174129300e+01 9.290688649396875576e+01 1.066661205602801488e+02
2.425536749209694420e+01 8.221280580664178217e+01 7.939050595819495015e+01 7.860826331564466329e+01 7.916320777351248239e+01 8.420616327926519773e+01 9.185113747553816665e+01 1.021683752417795006e+02
2.361488191600799880e+01 7.917771143304619841e+01 7.564345986460348570e+01 7.799082242458736403e+01 7.960535539215686640e+01 8.273119763899467216e+01 9.072927904064728466e+01 9.912984575649319652e+01
2.284662738989822017e+01 7.740999415546463069e+01 7.508610544848035318e+01 7.569684886208908381e+01 7.844562769750422149e+01 8.152365294347741553e+01 8.898379173700993761e+01 9.992113528877847273e+01
2.213553881746256025e+01 7.762101039367182409e+01 7.793466238408036872e+01 7.607966183797748272e+01 7.515483416172816078e+01 7.934381909894969453e+01 8.577211337264600388e+01 9.757941556914393288e+01
2.207387483574244413e+01 7.566109066386248116e+01 7.377356433103190625e+01 7.387135053682426644e+01 7.526695612431444715e+01 7.886292202947211649e+01 8.691084575955265734e+01 9.441408383871116428e+01
2.242275733919221992e+01 7.402872699106980292e+01 7.352696683114034215e+01 7.191154816513761716e+01 7.256555005577244799e+01 7.858214848091886040e+01 8.386432363804246393e+01 9.408622746249484692e+01
2.167501096795049165e+01 7.403587543079991917e+01 7.252459794000722582e+01 7.167773437500000000e+01 7.343815909090908178e+01 7.718214897260273233e+01 8.116015273022166809e+01 9.146669417190396700e+01
2.482410508339247812e+01 7.301340654880029035e+01 6.902887380909581339e+01 6.908022973095800978e+01 7.137605600750939061e+01 7.495208751368113553e+01 8.120055743243243285e+01 9.201134153512144565e+01
2.261780977038830542e+01 7.195925008962178993e+01 6.945703961456102604e+01 6.997166421961202332e+01 7.059329535495179186e+01 7.369449497574497343e+01 7.924532772364925393e+01 8.820981391227293500e+01
2.263032359194654219e+01 7.096778736138003296e+01 6.889757554462403277e+01 6.785802958833617993e+01 6.840383284208645875e+01 7.252703595980962348e+01 7.875961917484232799e+01 8.665758693476084318e+01
2.245434066886155122e+01 6.884463825723929631e+01 6.801342892610671242e+01 6.675134077721118331e+01 6.684956073012624245e+01 7.032475683491063023e+01 7.641217054595242075e+01 8.310770368437077593e+01
1.965894114364213863e+01 6.661504126663298564e+01 6.690650192779530414e+01 6.552261110172355529e+01 6.620540651460169101e+01 7.066542939092289544e+01 7.518260164359861619e+01 8.462678081016134968e+01
1.934619082208169516e+01 6.691113864465826566e+01 6.430924324209452436e+01 6.449750344352617049e+01 6.391790624999999437e+01 6.889954405999658604e+01 7.326691761123329627e+01 8.286560217822618313e+01
1.896102648063781260e+01 6.539605503824408572e+01 6.515601164815122104e+01 6.303399538486896603e+01 6.516576318027210846e+01 6.656757108905937059e+01 7.149916219839141718e+01 8.057212077776392789e+01
1.881232591998649539e+01 6.597691422937890593e+01 6.500494233937396871e+01 6.188571532151143373e+01 6.453987880773009067e+01 6.706407754898705775e+01 7.144112333716537933e+01 7.872540553336901326e+01
2.009261769904394868e+01 6.344195106907894655e+01 6.327318531785243749e+01 6.255138684038020358e+01 6.141315209329157909e+01 6.564930441898528102e+01 6.951086062201744653e+01 7.808349114862082274e+01
2.019487460909309462e+01 6.266040344883683844e+01 6.063528067885117423e+01 6.124701154163231820e+01 6.017330779440154487e+01 6.280842981186685847e+01 6.946747728379035891e+01 7.682933151709836750e+01
2.108448661598162843e+01 6.341733657603386831e+01 6.161848147260820951e+01 5.944298015688102055e+01 6.059688060858215408e+01 6.264428875844323130e+01 6.718243698478123349e+01 7.446739130434782794e+01
1.911575077475286477e+01 6.215069277108433710e+01 5.992862237816162718e+01 5.923357443025698643e+01 5.842016835081764725e+01 6.103984164420485570e+01 6.554405576529809707e+01 7.289940924691309476e+01
1.921057439846383019e+01 6.149619828514303777e+01 5.895184328120012651e+01 5.767149657273419194e+01 5.624398867057518459e+01 5.989322590738423457e+01 6.502380112834978831e+01 7.270585659231578290e+01
2.041596610915492960e+01 6.047605407882676332e+01 5.808240665269367753e+01 5.735448212303789717e+01 5.695288018433179644e+01 5.885786675845189109e+01 6.455364257812500739e+01 7.094624314549059818e+01
1.995041686010523208e+01 5.799527231467472888e+01 5.731665339098771028e+01 5.490171416691865858e+01 5.568694006796416573e+01 5.760228756914565906e+01 6.367214419118768376e+01 7.008328103008862797e+01
1.580730163896760310e+01 5.723215765290750312e+01 5.695145416604000843e+01 5.619612715678920267e+01 5.664704620092550869e+01 5.702578030532043130e+01 6.141676191725378686e+01 6.848137159167731625e+01
1.654281346977981215e+01 6.003229979004198924e+01 5.574958826171582871e+01 5.414232963130854870e+01 5.545650325068037745e+01 5.701997071769621073e+01 6.141956053506650193e+01 6.661058414725771115e+01
1.735279040680689278e+01 5.910110950044602873e+01 5.504057263614601681e+01 5.342636147796409318e+01 5.414726027397260566e+01 5.654110008916629226e+01 5.914011089894241735e+01 6.633396504429698837e+01
1.889297169469411486e+01 5.541336238872403186e+01 5.419505474452554949e+01 5.263702837086867703e+01 5.225875370919881391e+01 5.495944071261681785e+01 5.774925497294134402e+01 6.463863753166182846e+01
1.804267609751709500e+01 5.738557493730639436e+01 5.283237355593124818e+01 5.216303044615607831e+01 5.151585556186152104e+01 5.365002100686833586e+01 5.683051174737749989e+01 6.280572424449315605e+01
1.575843164625360338e+01 5.474176418439716230e+01 4.993727385172056898e+01 5.040275850412752590e+01 5.072952049780380435e+01 5.194986785156804387e+01 5.658000799534816139e+01 6.203177576827467021e+01
1.760496594322082231e+01 5.529612929109684671e+01 5.026399914941877256e+01 5.059111134842660107e+01 5.088816485609480367e+01 5.145328193521007876e+01 5.507510630758326897e+01 6.141343259799582199e+01
1.578153531149301791e+01 5.145246595670390377e+01 4.894395949720669847e+01 4.979418269905912808e+01 4.999949667985306689e+01 5.040737464438122828e+01 5.417402236601490984e+01 6.094015058119056505e+01
1.575385944397729787e+01 5.323610871217355367e+01 5.267830628453039310e+01 4.877435199227905116e+01 4.930655251611133849e+01 4.979020490397805787e+01 5.242656055578597574e+01 5.797262170996042840e+01
1.910443995106368575e+01 5.354733722698369291e+01 4.742893409781707703e+01 4.818003215322915622e+01 4.674380125799277153e+01 4.800635084851856504e+01 5.331645919778699749e+01 5.776348056170447620e+01
1.619431389408307709e+01 4.838637684628008628e+01 4.661436034224161062e+01 4.757002163758757973e+01 4.712166020889488038e+01 4.863538303739574786e+01 5.131744738628648861e+01 5.690729042679816985e+01
1.755930256970103898e+01 5.113405723219140242e+01 4.813613025266855772e+01 4.680432149966821243e+01 4.682573914670658866e+01 4.811375269396551602e+01 5.120027550060476074e+01 5.517750650052342110e+01
1.462133299234424477e+01 4.966564578525858309e+01 4.485096216356780729e+01 4.583780265115649399e+01 4.653202205882353582e+01 4.725063792640344218e+01 5.003970646700238234e+01 5.460270655743142498e+01
1.451775850092617048e+01 4.993850505770976866e+01 4.429950861604739032e+01 4.500892167589136506e+01 4.431773848794937010e+01 4.600824059612131123e+01 4.888645916070955622e+01 5.382120842535518079e+01
1.700679015406995731e+01 5.168299418604650697e+01 4.594270288386083934e+01 4.424572588747487600e+01 4.393793587756682939e+01 4.543881330372530414e+01 4.725803817620798242e+01 5.280549241185320852e+01
1.381724487129230283e+01 4.680065222979051498e+01 4.685145476221163108e+01 4.483165788797533224e+01 4.346518885008407551e+01 4.399012249550474962e+01 4.691856501227866261e+01 5.340046341226708648e+01
1.529735391939480671e+01 4.771605781448538863e+01 4.589544277452974086e+01 4.156404537343869521e+01 4.228635081420695485e+01 4.392844214505381473e+01 4.592831094049904550e+01 5.204851391665872740e+01
1.559717270227442043e+01 4.754346648827727506e+01 4.418917368018362168e+01 4.067211192191053470e+01 4.205078672442348875e+01 4.256223050095117344e+01 4.604571546365596646e+01 5.108564071589789535e+01
1.475305721216241217e+01 4.725533816272302090e+01 4.464875472887767671e+01 4.184608533882204284e+01 4.113687181241447632e+01 4.181668013426155994e+01 4.467499529603612274e+01 4.919192570009743548e+01
1.516172875730630487e+01 4.511054010795882618e+01 4.353718320114016649e+01 3.745103948825193640e+01 4.069301470588234793e+01 4.152158371961914440e+01 4.354932340583291506e+01 4.877057757785899383e+01
1.512362871769868278e+01 4.288710786151730758e+01 4.355325852136341780e+01 4.003609893696381761e+01 3.930368337371290011e+01 4.078994551834523463e+01 4.342954074164430267e+01 4.758445438666380767e+01
1.371924046655631280e+01 4.455938285834031376e+01 4.288805894308943323e+01 3.810479949573778669e+01 3.832616529389741800e+01 3.944309633584081354e+01 4.290986363075404597e+01 4.701763936619932593e+01
1.361539820215260654e+01 4.359745320696232795e+01 4.350927869049046848e+01 4.088122412953494234e+01 3.869702928007540521e+01 3.937005120987063123e+01 4.135959470015622941e+01 4.761660464557949268e+01
1.215345659775007547e+01 4.064627502072723075e+01 4.048016969805040333e+01 3.981400125478011631e+01 3.766579923968139099e+01 3.832185282088295253e+01 4.036635829244944773e+01 4.677857848419539977e+01
1.184344429347826022e+01 4.332444918003775314e+01 3.874530881485848965e+01 3.754474982381959336e+01 3.657990459593573007e+01 3.765792693713881789e+01 4.044904771037413127e+01 4.524811583729093201e+01
1.427627013119366239e+01 4.189108693101830028e+01 4.038239065078990819e+01 3.796012525020605466e+01 3.682874423281675291e+01 3.675497134167738977e+01 3.982017008702811012e+01 4.379459283053184038e+01
1.348539820462653971e+01 4.195707100245643062e+01 3.923382841651119435e+01 3.738671285000580724e+01 3.469727344196683561e+01 3.688260431276297169e+01 3.953147778549114832e+01 4.319446983546617957e+01
1.248652839421873217e+01 4.121397422830518309e+01 3.980660553892215603e+01 3.500167404340376720e+01 3.360940225607628662e+01 3.637914958432980228e+01 3.836394484618916323e+01 4.258871421969325155e+01
1.349385639660669511e+01 4.340443693432351324e+01 3.948600372677717019e+01 3.633477608494921185e+01 3.479717446448703555e+01 3.494377453527306443e+01 3.723783580820675354e+01 4.270142286250640495e+01
1.202586267704982781e+01 3.858678630820399036e+01 3.740631495381062166e+01 3.579026269119928827e+01 3.490836493163276799e+01 3.485354733512484415e+01 3.748234835600906933e+01 4.163161748141473595e+01
1.185075644841269948e+01 3.859957165323915262e+01 3.719078067535941301e+01 3.570206050163823619e+01 3.304381415156147739e+01 3.505084151959152194e+01 3.646567846360282061e+01 4.064440248685637869e+01
1.173145071396320027e+01 3.768224639674331655e+01 3.651404854449222626e+01 3.440842600219659175e+01 3.371705231388330049e+01 3.293981093610366173e+01 3.596070479459638847e+01 4.053606896169102924e+01
1.053173760100306389e+01 3.972569444444444287e+01 3.590703560498415214e+01 3.456407786432438201e+01 3.327718794637952016e+01 3.308820575461454894e+01 3.516279628003950819e+01 3.993722423196031457e+01
1.371274732620320869e+01 3.746850179523446656e+01 3.546403115460095989e+01 3.291094426406926488e+01 3.296098423056008642e+01 3.246829447062692253e+01 3.465846807065217661e+01 3.883422577842929257e+01
1.178719011012395512e+01 3.717955669710806177e+01 3.451910193121405968e+01 3.097681924882629190e+01 3.249786992521367779e+01 3.183368802869686220e+01 3.398710971261884595e+01 3.795497707040733815e+01
1.060311226784486038e+01 3.445516158109998628e+01 3.584850413749204279e+01 2.955950020868113626e+01 3.147405266278568448e+01 3.089964498457610631e+01 3.412483756762490827e+01 3.844406468601218307e+01
1.033604770962117492e+01 3.538500511357519684e+01 3.450584499740798350e+01 3.213903006055363676e+01 3.069915270923028316e+01 3.176998121309715373e+01 3.325506481384097413e+01 3.804940093939072199e+01
9.728455569839438155e+00 3.445894329896907493e+01 3.569869984941379215e+01 3.095124871266735411e+01 3.015549006132374643e+01 3.096328811369508927e+01 3.287628519455868314e+01 3.692788549838638090e+01
1.084066128968980536e+01 3.589077906737880141e+01 3.182339763454188741e+01 3.278548235047658466e+01 2.772972921141454705e+01 2.949362178485889885e+01 3.174451925072644087e+01 3.671302712206220775e+01
9.303305101246106545e+00 3.346068868407578378e+01 3.398006305637982649e+01 3.222161127611634868e+01 2.902506120429211478e+01 2.952943990484071080e+01 3.156536402018329568e+01 3.562678814495210133e+01
1.046757937635630853e+01 3.514255241037066924e+01 3.073898557741310711e+01 3.109822605169792098e+01 2.952959118695873642e+01 2.883052495957962691e+01 3.059687246141348282e+01 3.556887982101542889e+01
1.264159130234526707e+01 3.490684968017057344e+01 3.132352959729511355e+01 2.898264738102517057e+01 2.921722676354828963e+01 2.833957127627170181e+01 3.092718157387688649e+01 3.506964140747881942e+01
1.048968173500173151e+01 3.521524212221886785e+01 2.994344472196992868e+01 2.645223330496595793e+01 2.810709144162033368e+01 2.803694461122785953e+01 2.976048115327009214e+01 3.451227078277837279e+01
1.212330966190146420e+01 3.254065168257157126e+01 2.982206727897252208e+01 2.901439468503937036e+01 2.655592535735856785e+01 2.820624126572170098e+01 2.995456349206349245e+01 3.396580326685092643e+01
1.073066972387071516e+01 3.496187792959010920e+01 3.034237896211828200e+01 2.854285723167213717e+01 2.650853072517231368e+01 2.741196173720472373e+01 2.963461538461538680e+01 3.356984877243147736e+01
1.174637439394681415e+01 3.385055678218297004e+01 3.148042998213576737e+01 2.906142356071601540e+01 2.661470841535432896e+01 2.663637468403655362e+01 2.865819297342355654e+01 3.308297653028861163e+01
9.629691589521131689e+00 3.091134855815290550e+01 2.892914974864655875e+01 2.820234860248447006e+01 2.655221080305927472e+01 2.623738102105566838e+01 2.831714731193192591e+01 3.272152478253536145e+01
9.550280565251114240e+00 3.204837459454302717e+01 3.076462473724441082e+01 2.606629821035505756e+01 2.517407369112494919e+01 2.669011521403779241e+01 2.721787307135969058e+01 3.175015868643560424e+01
8.882607434620776843e+00 2.975597156398104204e+01 2.913115624115482660e+01 2.564326148744670775e+01 2.687689483377408450e+01 2.574245812714122650e+01 2.717076822916666501e+01 3.128473634428943129e+01
9.736084177156392627e+00 3.222819151440949526e+01 2.851120930342608162e+01 2.647938150425733284e+01 2.412995336964723592e+01 2.552768452436848534e+01 2.641599202228096743e+01 3.168857904085257360e+01
1.144605584345136506e+01 3.266602499294648965e+01 2.997604381564141107e+01 2.753812347646727687e+01 2.408753461005998986e+01 2.473333645384759549e+01 2.581860625521654384e+01 3.070135092514718167e+01
9.051121235769372220e+00 2.967600480045181044e+01 2.882446956360604062e+01 2.580445445158329321e+01 2.350866895643173038e+01 2.435144275161588112e+01 2.628240880226198328e+01 3.005190238189113572e+01
9.196925729123675453e+00 3.131387302284710117e+01 2.868737016799132888e+01 2.546361065764925513e+01 2.327183844200598628e+01 2.377636338341680400e+01 2.531558263876167558e+01 2.983962329002543612e+01
9.946960773101555020e+00 2.888547482889048723e+01 2.788262400241276850e+01 2.482968386172308684e+01 2.378398477040581582e+01 2.319647777577016967e+01 2.495629274965800093e+01 2.969731895980439162e+01
1.045910447465082527e+01 2.925127858674289527e+01 2.709571141515397841e+01 2.525636313516493558e+01 2.167829999775644012e+01 2.325093153368155541e+01 2.450797739264919883e+01 2.996503470891838816e+01
1.035133312849924891e+01 2.952562080536912958e+01 2.497344265217003922e+01 2.356184058870467268e+01 2.293069051825677107e+01 2.334725154363025368e+01 2.464973748432742084e+01 2.910878856797150149e+01
9.520387124569177573e+00 3.054200873940677852e+01 2.746896090489299169e+01 2.470827066006016537e+01 2.358098331570131378e+01 2.281300668273444288e+01 2.421656468531468320e+01 2.864017916390179153e+01
1.019351124393548780e+01 2.905079815419941625e+01 2.490554296152830460e+01 2.314009314373898007e+01 2.232212152930806681e+01 2.233821689548273071e+01 2.353477555614406924e+01 2.813481605942695296e+01
8.813199105145415047e+00 3.009209429824561255e+01 2.600598003926701551e+01 2.197233417019027613e+01 2.255541511153545642e+01 2.171007698488533677e+01 2.302452145286474305e+01 2.854883114479214257e+01
9.173662569066689088e+00 2.830185773783428616e+01 2.485002174858634305e+01 2.403242487212276046e+01 2.086900100621226528e+01 2.161787727409898352e+01 2.294667575049744812e+01 2.858857088703563321e+01
9.100561242043694321e+00 2.773844931904926980e+01 2.443191024831649827e+01 2.082077750544662109e+01 1.975607323285702321e+01 2.126219773833318882e+01 2.242379526432658920e+01 2.737008958230642364e+01
9.355818240827444399e+00 2.911218063013928870e+01 2.519749265404891858e+01 2.201701826196473633e+01 2.097497304872790025e+01 2.124457619755464322e+01 2.204254235299138287e+01 2.737375332978156450e+01
9.658333422368476917e+00 2.907009810073627776e+01 2.417497660171871132e+01 2.180725252967295447e+01 2.072764128473096790e+01 2.060082924488054701e+01 2.210101165254237543e+01 2.698898530314902189e+01
8.723532853949642174e+00 2.765135019243641068e+01 2.537965220471784633e+01 2.258607336385785302e+01 2.098257946210269154e+01 1.980206673097894665e+01 2.142324245072439481e+01 2.659323629062617655e+01
8.462403842111900332e+00 2.679273455614442057e+01 2.323953678417742452e+01 2.265264126501069342e+01 2.000752491934816746e+01 1.875333721532090792e+01 2.102989618609069211e+01 2.626708540115798129e+01
7.916774261043520333e+00 2.704850314257360466e+01 2.475162324234904787e+01 2.302206511307685943e+01 1.946162267080745067e+01 2.031693946560451636e+01 2.159451162646107747e+01 2.655042450189704439e+01
8.287420180417594651e+00 2.554757113151610071e+01 2.476010249278945352e+01 2.274022668553149629e+01 1.745438851489187826e+01 1.944539500406173715e+01 2.078927703089244972e+01 2.652710225758166018e+01
9.350043157405911742e+00 2.666315514271653342e+01 2.368539427971236933e+01 2.130645808263136587e+01 2.054603330068560041e+01 1.807377153764494437e+01 2.078186780910711562e+01 2.630040383797898684e+01
9.804915862496997647e+00 2.754973907371167385e+01 2.313203788600460697e+01 2.130301871788597978e+01 1.785188420947829613e+01 1.941404238413260686e+01 1.995462800601202247e+01 2.589337056676815152e+01
9.069132131108080586e+00 2.572673217658168099e+01 2.269667426524464560e+01 2.151717619178728924e+01 2.009835651330152828e+01 1.797828507795100350e+01 1.969989866893514829e+01 2.516842407592407582e+01
7.759968490332374458e+00 2.752645083129777248e+01 2.245331337246192760e+01 1.954042012740908163e+01 1.733070396703642402e+01 1.931385200841470251e+01 2.010614288561179563e+01 2.570134791505254412e+01
7.480053690678468037e+00 2.410243055555555713e+01 2.388227873428593639e+01 1.906805178432893655e+01 1.833718323874832379e+01 1.828095036938069740e+01 1.990394521447615972e+01 2.477282234732973620e+01
7.694654650863434142e+00 2.555140431978867355e+01 2.190823640395238669e+01 2.053607681956470898e+01 1.844216356248541899e+01 1.747170115796885881e+01 1.930687422033369671e+01 2.534705982324949147e+01
