nan nan nan nan nan nan nan 0.000000000000000000e+00
7.171824332324883144e-12 nan nan nan 2.772975252196552276e-11 5.548077969264042508e-11 nan 2.680550399702941178e-11
1.588963127741038890e-11 nan nan 4.947435979415122674e-11 nan 2.246922786719451892e-11 6.434751342876410263e-11 2.935211795840331206e-11
7.798234280542715169e-12 nan 4.262938613219802164e-11 nan 3.334577752811540563e-11 2.263216350439911650e-11 3.628778296368058463e-11 5.218847229371270657e-11
1.479854202142879071e-11 2.126071541042051649e-11 nan 3.750106822297816223e-11 nan 4.504956130357840038e-11 1.692950525137663242e-11 5.975376176764896045e-11
2.725828149055783802e-11 3.638105094960764063e-11 3.511878882938341603e-11 nan 5.258057625664750366e-11 2.629353910525248516e-11 1.054333258928571377e+04 3.345423863636363967e+04
1.901741264465073300e-11 4.605906397022370456e-11 2.338466920104309565e-11 2.706074947456116320e-11 2.389911532563182561e-11 9.028435546875000000e+03 1.401695507812500000e+04 1.832167013888888687e+04
2.379658044689610474e-11 3.632439256791759917e-11 2.969929395006213490e-11 3.944668401447058331e-11 4.106968300796800270e-11 1.450728725961538476e+04 1.811543750000000000e+04 1.946037500000000000e+04
3.273935216497354980e-11 3.571677874093990740e-11 3.278174722417166763e-11 3.139117171330624260e-11 1.370613727678571377e+04 1.443492187500000000e+04 1.472391346153846280e+04 1.489741454081632583e+04
3.587064944593728921e-11 3.111880411474579596e-11 3.554599751797628500e-11 3.222144773218360569e-11 9.792654687500000364e+03 1.159637343750000036e+04 1.192341493055555475e+04 1.557953253424657487e+04
2.579529618229821169e-11 3.326495868884017002e-11 3.314245342813457989e-11 6.654129755434782055e+03 1.229950000000000000e+04 1.129830113636363603e+04 1.286366440217391209e+04 1.473359577922078097e+04
2.947960243262764922e-11 3.871958617926749023e-11 3.762761530928011353e-11 7.102596875000000182e+03 6.822784090909090992e+03 8.387127976190475238e+03 1.199208928571428442e+04 1.087778443877550853e+04
3.085101937122798531e-11 3.868024599804945219e-11 2.893252809050233747e-11 7.744169763513514226e+03 7.591052662037036498e+03 9.811114020270269975e+03 9.541597222222220807e+03 1.379923958333333394e+04
2.867832671172572296e-11 3.481402158426102328e-11 2.741269761029411711e+03 5.703582974137931160e+03 6.737661111111111495e+03 8.136485795454545951e+03 9.091906250000000000e+03 1.151576896551724167e+04
3.171062417625782710e-11 3.412159443882956111e-11 2.355905208333333576e+03 6.402239130434782055e+03 6.150560937500000364e+03 6.840862351190476147e+03 7.727768581081081720e+03 8.833270833333332121e+03
3.279931568911219800e-11 3.485171410725721607e-11 2.791763630319148888e+03 5.388560221354166060e+03 5.426745710784313815e+03 6.050728750000000218e+03 6.998322500000000218e+03 8.485440755208332121e+03
3.050425046657484565e-11 3.334470854568662506e-11 4.930180555555555657e+03 4.478007971938774972e+03 5.298487980769231399e+03 6.021073138297871992e+03 6.459379901960784082e+03 6.900737309644669949e+03
3.364574825644890795e-11 3.984727627224872185e-11 4.001366608796296077e+03 4.058973958333333030e+03 4.790082031250000000e+03 5.441292613636363967e+03 5.619784375000000182e+03 7.243557730923694180e+03
3.231724781238108976e-11 3.224163000073839503e-11 3.172416666666666515e+03 3.876544804216867760e+03 4.738178125000000364e+03 5.167795634920634257e+03 5.380836805555555657e+03 6.435226284584980021e+03
3.369923099590813719e-11 3.566137385391243439e-11 3.340825846354166515e+03 4.092781250000000000e+03 4.356268895348836850e+03 4.677126785714285688e+03 5.399959821428571558e+03 6.229685655737705019e+03
3.183886697265819947e-11 1.011543882978723332e+03 3.448123798076923322e+03 3.480025829081632310e+03 4.406009417808219041e+03 4.444306107954545951e+03 5.268446536144578204e+03 5.516520367412140331e+03
3.208274915575007444e-11 1.160548377403846189e+03 3.284360252808988662e+03 3.424414473684210407e+03 3.729538366336633771e+03 4.188891715116278647e+03 4.838362500000000182e+03 5.872055039787797796e+03
3.467231602010050902e-11 9.605430074257425304e+02 3.037281839622641201e+03 3.127337155963302848e+03 3.865802827380952294e+03 3.903844642857143299e+03 4.232787760416666060e+03 5.590455223880597259e+03
3.260581645950619030e-11 8.092592690677965948e+02 2.908938626126126110e+03 3.137761931818181893e+03 3.311350577731092471e+03 3.917818101415094134e+03 4.573339912280701355e+03 5.178279213483146123e+03
3.387759842047122740e-11 1.685363349780701583e+03 2.653904789719626024e+03 3.127680862831858576e+03 2.969279854910714221e+03 3.544576155462184943e+03 4.051372258771929410e+03 4.356188360091743561e+03
3.519860459438001952e-11 1.399179875000000038e+03 2.430785782442747859e+03 2.768703252032520595e+03 2.837780793795620411e+03 3.003858284883720899e+03 3.850801513671875000e+03 4.304733364140480262e+03
3.393980158645288481e-11 1.636443800403225850e+03 2.235643656716417809e+03 2.449834644039734940e+03 2.805867063492063153e+03 3.106806737588652595e+03 3.346189797794117567e+03 4.141327981651376831e+03
3.276471461910918347e-11 1.414420410156250000e+03 2.002624819364161795e+03 2.401214520676691791e+03 2.604234097633136116e+03 3.104964732142856974e+03 3.263578604294478737e+03 3.999186752136752148e+03
3.519036567162292726e-11 1.461240178571428487e+03 2.114720089285714039e+03 2.185781626506024168e+03 2.433618750000000091e+03 2.709527368012422357e+03 3.055421663851351695e+03 3.751021302250803728e+03
3.577443027222260096e-11 1.474052194148936223e+03 1.934364962121212102e+03 2.230565119760479320e+03 2.266989466292134694e+03 2.575606353591160314e+03 2.950929824561403166e+03 3.523877318116975857e+03
3.461782892864354189e-11 1.361633998691099578e+03 1.877338006756756840e+03 1.983678328804347757e+03 2.184786607142857065e+03 2.559303353658536707e+03 2.799959722222222354e+03 3.444408653846154266e+03
3.466197865560424854e-11 1.483977838010203868e+03 1.942147277227722725e+03 2.221721660539215463e+03 2.012771036585365891e+03 2.483176067073170543e+03 2.629667892156862763e+03 3.320494585987260962e+03
3.262491960089336401e-11 1.779047856280193173e+03 1.780295138888888914e+03 1.885502525252525402e+03 2.156074687499999982e+03 2.328505839646464665e+03 2.630555693069306926e+03 3.027158979089791046e+03
3.080915224719906459e-11 1.756284156976744271e+03 1.718103169856459317e+03 1.803230813953488450e+03 1.966197695974576163e+03 2.236065315315315274e+03 2.776381057268722543e+03 2.991503436426116878e+03
3.180087269562886657e-11 1.467151285046728844e+03 1.750006194933920824e+03 1.808504108565736942e+03 1.926777470930232539e+03 2.193102459016393368e+03 2.405237554112554335e+03 2.852956510138740668e+03
3.250019561306305664e-11 1.516017613636363649e+03 1.600821831597222172e+03 1.702549372146118685e+03 1.838691335740072191e+03 2.056795123318385777e+03 2.367077450980392314e+03 2.702203610832497361e+03
3.260645903982100037e-11 1.390904730902777601e+03 1.400826311383928442e+03 1.530609693877550853e+03 1.789520196506550064e+03 1.858237896126760688e+03 2.207816634241245083e+03 2.543411951219512048e+03
3.235222706538782251e-11 1.431332291666666833e+03 1.379175968634686342e+03 1.536776601239669390e+03 1.772286752491694415e+03 2.003704017857142844e+03 2.145987118320610534e+03 2.636048016230838584e+03
3.409973937205363385e-11 1.374316770833333521e+03 1.375539489549839118e+03 1.446289902280130264e+03 1.570301418439716372e+03 1.720941163003662950e+03 1.988066751700680243e+03 2.427713414634146375e+03
3.446270948926579350e-11 1.270155427631578959e+03 1.402583333333333485e+03 1.473279824918566874e+03 1.594454397394136777e+03 1.717848809523809450e+03 1.956621394230769056e+03 2.267264551333872078e+03
2.123881130162241959e+02 1.315332006987577643e+03 1.347606033805031529e+03 1.447587998466257659e+03 1.572999101437699665e+03 1.665335320723684163e+03 1.907961153846153820e+03 2.240836538461538566e+03
1.874284506089310014e+02 1.196610161163521980e+03 1.327471959969788486e+03 1.400641273961661227e+03 1.485981055240793239e+03 1.588953521126760734e+03 1.876902715773809405e+03 2.235301359516616230e+03
2.472738199300699193e+02 1.159335392441860449e+03 1.290250722543352595e+03 1.314000482005141293e+03 1.475635750728863059e+03 1.552976495726495841e+03 1.842287185754189977e+03 2.061221598877980341e+03
1.997026539973787749e+02 1.133952943313953483e+03 1.236343976997578693e+03 1.200214546783625565e+03 1.387365554156171356e+03 1.534797364672364665e+03 1.725021262886597924e+03 2.031447972972973048e+03
1.702977775994865226e+02 1.183231067518248210e+03 1.206785626750700203e+03 1.249416666666666742e+03 1.319734895833333439e+03 1.493401829268292659e+03 1.644232142857142662e+03 1.931848014093529628e+03
2.152399741267788045e+02 1.105760733060747498e+03 1.157305352798053491e+03 1.201623204960835437e+03 1.255645408163265301e+03 1.458661654135338267e+03 1.630177267002518875e+03 1.863896062271062192e+03
1.755472049689441008e+02 1.034379719679633808e+03 1.078220813679245339e+03 1.187193868483412416e+03 1.242937655472636834e+03 1.460489849187935079e+03 1.624077933985329992e+03 1.795990543735224492e+03
1.666628694581280854e+02 1.019228680555555570e+03 1.064570897577092637e+03 1.108328024625267744e+03 1.244574746621621671e+03 1.366344323394495405e+03 1.492107378854625722e+03 1.770340254706533642e+03
2.710903512084591966e+02 9.662693452380951840e+02 1.010396978021978043e+03 1.121761718750000000e+03 1.161741576086956456e+03 1.336937903225806394e+03 1.464215859030837237e+03 1.778651373626373697e+03
2.988514691235059786e+02 9.501734983766233427e+02 1.039203360215053863e+03 1.032720332278481010e+03 1.195262152777777601e+03 1.303097109533468483e+03 1.468660399377593421e+03 1.672437268395976844e+03
3.020394287109375000e+02 9.869248046875000000e+02 1.001370368083003882e+03 1.054038759689922472e+03 1.141780136268343767e+03 1.239880867346938885e+03 1.394153692614770307e+03 1.647531482399603192e+03
2.823044485634846978e+02 9.505961291152264039e+02 1.003143998272884232e+03 1.007227353238866385e+03 1.080208024118738422e+03 1.235766859344894101e+03 1.385361823694029908e+03 1.545309867486985240e+03
2.789270536562203233e+02 9.353347439236110858e+02 9.567905115927419502e+02 9.675920258620689083e+02 1.043428988326848184e+03 1.153842261904761926e+03 1.318590630885122437e+03 1.549606545961002894e+03
2.873848238482384545e+02 8.838767887205386842e+02 9.515534237132352473e+02 9.893868211610487151e+02 1.068055312500000127e+03 1.132918310463121770e+03 1.307089955357142799e+03 1.448120751341681625e+03
2.807778987167736204e+02 8.958334044368600644e+02 9.405143510815307764e+02 9.426140651801028980e+02 1.098096550179211363e+03 1.133146551724137908e+03 1.251051029159519658e+03 1.461980477223427215e+03
2.454623467600700621e+02 8.690789366883117282e+02 8.848957996768982639e+02 9.759254000000000815e+02 1.000099027317880768e+03 1.115505636070853370e+03 1.253647773692810460e+03 1.372418108651911325e+03
3.271915239081325240e+02 8.766543408360128069e+02 8.503497834158415571e+02 9.013256147540984102e+02 9.854401956869008927e+02 1.088101475279106808e+03 1.272964516129032290e+03 1.366160167415271644e+03
2.808289522744220790e+02 8.400041799363057180e+02 8.582411128284389861e+02 8.863124004777070013e+02 9.670784534534534487e+02 1.045042851500789766e+03 1.194104829093799708e+03 1.356623286367098217e+03
2.187470055835734684e+02 7.885921001552794678e+02 8.463137905604719435e+02 8.495784555712270958e+02 9.345291149068322056e+02 1.001295373027259757e+03 1.200406841339155790e+03 1.349845166163142039e+03
2.208964857651245666e+02 7.769361538461538430e+02 8.123187500000000227e+02 8.736552795031054757e+02 9.133006944444445026e+02 1.023845473174366589e+03 1.070268047652916039e+03 1.266865974729241771e+03
1.936885555946516604e+02 7.751220472440944604e+02 7.921029521674140597e+02 8.542927295918366326e+02 9.296354613733905126e+02 9.782470394736841399e+02 1.146781205923836296e+03 1.263536034482758623e+03
2.049978212576897079e+02 7.580730656697008953e+02 7.873663617886178372e+02 8.341900143678160475e+02 8.797081686429512501e+02 9.618257887517146401e+02 1.076101190476190368e+03 1.225567446951835564e+03
2.074640777121001349e+02 7.678011006289307261e+02 7.645860077021822008e+02 8.332712025316455993e+02 8.866886792452830832e+02 9.430865709459460504e+02 1.053528446033810269e+03 1.187044127243066896e+03
1.963669117647058613e+02 7.485843476903870624e+02 7.465781630170316703e+02 8.079924623115578015e+02 8.664518695920888831e+02 9.394154456654456453e+02 1.040244565217391255e+03 1.200294430731255716e+03
2.705625730140186533e+02 7.539464060529634253e+02 7.570686397984886753e+02 7.970943337484433187e+02 8.743413756127450824e+02 9.507429667519182885e+02 1.005510143570536798e+03 1.153735376477909085e+03
2.342900758001123052e+02 7.237896848989297496e+02 7.556644817073171225e+02 7.845329799764427889e+02 8.141456155632985201e+02 9.344658895881007084e+02 1.021955555555555520e+03 1.129891517857143072e+03
2.758400035511363626e+02 7.376805893074118785e+02 6.853710801393727934e+02 7.579184597961495911e+02 8.248162211421627035e+02 8.624614595545134534e+02 9.946337457337883734e+02 1.086245458540873187e+03
2.441685166855203875e+02 6.964364801864801393e+02 7.177990979381443140e+02 7.551039691943128673e+02 7.910545961742826648e+02 8.799622276376147738e+02 9.493748612652608472e+02 1.092579757592644228e+03
2.281064437466595223e+02 6.914063807531380235e+02 7.281554171494785805e+02 7.082055785123967553e+02 7.882757022471911341e+02 8.278296045785640445e+02 9.111551438053097627e+02 1.062543548823370202e+03
1.698315217391304373e+02 6.824395304568528218e+02 6.850274390243903326e+02 7.280372712594186169e+02 7.699433434959350961e+02 8.450439814814815236e+02 9.227616525423728717e+02 1.042325672499347093e+03
1.576490691489361780e+02 6.662601758793970248e+02 6.781395812562312813e+02 7.114702198364009291e+02 7.583679144385026802e+02 7.879356636271530760e+02 8.690455254942768306e+02 1.025811779769526083e+03
1.657304168879447559e+02 6.531007984031936076e+02 6.861278606965173594e+02 6.995704137587238165e+02 7.340915048543688499e+02 8.095420829170828938e+02 9.028304794520547603e+02 9.939896907216494810e+02
2.085977139068265558e+02 6.461111246348588111e+02 6.679007642998027450e+02 7.000575944767441570e+02 7.279689946183952998e+02 7.777763956310678850e+02 8.881285926660059431e+02 9.995124117790215905e+02
2.007314618644067821e+02 6.196589403973509889e+02 6.646989285714286098e+02 6.891859095193213989e+02 7.328348915050784171e+02 7.636792626728110918e+02 8.391207793709528460e+02 9.598395548342220991e+02
2.083262306289881565e+02 6.307936422413793025e+02 6.580881100368324041e+02 6.740278520499108481e+02 7.067605051935788651e+02 7.748844394934334332e+02 8.514451219512194484e+02 9.625128938156359482e+02
1.958938026140895090e+02 6.514758994464943953e+02 6.406687657430729814e+02 6.652218543046357127e+02 6.865727040816326507e+02 7.583349130240857221e+02 8.223906802120141037e+02 9.208204570791527885e+02
2.050972771190162689e+02 6.245393479184367607e+02 6.400395454545454186e+02 6.579662218515429686e+02 6.939450723327305468e+02 7.324965004374453201e+02 8.012476831421006409e+02 9.075303980960622994e+02
1.942418507255655129e+02 6.289297385620915293e+02 6.284560025817555697e+02 6.532888962765957785e+02 6.804339211618257650e+02 7.271837457698815115e+02 7.798126609442059589e+02 8.750684171597632712e+02
1.909966743860404961e+02 6.076686272504091448e+02 6.307935497124075255e+02 6.569136207592891878e+02 6.836304508890769966e+02 7.018551276771005405e+02 7.809534222497932205e+02 8.656190426638918325e+02
1.880803952991452945e+02 6.095270618556701265e+02 6.117364410134599666e+02 6.373171824104234702e+02 6.550721230158729895e+02 7.036453617623282071e+02 7.674189148681055030e+02 8.655930536036941021e+02
1.823191896747352416e+02 5.745034860557768752e+02 6.203518957345971785e+02 6.334107282693813659e+02 6.598038376309427804e+02 6.991611089187056223e+02 7.439965972778221612e+02 8.549763506827626998e+02
1.748216817010309114e+02 5.812831742010912421e+02 5.967061865729898500e+02 6.281811432453415591e+02 6.520818802122820443e+02 6.841934386973180153e+02 7.631903838880484727e+02 8.239918032786885078e+02
1.642948374500545015e+02 5.782983282090699504e+02 5.887678638059701370e+02 6.173712580185317620e+02 6.335052480916029936e+02 6.774610347985347971e+02 7.260863161819537481e+02 8.056169895678092416e+02
1.541801228005865028e+02 5.675208492731445631e+02 5.791868556701031139e+02 5.884462693798449209e+02 6.230001758087200869e+02 6.831124905231235971e+02 7.127993682310468557e+02 7.838681459746928795e+02
1.658461547105357852e+02 5.686820130315500137e+02 5.730774425287356735e+02 5.879683242506811212e+02 6.117170126019273084e+02 6.483121546961325521e+02 7.251038503253795398e+02 7.828817165524702659e+02
1.569065151113467778e+02 5.595412198391420588e+02 5.711739016736401027e+02 5.878244747150997682e+02 6.122401828029790067e+02 6.680501748251748495e+02 7.029950623700623282e+02 7.662840654608096429e+02
1.649900096187478198e+02 5.561584400269541675e+02 5.766023971466489684e+02 5.769833389715832936e+02 6.240905393835616906e+02 6.435360356386732974e+02 6.963614498644986952e+02 7.718032952252857513e+02
1.499797526041666629e+02 5.668332234673697485e+02 5.574531458055926123e+02 5.723763649900728296e+02 6.112731481481481524e+02 6.289672117875647928e+02 6.640664840637449515e+02 7.643983291562238946e+02
1.979981617647058840e+02 5.453206879526003377e+02 5.658492598684210861e+02 5.623745836109260381e+02 5.951399429147078308e+02 6.264232107355865082e+02 6.769280152418820080e+02 7.315551531116232127e+02
1.850250152765047176e+02 5.388283462033462001e+02 5.584796316964285552e+02 5.699915455120101342e+02 5.913327443146895348e+02 6.160742504684571941e+02 6.559445450251888587e+02 7.216408505963590869e+02
1.831779317207593465e+02 5.454312300319488713e+02 5.458037592821782482e+02 5.557351008557457135e+02 5.696808460076044867e+02 6.163576174289245273e+02 6.634866625310173731e+02 7.159277995301488318e+02
1.845298428528256238e+02 5.261112091084028179e+02 5.431476242690058598e+02 5.539553016169154489e+02 5.761921145894860956e+02 6.013794191919192826e+02 6.505854203935598434e+02 6.997207324547961207e+02
1.333798307369682448e+02 5.181905702992659144e+02 5.226330595164289434e+02 5.522286184210526017e+02 5.732138914800995053e+02 5.967924656554092735e+02 6.216631291691934393e+02 7.019268184506209991e+02
1.442404612120309935e+02 5.194830647461494664e+02 5.354447199533254889e+02 5.411819336521218702e+02 5.619285312324142296e+02 5.900443047337278131e+02 6.434380868544601526e+02 6.840856625633598469e+02
1.339765625000000000e+02 5.188211766365687936e+02 5.332788135593220886e+02 5.335678511471741103e+02 5.407102668213457264e+02 5.953651484865790735e+02 6.289974212034383072e+02 6.917125480153648596e+02
1.342089389534883708e+02 5.111830035971222514e+02 5.317146408839779497e+02 5.279063200672645735e+02 5.592481607440311109e+02 5.863493036211699518e+02 6.196031492785793944e+02 6.647877188107806887e+02
1.700352175938248820e+02 5.067104916897507110e+02 5.234217032967032992e+02 5.247774930747922326e+02 5.386283333333333303e+02 5.782934586570477222e+02 5.951657952669235101e+02 6.533882091212458363e+02
1.620227979274611414e+02 5.078737224314147056e+02 5.214240263302249332e+02 5.177381664853101029e+02 5.466307374935533971e+02 5.652663815789474029e+02 6.115170666666666648e+02 6.568972345281246135e+02
1.650789602346805793e+02 5.032971938775510239e+02 5.109761734958506167e+02 5.235813403089188114e+02 5.456971179989124039e+02 5.510779834842834362e+02 5.870375519750519970e+02 6.392531842994540057e+02
1.625665251014198702e+02 5.011376472162741038e+02 5.124101290963257043e+02 5.145883923742563866e+02 5.328247351160443941e+02 5.603297680412371164e+02 5.805561435209086767e+02 6.266157765737873433e+02
1.644765066394279813e+02 5.031412725499756107e+02 5.105834664536741911e+02 5.170568513119533236e+02 5.276879903242677301e+02 5.505850746268656621e+02 5.770228079067410363e+02 6.277734939759036479e+02
1.600865456586826099e+02 5.048108465608465849e+02 4.976706204379562450e+02 5.246629429892142298e+02 5.172984367598294284e+02 5.479084067547724999e+02 5.619811320754716917e+02 6.113288681332186343e+02
1.548632890159045701e+02 4.903071462945139842e+02 4.956807960557960655e+02 5.027124401913876000e+02 5.081138656496062822e+02 5.414206056129985427e+02 5.591088120740020031e+02 6.062322510298037059e+02
1.353038660428466073e+02 4.862453768726591647e+02 4.959102170835299717e+02 4.948754113775270298e+02 5.114164489311164061e+02 5.226764289088332589e+02 5.558674170616113770e+02 5.839457591377694143e+02
1.453564387111311476e+02 4.829492574257425872e+02 4.923715946453734205e+02 4.948535276073619684e+02 5.096275128564749934e+02 5.301507624768946698e+02 5.461436734213006048e+02 5.823225634967512860e+02
1.436912814889788592e+02 4.875418793503480401e+02 4.915126611418048128e+02 4.986375807940904679e+02 4.998152834008097329e+02 5.292994428969359433e+02 5.479026653171390535e+02 5.868021479439466930e+02
1.433142234723141257e+02 4.830752197039778366e+02 4.769247633002705129e+02 4.948956584180291998e+02 4.971945917896678679e+02 5.216608015097691577e+02 5.403512228260869961e+02 5.772360234445445712e+02
1.391711446046308538e+02 4.732268831754623193e+02 4.861903505067567721e+02 4.845791834903544100e+02 4.988351660198361515e+02 5.047654094348019385e+02 5.346994692374349825e+02 5.767950443058746259e+02
1.431663282107573991e+02 4.776391340899537568e+02 4.743665302410186086e+02 4.765848290598290760e+02 4.834683474011550288e+02 5.132131941455014612e+02 5.354008200354609244e+02 5.590221594612208946e+02
1.365922657252888257e+02 4.759216992919617155e+02 4.808397924608216840e+02 4.864686287192755572e+02 4.816298608268522230e+02 5.031190928270042377e+02 5.191878960709758530e+02 5.550462175945601757e+02
1.410795356371490357e+02 4.728608754139073085e+02 4.736502279320347952e+02 4.888021909880115459e+02 4.897710746460746236e+02 4.984916453810131998e+02 5.203310117302053186e+02 5.525535732970597564e+02
1.367206372344856504e+02 4.552383508914100503e+02 4.687278725131952797e+02 4.777057994361659325e+02 4.798856273215022838e+02 4.906659638554216940e+02 5.091315014221860906e+02 5.313257430730478745e+02
1.618092583497052885e+02 4.622556703118671635e+02 4.685111985472154856e+02 4.644646849593495972e+02 4.771064257028112934e+02 4.970871878837494933e+02 5.036896482005660687e+02 5.272802169945244941e+02
1.631804909936083732e+02 4.646264390631202446e+02 4.672479863068868440e+02 4.712345561775289866e+02 4.738351701469451314e+02 4.887068021892102934e+02 5.015755722178374185e+02 5.242317036890123063e+02
1.480411591168633549e+02 4.592496000000000436e+02 4.596102233346168759e+02 4.667872057706910027e+02 4.719226973684210407e+02 4.859174021488871631e+02 5.030029002320185896e+02 5.226988244437967523e+02
1.262893558223746879e+02 4.543995031176929160e+02 4.560445936005884846e+02 4.610702422821415212e+02 4.713140905688622979e+02 4.782635082223962399e+02 4.955254172989377821e+02 5.178030331753553810e+02
1.246751958286145623e+02 4.543672477064220061e+02 4.601799921228829930e+02 4.608887827510917532e+02 4.613541270445036275e+02 4.781884715025906303e+02 4.930370894677236606e+02 5.208837760910815859e+02
1.281247551305970092e+02 4.505944024478041570e+02 4.622995351804593156e+02 4.462202700114898448e+02 4.641418906810035878e+02 4.744272794389073056e+02 4.897382407407407072e+02 5.100214043450362169e+02
1.274449460163812375e+02 4.455182574114244289e+02 4.518775574300071867e+02 4.481843615494978508e+02 4.604546646684151483e+02 4.796960072595280735e+02 4.793767753095411877e+02 5.019546034058828923e+02
1.217834764340518774e+02 4.452072683706070393e+02 4.529116595135908483e+02 4.597285065859736619e+02 4.473318843151171222e+02 4.646870535714285779e+02 4.771968426685693885e+02 4.948294710773040492e+02
1.407707367336424511e+02 4.493653508771929523e+02 4.468325900664568167e+02 4.454682933194154657e+02 4.622744222689075855e+02 4.635656525573192539e+02 4.709797652417659037e+02 4.896872362869198128e+02
1.465661386263921599e+02 4.509942764767563403e+02 4.455759504708754548e+02 4.451382508833922316e+02 4.545280707723715636e+02 4.580231827445651902e+02 4.663252929014472556e+02 4.922625683771815943e+02
1.424662350261515087e+02 4.459412931034482312e+02 4.471052676440504570e+02 4.478426475436861551e+02 4.443657618213660498e+02 4.524206104252399996e+02 4.746454621848739635e+02 4.876563645664592173e+02
1.443800681221273692e+02 4.352441520467835971e+02 4.428925353925353647e+02 4.420115851573187342e+02 4.487504054492377463e+02 4.549691677807486485e+02 4.623101959481899712e+02 4.756611281880867068e+02
1.419765341096795339e+02 4.468815369897959044e+02 4.308451733514615398e+02 4.428243503368623806e+02 4.467914709828916671e+02 4.455256221349050634e+02 4.670043089161418379e+02 4.772331375907348843e+02
1.444573059082031250e+02 4.363303909205548621e+02 4.343947943652850086e+02 4.432172589667653710e+02 4.412878310214375688e+02 4.424673807989690886e+02 4.537134714193962282e+02 4.668544278204610123e+02
1.199239870406824195e+02 4.326694807263459666e+02 4.431204675572519136e+02 4.352459974383605186e+02 4.369763934426229639e+02 4.453543064876957374e+02 4.583190778755295014e+02 4.732773105878583806e+02
1.141351214574898734e+02 4.414463452566096180e+02 4.352986024844720419e+02 4.350719019728729791e+02 4.378624652884911939e+02 4.398675142585551043e+02 4.589349199014171745e+02 4.675267356787048811e+02
1.356993479880775055e+02 4.273473692403487121e+02 4.316980685696555611e+02 4.391348261822737413e+02 4.347312228429547076e+02 4.402868098159509600e+02 4.462117067833697774e+02 4.612017223989448667e+02
1.352580651197604880e+02 4.285386814024390105e+02 4.363403457772337219e+02 4.353146395031808424e+02 4.358596372901678251e+02 4.421495982413584329e+02 4.452521765235665043e+02 4.580174048232974542e+02
1.319878336528535669e+02 4.296333843797855820e+02 4.313736599166170436e+02 4.295414580265095310e+02 4.247078716528162090e+02 4.362229396834876525e+02 4.365129607431825320e+02 4.493945873205741464e+02
1.272597011107863096e+02 4.303659981768458920e+02 4.295434470891884189e+02 4.265096355728853723e+02 4.267059329320722441e+02 4.311153960690887743e+02 4.356164573598130687e+02 4.427326278398579120e+02
1.313414691770863669e+02 4.294408982623318138e+02 4.243890099158654152e+02 4.291461636466591472e+02 4.177890602055800287e+02 4.294468831356667238e+02 4.304626562045917240e+02 4.418061739067790086e+02
1.289248106872410347e+02 4.280646201289599162e+02 4.296854666095890138e+02 4.247697234352256714e+02 4.265795613789237564e+02 4.232305883178882482e+02 4.282303739651727597e+02 4.379504523758637333e+02
1.291033702947184167e+02 4.248874024526198241e+02 4.224560754189943736e+02 4.259401625560537923e+02 4.177508254378409447e+02 4.281656331122007373e+02 4.308994040862655766e+02 4.275310274310697309e+02
1.303559284394542317e+02 4.240806786703601574e+02 4.283699473975636351e+02 4.229894014962594042e+02 4.232496564046179515e+02 4.181892827756445854e+02 4.259683947879124162e+02 4.332774967080185888e+02
1.449474505377772005e+02 4.255201457645764549e+02 4.205980879150789633e+02 4.228414066776135769e+02 4.209819711538461320e+02 4.156686213991769705e+02 4.230373354360943949e+02 4.224331812921233791e+02
1.356594799101242188e+02 4.265317525211229395e+02 4.185390029923830184e+02 4.216787087912088055e+02 4.183516211146838373e+02 4.170166442953020010e+02 4.153489597315435731e+02 4.231630383180739159e+02
1.184781847342236318e+02 4.217052485814644456e+02 4.183559254327562940e+02 4.237168367346938567e+02 4.140594741796664380e+02 4.114277447089947373e+02 4.182012493389740939e+02 4.156175121335017479e+02
1.197200539686718344e+02 4.174901677852348598e+02 4.205374492643327926e+02 4.190203323426100610e+02 4.132492358634742686e+02 4.130642529665587404e+02 4.207042500649856720e+02 4.160020990488685015e+02
1.204262824633581914e+02 4.179766490433030981e+02 4.167221704394140716e+02 4.125872747747747553e+02 4.143780664732261130e+02 4.155724047141424080e+02 4.125561344100026417e+02 4.133199023199023259e+02
1.205162013154501039e+02 4.183017155021286726e+02 4.136585110434120907e+02 4.145412671676600098e+02 4.149193222053616523e+02 4.102394149345650476e+02 4.090279697900665496e+02 4.066606452430753507e+02
1.216766415431783486e+02 4.155990477968633172e+02 4.170303749999999923e+02 4.112243256619648264e+02 4.002058748728382511e+02 4.028037018383278109e+02 4.126769211451532442e+02 4.064464274492553386e+02
1.248641992905105838e+02 4.152725324516287060e+02 4.123131276022532461e+02 4.113437809712586386e+02 4.076464948705422557e+02 4.021439985362283664e+02 4.114655235988200843e+02 4.022614958448753555e+02
1.367336950023912152e+02 4.183147932974559353e+02 4.112131087063452810e+02 4.079705521472392888e+02 4.014212463199214653e+02 4.069997820129546540e+02 4.044513074291299972e+02 4.044350149636597394e+02
1.339964440412081501e+02 4.164423356779044525e+02 4.162046141751330310e+02 4.125360200144683063e+02 4.029947668886774750e+02 4.035670133208693642e+02 3.996323991302246554e+02 3.965938117773916929e+02
1.374454438565549594e+02 4.167320520581113783e+02 4.094832446808510440e+02 4.114621564974382864e+02 4.026291897757415086e+02 3.953806108977436224e+02 3.964587756546355308e+02 4.013715238492229105e+02
1.347745232802994906e+02 4.145618125298900054e+02 4.145933158733773780e+02 4.074576428914505186e+02 4.002647193585337959e+02 4.039122993389990484e+02 3.993205500116036433e+02 3.971477933830875031e+02
1.346800825444470036e+02 4.128780280733529366e+02 4.002734467983813147e+02 4.073272825101948342e+02 3.980584943449575803e+02 3.980623010459299280e+02 3.958053417308141206e+02 3.912502165002021002e+02
1.158493473374827119e+02 4.115177655064703117e+02 4.099158244378832592e+02 4.055729931192660729e+02 4.024076062639821316e+02 3.949301462188713572e+02 3.916134545038866008e+02 3.900742013634570640e+02
1.158791158710265421e+02 4.123580236486486683e+02 4.065264785248481871e+02 4.036379954699887094e+02 3.998722888127853707e+02 3.912132551089153480e+02 3.925819602272727025e+02 3.878155809610051392e+02
1.126231503785271855e+02 4.102693638760712247e+02 4.106278352785730021e+02 4.024485391036906776e+02 3.997972987872105932e+02 3.982314669652855628e+02 3.899687087549494322e+02 3.868808840571712153e+02
1.263699678800856532e+02 4.102652068126520817e+02 4.064017817861856656e+02 4.034074463376853714e+02 3.953644397510004183e+02 3.924589601046435519e+02 3.922765276858592642e+02 3.792554002541295972e+02
1.275849413195178670e+02 4.085914396887159228e+02 4.062823070251517379e+02 4.011258667388948993e+02 3.941692867693606104e+02 3.975319240724762722e+02 3.877444069792335881e+02 3.759172208516571914e+02
1.270703067160232678e+02 4.043859782608695923e+02 4.070945337620578357e+02 4.018799014468442010e+02 3.966601477618427225e+02 3.895255091103965697e+02 3.870528405457258145e+02 3.765193254817987167e+02
1.253218310966659743e+02 4.112615305681572977e+02 4.091248218285481357e+02 3.987687935161009705e+02 3.923220496894409735e+02 3.889374207188160426e+02 3.836036854262915199e+02 3.775086475085684015e+02
1.270140102083771723e+02 4.093506103763987767e+02 4.010475321888411600e+02 3.939238888888888823e+02 3.997666384061042777e+02 3.881269997922293555e+02 3.807398070907194665e+02 3.703444954846792143e+02
1.243720700113087361e+02 4.111082153690596783e+02 4.031338454376163440e+02 3.984416050686377844e+02 3.878739130434782396e+02 3.881307246081823905e+02 3.835555960058248388e+02 3.748125351464648816e+02
1.261237371134020719e+02 4.043553803803803817e+02 4.044368134611543724e+02 3.945340841436793085e+02 3.896763866231647739e+02 3.860749948738978787e+02 3.775438556763285192e+02 3.744545798255784916e+02
1.249295095423763513e+02 4.075223820943245414e+02 3.981675129430505535e+02 4.022400462497486728e+02 3.900125978719132718e+02 3.792324226497421478e+02 3.733841731653669171e+02 3.664938441519443018e+02
1.356524271844660348e+02 4.091553542993630685e+02 4.005879324135173079e+02 3.902384630619924906e+02 3.892723170005951374e+02 3.906593034825870632e+02 3.733412596401028622e+02 3.722840920460230336e+02
1.203721860331449420e+02 4.086858665749656438e+02 4.020798251611642513e+02 3.934375737028302069e+02 3.837595969289827167e+02 3.782769200703536967e+02 3.753520058708414808e+02 3.647728723404255220e+02
1.191976002285496605e+02 4.046184661315583639e+02 3.955031431334622880e+02 3.949728941377347837e+02 3.887422058823529483e+02 3.767810357958873055e+02 3.744832883837411259e+02 3.589677995558559473e+02
1.187917816037287224e+02 4.046158192090395005e+02 3.935661601186063763e+02 3.913797412954677952e+02 3.853223869393882524e+02 3.801314296890279820e+02 3.717047927218157497e+02 3.623658577365881683e+02
1.200765399830460609e+02 4.082254415011037736e+02 4.013883307573415777e+02 3.993842037276250494e+02 3.816417272032116443e+02 3.735155242306983610e+02 3.679654983831082404e+02 3.598779633113828709e+02
1.192751314060446788e+02 4.050083211411850925e+02 3.985431050569136460e+02 3.954261160293841044e+02 3.862883912248628917e+02 3.768041876515575268e+02 3.736721808014911517e+02 3.518536641822137767e+02
1.172790529169783014e+02 4.044429105157645381e+02 3.957079221491227941e+02 3.921973394495412890e+02 3.794722996839561233e+02 3.797312893664320086e+02 3.667605724838411447e+02 3.558721383676652863e+02
1.194963055324651293e+02 4.012865046254307799e+02 3.997512197325623333e+02 3.938022629310344769e+02 3.829240909090908644e+02 3.747737923576063395e+02 3.627865831681384066e+02 3.555687932359723504e+02
1.338916563165365687e+02 4.028214865596247591e+02 3.943020402660434911e+02 3.884179694600981634e+02 3.804802431610942222e+02 3.781034294053264944e+02 3.670256981981981994e+02 3.518357908544031716e+02
1.297817824094093169e+02 4.036424090338770156e+02 3.958020610278372828e+02 3.929896778786260825e+02 3.822876862401402036e+02 3.748741337491337617e+02 3.648529672276350766e+02 3.523342711564023375e+02
1.304184240215221848e+02 4.070640732265446218e+02 3.951906184118060423e+02 3.908038593481989551e+02 3.813567345480528274e+02 3.728594218226687644e+02 3.639771373510861849e+02 3.512020933977455570e+02
1.314875563160630918e+02 4.044456830698169938e+02 4.011115132132637768e+02 3.890366625637418565e+02 3.844629819174343766e+02 3.686016912022432734e+02 3.591671230532260779e+02 3.448903606072469188e+02
1.149297565896797408e+02 3.986269159508169651e+02 4.000751840168244371e+02 3.898442886110171912e+02 3.766954380508035456e+02 3.735175468196389374e+02 3.642364186851211230e+02 3.485688722966014552e+02
1.118970902409844399e+02 4.045319757796947329e+02 3.949309758585515056e+02 3.861470816115702860e+02 3.782704999999999700e+02 3.682503835009374598e+02 3.603186855016072059e+02 3.444074464941534188e+02
1.117216738378469501e+02 4.042584802128366732e+02 3.926133311225335660e+02 3.898543761331795281e+02 3.771387755102040273e+02 3.692186874583055101e+02 3.581441856568364415e+02 3.424404212887947097e+02
1.121143019918973778e+02 4.045398455471574266e+02 3.993704695222405121e+02 3.871790686112031494e+02 3.791691778578447156e+02 3.709361507804716211e+02 3.566226802430612679e+02 3.417349417431759093e+02
1.280044287780188199e+02 4.003201069078947398e+02 3.943136940052701220e+02 3.936671583087512545e+02 3.744971155431020406e+02 3.732452536824877711e+02 3.551219763040974158e+02 3.446350144092218670e+02
1.252839988773955469e+02 4.042154302911989703e+02 3.971580858355091550e+02 3.917245671887881713e+02 3.773402107464607411e+02 3.675725196977006135e+02 3.560996673697874826e+02 3.398729313219208734e+02
1.295938069216757640e+02 4.054862015630088194e+02 3.969013735824948412e+02 3.845836051568809921e+02 3.764336759667156116e+02 3.674565776777098449e+02 3.540611921369689412e+02 3.390806825447570532e+02
1.240467597677702969e+02 4.055004819277108368e+02 3.950471159777915204e+02 3.879163568773233806e+02 3.810370641777229253e+02 3.699529094656730877e+02 3.566875491584080464e+02 3.370036293344904834e+02
8.005313896073359956e+02 4.524570132266995302e+02 3.972421800191509647e+02 3.861440974866717397e+02 3.778447948027254029e+02 3.647381883604505788e+02 3.536775191976179258e+02 3.382807038031842808e+02
1.110665805946791806e+03 1.177204246868316432e+03 3.920154479118149311e+02 3.880451086094815309e+02 3.787420122887864977e+02 3.619996940492580961e+02 3.560013671875000227e+02 3.377813168436199476e+02
1.102785902197462065e+03 1.931946293494704832e+03 3.950065240479441400e+02 3.813568188690656484e+02 3.776153073833796725e+02 3.628876382913337011e+02 3.533598109467906738e+02 3.384697782342424830e+02
1.010936662326721262e+03 2.641571858993672777e+03 3.956061061813806532e+02 3.886834208552137966e+02 3.748754291685326052e+02 3.637325423216444733e+02 3.515718782791186072e+02 3.327782618493202449e+02
1.039989729569971814e+03 3.078394721055788523e+03 3.963776762988471773e+02 3.845126926563916641e+02 3.779206985182945573e+02 3.642182184422560454e+02 3.492838573155985387e+02 3.331927873779113725e+02
1.056974072451066377e+03 3.505019922688075894e+03 5.606413076002393154e+02 3.856447544146016071e+02 3.756541824540950643e+02 3.672686506167335097e+02 3.513864571092831852e+02 3.301924973125254610e+02
1.024215859669469410e+03 3.462371810089020528e+03 1.032450510948905276e+03 3.864924685580579080e+02 3.755206602373887108e+02 3.664958382009345428e+02 3.473451806347813431e+02 3.322290664806724863e+02
1.040222526088521136e+03 3.488274376751733598e+03 1.483783037475345054e+03 3.836246911786077476e+02 3.749719069239500300e+02 3.602919406692971052e+02 3.483616898979738608e+02 3.256451543354055502e+02
1.019112391930835770e+03 3.478897588652482227e+03 1.823098803721754393e+03 3.859512524907486863e+02 3.756856515373352750e+02 3.621654250035476252e+02 3.493962421863643044e+02 3.280950030622906297e+02
1.056564573798626952e+03 3.493406921574100124e+03 2.202714204706549481e+03 3.859739427595044958e+02 3.734628950338600362e+02 3.623347008063375370e+02 3.441121899362154295e+02 3.315890018058850615e+02
1.037902327246688174e+03 3.488264804469273258e+03 2.546378770949720547e+03 3.871100266816458770e+02 3.765180135631534313e+02 3.629665007112375861e+02 3.460830285553523709e+02 3.270060936949630559e+02
1.030118632191156848e+03 3.486404587536271720e+03 2.916041712707182342e+03 3.893196608300013395e+02 3.751084601672836811e+02 3.603067901234567785e+02 3.408698672749895877e+02 3.244229829692069416e+02
1.127397403656630331e+03 3.527267348631462482e+03 3.163810168554849497e+03 3.889776656064168492e+02 3.725916041145399049e+02 3.593017109472805259e+02 3.449549792531120147e+02 3.264644438295517261e+02
1.141808735140910812e+03 3.493861323851203451e+03 3.447711480774475149e+03 4.485888858359664368e+02 3.715906334231806341e+02 3.618290287866558970e+02 3.467103190767141996e+02 3.223641217480020487e+02
1.168109371850856633e+03 3.509760195758564350e+03 3.452915551952438818e+03 7.142609157266091415e+02 3.752054980947197009e+02 3.624041285021551744e+02 3.484479908614433725e+02 3.233137811096477776e+02
9.759391499472015994e+02 3.509896837247183157e+03 3.442391886620725472e+03 9.626177465169754441e+02 3.755072549019608346e+02 3.617451651893634335e+02 3.447292936655181279e+02 3.211807356794586781e+02
9.874907382905530540e+02 3.481704059136298838e+03 3.488178782983306519e+03 1.226188569957523669e+03 3.712958798976706021e+02 3.588404594559416978e+02 3.443844982790574818e+02 3.231973827339552372e+02
1.007593533029160767e+03 3.507509302325581302e+03 3.443920219722730508e+03 1.449189819156061503e+03 3.742323388867363860e+02 3.569539307967651780e+02 3.413393513655461788e+02 3.172794858376398111e+02
9.902212204364301442e+02 3.510067343529109166e+03 3.501225157881170617e+03 1.764103288797533423e+03 3.719494567326348147e+02 3.611856537374775371e+02 3.444892077032441762e+02 3.216185300207039290e+02
9.786354506325810689e+02 3.478342820838627631e+03 3.473745043213014924e+03 1.942920596482284054e+03 3.757950378253622716e+02 3.593070861096873045e+02 3.461278950735764965e+02 3.191598908248436715e+02
1.084763609246830583e+03 3.487821865443425395e+03 3.484517725070134929e+03 2.141252969421278522e+03 3.739448337367817317e+02 3.567423589093215242e+02 3.421756945325383867e+02 3.194328448358076002e+02
1.118435448983375636e+03 3.462019739339491480e+03 3.475351828499369276e+03 2.406773654211526718e+03 3.713346498320686351e+02 3.561263053207359235e+02 3.420225163070747385e+02 3.161990445359398905e+02
1.096726153463499486e+03 3.486634697464222882e+03 3.512396827363985722e+03 2.570437200147619478e+03 3.713965894868585451e+02 3.586771485843146934e+02 3.401816608996539344e+02 3.179865054821478907e+02
1.081163578742077107e+03 3.469649793775777653e+03 3.496613058089294100e+03 2.841543702598532491e+03 3.701007874015747916e+02 3.597827505540507218e+02 3.419378811905342559e+02 3.165958385683204028e+02
1.072063760652320525e+03 3.455399832355406488e+03 3.463782864290181351e+03 2.988875015007803995e+03 3.712383314613753100e+02 3.576485683086629592e+02 3.403327779834629041e+02 3.149475685046075455e+02
1.072490890505682046e+03 3.457408202193609668e+03 3.480535315985130183e+03 3.233287557828098215e+03 3.766591551785082856e+02 3.592131049353138792e+02 3.394046989544526127e+02 3.155427345297400734e+02
1.016160535117056838e+03 3.474121520786450219e+03 3.461718021873514317e+03 3.378143881453154791e+03 3.714036326333574607e+02 3.594852038975099049e+02 3.376030274021778155e+02 3.170433429118774029e+02
9.620661231884057543e+02 3.496566304860783475e+03 3.503074292452830377e+03 3.455913084331689333e+03 4.878832703213610671e+02 3.546736643472107744e+02 3.394413135843266787e+02 3.117304209315359458e+02
1.063881265430326721e+03 3.472778977006100376e+03 3.479013911813251525e+03 3.450466501825032537e+03 6.187546433218975608e+02 3.531525324599368787e+02 3.373637833705751063e+02 3.113444806242482628e+02
1.050840833237426750e+03 3.486262720786056889e+03 3.462031016791044749e+03 3.480528871848495328e+03 8.268873070325900017e+02 3.527292543244507215e+02 3.386378572255003974e+02 3.125948173297350650e+02
1.065929896437919751e+03 3.465627256843331452e+03 3.491085674804237897e+03 3.470678926327812860e+03 9.308121874636584607e+02 3.570226625669058080e+02 3.385045052800734311e+02 3.116205193379740876e+02
1.051034957868367201e+03 3.484734277094453773e+03 3.476329291356101749e+03 3.443420129270544749e+03 1.136339346110484712e+03 3.564954393257129368e+02 3.358057129902516635e+02 3.118385573695887274e+02
1.036084193894249665e+03 3.483598226164079733e+03 3.461546420323325492e+03 3.453706051873198703e+03 1.266548546478225944e+03 3.561736367707983391e+02 3.356892290249433017e+02 3.095044773597657013e+02
1.054998435054773154e+03 3.487544862597947031e+03 3.481992644600467884e+03 3.461720031634843508e+03 1.446053723520419226e+03 3.585405150405150607e+02 3.370121323940512070e+02 3.105089432251244830e+02
1.033942205666553718e+03 3.451671471008911794e+03 3.471591796228911790e+03 3.433982866556837052e+03 1.573670020120724530e+03 3.561541554959785572e+02 3.393881076292769308e+02 3.104757413520486011e+02
1.043627417107829388e+03 3.490320017463435761e+03 3.448779975953656049e+03 3.490607888631090646e+03 1.724032963410614229e+03 3.570179695982627663e+02 3.387982552397673999e+02 3.110304475321329960e+02
1.152618181818181711e+03 3.472853443586117010e+03 3.491773440907108579e+03 3.472552164502164487e+03 1.833399456226209850e+03 3.590432102148180888e+02 3.356339945652173924e+02 3.101454515840051727e+02
1.139461722615310919e+03 3.449929767340725903e+03 3.471737007703157360e+03 3.433325908942024398e+03 2.009619658119658197e+03 3.556877610022486351e+02 3.391678370786517007e+02 3.082970596169408850e+02
1.017995872797502557e+03 3.465887417931331584e+03 3.480276681519202157e+03 3.468171535893155578e+03 2.122272962483829360e+03 3.546992341240293172e+02 3.371942293412538447e+02 3.114683352395138058e+02
1.034728377450203425e+03 3.500756163203789583e+03 3.449489683773976139e+03 3.455217560553633120e+03 2.281209702824739907e+03 3.567003488996242595e+02 3.360612379049221659e+02 3.087598715635282929e+02
1.017377479273795757e+03 3.434529690721649786e+03 3.462712703022480582e+03 3.438595262615860065e+03 2.397416790019031396e+03 3.569194832041343375e+02 3.380449752188126240e+02 3.088064702332537763e+02
1.020369932520792986e+03 3.497674609695973686e+03 3.435980993698998191e+03 3.453768932648999453e+03 2.507926562340186138e+03 3.557133968551494263e+02 3.350708800332088231e+02 3.078752488559092058e+02
1.005628452751817235e+03 3.421771223758320502e+03 3.475178962447559570e+03 3.474362146661204406e+03 2.632666736118345852e+03 3.559281133636739582e+02 3.354755946864380576e+02 3.063601201941597765e+02
1.025827942544176949e+03 3.455204375126595096e+03 3.466486596677199032e+03 3.489260212873796263e+03 2.803844727457972567e+03 3.566429870654810088e+02 3.374520461007310814e+02 3.066392596547428298e+02
1.081997111985261199e+03 3.450266219920803906e+03 3.487879693177230365e+03 3.456572302048303300e+03 2.836223635079220912e+03 3.573872474362879075e+02 3.359218132035290409e+02 3.083714039271399088e+02
1.096954745536376777e+03 3.486899426155239780e+03 3.460154606922999392e+03 3.454119343211854357e+03 3.022501787132644949e+03 3.556666666666666856e+02 3.333932601098352393e+02 3.057002226502889357e+02
1.098277404036406779e+03 3.461374585635359381e+03 3.448569494225408107e+03 3.467358661417322764e+03 3.063094825850614143e+03 3.599970053902974314e+02 3.361387400793651068e+02 3.071953636612634000e+02
1.084481828436902333e+03 3.500016754762142227e+03 3.469158098183223501e+03 3.457147518153784858e+03 3.232893893796719112e+03 3.582443159448818619e+02 3.371053787582975474e+02 3.047435663577203968e+02
1.108560458396591457e+03 3.485325909570893600e+03 3.464932909884874789e+03 3.465129366231253243e+03 3.351648425196850440e+03 3.587798950029165894e+02 3.352118760419731416e+02 3.044287979701871336e+02
1.007298759208995648e+03 3.483291435140831709e+03 3.459428460943542177e+03 3.460095885093167453e+03 3.404837476099426567e+03 3.644674550523988046e+02 3.372696770450589838e+02 3.064999879520975696e+02
9.756228427380259518e+02 3.441837435603892118e+03 3.465665965985094317e+03 3.467715570868025679e+03 3.476221876216426608e+03 4.484277381411492343e+02 3.369884522661523647e+02 3.031484107403770167e+02
9.640686421424082937e+02 3.431906729857819755e+03 3.466673459760354945e+03 3.460021601136902063e+03 3.428701171137136043e+03 5.695171298058622824e+02 3.347808712121212125e+02 3.029323953653345711e+02
1.039275953365228133e+03 3.466353738933886234e+03 3.474255536626916182e+03 3.463272658467360543e+03 3.457147330692322157e+03 6.217275800544651929e+02 3.356574537386707107e+02 3.038100651272942514e+02
1.042643922256590258e+03 3.451445123671588590e+03 3.461677419354839003e+03 3.439515469716857297e+03 3.452958744808490792e+03 7.597375959558136174e+02 3.338989613280162985e+02 3.054043547332025241e+02
1.057356867425633482e+03 3.445570406626506156e+03 3.482296303159454965e+03 3.479919596145020478e+03 3.465024183683071442e+03 8.382045244690673371e+02 3.358907944748308410e+02 3.029653037085140568e+02
1.066910441601320599e+03 3.443320321894366771e+03 3.463882947976878313e+03 3.492946268656716256e+03 3.461917112541942515e+03 9.346588759042848551e+02 3.323098094889173808e+02 3.027120139318530505e+02
1.055283806038426292e+03 3.425267291066282269e+03 3.448841870824053331e+03 3.471905427189682996e+03 3.444589307076470050e+03 1.023449182401300959e+03 3.350093251253990161e+02 3.017701149425287213e+02
1.061230727371666944e+03 3.445373592996247680e+03 3.455552786056172863e+03 3.459892309105945060e+03 3.475194471865745527e+03 1.127757564841498379e+03 3.376647789301310354e+02 3.049606482003200654e+02
1.059905321134325504e+03 3.442212080536913163e+03 3.454471437483290174e+03 3.446724709637379419e+03 3.454798224155114440e+03 1.223594297648233805e+03 3.380993417517463513e+02 3.019866230477940690e+02
1.035056085224475282e+03 3.470439971751412486e+03 3.457735192256460323e+03 3.458164572642010171e+03 3.418926915278145316e+03 1.325690096406660814e+03 3.376887226697353412e+02 3.037525989825259671e+02
1.117332750557279724e+03 3.477970855780270085e+03 3.460217272647239952e+03 3.445099118165785057e+03 3.439185544292640316e+03 1.371500354295837042e+03 3.330000441384181045e+02 3.047310753448885521e+02
1.008695577353295562e+03 3.467611228070175002e+03 3.447864223385689456e+03 3.477569767441860677e+03 3.483176113184619226e+03 1.468170604586518493e+03 3.349168919508153976e+02 3.059835804969404194e+02
1.014940848931340156e+03 3.483876194651468722e+03 3.490165463244889452e+03 3.449848252344415869e+03 3.427940852218041982e+03 1.562503879979306703e+03 3.357173198373561718e+02 3.041622874472002422e+02
1.036702477206261847e+03 3.436036086051352868e+03 3.471602693602693762e+03 3.427616209150326540e+03 3.459441616639891890e+03 1.660410880333709883e+03 3.375881373302588031e+02 3.009543515998371390e+02
1.019688771601259873e+03 3.487663366336633771e+03 3.454643505315011680e+03 3.491877749790092366e+03 3.433509616213885238e+03 1.677589146637634940e+03 3.351090509516088218e+02 3.039009270111880596e+02
1.022838240950467934e+03 3.458394243641231242e+03 3.473211605547519866e+03 3.451311075057637936e+03 3.438528666163015259e+03 1.813318771331058088e+03 3.370704872881356096e+02 3.030804303170199887e+02
1.015565602462991819e+03 3.462448125836679992e+03 3.479356839209802274e+03 3.453653028648240252e+03 3.442624062052103454e+03 1.853084472779129328e+03 3.347909366576819821e+02 3.024721211360689495e+02
1.002281558703602400e+03 3.463569393839019540e+03 3.430754385964912217e+03 3.457110708998190603e+03 3.423939118206634248e+03 1.953939544513457349e+03 3.348146113818452250e+02 3.011916873449131344e+02
1.099751775945129339e+03 3.425402249421104898e+03 3.462263358147229155e+03 3.472028707335392028e+03 3.475093002070393140e+03 2.019928138743672889e+03 3.371735679350078954e+02 3.031331660896067319e+02
1.087890208797891773e+03 3.470728485547228956e+03 3.487840131850020498e+03 3.443463910761154693e+03 3.422406527947776340e+03 2.095116490658001567e+03 3.343738966982674015e+02 3.041439644036170762e+02
1.111043934743983300e+03 3.463934711286089168e+03 3.438306536317362770e+03 3.443676855194544714e+03 3.438141038197845319e+03 2.190344275681855379e+03 3.392427483390050043e+02 3.011135604542417923e+02
1.100305117322014894e+03 3.462082844096542431e+03 3.446149400650948792e+03 3.439356006850990980e+03 3.467188530465949952e+03 2.246388799485033815e+03 3.345147494989979577e+02 3.027042563058249129e+02
1.067930113134879321e+03 3.456225999370475165e+03 3.456739884393063221e+03 3.437336689741976443e+03 3.456031050376000621e+03 2.318319440025453332e+03 3.349203362690152517e+02 3.031491508491508284e+02
9.676495685522530721e+02 3.428877787408399854e+03 3.467911802030456784e+03 3.430665591484557808e+03 3.451102194949256500e+03 2.366259903151544222e+03 3.378453168593064788e+02 3.019861731926812922e+02
9.969404512585450675e+02 3.447568039950062484e+03 3.453189661903646538e+03 3.443738401861908187e+03 3.435384251596121885e+03 2.458857591952215898e+03 3.412668993099121622e+02 3.025027758229728647e+02
9.882216413181241705e+02 3.448497241861549355e+03 3.450172255504551686e+03 3.460659333801388584e+03 3.455474920289291731e+03 2.551569673734449225e+03 3.360585919226571150e+02 3.024090317568224009e+02
