nan nan nan nan nan nan nan 0.000000000000000000e+00
4.312095125413861751e-10 nan nan nan 6.146368414228220445e-10 9.958149860267440090e-10 nan 6.064531099525538593e-10
4.041576406876857122e-10 nan nan 5.376859698221399026e-10 nan 1.733168497608517100e-09 5.153692472781301603e-10 1.408000827041178127e-09
4.760887239996236531e-10 nan 9.623210376711690652e-10 nan 1.211058364702921608e-09 1.026368878775940630e-09 9.995444472110648348e-10 2.463997450519173071e-09
4.638515497627319098e-10 1.897931589667223307e-09 nan 1.028266360947327485e-09 nan 1.328956648431282260e-09 1.240068196276903577e-09 8.822825547073220806e-10
4.898794097646880289e-10 1.427242413143403693e-09 1.660514519536653499e-09 nan 1.678367021120472829e-09 1.214039313524040153e-09 5.782049665178571558e+03 1.862609517045454777e+04
7.402498614084151995e-10 1.172303735567462823e-09 1.456383724729448700e-09 9.848916127097595563e-10 1.309186092868230844e-09 5.586966796875000000e+03 8.944727539062500000e+03 1.065863281250000000e+04
7.548135450008430780e-10 1.505702525624504467e-09 1.230671712685686102e-09 1.306278006398185526e-09 1.424910290769400024e-09 9.640721153846154266e+03 1.078642258522727388e+04 1.122695694444444416e+04
1.339352114595576865e-09 1.511108317840483016e-09 1.308961827817256562e-09 9.142169414662231197e-10 9.758078125000000000e+03 9.238944010416666060e+03 8.469006009615384755e+03 8.201500637755101707e+03
9.034375566492915395e-10 1.128864796511991785e-09 1.129538501947322074e-09 1.510101821367015873e-09 7.327967187500000364e+03 7.525019531250000000e+03 8.016468750000000000e+03 8.654714897260273574e+03
1.275834932255070093e-09 1.281598827063135104e-09 1.859833176354186435e-09 4.719107336956521976e+03 8.372572610294117112e+03 7.488359375000000000e+03 8.088983016304347984e+03 8.589146103896104250e+03
1.382114957629468764e-09 1.256028071673477306e-09 1.288850727730407784e-09 1.384248271563137678e-09 5.141279356060606005e+03 5.333609375000000000e+03 7.465204241071428442e+03 6.570552295918367236e+03
9.898513775490264095e-10 1.366105667612806068e-09 1.279881332229913143e-09 3.148122043918919189e+03 5.460076388888888687e+03 6.776220016891892556e+03 6.160246527777777374e+03 8.104412878787878981e+03
1.335903063129569287e-09 1.463220655750774313e-09 1.424742885760946724e-09 6.470804148706896513e+02 4.845405208333333576e+03 6.057802083333333940e+03 5.916855574324325062e+03 7.005011637931034784e+03
1.318394759864667608e-09 1.264606366714273998e-09 1.276235966290389395e-09 2.078313519021739012e+03 4.420233854166666788e+03 4.707050595238095411e+03 4.927890202702703391e+03 5.584671296296295623e+03
1.318008838219432400e-09 1.265683327692049317e-09 1.381411486382855099e-09 8.624282226562500000e+02 3.893916053921568619e+03 4.241295000000000073e+03 4.716312500000000000e+03 5.137333333333333030e+03
1.154789000056239381e-09 1.364545038807093720e-09 1.593614721665896027e-09 1.895689253826530376e+03 4.162021935096154266e+03 4.164049867021276441e+03 4.259375612745097897e+03 4.256259200507613969e+03
1.164795744914264506e-09 1.325463802207390673e-09 1.307629954933670525e-09 1.168632675438596380e+03 3.613437988281250000e+03 3.868942234848484986e+03 3.730242708333333212e+03 4.614279618473895425e+03
1.235357095158353126e-09 1.223987006986655007e-09 1.424282462692875902e-09 1.364771460843373461e+03 3.588677604166666697e+03 3.828668154761904589e+03 3.763573350694444343e+03 4.020253211462450508e+03
1.246519147642104387e-09 1.241389332070260301e-09 1.594633462313292071e-09 1.443520010964912217e+03 3.582534883720930338e+03 3.514287053571428260e+03 3.688326298701299038e+03 4.037352049180327867e+03
1.227638558245285335e-09 1.242786866325641717e-09 1.462492185475219704e-09 8.947651466836733789e+02 3.531843964041095660e+03 3.354119318181818471e+03 3.764444277108434108e+03 3.577359824281149940e+03
1.096475545279775260e-09 1.282866189346630426e-09 1.365085442935860906e-09 1.251559416118421041e+03 3.025830445544554550e+03 3.234213662790697526e+03 3.501665073529411529e+03 3.811066976127320686e+03
1.323856356657664171e-09 1.379815461008871804e-09 1.406108571297048623e-09 9.439240252293578806e+02 3.233014136904761926e+03 2.879643452380952567e+03 3.081449869791666515e+03 3.824251865671641553e+03
1.328358751249782396e-09 1.343562970860302430e-09 1.391143968789578669e-09 9.916313210227272066e+02 2.760009978991596654e+03 3.085893278301886767e+03 3.395422697368420813e+03 3.459833707865168890e+03
1.284003384119747475e-09 1.516926716791650666e-09 1.470134037352130520e-09 1.028008296460177007e+03 2.551641183035714221e+03 2.872920693277310875e+03 2.979070449561403166e+03 3.081250286697247702e+03
1.187190414832873741e-09 1.403070655214833195e-09 1.415204347264246509e-09 1.036093877032520368e+03 2.565493613138686214e+03 2.436582848837209440e+03 2.955075195312500000e+03 3.002746534195933236e+03
1.292457104303442300e-09 1.408557800863080319e-09 1.401877910605286019e-09 8.516753932119205501e+02 2.449362599206348932e+03 2.567980939716312150e+03 2.584119485294117567e+03 2.886513761467890163e+03
1.210317157110635971e-09 1.415780381819331524e-09 1.397881856511348343e-09 7.430442316729322556e+02 2.347700073964496823e+03 2.581220089285714039e+03 2.498536426380368084e+03 2.757240170940171083e+03
1.308536737902297539e-09 1.390567214392441618e-09 1.414463416235126349e-09 8.882908509036144551e+02 2.155980133928571377e+03 2.440951281055900381e+03 2.379926520270270430e+03 2.635104099678456350e+03
1.290795989505743715e-09 1.378216765299433163e-09 1.386688140745250112e-09 6.928300898203593761e+02 2.140482443820224489e+03 2.283425414364640801e+03 2.240650767543859729e+03 2.578538338088445016e+03
1.349075604616146241e-09 1.432041370884194917e-09 1.401320246627988672e-09 9.715797384510868824e+02 2.071294285714285706e+03 2.265979039634146375e+03 2.222569965277778010e+03 2.528013392857143117e+03
1.220054728905830631e-09 1.392530644083382373e-09 1.411850667179828335e-09 4.843875612745097783e+02 1.909875000000000000e+03 2.144082469512195075e+03 2.158959252450980330e+03 2.510949999999999818e+03
1.282586112352732088e-09 1.399033932181697766e-09 1.464246652000622909e-09 1.003413667929293069e+03 2.097498437499999909e+03 2.152238005050505308e+03 2.261361695544554550e+03 2.351689114391143903e+03
1.250619686694233101e-09 1.388354502164157657e-09 1.410233818079399380e-09 5.345374273255813478e+02 1.982975503177966175e+03 1.989764639639639654e+03 2.336228524229074992e+03 2.281397336769759477e+03
1.266039272541702848e-09 1.343649063248075178e-09 1.472980508001676202e-09 9.178233316733067113e+02 1.913504505813953529e+03 2.145090292008196684e+03 2.089134604978355128e+03 2.157367662753468721e+03
1.225462572948032099e-09 1.411059584329036993e-09 1.390182388958136393e-09 5.985009988584474740e+02 1.896689756317689671e+03 1.936267376681614223e+03 2.035516911764705810e+03 2.112737963891675008e+03
1.217385228810041463e-09 1.502514261157254182e-09 1.434268323155915114e-09 7.147513818027210846e+02 1.879107123362445236e+03 1.775923085387323908e+03 1.902282344357976626e+03 2.106709024390243940e+03
1.245599062535477188e-09 1.479370060527192902e-09 1.467784018148859322e-09 5.955471978305785115e+02 1.896395556478405297e+03 1.955326785714285734e+03 1.987406250000000000e+03 2.081036293958521128e+03
1.301598933209521288e-09 1.462710865022624459e-09 1.448638445356246087e-09 6.862664902280130264e+02 1.728151374113475185e+03 1.705288003663003565e+03 1.824238095238095184e+03 1.906517451640033642e+03
1.287522684179477141e-09 1.367373676274789691e-09 1.400615034236788963e-09 5.557122862377850652e+02 1.797021172638436610e+03 1.737330753968253930e+03 1.833721955128205082e+03 1.902887227162489808e+03
1.318232083963065398e-09 1.461998610511445285e-09 1.414320568417095794e-09 6.800347967791411747e+02 1.699010982428114858e+03 1.689443256578947285e+03 1.776991538461538539e+03 1.886891875981161775e+03
1.320908599159713858e-09 1.395629093773701918e-09 1.503520106670434117e-09 6.235461261980830159e+02 1.669173866855524238e+03 1.640041021126760597e+03 1.743225074404761699e+03 1.882059290030211514e+03
1.333496520664930380e-09 1.444655661247833134e-09 1.417931483210114104e-09 5.811983852827762576e+02 1.710810131195335316e+03 1.644966880341880369e+03 1.792413756983240319e+03 1.745762447405329567e+03
1.280406726327258563e-09 1.462392295114875266e-09 1.386384560018930204e-09 6.308040478801169684e+02 1.693175062972292153e+03 1.660706908831909004e+03 1.735287210051546253e+03 1.749556587837837924e+03
1.305999074397107708e-09 1.507670307604039676e-09 1.361925643534498799e-09 5.593748479318735463e+02 1.579639930555555566e+03 1.654239329268292749e+03 1.714829199735449720e+03 1.731422966047405453e+03
1.329898038466538133e-09 1.454514183032502632e-09 1.337988414844711026e-09 5.738175587467362675e+02 1.529526077097505777e+03 1.671591791979949676e+03 1.621500000000000000e+03 1.682118894993895083e+03
1.270451117668486099e-09 1.494683000303456354e-09 1.409982906112280964e-09 6.033492298578199780e+02 1.550872823383084551e+03 1.626271751740139052e+03 1.671503820293398576e+03 1.610531914893616886e+03
1.314631468819149188e-09 1.489774300959349228e-09 1.417642688506069076e-09 5.455978319057816179e+02 1.619087837837837924e+03 1.614083428899082719e+03 1.569976046255506844e+03 1.628739617940199196e+03
1.324218904833374584e-09 1.445443245615166162e-09 1.380147965631964508e-09 6.781655970982142208e+02 1.546488179347826190e+03 1.533405107526881693e+03 1.506269548458149984e+03 1.622217582417582435e+03
1.337490316817353191e-09 1.404064927815592656e-09 1.426655026373355749e-09 4.538597046413501630e+02 1.546142609126984098e+03 1.555395791075050738e+03 1.565506742738589310e+03 1.570108125992588839e+03
1.368651858513203479e-09 1.462130801617907626e-09 1.401859027631325279e-09 6.140858769379844944e+02 1.529460429769392022e+03 1.519195408163265483e+03 1.570123128742514837e+03 1.568464179474466846e+03
1.266875334531893192e-09 1.417223861814215970e-09 1.453920154487380301e-09 4.893982793522267229e+02 1.548996637291280194e+03 1.494127769749518393e+03 1.529108558768656621e+03 1.530469592995740641e+03
1.316334872695277785e-09 1.415424419646013952e-09 1.406446915919537651e-09 5.841077586206896513e+02 1.476829523346303631e+03 1.454455013736263709e+03 1.512167961393596897e+03 1.471339252553389088e+03
1.331923770512788214e-09 1.475890374373309846e-09 1.434579305021757465e-09 4.493365519662921201e+02 1.497925416666666706e+03 1.478724485420240171e+03 1.473453683035714221e+03 1.481808363148479430e+03
1.342948956032412599e-09 1.427930835386392140e-09 1.389035998073448335e-09 6.207340265866208711e+02 1.543990815412186294e+03 1.529248185117967296e+03 1.444505360205831948e+03 1.469271475054229768e+03
1.375639606118891249e-09 1.481354075480481625e-09 1.431519682545467654e-09 4.627995000000000232e+02 1.416397764900662196e+03 1.514841787439613427e+03 1.481246323529411711e+03 1.404650905432595437e+03
1.318458616714703790e-09 1.402870628524373532e-09 1.437418386738518092e-09 6.174343750000000455e+02 1.470773761980830614e+03 1.481497208931419436e+03 1.480828024193548345e+03 1.430668231931400669e+03
1.312144656579592095e-09 1.449893136902869495e-09 1.442462989857216510e-09 4.946016122611464993e+02 1.484577608858858866e+03 1.474976204581358616e+03 1.456527325119237048e+03 1.452996953541507992e+03
1.323238781435946476e-09 1.437634144235320623e-09 1.439138203559705696e-09 5.479573342736248378e+02 1.448038722826086769e+03 1.428712159253945629e+03 1.489435589519650648e+03 1.449631608761329289e+03
1.358734592927944637e-09 1.439699679814601448e-09 1.407310928452470578e-09 5.090886063664596008e+02 1.446227256944444434e+03 1.445795827123695972e+03 1.409723773115220638e+03 1.324917689530685948e+03
1.318388414781548533e-09 1.479678056372410223e-09 1.387548704069735676e-09 5.098824936224489193e+02 1.459890379113018525e+03 1.462668585526315837e+03 1.421053420310296133e+03 1.356749655172413668e+03
1.364287744976945686e-09 1.480350907887371494e-09 1.397662593911024572e-09 5.584383081896551175e+02 1.473719696969696997e+03 1.433141975308641804e+03 1.397232142857142662e+03 1.369440131357359405e+03
1.334472861683698184e-09 1.509433729649497826e-09 1.450045259731964479e-09 5.678526107594937002e+02 1.448944070080862502e+03 1.411634290540540633e+03 1.379120936280884280e+03 1.362906035889070154e+03
1.331316561132267662e-09 1.429585301296273263e-09 1.463319301902848404e-09 5.237959327889446968e+02 1.490629171817058022e+03 1.426312271062271066e+03 1.402681677018633536e+03 1.367587318728787295e+03
1.336696634999183519e-09 1.396552339373984317e-09 1.406423735379324122e-09 5.531563667496886865e+02 1.461703125000000000e+03 1.434344629156010342e+03 1.346260767790262207e+03 1.396509178593652678e+03
1.368074084238339238e-09 1.417194705095344678e-09 1.418590322717180921e-09 5.290409305064781620e+02 1.443006387921021997e+03 1.475728975972539956e+03 1.389192690058479457e+03 1.328832291666666833e+03
1.336412935870612232e-09 1.398878274186296952e-09 1.421616802339006119e-09 5.393928723103058473e+02 1.473717648845686426e+03 1.413881008206330534e+03 1.357554038680318399e+03 1.341231321418107200e+03
1.334275282518142856e-09 1.430403949651258752e-09 1.448286512481665640e-09 5.236246297393365694e+02 1.460022183846971302e+03 1.451832855504587314e+03 1.373738762486126461e+03 1.316309139035943190e+03
1.371747206827229361e-09 1.464129496396472277e-09 1.462267507542802118e-09 5.379971590909091219e+02 1.437289606741573152e+03 1.352347814776274845e+03 1.329387859513274407e+03 1.298139166892074627e+03
1.350340500286383025e-09 1.373298219192376144e-09 1.491198784578270697e-09 5.414943487621097802e+02 1.441028201219512312e+03 1.398769744008714724e+03 1.327499205508474461e+03 1.264522460172368937e+03
1.305492202284748420e-09 1.444120481488910462e-09 1.420241831307675906e-09 5.765427530674846821e+02 1.447444652406417163e+03 1.400971377912867410e+03 1.347776014568158189e+03 1.246284763124199571e+03
1.343582081138608724e-09 1.448875549587733693e-09 1.438013950702490888e-09 4.729238534396808973e+02 1.413033980582524237e+03 1.399645229770229662e+03 1.336688356164383549e+03 1.252014458134271990e+03
1.366168646025578756e-09 1.427020876451999522e-09 1.441694181962962894e-09 6.152926356589147190e+02 1.413396526418786607e+03 1.377335194174757135e+03 1.335571853320118862e+03 1.256173521538087016e+03
1.369954080992126204e-09 1.429469042242101062e-09 1.430182800547862793e-09 4.904886899151743478e+02 1.499866228070175339e+03 1.387997695852534662e+03 1.329573774283071316e+03 1.279477162068166081e+03
1.328331520742717253e-09 1.462650642578309011e-09 1.441510892645479474e-09 6.285505793226381002e+02 1.446585457979225794e+03 1.415044559099437038e+03 1.346220867208671962e+03 1.294211085180863620e+03
1.373806858260314791e-09 1.425543379937354493e-09 1.435006715936789837e-09 5.208968779564805800e+02 1.427623086734693743e+03 1.419386039250669000e+03 1.316526943462897407e+03 1.212882720178372438e+03
1.357996815764543646e-09 1.434489700252553527e-09 1.429876151219518417e-09 5.772297748123436349e+02 1.477519439421338120e+03 1.395581364829396307e+03 1.312258164165931248e+03 1.233439311986153143e+03
1.357007241625826968e-09 1.474276700719201472e-09 1.411990524502471089e-09 5.028933953900709071e+02 1.453375829875518548e+03 1.405983291032148827e+03 1.282081115879828303e+03 1.202463546069315271e+03
1.350634115344240049e-09 1.480717660141682131e-09 1.465918441140360622e-09 5.849265953150243149e+02 1.493573560541913594e+03 1.394004015650741394e+03 1.332232113316790674e+03 1.214362330905307090e+03
1.359758515850716350e-09 1.438074125725521821e-09 1.389231643771912196e-09 4.940277890879478946e+02 1.434916269841269923e+03 1.386095998383185133e+03 1.319364908073541073e+03 1.233565047179281237e+03
1.366724931917106928e-09 1.424534304417202340e-09 1.447344975833178522e-09 5.774479248238058062e+02 1.453431103948428699e+03 1.387334056827150789e+03 1.320258606885508243e+03 1.235608945181080571e+03
1.382553335439104502e-09 1.417595383073324882e-09 1.465913141242860672e-09 5.596637228260868824e+02 1.514436504927975648e+03 1.403976628352490479e+03 1.327385211800302613e+03 1.191837209302325618e+03
1.383135624034035948e-09 1.424165065321111403e-09 1.453556129191967399e-09 5.685372416250891092e+02 1.491171087786259477e+03 1.410599450549450466e+03 1.296842934377330266e+03 1.194963301043218962e+03
1.388229642026167249e-09 1.440318118279917979e-09 1.427252845729851818e-09 5.777911821705425837e+02 1.502404711673699012e+03 1.432085291887793801e+03 1.301115342960288672e+03 1.174668439391160746e+03
1.344073737840627232e-09 1.451985522823131000e-09 1.438714336256864198e-09 5.412259025885558685e+02 1.522555596738324539e+03 1.390965296961325976e+03 1.341154645697758497e+03 1.174451586729174323e+03
1.360432719778053735e-09 1.483589153821566344e-09 1.434209403958440528e-09 5.887134526353277124e+02 1.516768449559918736e+03 1.445870629370629331e+03 1.308595807345807316e+03 1.171192764857881002e+03
1.361509751157633796e-09 1.446262662789427962e-09 1.373351483998848535e-09 5.942692828146143711e+02 1.560674999999999955e+03 1.434071541990120068e+03 1.295087737127371383e+03 1.192151311365164702e+03
1.319942792103271848e-09 1.446524943626745238e-09 1.361945003291099672e-09 5.539681502316346950e+02 1.542688822751322732e+03 1.430730569948186485e+03 1.301095700531208422e+03 1.168575522138680071e+03
1.399025191429379218e-09 1.445037993440592148e-09 1.369458782631370808e-09 6.059925882744836372e+02 1.558429650772330433e+03 1.425750497017892712e+03 1.297017229953611604e+03 1.174630638788277793e+03
1.341091341586536490e-09 1.434808657985561634e-09 1.373065253332873674e-09 5.803060208596713210e+02 1.575688076213890554e+03 1.418586196127420180e+03 1.308598079345088081e+03 1.137873195229127532e+03
1.375342287903535341e-09 1.430248122137135055e-09 1.378567157018443293e-09 6.080793092909535744e+02 1.553362484157160907e+03 1.464577101359703192e+03 1.332246898263027333e+03 1.157873610023492574e+03
1.411593221815431856e-09 1.445281880917720387e-09 1.361101104728795855e-09 5.756117070895522829e+02 1.572549025398700451e+03 1.439178030303030482e+03 1.344359868813357025e+03 1.149597532945142348e+03
1.383140633249467943e-09 1.426807944395330563e-09 1.364424740993784456e-09 6.172620614035088238e+02 1.574349191542288509e+03 1.446052232398397109e+03 1.314717404487568274e+03 1.163617238320520528e+03
1.383642078418353485e-09 1.423048823103305875e-09 1.373129391857945020e-09 5.716721458457859626e+02 1.572009285312324209e+03 1.446758579881656715e+03 1.312827904929577471e+03 1.161692324402606801e+03
1.385522329504007437e-09 1.436191962947926972e-09 1.372088499817442172e-09 6.638894096250700159e+02 1.554387761020881499e+03 1.492387635636778896e+03 1.335605157593123067e+03 1.151952838241570589e+03
1.388428398608676666e-09 1.448007923981646788e-09 1.351238288357082211e-09 5.643899943946188387e+02 1.606984453081621496e+03 1.485620055710306360e+03 1.309678690344062261e+03 1.146256112809113574e+03
1.368391788666257474e-09 1.415319627823586929e-09 1.360391941708947548e-09 6.860369806094183787e+02 1.612180000000000064e+03 1.486312846836847939e+03 1.317095211887726919e+03 1.158916434927697537e+03
1.381643796493444040e-09 1.457580964538384315e-09 1.393722427891860199e-09 5.756892002176278993e+02 1.614173156266116621e+03 1.493903421052631529e+03 1.338241600000000062e+03 1.126496308229292481e+03
1.367910624638981651e-09 1.397759521207006928e-09 1.393970924858786394e-09 6.749757100149477083e+02 1.638246329526916725e+03 1.463603223228556089e+03 1.329431133056133149e+03 1.145342604626981938e+03
1.374115742985409450e-09 1.439360569823758765e-09 1.389702146584382996e-09 5.978649945916712340e+02 1.621343340060544961e+03 1.508092783505154785e+03 1.315757227671657347e+03 1.127979360165118578e+03
1.371897159941768917e-09 1.419473790148384817e-09 1.381878646536823669e-09 6.721684888241010185e+02 1.666797071129706865e+03 1.499799751243780975e+03 1.334102762290927558e+03 1.142729232720355185e+03
1.393886633084769827e-09 1.414471620799298997e-09 1.388576457493909019e-09 6.568568310220853164e+02 1.683289673140691548e+03 1.493365638766519851e+03 1.320208291956305857e+03 1.107909671869239219e+03
1.393519012574763538e-09 1.416868007157214860e-09 1.383070539715973256e-09 6.684852272727273430e+02 1.649912401574803198e+03 1.510555514524864748e+03 1.347095910418695212e+03 1.130800823842985210e+03
1.406806225535716556e-09 1.413640261029633699e-09 1.370663454373986492e-09 6.229344146685472197e+02 1.677038361045130614e+03 1.493762399622106841e+03 1.324472037914692010e+03 1.126376640112464884e+03
1.371127714496305380e-09 1.416977737198826542e-09 1.370643331832110428e-09 7.040020056630486351e+02 1.725837424029920612e+03 1.526957486136783700e+03 1.324042648444863289e+03 1.126229651506202117e+03
1.374263882379265799e-09 1.401487654364039023e-09 1.405186168365208507e-09 6.736335410895660516e+02 1.737377642825011208e+03 1.547108635097493107e+03 1.360869770580296972e+03 1.126211348495290622e+03
1.381979306049097583e-09 1.433628253216806142e-09 1.351292209477836361e-09 6.927500000000000000e+02 1.700067112546125372e+03 1.531188277087033839e+03 1.364528306159420254e+03 1.127790577096483275e+03
1.393859237050023205e-09 1.437144186044738618e-09 1.348437469791738306e-09 7.048107335127859869e+02 1.777164941785252267e+03 1.521692478860703204e+03 1.354747508665511077e+03 1.139213871567662181e+03
1.393783359052807676e-09 1.422821883851201924e-09 1.359974065755676869e-09 6.495808760683760283e+02 1.731714127054642404e+03 1.583605036590615555e+03 1.374942819148936223e+03 1.131022811210080363e+03
1.380684078453799268e-09 1.415472627811945364e-09 1.381213508854229278e-09 6.886196097455799645e+02 1.740077363896848055e+03 1.574828164556962065e+03 1.351489015631601205e+03 1.132527305567360827e+03
1.380226569369407051e-09 1.404611420552076564e-09 1.373916317272075896e-09 7.112031831335261813e+02 1.794602102102102208e+03 1.576973712217965158e+03 1.367926267281105993e+03 1.131806947786962382e+03
1.378508543373895948e-09 1.440151417532883316e-09 1.355453224646035666e-09 6.781011377366089619e+02 1.801661576557986109e+03 1.595027108433735066e+03 1.355944331572531382e+03 1.125404130982367860e+03
1.386221984439311595e-09 1.405464559279057161e-09 1.417613572758529272e-09 7.538769308943089982e+02 1.815580120481927679e+03 1.613927957429390062e+03 1.371891326324302327e+03 1.107367369701885991e+03
1.390245533173998690e-09 1.441831265910502230e-09 1.397238707246922341e-09 6.937220111955217590e+02 1.807780355761794453e+03 1.614513487099296299e+03 1.375358524072612454e+03 1.131276477588258558e+03
1.413872351092302466e-09 1.402937778038904231e-09 1.380888222149061457e-09 7.284320425208808274e+02 1.851784090909090992e+03 1.640389869531849627e+03 1.392545243619489611e+03 1.130288351306713139e+03
1.377445759427612489e-09 1.415971601856451494e-09 1.383369037318983780e-09 7.267237202032043797e+02 1.884642589820359490e+03 1.629177564604541885e+03 1.384386380880121351e+03 1.118138767772511756e+03
1.380541629422564543e-09 1.437528468209207644e-09 1.357961022786120417e-09 7.871533842794759721e+02 1.867036325599087149e+03 1.628957253886010221e+03 1.389899962249905684e+03 1.135867931688804447e+03
1.397231936784037274e-09 1.407921206865434893e-09 1.395830663755967810e-09 7.198633186518575258e+02 1.882506093189964076e+03 1.658425433739387245e+03 1.426786481481481360e+03 1.134291685764047998e+03
1.388399532184071413e-09 1.415647903232702608e-09 1.374848634715369925e-09 7.987112625538020438e+02 1.908878980891719721e+03 1.702566243194192339e+03 1.406607793153678131e+03 1.128900009106638663e+03
1.397808621093769560e-09 1.423376965537180524e-09 1.386293233124534653e-09 7.334328942684229560e+02 1.920721078779276240e+03 1.669431428571428569e+03 1.407611487691758839e+03 1.107684150008844881e+03
1.385490148010446565e-09 1.406375591422578039e-09 1.373959076238617555e-09 8.122577418232428954e+02 1.968956757703081166e+03 1.715750440917107653e+03 1.433177557813594831e+03 1.104031118143459935e+03
1.404249383216152372e-09 1.403319330171726400e-09 1.371622854361101479e-09 7.594746466431095087e+02 2.001212657366451140e+03 1.705538722826086996e+03 1.410854066161268065e+03 1.116461925848745295e+03
1.398068135512339931e-09 1.401602840532773420e-09 1.390059236561713749e-09 8.443275634685130626e+02 1.991633975481611287e+03 1.725343964334704879e+03 1.462080168067226850e+03 1.128733481115184532e+03
1.386870436104520792e-09 1.417829342827836462e-09 1.386087190684505204e-09 7.893921853625171252e+02 2.025849335063250010e+03 1.727067680481283332e+03 1.454817004317502551e+03 1.114548973996842960e+03
1.404846318928831825e-09 1.402686329899496347e-09 1.371311503658761251e-09 8.543588386268847898e+02 2.030123448507212288e+03 1.742744269810085143e+03 1.449310241962213922e+03 1.118745126824891940e+03
1.397453116188292604e-09 1.417922024154292222e-09 1.413257867670129546e-09 8.209718657453109927e+02 2.072265132408575028e+03 1.749809439432989620e+03 1.451015253692999295e+03 1.115942984229680633e+03
1.395447448465399833e-09 1.398950329123260138e-09 1.385018105293403834e-09 8.505870957412743110e+02 2.058482295081967095e+03 1.760416107382550308e+03 1.451413815575105900e+03 1.127185247477174471e+03
1.408280448908898686e-09 1.444570095753398393e-09 1.393095065943711662e-09 8.239996917385943789e+02 2.125660290033940328e+03 1.794854245880861754e+03 1.492429605668515251e+03 1.146737079701120820e+03
1.373576097837170360e-09 1.384417997703018748e-09 1.374706462223725409e-09 8.948340119010335911e+02 2.113734016139043888e+03 1.816269631901840512e+03 1.470436073773053977e+03 1.134827372177825964e+03
1.366735538582786041e-09 1.385102478241428688e-09 1.392911451895358588e-09 8.933718570130263288e+02 2.183744304556354564e+03 1.828753335354760566e+03 1.475306514560192227e+03 1.140722584559381175e+03
1.397064202186654045e-09 1.382500193617342246e-09 1.402088732721019096e-09 8.523863770250367224e+02 2.167477377654663087e+03 1.838691848312929324e+03 1.497100689241834061e+03 1.134867673444975935e+03
1.395527766488663413e-09 1.407429923981046605e-09 1.415752525314349907e-09 9.194022195560886530e+02 2.204272714244769304e+03 1.838022483621203264e+03 1.490058119158878299e+03 1.122205653814844936e+03
1.377578751791612955e-09 1.404593997663529139e-09 1.392875558482186569e-09 9.279641845979615482e+02 2.205077679882525445e+03 1.861074631183106476e+03 1.479408020924149923e+03 1.128101721777969942e+03
1.398736578673826960e-09 1.391828273790375542e-09 1.405917363249022620e-09 9.267164483260553425e+02 2.288978839686098581e+03 1.882406346531873169e+03 1.497638595489580439e+03 1.129480800740898985e+03
1.392276357686261667e-09 1.383116475803584862e-09 1.403508851286440068e-09 9.722851036995515415e+02 2.267749641113982307e+03 1.920372079607729802e+03 1.542250567536889776e+03 1.122570481630350514e+03
1.365166283346952799e-09 1.376481684681977537e-09 1.388525082780358109e-09 9.435056802438349450e+02 2.338815283122594792e+03 1.913441031267142080e+03 1.516654283337953984e+03 1.157312634278189762e+03
1.376695282596641204e-09 1.411354178374497969e-09 1.411850040495052513e-09 9.974556650246305480e+02 2.381584615384615518e+03 1.902288888888889005e+03 1.545333104772353408e+03 1.121408264687861674e+03
1.400891347354863266e-09 1.386342848278353702e-09 1.407300416691220164e-09 9.591387362637362912e+02 2.376713290460878852e+03 1.954176778523489702e+03 1.542307785234899256e+03 1.142298406239403221e+03
1.398844646644952058e-09 1.390584715196882410e-09 1.401263694514516736e-09 1.059586088865926058e+03 2.406760623991393004e+03 1.964850264550264683e+03 1.555229772607086261e+03 1.120448507413070956e+03
1.394053893076147715e-09 1.416131350111791150e-09 1.398882103338447681e-09 9.810924074574438691e+02 2.438271013754457272e+03 1.986324703344120735e+03 1.581280608266181389e+03 1.138073729091505584e+03
1.368000471109428964e-09 1.396443477357209622e-09 1.411538199241336322e-09 1.093666166166166249e+03 2.499408599314165258e+03 2.012583375125376051e+03 1.549600416775201893e+03 1.143411091832144393e+03
1.385472314526248483e-09 1.401054835828749119e-09 1.402106956222008820e-09 1.020979657942472159e+03 2.549977491148204535e+03 2.028808314087759754e+03 1.573988991295442929e+03 1.139834062242504842e+03
1.383673497586923818e-09 1.398687381499055344e-09 1.400199266754498177e-09 1.156446176688938294e+03 2.507344862665310302e+03 2.025182825484764408e+03 1.581871170266198078e+03 1.142225476025890885e+03
1.403064098452858315e-09 1.427273844544276877e-09 1.406472188231500919e-09 1.000305748265609509e+03 2.596921836834391797e+03 2.056769943888753460e+03 1.587459439528023722e+03 1.141280886426592815e+03
1.381399359214215485e-09 1.399961967617428130e-09 1.413384180857462808e-09 1.169891779141104280e+03 2.591375613346418049e+03 2.075995764823118861e+03 1.587760997067448670e+03 1.152284737067122705e+03
1.389709820827956483e-09 1.382793053371252010e-09 1.411955983944130784e-09 1.086908849770918778e+03 2.627804234062797605e+03 2.109312456181351081e+03 1.608994926310703022e+03 1.127576469178697607e+03
1.402786876560067917e-09 1.415066510457523026e-09 1.414980461458228627e-09 1.194972985561248379e+03 2.677499397154569579e+03 2.115501440230436856e+03 1.608984312337815481e+03 1.156276067409039570e+03
1.390741353307434027e-09 1.394987953834858047e-09 1.418053235654428405e-09 1.153673390970220908e+03 2.745272852233676986e+03 2.180522190745986791e+03 1.668064051984219077e+03 1.152033260856790321e+03
1.381326315292210908e-09 1.393786731691289167e-09 1.418519466770673132e-09 1.216385138196647176e+03 2.768260603204524159e+03 2.167916325602546749e+03 1.638215068812689651e+03 1.147034235898620182e+03
1.395834204431937999e-09 1.397281142096822688e-09 1.408446221790599470e-09 1.227479816513761534e+03 2.855519015659955130e+03 2.183725839616175563e+03 1.633907178783721974e+03 1.154927263507803218e+03
1.380930042148024351e-09 1.383423377856243081e-09 1.403365663738851391e-09 1.223248018120045344e+03 2.867753652968036477e+03 2.209128677296204842e+03 1.659965681818181793e+03 1.157806214273586420e+03
1.412063446823707559e-09 1.381635963966404235e-09 1.395822608833396255e-09 1.262495606326889174e+03 2.929664608599779513e+03 2.260683986562150039e+03 1.679892432908051205e+03 1.165545941173224492e+03
1.399739027136489925e-09 1.402662420139164680e-09 1.393987290950240465e-09 1.296986612082319198e+03 2.918082703423743624e+03 2.275229561805101184e+03 1.694466799029340336e+03 1.148603613060051885e+03
1.401893094690706870e-09 1.389568314763366613e-09 1.406924508860407712e-09 1.316369014084506944e+03 2.988352184005064373e+03 2.320856557377049285e+03 1.691688289445515011e+03 1.159966534377346306e+03
1.389655191131184391e-09 1.402423233388538470e-09 1.393725277904904091e-09 1.328488362340113326e+03 3.068291612342459757e+03 2.297593140407288047e+03 1.713881475165209849e+03 1.174201284796573873e+03
1.409860106110039657e-09 1.414758991794614487e-09 1.389819484548867011e-09 1.391976066144473407e+03 3.130047826086956320e+03 2.343415433403805309e+03 1.723043679126417601e+03 1.172093435275507545e+03
1.410010540562155770e-09 1.401647080892094473e-09 1.406713503526819449e-09 1.412518989898989958e+03 3.213036880033912894e+03 2.382792852690629388e+03 1.733887799791449424e+03 1.168408727880148263e+03
1.419451475975753778e-09 1.397332946037265422e-09 1.400563879967192039e-09 1.420171066525871083e+03 3.224607077856420801e+03 2.406525951557093322e+03 1.755453297274807483e+03 1.184008588517969429e+03
1.399498567892449694e-09 1.387097772867610077e-09 1.405171312330190597e-09 1.503473506648144621e+03 3.272368678629690294e+03 2.459045724830838481e+03 1.746798309178743921e+03 1.204368805767001049e+03
1.395139676175584229e-09 1.392285351224670183e-09 1.404093024511448715e-09 1.454051075809370559e+03 3.369072073880746757e+03 2.454944466481555082e+03 1.746598880223955121e+03 1.177565887593213574e+03
1.401150054060989741e-09 1.397074738981396596e-09 1.396732527854461506e-09 1.625738364032481741e+03 3.387830985915492874e+03 2.527741293532338204e+03 1.762064860589282262e+03 1.187420110055027635e+03
1.413973264772190318e-09 1.383177467848013820e-09 1.419858746345675814e-09 1.486834709119496893e+03 3.447035700575816008e+03 2.504028141489153768e+03 1.802964383561643899e+03 1.186691199226305571e+03
1.394215970133934817e-09 1.394249502069042649e-09 1.397270519876126720e-09 1.680989375830013159e+03 3.538592941176470504e+03 2.537600152322924714e+03 1.813639183201695232e+03 1.179450806218016851e+03
1.429579207329904343e-09 1.384226484458255472e-09 1.403929461936312358e-09 1.565760260649678912e+03 3.586388065303058738e+03 2.602050459612751638e+03 1.824117426374038587e+03 1.191290211627573626e+03
1.393273754027033732e-09 1.403541225029653879e-09 1.397256394048884323e-09 1.782695146706034393e+03 3.649383674249665546e+03 2.590002763957988009e+03 1.825604717519497854e+03 1.192616745061147640e+03
1.406531934328314389e-09 1.400362697945861499e-09 1.409452374098969592e-09 1.677414955735543572e+03 3.766525411334552246e+03 2.648909531803768004e+03 1.853663000931966508e+03 1.185073931762418397e+03
1.393825289541761423e-09 1.397460240230652784e-09 1.400446324208914577e-09 1.894117064220183465e+03 3.799020635805911752e+03 2.693019636902556613e+03 1.854775253924284243e+03 1.198915814102858349e+03
1.411806937112545462e-09 1.405143908437600801e-09 1.409870287576635907e-09 1.753116379310344882e+03 3.899271272727272390e+03 2.697238284066329925e+03 1.865441340782123007e+03 1.209054121264185824e+03
1.396485544031259947e-09 1.398338997543268663e-09 1.390191507639583294e-09 1.923140883475731471e+03 3.945840872519220284e+03 2.782275446917183672e+03 1.887186486486486501e+03 1.183727622235288891e+03
1.414097118107091983e-09 1.396470182445661444e-09 1.394031736900867839e-09 1.874103043246129118e+03 4.079016301489921261e+03 2.794704435204435413e+03 1.904965810451727293e+03 1.215045813026140877e+03
1.421828703044911433e-09 1.392487618533093993e-09 1.382829171541760121e-09 1.999189022298456166e+03 4.168055019649874339e+03 2.839256125506786702e+03 1.904252978276103704e+03 1.224575009792401033e+03
1.402562652938303507e-09 1.400363485422415523e-09 1.366394620409203745e-09 2.080579567434499950e+03 4.324434322756738766e+03 2.848621451104101197e+03 1.924857436248502381e+03 1.206827091217538737e+03
1.396463481336575957e-09 1.408764859151640608e-09 1.365550666662469114e-09 2.054233862791483261e+03 4.317480214273371530e+03 2.921564366458579116e+03 1.958355363321799132e+03 1.217931342258839777e+03
1.406632184626865903e-09 1.410299479940846804e-09 1.366367814842318896e-09 2.229671143250688601e+03 4.490764000000000124e+03 2.928182035111641198e+03 1.973289798680426429e+03 1.207144244163957865e+03
1.408316750598916142e-09 1.395055684761993098e-09 1.365929843192014264e-09 2.244057359485742381e+03 4.508255782312924566e+03 3.010641094062708362e+03 1.985986260053619390e+03 1.222361626989073102e+03
1.426181036873313752e-09 1.425154137762472950e-09 1.374271366886389349e-09 2.296422936692078110e+03 4.670070094988535857e+03 3.061831285287280025e+03 1.973313187715552658e+03 1.225585573716497038e+03
1.406055572874813606e-09 1.394216634540306960e-09 1.377245490248278204e-09 2.446725335955424271e+03 4.729526949068732392e+03 3.116112602291325857e+03 1.999028138884317968e+03 1.236526801152737789e+03
1.421931627584454863e-09 1.409125993483490407e-09 1.382872594503200166e-09 2.470865622423742934e+03 4.957308236808236870e+03 3.151736292008361488e+03 2.005812104494564437e+03 1.223957630219981411e+03
1.415479153720259999e-09 1.400370700545645565e-09 1.378536851513036701e-09 2.471272444858651852e+03 4.999996736824930849e+03 3.202787069797362619e+03 2.035070545339251794e+03 1.243677749360613916e+03
1.507716732779621699e-09 1.391903548707145877e-09 1.378324632713155304e-09 2.626404396314853784e+03 5.260724467756865124e+03 3.284114475979070903e+03 2.083239578417492339e+03 1.241596907175825436e+03
1.597945195345294394e-09 1.397074223900662612e-09 1.399945162738023308e-09 2.744107844630616455e+03 5.374585961020440664e+03 3.291321339173967772e+03 2.067735464660711386e+03 1.244752539997664371e+03
1.617127694976581429e-09 1.442945022455021404e-09 1.386999047554056474e-09 2.808055493895671589e+03 5.511778801843317524e+03 3.309707511090714888e+03 2.102569687499999873e+03 1.254152452067047761e+03
1.629092624065884389e-09 1.497367860498568794e-09 1.379042764572222346e-09 3.000227396431811485e+03 5.631394501081248563e+03 3.390100491702519776e+03 2.117608629364232456e+03 1.265498041005743744e+03
1.624669455668857713e-09 1.520498942179870831e-09 1.387322070862151576e-09 2.901676219054763806e+03 5.756419764143901375e+03 3.473440145102781116e+03 2.139498276120521950e+03 1.250971982272966216e+03
1.613338230197991168e-09 1.538429792809308977e-09 1.396282846992131348e-09 3.350233303112722751e+03 5.927585122467493420e+03 3.490380781856162685e+03 2.123393893591293818e+03 1.264183320811420117e+03
1.640603163952237446e-09 1.577512880954035659e-09 1.400772334617227623e-09 3.055171390414007874e+03 6.142318857475955156e+03 3.610317729231683643e+03 2.185174353701527707e+03 1.250370463728361074e+03
1.625074005068600372e-09 1.546963586441575575e-09 1.411171846497926324e-09 3.588634103539046464e+03 6.342531157270029325e+03 3.674483060747663330e+03 2.185553020330554318e+03 1.273598472890128733e+03
1.630004848189016729e-09 1.563737481670185772e-09 1.471793196693434762e-09 3.378910042145037096e+03 6.529782065834278910e+03 3.682161625018266932e+03 2.214402356660440091e+03 1.253209098422508987e+03
1.615810908191979788e-09 1.566454331416980199e-09 1.487391476890504358e-09 3.881544548818673775e+03 6.739228111273791910e+03 3.792233858379452158e+03 2.234938217764209639e+03 1.275552257088302213e+03
1.622122563401080482e-09 1.572330785185377348e-09 1.497097903039271553e-09 3.764793108358251629e+03 6.934151241534988003e+03 3.866705333144716406e+03 2.221117505315378821e+03 1.294459261357600781e+03
1.617724641025829343e-09 1.563524028062612266e-09 1.521026490853875537e-09 4.103044797079061937e+03 7.151951398700198297e+03 3.946952489331436936e+03 2.271940357293571651e+03 1.279335540683339332e+03
1.618080997866848819e-09 1.569936023596869691e-09 1.561244383620906150e-09 4.219054735971321861e+03 7.464493624023035409e+03 3.998269410150891872e+03 2.271871422646204792e+03 1.295747462583863808e+03
1.614205046995364266e-09 1.551478522467816560e-09 1.592729664346229941e-09 4.565818558982160539e+03 7.647459549624687497e+03 4.065769926276255319e+03 2.297261410788381909e+03 1.302416712783619232e+03
1.607144557501107160e-09 1.568171113994531853e-09 1.592765803622700955e-09 4.739669734853688169e+03 7.944369811320755616e+03 4.160076405703523960e+03 2.354902647657841044e+03 1.288143921101853493e+03
1.602073236883842704e-09 1.560559624489148474e-09 1.615525570846192964e-09 4.798389913735898517e+03 8.233394120849210594e+03 4.260179956896551630e+03 2.384602069614299126e+03 1.304413737210009231e+03
1.610569856994403623e-09 1.545707912056489110e-09 1.611611485301621565e-09 5.349344515081833379e+03 8.597853594771242570e+03 4.336282030620467594e+03 2.401015107341637759e+03 1.304550731367541175e+03
1.598233691931508161e-09 1.561030356607248497e-09 1.597377452952022455e-09 5.321094606770498103e+03 8.834086979938063450e+03 4.409404659638162229e+03 2.406505692348424873e+03 1.315865774466822813e+03
1.602415158280946512e-09 1.556332503927953281e-09 1.610142489649908743e-09 5.851356999330207145e+03 9.331694691979851996e+03 4.470122232533474744e+03 2.434356617647058556e+03 1.299904755674756188e+03
1.611834842317459870e-09 1.551701522759864204e-09 1.616270079324328257e-09 6.044402877697842086e+03 9.565334368128313145e+03 4.641842794759825665e+03 2.487903580199043972e+03 1.319860507246376983e+03
1.595477195629963767e-09 1.560657314294676945e-09 1.587264649039401969e-09 6.401033392811624253e+03 1.020497191947685678e+04 4.733170681701691137e+03 2.529806269993602200e+03 1.318476752673839201e+03
1.610228153979398796e-09 1.555524271175694570e-09 1.641370956745598113e-09 6.856716704574171672e+03 1.039779946489998656e+04 4.778751553582752422e+03 2.498333121907903205e+03 1.322052834027402469e+03
1.622707283090196589e-09 1.568498244020283199e-09 1.605455186699539464e-09 1.147294439518682884e+04 1.091394452046274455e+04 4.913327200397811794e+03 2.545424736578022930e+03 1.326855957506993036e+03
1.616522151721552672e-09 1.550023071704623631e-09 1.610026092039764345e-09 2.718704883749538567e+04 1.133634042553191466e+04 5.059252317714858691e+03 2.565758279782501177e+03 1.336914378533720537e+03
1.606063878455216063e-09 1.538226195226820657e-09 1.606226806332474725e-09 3.905492378465746151e+04 1.198339721380981246e+04 5.176561438069441465e+03 2.606736521102708139e+03 1.346489381914013393e+03
1.605750561584362694e-09 1.559807700131219077e-09 1.611901043327158308e-09 5.540405618921839050e+04 1.248958642206414697e+04 5.321608347488473555e+03 2.615261014439096925e+03 1.340185760773699030e+03
1.624642455134247032e-09 1.558758985078202926e-09 1.611684815531960892e-09 6.494114438763086946e+04 1.339886980087192205e+04 5.419429803545759569e+03 2.659917077274365965e+03 1.341749234739811527e+03
1.605711928138372899e-09 1.568311959617649596e-09 1.609836327855546550e-09 8.237098279158699734e+04 1.374643688148684669e+04 5.603643450018043950e+03 2.679742969965298471e+03 1.355077586206896513e+03
1.608920073069762549e-09 1.566580695380261624e-09 1.630863105777468680e-09 8.027282311486963590e+04 2.253846502835538922e+04 5.698930062507371076e+03 2.723902041779771025e+03 1.350337984130261702e+03
1.603903540943698995e-09 1.551995838482113334e-09 1.627521468062655235e-09 9.072714753326268692e+04 3.179082077368981118e+04 5.760307404374781072e+03 2.723616605903798700e+03 1.361418404764000115e+03
1.600250537163282376e-09 1.552670545805651400e-09 1.617259745691979449e-09 8.190963448355988658e+04 4.683821520869067899e+04 5.915062178588125789e+03 2.760904778433414322e+03 1.370235570645076905e+03
1.601031746312444278e-09 1.532762998669751624e-09 1.611267998292027693e-09 8.749965962307252630e+04 5.448305337829980272e+04 6.178790570550051598e+03 2.816406795224977031e+03 1.369629877819820422e+03
1.602485546470727772e-09 1.545920953973226483e-09 1.631263181196175658e-09 8.266278116343490547e+04 6.885587553551296878e+04 6.336743563098949380e+03 2.836559510315121315e+03 1.369254110017634730e+03
1.605694034781363083e-09 1.550505055119015005e-09 1.600974071507426071e-09 8.535068942584792967e+04 7.814187475583131891e+04 6.524484156309484206e+03 2.846154421768707834e+03 1.374651272809191369e+03
1.611940992886578252e-09 1.549038206905598544e-09 1.600034204860726692e-09 8.515041283470793860e+04 9.103893077091067971e+04 6.717083805083804691e+03 2.901177233590517972e+03 1.390588333472419208e+03
1.602703986908323381e-09 1.550614518169381432e-09 1.605222446775228855e-09 8.547771114772102737e+04 9.995628169014085142e+04 6.936847184986594584e+03 2.961479348909312648e+03 1.391513107159699302e+03
1.598671217511028300e-09 1.551365078167383620e-09 1.602463060364954412e-09 8.616965373991824163e+04 1.107467785957587039e+05 7.149376764386536706e+03 3.012076154943487381e+03 1.402477239716078884e+03
1.614447060554103970e-09 1.547979575492374434e-09 1.598869275576969083e-09 8.468959307359307422e+04 1.183858148994018557e+05 7.356130644454186950e+03 3.008779130434782928e+03 1.410083014360561265e+03
1.608689764990012044e-09 1.553686990857618036e-09 1.594467458262246595e-09 8.574424282126870821e+04 1.308803145299145253e+05 7.556409893992932666e+03 3.085248055315470992e+03 1.409828108983004995e+03
1.602009059535075985e-09 1.556261629998898798e-09 1.582192625824898320e-09 8.485774958263772714e+04 1.389679551530832250e+05 7.804386767365173000e+03 3.093853611965630535e+03 1.423513046253690618e+03
1.602751283880616087e-09 1.563713264853421463e-09 1.582148685066937932e-09 8.635921799307958281e+04 1.501480189016066142e+05 8.050239828234030938e+03 3.136379049221708101e+03 1.416275554612036785e+03
1.595951600210100513e-09 1.555206873706186833e-09 1.578128656353745503e-09 8.339321277033985825e+04 1.584077276379784162e+05 8.311539431524546671e+03 3.188158599599282752e+03 1.431748537244509862e+03
1.591724199511320569e-09 1.562456969247714539e-09 1.604299426035313684e-09 8.461853147585628903e+04 1.665095141658995708e+05 8.635693012600229849e+03 3.215785595682855728e+03 1.430249709129456733e+03
1.599124395472277106e-09 1.552165452388763217e-09 1.588011065483319014e-09 8.706825071691929770e+04 1.749489971872070164e+05 8.907822920976415844e+03 3.272549479971166420e+03 1.434429257518555460e+03
1.611129873491599509e-09 1.557191252319456481e-09 1.589097769169839071e-09 8.283598824125697138e+04 1.867114807947019872e+05 9.376075990299110344e+03 3.350252640129975589e+03 1.448691226196832076e+03
1.598061216472117718e-09 1.545723598755473085e-09 1.593282706683992548e-09 8.777471191276877653e+04 1.890687754566555668e+05 9.577784546654482256e+03 3.341179596389818471e+03 1.454888933989547922e+03
1.587037531764672677e-09 1.556486323566128871e-09 1.594751277401440451e-09 8.287373327993592829e+04 2.020162160444797482e+05 9.943102571800260193e+03 3.378733499750374449e+03 1.454386410827308509e+03
1.604516732291405760e-09 1.558204245693244401e-09 1.616361517837839978e-09 8.769868346456692962e+04 2.050902742097845767e+05 1.050419005789578659e+04 3.453282539682539664e+03 1.470730011702895808e+03
1.592189286534886648e-09 1.560217253488570300e-09 1.609338921629152166e-09 8.192701561722868064e+04 2.166101962916221819e+05 1.077778897637795308e+04 3.523836392034361779e+03 1.463578288306054219e+03
1.578031879765306814e-09 1.548227321649244071e-09 1.607220476419665171e-09 8.814589027576197986e+04 2.247020850393700821e+05 1.134855454015166288e+04 3.548126311660292231e+03 1.469724657835028893e+03
1.586934246068488851e-09 1.561268683389817211e-09 1.609093782510709424e-09 8.296952795031055575e+04 2.282905208413001965e+05 1.215908778002115287e+04 3.636106749178108657e+03 1.491621406713091346e+03
1.578153019637520962e-09 1.563872929308933117e-09 1.613028914463533035e-09 8.812609512872045161e+04 2.333072541845075903e+05 1.819263555726957202e+04 3.704848601735776356e+03 1.483049845505281610e+03
1.604215880978281404e-09 1.549894145747284756e-09 1.597991201010665351e-09 8.320665769777356763e+04 2.298155617680392752e+05 2.704490902169775654e+04 3.731826515151515196e+03 1.493633672262946220e+03
1.584199939216070295e-09 1.542651370283687118e-09 1.602520368155567930e-09 8.766488703878902015e+04 2.320974910394265025e+05 3.089798779228096464e+04 3.787201661631419938e+03 1.493003860272350494e+03
1.576917947743656158e-09 1.542549887440834437e-09 1.610862150679490017e-09 8.350056478529908054e+04 2.317929613290262932e+05 4.083161055982026301e+04 3.840149123620513819e+03 1.517692178301093463e+03
1.587996119552087055e-09 1.558007912776757093e-09 1.595382635557331320e-09 8.575346782927948516e+04 2.326270578714594885e+05 4.653990175438595907e+04 3.925532585519606982e+03 1.516397523018762968e+03
1.590111539726683434e-09 1.561703775723290510e-09 1.603959950086333560e-09 8.504284776119403250e+04 2.324423353586650919e+05 5.351042849193099391e+04 3.951640227147829137e+03 1.522674090877844264e+03
1.582201750646963099e-09 1.557754742361401033e-09 1.592715291667462695e-09 8.603749382052659348e+04 2.311512505751357530e+05 5.999919920498690044e+04 4.034477701778385835e+03 1.519343890678914931e+03
1.586291892891139810e-09 1.548246626808077091e-09 1.581819994595639687e-09 8.602716750895892619e+04 2.335091490621915145e+05 6.726447262247838080e+04 4.131622634643376841e+03 1.542354707115328210e+03
1.576652223984229461e-09 1.571551339036182995e-09 1.589964031905072762e-09 8.434773862931110489e+04 2.318974503941288276e+05 7.423289857441205822e+04 4.208651620992297467e+03 1.536723834278159984e+03
1.589275654943530754e-09 1.556297980631553007e-09 1.592880023463742787e-09 8.520387046540435404e+04 2.293752100855152821e+05 8.155850376862401026e+04 4.292496414977427776e+03 1.558309400575094060e+03
1.584636561757440543e-09 1.554418736190336832e-09 1.606414413528267804e-09 8.504305326278660505e+04 2.309171899515205005e+05 8.493592488928255625e+04 4.268480932203389784e+03 1.572477538026176035e+03
1.560699638284020485e-09 1.556671346055768518e-09 1.593367894247977308e-09 8.586687526427060948e+04 2.338185476955125341e+05 9.188312439193885075e+04 4.404081974361210086e+03 1.577340563141046687e+03
1.575661024327084675e-09 1.544454221253180032e-09 1.606735573123886140e-09 8.493894492753622762e+04 2.303042659900253639e+05 9.868211760648388008e+04 4.494327883034864499e+03 1.575247915087187266e+03
1.599186766915421803e-09 1.558124106412909870e-09 1.613880280892894757e-09 8.477398727668845095e+04 2.325635647247822781e+05 1.056266745459285594e+05 4.630963873943121143e+03 1.573823278540965703e+03
1.572020905927353751e-09 1.549451742983915669e-09 1.595533055641036057e-09 8.800698572628042893e+04 2.306217121172919578e+05 1.070679534377355303e+05 4.646647435350346313e+03 1.592227426744805598e+03
1.587619299783171071e-09 1.564227701405560575e-09 1.583187367263834453e-09 8.389906515242079331e+04 2.309599852262234781e+05 1.166447617747440236e+05 4.766780677966102303e+03 1.601239448550433053e+03
1.582479048124010625e-09 1.549271261927308902e-09 1.596789924350470073e-09 8.829979400151222944e+04 2.311772592530140828e+05 1.197796963342001545e+05 4.862157008086253882e+03 1.614372861504998582e+03
1.564180712801314900e-09 1.545831300879687791e-09 1.589397837514090448e-09 8.201701069254812319e+04 2.300469491273058229e+05 1.270236064596273209e+05 4.937861402494425420e+03 1.614868982630272967e+03
1.574727361310022920e-09 1.545966645617458929e-09 1.593846058865086338e-09 8.979136443294667697e+04 2.335511214906832029e+05 1.314185803667745495e+05 5.017164884357124720e+03 1.622143014118964402e+03
1.562444713403172958e-09 1.541469262590821976e-09 1.590806738748612389e-09 8.075581102362205274e+04 2.302407807425540523e+05 1.369621212022745749e+05 5.093738149722131311e+03 1.636613258422358513e+03
1.577239218571869637e-09 1.547695011520157005e-09 1.587428246073438801e-09 8.794160673886882432e+04 2.308974991838067072e+05 1.438434754205454956e+05 5.291641549181656046e+03 1.627229570251614177e+03
1.566394748815228040e-09 1.547790156678200628e-09 1.591804312699038839e-09 8.342507788924232591e+04 2.331823560334528156e+05 1.477067061474090733e+05 5.349352785571141794e+03 1.647100752061616504e+03
1.574848712001464861e-09 1.548316108136442860e-09 1.595095102525510512e-09 8.632641409691631270e+04 2.321175825988517900e+05 1.528634196627426136e+05 5.437712089671737886e+03 1.663219020979021025e+03
1.567236677568332143e-09 1.547133833578028379e-09 1.593080672455702091e-09 8.399216837351827417e+04 2.321401998269215401e+05 1.562744551877431222e+05 5.605171781586289399e+03 1.659440650018872702e+03
1.580724145405793152e-09 1.555907700085310805e-09 1.601635296110209447e-09 8.707280930954226642e+04 2.309024355639631103e+05 1.628627978623074305e+05 5.778095984943537587e+03 1.680823676597075519e+03
1.570064219461278190e-09 1.555786116843765757e-09 1.604215339680332735e-09 8.379062329354863323e+04 2.322306617932965455e+05 1.694543337766997865e+05 5.871825354748168138e+03 1.680925007283674859e+03
