nan nan nan nan nan nan nan 0.000000000000000000e+00
9.679777343750000000e+03 nan nan nan 5.869135742187500000e+03 2.412106933593750000e+03 nan 4.283657531738281250e+02
4.581863281250000000e+03 nan nan 4.729146158854166060e+03 nan 3.503363525390625000e+03 4.173507812500000000e+03 3.275019531250000000e+03
4.219687988281250000e+03 nan 3.471448242187500000e+03 nan 4.236008789062500000e+03 4.828953613281250000e+03 4.189155273437500000e+03 3.892253417968750000e+03
4.857215494791666060e+03 2.475641601562500000e+03 nan 3.371688964843750000e+03 nan 3.539017578125000000e+03 1.492422688802083258e+03 2.153780949519230944e+03
3.375706321022727479e+03 3.183993945312500273e+03 3.122329520089285325e+03 nan 3.681704900568181984e+03 3.490498697916666515e+03 3.522846261160714221e+03 4.121530184659090992e+03
2.427062988281250000e+03 3.480232638888888687e+03 3.301972265625000091e+03 2.613321044921875000e+03 2.621306152343750000e+03 3.106046875000000000e+03 2.054084960937500000e+03 2.382215928819444343e+03
1.593882812500000000e+03 2.830361328125000000e+03 2.347337239583333030e+03 2.101576171875000000e+03 2.245826349431818471e+03 2.612536057692307622e+03 2.754034623579545496e+03 2.591369618055555748e+03
2.049603618421052488e+03 2.298071428571428442e+03 1.720162109375000000e+03 2.448410156250000000e+03 2.519969866071428442e+03 2.476801432291666515e+03 2.332611177884615699e+03 1.926027104591836633e+03
2.003448369565217263e+03 2.105508112980769511e+03 2.092471507352940989e+03 2.463718261718750000e+03 1.948164453125000136e+03 2.074692578125000182e+03 1.774146701388888687e+03 2.085520119863013406e+03
1.929750919117647072e+03 1.661977647569444343e+03 1.834115056818181756e+03 2.071633152173913004e+03 2.504490579044117567e+03 1.866301491477272748e+03 1.898219599184782510e+03 1.935619115259740283e+03
1.650960618622448919e+03 1.873736545138888687e+03 1.671297209821428623e+03 1.436997070312500000e+03 1.294584043560606005e+03 1.507052548363095184e+03 1.751098911830357110e+03 1.402804846938775427e+03
1.710354508196721326e+03 1.419957698170731646e+03 1.486893377130681756e+03 1.662421663851351468e+03 1.395573784722222172e+03 1.656280616554054177e+03 1.435912037037036953e+03 1.755739346590909236e+03
1.349533582089552283e+03 1.249711318597561103e+03 1.163903262867647072e+03 1.196379714439655118e+03 1.315870833333333394e+03 1.357756273674242493e+03 1.329427153716216253e+03 1.495075107758620561e+03
1.262543376865671689e+03 1.250684523809523853e+03 1.128252343750000136e+03 1.322840523097826008e+03 1.186754166666666606e+03 1.191255115327380963e+03 1.126703758445946050e+03 1.105725887345678984e+03
9.205268485915493102e+02 1.062899739583333258e+03 1.090630817819148888e+03 1.144826334635416515e+03 1.067896139705882433e+03 1.022497109375000036e+03 1.027166875000000118e+03 1.062070719401041515e+03
9.155840517241379075e+02 9.203385170990566166e+02 1.080700810185185219e+03 9.369683514030612059e+02 1.002762920673077019e+03 9.668348570478723332e+02 9.792086397058823195e+02 8.541620399746192334e+02
7.926726293103448597e+02 8.958417968750000000e+02 8.819806134259258670e+02 8.168122258771929864e+02 9.506149902343750000e+02 8.965632102272727479e+02 8.010102864583333258e+02 9.052111571285139462e+02
8.276792059075341967e+02 7.967693917410713311e+02 7.153540426587301226e+02 7.867723079819277245e+02 8.677413411458333030e+02 8.563205605158730123e+02 8.080110677083332575e+02 7.791217885375493779e+02
7.725918222402598303e+02 8.640542968749999773e+02 7.434879557291666288e+02 8.224236567982455881e+02 7.715939316860465169e+02 7.704702008928570649e+02 7.779855925324675354e+02 7.517414959016393823e+02
7.201844536163522434e+02 7.344960106382978893e+02 7.436807692307693287e+02 6.685932716836733789e+02 7.909699272260273801e+02 7.112145774147727479e+02 7.185488516566265389e+02 6.639015575079871496e+02
6.273757905505951840e+02 6.873979867788461888e+02 7.235395891853931971e+02 6.590500616776315610e+02 6.704034653465346310e+02 6.740227107558139323e+02 7.029756433823529278e+02 7.210373839522545723e+02
5.962996072404371262e+02 6.207186726485148256e+02 6.251240418632074807e+02 6.368321387614679452e+02 6.794708891369047024e+02 6.321313988095238301e+02 6.176672363281250000e+02 6.787255907960199011e+02
5.520633035714286052e+02 5.640169491525423382e+02 6.021752533783783292e+02 6.291397727272726570e+02 6.085074842436974905e+02 5.983417600235849250e+02 6.095153508771929864e+02 6.049447331460675059e+02
5.506757665094339700e+02 5.383800027412280542e+02 5.150547240070093267e+02 5.876939988938053148e+02 5.187577427455356656e+02 5.169790572478991635e+02 5.662414336622806559e+02 5.022617545871559628e+02
5.009657790492958043e+02 4.550833749999999895e+02 5.036055582061068776e+02 5.161899136178861909e+02 4.883740875912408796e+02 4.699438590116279215e+02 5.047375488281250000e+02 4.717732497689464140e+02
4.382642144097221717e+02 4.587223727318548185e+02 4.518084188432835617e+02 4.563114652317880768e+02 4.807185639880951840e+02 4.811950908687942956e+02 4.386468290441176237e+02 4.642659977064220698e+02
4.146412240415335191e+02 4.282263183593750000e+02 3.990606936416184567e+02 4.307192786654135261e+02 4.452036797337278244e+02 4.529168247767856883e+02 4.272974022239263832e+02 4.420316239316239262e+02
4.078416335702340803e+02 4.073808928571428396e+02 4.269847098214285666e+02 4.015575112951807455e+02 4.162328404017857224e+02 3.880370729813664070e+02 3.956076330236486456e+02 3.923027029742765421e+02
3.656928652108433653e+02 4.064393284574467771e+02 3.748750000000000000e+02 3.978015999251497306e+02 3.729699350421348072e+02 3.805917645027624303e+02 3.898135964912280542e+02 3.947352442938658896e+02
3.873192644817073074e+02 3.672195680628272498e+02 3.565279560810811290e+02 3.581529806385869392e+02 3.572488392857142685e+02 3.743970798399390105e+02 3.509383246527777942e+02 3.804443681318681456e+02
3.498558637640449547e+02 3.655090880102040387e+02 3.635416924504950771e+02 3.924162071078431495e+02 3.449870426829268126e+02 3.613845655487804720e+02 3.366530330882353041e+02 3.618834792993630458e+02
3.322767518939393767e+02 3.448332955917874187e+02 3.292373188405796895e+02 3.331580650252525402e+02 3.394967187500000136e+02 3.297548926767677244e+02 3.231847153465346310e+02 3.268272985854858916e+02
3.133531858766233995e+02 3.408543968023255957e+02 3.148876719497607723e+02 3.089773982558139664e+02 3.094269729872881385e+02 3.179807150900900865e+02 3.505194107929515894e+02 3.135617124856815963e+02
2.910848126232741606e+02 2.752919465537382848e+02 3.118473292951542248e+02 3.113587524900398193e+02 2.943826671511627637e+02 3.044046490778688963e+02 2.894941829004329179e+02 2.853563233724653401e+02
2.839462090163934818e+02 2.709542968750000114e+02 2.821130099826388573e+02 2.837821418378995304e+02 2.800592283393501702e+02 2.732147736827354265e+02 2.854703431372548721e+02 2.637497805917753340e+02
2.701816331417624610e+02 2.612344292534722285e+02 2.518724539620535552e+02 2.576020939625850019e+02 2.684687841157204957e+02 2.509845950704225288e+02 2.448015108219844365e+02 2.550717835365853716e+02
2.435736520793036846e+02 2.596711979166666993e+02 2.442121482933579273e+02 2.510963003615702576e+02 2.587061357973421991e+02 2.690311383928571445e+02 2.557963979007633384e+02 2.581867391794409059e+02
2.322910874310661598e+02 2.419588020833333530e+02 2.323642986334405123e+02 2.264774531758957892e+02 2.311297650709219909e+02 2.247478823260073284e+02 2.275788690476190368e+02 2.426348559714045336e+02
2.177197779605263293e+02 2.283981034128289309e+02 2.319693820792880388e+02 2.239635331840391075e+02 2.270771579804560361e+02 2.303116071428571558e+02 2.190690604967948616e+02 2.172839531123686356e+02
2.117191878687315523e+02 2.298651009316770057e+02 2.260097779088050345e+02 2.216314704754601337e+02 2.181550019968051117e+02 2.159025493421052602e+02 2.172087500000000091e+02 2.176342229199372298e+02
2.058095399188092074e+02 2.081865172955974970e+02 2.146495940332326313e+02 2.167287589856229886e+02 2.080054222733711242e+02 2.060188820422535230e+02 2.087571614583333144e+02 2.080523272280966864e+02
1.965986888111888220e+02 1.892941042877907023e+02 2.067970104768785973e+02 1.958096481362467784e+02 2.065659165451895092e+02 1.978432158119658197e+02 1.982339821927374430e+02 1.929495529453015479e+02
1.884730504587155906e+02 1.826980037245639608e+02 1.957507755750605440e+02 1.806767292580409219e+02 1.914307304785894246e+02 1.919452457264957275e+02 1.888063385953608133e+02 1.821951858108108127e+02
1.798545009627727609e+02 1.868656097931873603e+02 1.877033000700280070e+02 1.816226049270073020e+02 1.834640190972222342e+02 1.817905106707317202e+02 1.752045097552909851e+02 1.791328875720691656e+02
1.796764836675291122e+02 1.741365727219626081e+02 1.809045962591241050e+02 1.732471850522193222e+02 1.705373795351474087e+02 1.718098370927318115e+02 1.737473630352644705e+02 1.700734126984127101e+02
1.655046777950310570e+02 1.600658967391304373e+02 1.625338295990565882e+02 1.667960419135071106e+02 1.607834654850746290e+02 1.705356728538282880e+02 1.656370912286063515e+02 1.597889701536643088e+02
1.572686076046798007e+02 1.565763888888888857e+02 1.573444039096916356e+02 1.550990698608136995e+02 1.601991483671171181e+02 1.584516915137614887e+02 1.585504370870044113e+02 1.574093992248062079e+02
1.485255224068479265e+02 1.477609239718614731e+02 1.468268372252747156e+02 1.498457380022321388e+02 1.498651154891304316e+02 1.488822076612903231e+02 1.465672666574890002e+02 1.546226304945055006e+02
1.419976655876494078e+02 1.437443520021645043e+02 1.457568212365591478e+02 1.400056203850210750e+02 1.505909443204365061e+02 1.447983962981744526e+02 1.484344528008298880e+02 1.444579638697723851e+02
1.390893707275390625e+02 1.373920572916666742e+02 1.379422245553359687e+02 1.334555171996123875e+02 1.356898666797694091e+02 1.340785395408163367e+02 1.369734905189620520e+02 1.396282226078334077e+02
1.348541183966635799e+02 1.388912680041152328e+02 1.353621815630397123e+02 1.347165833755060760e+02 1.283012813079777459e+02 1.313803889691714915e+02 1.346791919309701484e+02 1.334813357785139658e+02
1.316860458214624998e+02 1.276846110026041572e+02 1.291874842489919217e+02 1.280187500000000114e+02 1.264555569066147882e+02 1.233549679487179418e+02 1.259882591807909620e+02 1.301804636722376927e+02
1.236488538843721727e+02 1.249652251683501589e+02 1.259699419806985219e+02 1.256247805477528061e+02 1.221527864583333383e+02 1.219585656089193861e+02 1.256229631696428584e+02 1.207060459525939251e+02
1.208886056370302526e+02 1.214844816552900966e+02 1.204486662853577457e+02 1.181861063464836974e+02 1.230926579301075208e+02 1.178208512931034448e+02 1.175850530660377302e+02 1.212149810195227673e+02
1.132495895359019329e+02 1.146779372970779320e+02 1.145578301696284456e+02 1.181446000000000112e+02 1.161111858443708655e+02 1.140885416666666714e+02 1.153665747549019613e+02 1.118203470824949619e+02
1.069552899096385659e+02 1.116472317122186553e+02 1.080739866955445621e+02 1.091529456967213179e+02 1.082148312699680446e+02 1.111401265948963299e+02 1.124070942540322591e+02 1.105924867292772689e+02
1.090717514914243083e+02 1.062990893710191074e+02 1.088333413833075696e+02 1.063272541799363040e+02 1.029949558933933957e+02 1.012954556674565509e+02 1.058998285969793329e+02 1.059130569306930738e+02
1.029325806015850020e+02 1.015604255628881987e+02 1.069150534660766994e+02 9.846165373765867912e+01 9.975595642468942970e+01 1.006737244440459165e+02 1.031101937772925794e+02 1.008072483950151081e+02
9.716901690391459567e+01 9.801744591346154323e+01 9.681349239864864842e+01 1.007874611801242111e+02 9.778476562500000568e+01 9.690597638785395418e+01 9.420754800853485733e+01 9.554199007220215378e+01
9.484502551020408134e+01 9.491929133858268131e+01 9.564592675635276464e+01 9.838316127232141639e+01 9.763590844062946417e+01 9.526005345394736423e+01 9.616603490832157775e+01 9.639066810344826308e+01
9.392203520164046893e+01 8.903564897594279159e+01 9.071740557249322023e+01 9.070291172772988375e+01 8.803623188405796895e+01 9.203097136488339913e+01 9.329236819727890406e+01 9.114060921185584618e+01
8.740448974269818905e+01 8.841796383647798052e+01 8.788177952503208701e+01 8.658641218354431146e+01 9.008077830188679513e+01 9.096795819256757909e+01 8.769008046163848746e+01 8.558757137030995921e+01
8.381250000000000000e+01 8.566768102372034832e+01 8.351833371350365098e+01 8.556701476130653816e+01 8.264031597651420213e+01 8.649044184981684680e+01 8.446770186335403707e+01 8.813917386609071514e+01
8.324875876168223954e+01 8.297239517654476515e+01 8.304597961272040152e+01 8.135596980074720364e+01 8.580752144607842524e+01 8.386498960997442964e+01 8.114193196004994491e+01 8.269632856253889486e+01
7.890283724031444024e+01 8.055443668252080158e+01 8.034110137195122547e+01 8.063661292697290150e+01 7.880485082752613835e+01 8.241034396453089528e+01 8.149044225146198528e+01 7.869307105654762324e+01
7.837848011363635692e+01 7.814217231166463762e+01 7.516953850900115697e+01 7.674835433182333588e+01 7.625888517618467688e+01 7.581435008792496433e+01 7.829464412684868080e+01 7.929104709932610717e+01
7.259536287471719618e+01 7.363688264860140009e+01 7.433490657216495379e+01 7.270733671504740414e+01 7.389519128586609042e+01 7.447041642775229775e+01 7.374691315205328124e+01 7.506598286430761391e+01
7.285046432389096083e+01 7.147590056223849331e+01 7.257951006662804616e+01 7.043483664772728048e+01 7.277338483146067460e+01 7.075780437044745952e+01 7.068221100663716072e+01 7.218417804977008245e+01
7.003914741847826519e+01 6.864723984771573839e+01 6.851574512857901311e+01 7.016777112486543899e+01 6.924469639227642404e+01 7.178890931372549744e+01 6.988786910752118331e+01 6.912450215460955860e+01
6.696299035904254993e+01 6.484188913316583580e+01 6.645404411764705799e+01 6.648138739775052386e+01 6.859868399064171740e+01 6.407673188956434274e+01 6.458558792924037562e+01 6.682808098591549140e+01
6.402447059214019021e+01 6.402976079091816075e+01 6.571857898009949395e+01 6.554033212861415336e+01 6.293090867718446191e+01 6.556356143856143603e+01 6.518322682240703614e+01 6.464559105481518486e+01
6.306343692343173046e+01 6.178270295764362174e+01 6.164796366494083202e+01 6.095750060562015449e+01 6.402216854207435404e+01 6.285682645631067800e+01 6.254988308349851422e+01 6.177667924069115912e+01
6.119643454504906543e+01 5.950915030747398049e+01 6.092869047619047507e+01 6.041794665999057656e+01 6.164848799630655662e+01 5.998018433179723274e+01 6.142010435938945534e+01 6.149873203106886166e+01
5.909179865542387944e+01 5.933868384818007513e+01 5.846766373158379793e+01 5.834090212789661223e+01 5.634154420443815070e+01 6.028993462711069640e+01 5.923319642050586964e+01 6.008558926487748408e+01
5.859726683650863777e+01 5.867576683579335395e+01 5.717217018261964512e+01 5.618041553334909821e+01 5.599961468962585087e+01 5.752709982716324788e+01 5.604582597173144620e+01 5.614521321070234450e+01
5.570789072793149188e+01 5.430174702633814832e+01 5.482671519886363853e+01 5.513867676188490208e+01 5.485318716094032254e+01 5.528641732283464449e+01 5.521035139011474513e+01 5.459285414863695252e+01
5.345676949957319835e+01 5.321673943014705799e+01 5.262470417383821086e+01 5.406648243572694668e+01 5.338356781639004112e+01 5.483905060279187893e+01 5.261077655579398993e+01 5.300973095414200742e+01
5.146615817535545290e+01 5.101404587765957643e+01 5.294495300944946337e+01 5.281301431239903366e+01 5.238911343670618237e+01 5.106613274814662162e+01 5.161920362903225623e+01 5.139832206035379869e+01
4.934897168803419021e+01 5.017958527458366547e+01 4.909029221100553997e+01 5.046824104234527653e+01 4.986274491567460387e+01 5.001316819927242818e+01 5.049032648880895380e+01 5.028397598373820898e+01
4.817411474092284607e+01 4.786951568725099548e+01 4.986338615718799616e+01 4.850071273003132433e+01 4.904019251107977340e+01 4.922776489739542427e+01 4.781692228783025911e+01 4.899383101622797909e+01
4.581695277982326786e+01 4.629001851130163914e+01 4.654997011612022106e+01 4.644546110733695343e+01 4.726656676459438700e+01 4.664762931034482563e+01 4.759294629349470540e+01 4.676327499523446107e+01
4.540063964311660527e+01 4.485868442544196455e+01 4.518267840485074771e+01 4.601881013898788808e+01 4.517815481870228922e+01 4.539085393772893440e+01 4.607998345451155586e+01 4.567294325167659963e+01
4.385296577162756648e+01 4.368680661820963707e+01 4.311490012886598322e+01 4.357202034883720643e+01 4.399960992440225027e+01 4.471831169446550547e+01 4.350251579422382520e+01 4.509693918485237418e+01
4.331042677993527690e+01 4.255482145919066994e+01 4.180927921455938900e+01 4.245558104138283539e+01 4.231173554484803390e+01 4.350680896063535386e+01 4.292722173264642294e+01 4.269642253425892875e+01
4.105025516967126720e+01 4.245531899296246792e+01 4.154950640690376673e+01 4.211712629095441685e+01 4.211579108835476859e+01 4.266732954545454248e+01 4.076566289847539792e+01 4.090744239879413868e+01
4.049951633001049345e+01 3.990157513477089424e+01 4.033065226857996066e+01 3.992948663734777170e+01 4.087692636986301409e+01 4.059642400317572708e+01 4.081254763719512368e+01 4.064219590618695577e+01
3.780173611111111143e+01 3.840502945781146593e+01 3.934863411284953827e+01 3.914717074784910977e+01 4.022693710730819561e+01 3.805181347150259086e+01 3.892302664342629015e+01 3.880645885547201601e+01
3.706286319971537324e+01 3.806214512014483375e+01 3.755137232730263008e+01 3.702101203364424009e+01 3.842887949126931346e+01 3.872106423956262233e+01 3.810499502982107600e+01 3.765122602486005832e+01
3.694294464176596193e+01 3.626728402509652227e+01 3.670912886639030148e+01 3.682816203776864938e+01 3.745343951674861671e+01 3.732455545362273597e+01 3.642174708753148593e+01 3.608245792137476826e+01
3.574297688303735754e+01 3.640925519169329050e+01 3.584509881652228103e+01 3.516383805776283822e+01 3.588582263941697903e+01 3.551659069839307392e+01 3.593059863523573227e+01 3.540575812451056947e+01
3.337327175883952890e+01 3.363191549069916420e+01 3.373534813596491233e+01 3.480477495335820493e+01 3.517974748966332044e+01 3.471148496685606233e+01 3.395552418753726442e+01 3.444106267238737473e+01
3.299768761234272318e+01 3.261378193817052562e+01 3.364065890421574778e+01 3.390996893274854074e+01 3.308949879508706715e+01 3.415848150400686478e+01 3.306988136749545504e+01 3.386122301892371667e+01
3.214715790649196236e+01 3.211930886337706426e+01 3.216762461712368548e+01 3.248662115212193413e+01 3.279510762521103118e+01 3.311071098372781307e+01 3.254997203271713602e+01 3.244136269007965012e+01
3.150047128770301441e+01 3.147845390095936580e+01 3.143309498587570872e+01 3.074626425223839021e+01 3.154972765008700719e+01 3.230138135351227646e+01 3.204619000716331811e+01 3.136425433916630823e+01
2.977091206395348877e+01 3.025353659380187921e+01 3.132307061464088704e+01 3.049029349425448387e+01 3.170965782898390017e+01 3.166889580431755036e+01 3.067259902192008880e+01 3.040507128716309992e+01
2.966186036066010345e+01 2.962306743421052957e+01 3.021252575549450370e+01 2.945117728531856116e+01 2.997217881944444429e+01 2.967705587541620460e+01 2.922642491056686609e+01 2.931850928114571886e+01
2.844913171955958475e+01 2.868686121570736702e+01 2.874806080293472377e+01 2.864337297674102345e+01 2.918294908780299224e+01 2.900500411184210492e+01 2.897180833333333538e+01 2.860183623640757133e+01
2.834231991525423666e+01 2.769552228786251291e+01 2.776233467323651283e+01 2.871853979820627600e+01 2.815556391041326734e+01 2.853650273042088159e+01 2.813061168139293144e+01 2.769775352547439340e+01
2.698333703093306113e+01 2.701661410934154262e+01 2.686779651812313574e+01 2.778386120876149334e+01 2.775684677724520810e+01 2.752364892074742286e+01 2.722008502194114854e+01 2.641665457301341391e+01
2.666716675178754059e+01 2.592940752986347874e+01 2.689254276490948214e+01 2.653711506924198105e+01 2.622100344861401311e+01 2.716515663868159081e+01 2.635363342625443650e+01 2.682134194673430727e+01
2.564925032747005673e+01 2.550552586880711914e+01 2.604250304136253291e+01 2.635507752311248097e+01 2.520920180009474265e+01 2.639222344591287595e+01 2.553113944575471805e+01 2.544697830895907487e+01
2.490365230492047388e+01 2.442761406701155025e+01 2.515434478715728872e+01 2.561313172846890041e+01 2.481317667322834453e+01 2.497270625615460560e+01 2.521115430258033285e+01 2.502928315059365261e+01
2.430636889005171142e+01 2.415570868445692909e+01 2.404535047487022226e+01 2.387435354960037515e+01 2.487694477434679285e+01 2.449969369981105416e+01 2.405929724526066593e+01 2.392169927366447979e+01
2.359608424402884097e+01 2.327301206683168289e+01 2.326197378464067711e+01 2.359310479589429121e+01 2.380224038686302279e+01 2.369080875981977741e+01 2.331350877709707703e+01 2.318066856172475099e+01
2.250237573099415300e+01 2.256623767401392300e+01 2.271827161026703479e+01 2.297319367497691545e+01 2.306903326023391898e+01 2.330538025185700945e+01 2.351859817813765119e+01 2.264964715426143016e+01
2.216993781711890321e+01 2.236473931833950246e+01 2.228647007439134242e+01 2.287236591361025262e+01 2.236801451510608629e+01 2.269539229018650062e+01 2.255695906929348027e+01 2.210351386384129668e+01
2.177294943206640454e+01 2.118197099120433080e+01 2.155692930479307634e+01 2.159850619672498695e+01 2.216413324708926424e+01 2.206659226190476275e+01 2.202423296685441656e+01 2.153137136254239081e+01
2.062085791712403804e+01 2.127975908995376031e+01 2.060451483628922276e+01 2.108238514957264798e+01 2.162676657596623642e+01 2.153843528034868626e+01 2.104225883754432402e+01 2.120234935096675954e+01
2.027428494062901265e+01 2.055728895512286769e+01 2.085520899512918191e+01 2.064344477684346657e+01 2.081098259056487976e+01 2.054895174050632889e+01 2.078066249471905280e+01 2.037674312048448755e+01
1.955727591792656384e+01 1.986358521316225278e+01 2.003292711355159383e+01 2.030465197395617949e+01 2.004647616366366236e+01 2.049757210515112860e+01 1.990518956849602006e+01 1.986418168619859870e+01
1.932126913265306101e+01 1.891225498885737366e+01 1.945748166615915409e+01 1.947149994965767306e+01 1.967871053446141261e+01 1.935904241967871542e+01 1.960017840816741241e+01 1.915894836272040180e+01
1.886420677799607049e+01 1.854626113811259813e+01 1.899891860875706229e+01 1.903538808434959506e+01 1.915458709839357354e+01 1.953459501637331286e+01 1.897327701678123546e+01 1.833463356824173829e+01
1.846765446445864711e+01 1.826495819273521093e+01 1.833027241492146686e+01 1.832077793882447025e+01 1.838303152793890405e+01 1.905738430903049263e+01 1.807205597622336057e+01 1.833943158716779109e+01
1.773922547106966263e+01 1.796701562500000193e+01 1.791473334616865642e+01 1.826125308466211195e+01 1.811767032994417903e+01 1.776052109315042316e+01 1.792152757637277816e+01 1.763748269454969275e+01
1.704709983085572489e+01 1.729887074970771721e+01 1.689669053420375278e+01 1.731087583040250166e+01 1.786493614333832269e+01 1.765809759201252760e+01 1.772540662936266997e+01 1.701671060426540194e+01
1.659398888731596955e+01 1.675026949541284438e+01 1.717510431025994322e+01 1.677693293986535750e+01 1.714279431342716009e+01 1.771521384622501927e+01 1.691026537136655250e+01 1.679071691176470438e+01
1.617435576026119293e+01 1.626666554175665880e+01 1.631876737376959596e+01 1.649373892905017058e+01 1.676095570116487465e+01 1.689777708564045611e+01 1.668512731481481381e+01 1.621393459528829339e+01
1.572619019918093919e+01 1.577162277431308723e+01 1.586811008165829229e+01 1.605707216194404552e+01 1.635263675533907701e+01 1.641118704627949043e+01 1.610952294246176209e+01 1.592688222839450063e+01
1.547507535622944808e+01 1.506767782658856980e+01 1.571906294706723806e+01 1.566882676219295156e+01 1.581566603087295952e+01 1.587159877232142868e+01 1.565368578308954639e+01 1.543245981116221444e+01
1.491764339687446395e+01 1.493828673245613992e+01 1.503835885580622644e+01 1.532463737386917302e+01 1.549021796218487346e+01 1.534634314373897723e+01 1.518004336019621547e+01 1.491137729650140642e+01
1.470605040288558918e+01 1.471535848479552477e+01 1.471539555720265113e+01 1.486501628754416870e+01 1.509030229244640964e+01 1.517126995584239069e+01 1.480198462267401815e+01 1.447052997742467717e+01
1.423639963303526201e+01 1.415359374999999886e+01 1.418671422178656627e+01 1.432463861069897781e+01 1.470758264010507865e+01 1.450243001971879231e+01 1.438638655462184879e+01 1.413514712464830758e+01
1.379880119418909956e+01 1.355810059769521736e+01 1.408007812500000000e+01 1.396221197417920656e+01 1.417034442912747316e+01 1.403622681316844911e+01 1.401430821363334545e+01 1.383295256293096109e+01
1.321171178146679814e+01 1.356483054647640252e+01 1.349341434398368378e+01 1.379533856673083037e+01 1.397384738762160339e+01 1.402432900499345259e+01 1.370166323127278751e+01 1.329812005546040332e+01
1.303208541870117188e+01 1.298730838193568715e+01 1.302292897911269520e+01 1.318446523321816422e+01 1.346454326923077005e+01 1.338431006362757714e+01 1.330804933365446274e+01 1.302007177517185710e+01
1.274037150385498585e+01 1.272073610226186702e+01 1.303309130486641365e+01 1.299570975424271424e+01 1.306256147540983648e+01 1.315724123122403277e+01 1.291979268491365218e+01 1.268902170430882492e+01
1.223791751012145745e+01 1.238272015940902016e+01 1.254450213509316825e+01 1.272805202874537578e+01 1.272388441067571740e+01 1.272873841492395286e+01 1.265553397450708673e+01 1.236345880681818166e+01
1.222049296758569348e+01 1.190009631849315141e+01 1.217151140242010499e+01 1.236319194331349891e+01 1.256254970709186836e+01 1.258559001150306855e+01 1.210227561347296010e+01 1.210997022654977151e+01
1.174411957335329326e+01 1.180681569169207279e+01 1.177622733705630331e+01 1.186004951151166331e+01 1.195178076288968683e+01 1.198616704252577314e+01 1.188242081957370111e+01 1.174508119406946705e+01
1.152066781263825312e+01 1.135276129402756418e+01 1.159623124813877482e+01 1.146081553755522719e+01 1.160496859610649345e+01 1.180457552627650131e+01 1.146161527007791570e+01 1.153600782184509477e+01
1.111623291800643010e+01 1.114950575432999003e+01 1.129976071838256324e+01 1.113814112177564475e+01 1.160089634386643809e+01 1.150870937872245570e+01 1.118835106965537385e+01 1.112726633612077265e+01
1.103209508578074960e+01 1.093495020845011112e+01 1.101245117187500000e+01 1.099168539425254920e+01 1.120655745227606381e+01 1.119926281819496516e+01 1.094924485977913520e+01 1.074421421367336649e+01
1.068668961637376746e+01 1.053963633655733112e+01 1.072115127354451936e+01 1.079066366448326164e+01 1.091818989980381183e+01 1.082210930918281377e+01 1.053787601698544130e+01 1.050238543670299762e+01
1.030050198789028215e+01 1.031385434085841624e+01 1.040594557437150769e+01 1.057817974005044803e+01 1.063536283376399716e+01 1.054915092298817392e+01 1.046795855207150971e+01 1.028566942563994147e+01
1.007749653567367787e+01 1.009418174342105345e+01 1.016619947397563628e+01 1.010309404440288183e+01 1.026610388606377100e+01 1.030353041003839820e+01 1.034970413432215075e+01 9.958258974980941147e+00
9.756811429425043869e+00 9.829169245049504511e+00 9.621755069406642491e+00 9.817973453749315738e+00 1.008396505837912116e+01 1.014987782921810755e+01 1.004994343115743405e+01 9.798810972496426075e+00
9.469509978852761023e+00 9.501204134300900606e+00 9.539285653563656098e+00 9.744207160027473336e+00 9.706315313504823905e+00 9.811065436241609206e+00 9.743724832214764930e+00 9.422068921668362407e+00
9.333241277166798966e+00 9.156841056471224150e+00 9.242690995339547300e+00 9.470925632911392000e+00 9.529924102339967007e+00 9.712428695436509329e+00 9.551164438458487282e+00 9.222745329432882500e+00
9.194261509477424710e+00 9.045341862416107048e+00 9.035646760844748826e+00 9.212353924614967937e+00 9.229034004075394648e+00 9.318557426510247765e+00 9.082106389719260875e+00 9.106986921941620849e+00
8.840098876639238767e+00 8.932466720166162943e+00 8.768791611185086765e+00 8.852334756631631052e+00 9.013797068715378558e+00 9.094200570461383748e+00 8.998608035946860539e+00 8.799069990681832820e+00
8.651113538173847317e+00 8.523300541572751854e+00 8.703993716679361725e+00 8.639190650103653724e+00 8.772267798431968799e+00 8.943384935527328494e+00 8.790574596774193949e+00 8.725548860683272068e+00
8.369951017181911368e+00 8.356460628267363688e+00 8.390502929687500000e+00 8.569815639693144860e+00 8.432955954348932082e+00 8.670579474628556937e+00 8.546835760924158976e+00 8.358535474140641242e+00
8.169372782845560010e+00 8.095695949669361013e+00 8.244539095028166287e+00 8.440602932978196193e+00 8.435303569247679434e+00 8.428643037936081939e+00 8.309550147492625882e+00 8.161124576792859742e+00
7.983394234218077479e+00 7.968535958904109151e+00 8.079531480570585344e+00 8.059532208588956692e+00 8.047023544835623099e+00 8.207267727017937275e+00 8.011076299792277311e+00 8.072023109692787912e+00
7.742696016740810094e+00 7.789429155044870434e+00 7.819838156144170327e+00 7.836135779629852749e+00 7.946708120242626627e+00 7.989952748889927570e+00 7.794188096460497484e+00 7.663692303660216254e+00
7.632195216049383113e+00 7.563045267100484637e+00 7.484498744089834510e+00 7.664808453656264398e+00 7.764100931396190397e+00 7.778224203372539058e+00 7.586110742510025595e+00 7.559259252367057869e+00
7.401424309780066046e+00 7.413041569524151164e+00 7.372165722500569451e+00 7.582530319404418684e+00 7.499293921821306164e+00 7.468090197857649493e+00 7.409596919238802926e+00 7.331659149673855680e+00
7.142339565054260042e+00 7.121446612519809705e+00 7.171792709325160331e+00 7.186024757872678137e+00 7.268013482269085834e+00 7.487521849420191167e+00 7.305328063039421949e+00 7.209684956122625721e+00
7.106644767173812660e+00 7.022471831771530226e+00 6.991298546445605666e+00 7.066272756594036863e+00 7.081461479306487838e+00 7.222162725611149803e+00 7.101166873856881168e+00 6.974863460617499733e+00
6.878614738805969964e+00 6.821658572635135087e+00 6.814868169552507737e+00 6.948771499858437117e+00 6.871999411386986445e+00 7.011520937429822631e+00 6.933526278409090970e+00 6.838022719876620137e+00
6.673404701479697110e+00 6.674090344155130694e+00 6.718047201882844988e+00 6.731167275373461933e+00 6.801941496692393230e+00 6.861022798852183691e+00 6.751450021309943317e+00 6.667412808343910591e+00
6.526122105861883682e+00 6.478490136308338698e+00 6.463112317146943120e+00 6.594808032750608895e+00 6.579147589901067406e+00 6.505573240271418811e+00 6.580797243823075071e+00 6.487861944782055801e+00
6.324854785631211840e+00 6.379426830009727212e+00 6.310788262955333572e+00 6.399743533315276345e+00 6.419048141089891857e+00 6.499223131471095982e+00 6.330775580041747119e+00 6.390919131449104285e+00
6.278723228450555638e+00 6.178286345108696231e+00 6.257962386120042630e+00 6.228208055934158160e+00 6.293902447305519843e+00 6.320788116291532255e+00 6.307634882620975603e+00 6.193966223902569013e+00
6.086012446922834940e+00 5.972408997623676719e+00 5.957137834707798341e+00 6.057844542129025456e+00 6.145535714285713880e+00 6.205360977140591316e+00 6.032855319456110976e+00 6.051534075929343892e+00
5.964787840717743705e+00 5.842215714013224925e+00 5.941880700107295965e+00 5.929220722853535186e+00 6.007453585338066837e+00 6.009797277555578354e+00 5.844553245568300248e+00 5.941255970402463227e+00
5.779057327541893940e+00 5.696654606926188080e+00 5.687974440047589120e+00 5.653444677270327290e+00 5.788433708291202962e+00 5.823763564141054339e+00 5.701062578011233839e+00 5.779331322529523085e+00
5.656620892396907685e+00 5.597200325325325743e+00 5.562872525339524366e+00 5.580935112373486717e+00 5.614732552508156616e+00 5.678403571611646328e+00 5.591501232890498940e+00 5.570670495790694510e+00
5.487356992612353324e+00 5.453275660721423002e+00 5.443658838610115680e+00 5.496246528126885522e+00 5.539429911789801153e+00 5.517946902270923992e+00 5.542155631373725022e+00 5.476553898078173610e+00
5.406743780339806627e+00 5.264023313097133894e+00 5.294712151319735938e+00 5.306747391191325214e+00 5.457961899920650950e+00 5.352195662313432578e+00 5.346372834066640323e+00 5.424924180840420718e+00
5.222280555489032139e+00 5.212074296276282048e+00 5.181702816712248527e+00 5.166541909271816557e+00 5.272596644073896499e+00 5.219952334131327198e+00 5.212343291340508777e+00 5.220136454303674789e+00
5.159849359584801398e+00 5.074178983946750598e+00 5.045314766682785113e+00 5.103444851546195871e+00 5.107954197303921084e+00 5.125488281250000000e+00 5.064242800038528891e+00 5.090309920223037743e+00
4.999647014410729895e+00 4.928974816749463805e+00 4.949202099935137156e+00 5.019049522223302695e+00 4.983208769234377833e+00 4.997985374291022964e+00 4.992240990198836492e+00 4.971510667964457397e+00
4.843810707473862998e+00 4.789237835724797776e+00 4.799751859544048926e+00 4.912875631458756054e+00 4.922473893614987439e+00 4.923400935139119028e+00 4.822880504565342008e+00 4.858786306444025982e+00
4.733641340693636401e+00 4.666196364072787262e+00 4.721317963939167583e+00 4.656456018082502091e+00 4.737439656649908848e+00 4.754019918158925329e+00 4.683398619524696826e+00 4.692936669598629429e+00
4.601498223635003271e+00 4.563563593493712212e+00 4.556268346239948919e+00 4.571296946674311634e+00 4.649091809583565826e+00 4.619459029964801289e+00 4.637900002885502637e+00 4.626858412281507071e+00
4.532554608848249345e+00 4.511903682205695709e+00 4.456508204960245578e+00 4.459765905621408066e+00 4.517705610795454518e+00 4.520426138923935966e+00 4.464743084339520607e+00 4.497250771465388652e+00
4.414935099139460917e+00 4.368651903301461026e+00 4.312136268650008653e+00 4.325182353208507635e+00 4.405643075049168189e+00 4.406591315897482986e+00 4.316080729166666963e+00 4.423678564159391868e+00
4.310522720639107241e+00 4.313547454740993103e+00 4.249397751605995310e+00 4.269091197277095517e+00 4.293642501095530584e+00 4.312376829954954971e+00 4.237355721324180813e+00 4.312605920469650300e+00
4.211297852664237062e+00 4.126734468513466147e+00 4.140195737987526492e+00 4.133995765437392222e+00 4.158515736647016681e+00 4.176502869954169306e+00 4.129254240211107430e+00 4.173918823715019322e+00
4.133616628400623938e+00 4.050696587981879482e+00 3.993828637855580066e+00 4.025251189665025819e+00 4.049562462683384823e+00 4.124661129731861386e+00 4.075932539470306537e+00 4.105843759515420466e+00
3.972747810595002704e+00 3.973122078701364579e+00 3.919915029135997653e+00 3.938552799721189324e+00 3.971191153123380335e+00 3.954522207693605296e+00 3.967030709342560524e+00 4.036102305398214796e+00
3.900396299777815656e+00 3.853641340411413374e+00 3.803369920945256943e+00 3.914016093104339067e+00 3.848063476562499918e+00 3.939869915949377521e+00 3.848697079597361181e+00 3.927001984043226646e+00
3.884323852611152983e+00 3.771506458887595503e+00 3.779651488144586402e+00 3.735817872300972731e+00 3.795101243622448717e+00 3.801391357259005677e+00 3.751960652123827344e+00 3.808623774357057012e+00
3.718728239998312368e+00 3.720821865757476310e+00 3.681364549011532095e+00 3.674303296942326380e+00 3.700168443436783416e+00 3.687456215231650791e+00 3.646708588232879134e+00 3.703756072707809821e+00
3.640802628143327890e+00 3.615910259046052566e+00 3.588016716073781254e+00 3.577281910644050988e+00 3.617051003378935370e+00 3.588624245601473195e+00 3.558557110827710979e+00 3.612698126801152654e+00
3.577515774095902046e+00 3.540674693956401775e+00 3.464555944537369481e+00 3.505845205585325974e+00 3.478144858027670594e+00 3.499010090046631216e+00 3.503370035899724400e+00 3.490987018663847863e+00
3.465412348043874324e+00 3.420873315898730116e+00 3.433652084830697948e+00 3.395235382203324104e+00 3.404134034915973217e+00 3.443581763629784298e+00 3.364385997939125073e+00 3.479511856118127078e+00
3.402647766946493402e+00 3.329967369477911721e+00 3.293705238375231215e+00 3.322051276870857883e+00 3.324534226993983488e+00 3.365400670881560252e+00 3.267798416116092231e+00 3.389430734447118176e+00
3.290334273845912705e+00 3.249670774377114935e+00 3.267744573890839277e+00 3.220959872429550508e+00 3.270512299952463842e+00 3.270771203261889859e+00 3.227975385911299178e+00 3.347105035229086756e+00
3.241822549882628746e+00 3.181143840226856145e+00 3.164854241868498619e+00 3.185715957963374034e+00 3.179983318932411596e+00 3.168782327998317605e+00 3.151424560546875142e+00 3.233303071403569984e+00
3.188271940769111801e+00 3.105783732034795630e+00 3.102801168259747833e+00 3.072577463524342356e+00 3.129725633302440801e+00 3.099311664489858398e+00 3.076168599443513063e+00 3.146923083323823533e+00
3.106622046603354281e+00 3.076404319825248646e+00 3.012817951947661221e+00 3.017360980870217535e+00 3.004381775731452375e+00 3.053625030702085574e+00 2.969951269955779072e+00 3.101414618230301290e+00
3.022051523016107577e+00 2.970510975929813835e+00 2.909033912262315003e+00 2.932154139279238514e+00 2.942165175196552962e+00 2.921420378245299876e+00 2.914024122392684379e+00 3.005988800713749409e+00
2.941619935455010104e+00 2.894618655683169450e+00 2.851863475276780413e+00 2.860758620529752161e+00 2.854105091901049551e+00 2.913349634046663805e+00 2.833882817090187967e+00 2.927452088816398845e+00
2.879659129004783935e+00 2.841628222366468837e+00 2.797202326642335812e+00 2.793121846665691521e+00 2.820834106083085935e+00 2.806474632191880758e+00 2.738723466981131782e+00 2.886302471458463081e+00
2.802347966894566778e+00 2.781169039957958500e+00 2.742853125440264606e+00 2.723184766022380465e+00 2.732132564202610414e+00 2.746122862779482698e+00 2.700657141381664239e+00 2.839293655000179939e+00
2.736771377431556296e+00 2.720988475177304800e+00 2.665178818675232542e+00 2.613662645886706493e+00 2.677229936859443438e+00 2.693938355860650002e+00 2.654686988933711245e+00 2.762987714810678508e+00
2.676051368975257638e+00 2.631204156345939182e+00 2.593813129075701607e+00 2.566531396838958035e+00 2.599561153093255861e+00 2.601612509283491637e+00 2.584492934975194611e+00 2.685504895364895006e+00
2.644605095327604793e+00 2.593779733327513881e+00 2.551353002793296021e+00 2.514819723353461711e+00 2.526794623304605913e+00 2.571671074857752703e+00 2.504736788314108953e+00 2.610111394857344447e+00
2.550861176073856207e+00 2.531836720153378462e+00 2.508636103677486240e+00 2.460783738194539882e+00 2.443813309851912585e+00 2.482532257373113893e+00 2.462888194732475888e+00 2.567765944864957905e+00
2.509323706076259430e+00 2.446134086864113932e+00 2.421189598300635293e+00 2.408781688649564323e+00 2.396084464918682322e+00 2.428370383572123981e+00 2.390131180843706904e+00 2.484186118653154196e+00
2.448420491351676276e+00 2.393777993367067758e+00 2.368590692749522830e+00 2.338774750137381453e+00 2.375994461758760501e+00 2.340696041834812835e+00 2.352827456720977484e+00 2.448749681176670911e+00
2.390737319449109943e+00 2.350684177882000903e+00 2.286151153560329607e+00 2.278891215992036923e+00 2.301640327299945721e+00 2.313348704370958853e+00 2.285743158681628806e+00 2.395583495846418831e+00
2.352589592133051521e+00 2.290601245418759202e+00 2.263742726888571255e+00 2.239458989922900045e+00 2.244093647875817332e+00 2.253416788376309654e+00 2.235144240326000453e+00 2.356626411738366400e+00
2.284992929677163165e+00 2.223024534755543957e+00 2.194706684168012956e+00 2.184650634734200292e+00 2.175991368065840703e+00 2.193894495151633706e+00 2.176337143400847385e+00 2.268716315884893309e+00
2.256631558718507957e+00 2.193903928456072183e+00 2.158803418454093404e+00 2.134552128683858019e+00 2.125531730272504305e+00 2.138094067968646428e+00 2.128479003906250000e+00 2.238206891476417937e+00
2.192799953857964113e+00 2.121989361103971294e+00 2.090866503818146871e+00 2.072608626268627852e+00 2.102509377829517412e+00 2.079132918860775892e+00 2.059191400696329666e+00 2.197225440362966076e+00
2.127949430187817903e+00 2.078503712674713899e+00 2.012402765752097089e+00 2.033936480372164457e+00 2.040476192861264249e+00 2.019042843613851890e+00 2.018479586532309966e+00 2.112996485131232394e+00
2.080825293624160910e+00 2.040909606746942107e+00 2.000982788988778349e+00 1.992231922858225701e+00 2.000929407806726790e+00 1.978105926997463460e+00 1.961457557005581664e+00 2.066434314103379410e+00
2.055442870882516537e+00 1.990976033626471020e+00 1.928760073494640626e+00 1.925249366687777242e+00 1.943088721778206240e+00 1.940770343190576730e+00 1.925709955547541208e+00 2.023176485840902483e+00
1.991472414811590541e+00 1.963196858131433631e+00 1.907777111863304009e+00 1.885581449324947645e+00 1.901564088900187688e+00 1.900337159977136148e+00 1.863842302775889692e+00 1.973129812498047642e+00
1.940777269472208522e+00 1.918140725573365568e+00 1.862864347358077266e+00 1.836700488779062335e+00 1.837153145820714650e+00 1.846377532665907539e+00 1.841250343071480833e+00 1.945738999823797943e+00
1.902175391606891308e+00 1.848384081996168105e+00 1.808662396419637330e+00 1.805103028574859048e+00 1.799948740523212409e+00 1.795891802277966631e+00 1.785668454199062172e+00 1.912659001398984149e+00
1.863016073146533502e+00 1.818843232147114852e+00 1.780242989454670743e+00 1.753133227188336862e+00 1.760978417358901815e+00 1.755146723017489307e+00 1.751231588375796289e+00 1.871799927600384050e+00
1.811902363940407268e+00 1.781384171799123672e+00 1.732126537981455217e+00 1.731512299459249560e+00 1.716863935591660617e+00 1.707663260856489895e+00 1.699014135791851121e+00 1.819838132894815441e+00
1.780454950747282661e+00 1.736318562153433387e+00 1.682374774285082530e+00 1.675852708590263251e+00 1.672825486989012234e+00 1.680950961566812119e+00 1.665636894399858514e+00 1.785459637990029824e+00
1.747867116179594671e+00 1.698371303635323626e+00 1.662614235476597591e+00 1.633600028148180838e+00 1.633240648660238881e+00 1.648969017757925037e+00 1.616204161398917982e+00 1.746597486542579736e+00
1.717456945383530886e+00 1.667361268496315496e+00 1.611554729404734099e+00 1.595818288348146874e+00 1.603392675278730639e+00 1.601904456667835541e+00 1.598272265127849145e+00 1.693813522895446955e+00
1.674580968333902353e+00 1.644404302562609166e+00 1.589415857287828304e+00 1.564520720302684298e+00 1.558927182666589140e+00 1.547510360615248937e+00 1.540308984733700592e+00 1.656249323026486753e+00
1.618302395880778954e+00 1.588243266274077525e+00 1.544928393383580012e+00 1.514473503866574200e+00 1.524310350901916467e+00 1.521139911492610519e+00 1.506481266648719064e+00 1.630770490535582207e+00
1.599475353217933549e+00 1.556843191345620880e+00 1.507287682231524206e+00 1.488509857847483797e+00 1.490345126141847665e+00 1.487249468144664633e+00 1.475829524518140756e+00 1.578713159460182425e+00
1.555493551587301626e+00 1.514147600292462092e+00 1.485216609028474188e+00 1.451418360213535319e+00 1.455044215098820537e+00 1.448808244706682125e+00 1.438543064407916905e+00 1.551743442098528547e+00
1.518531758839880341e+00 1.490392533213224846e+00 1.440544798902855916e+00 1.429748850219659584e+00 1.401431047220825121e+00 1.415650395861260069e+00 1.409663373034547806e+00 1.525985464229243416e+00
1.508506569552800158e+00 1.459565281529687786e+00 1.392977652099956165e+00 1.386360321028063280e+00 1.390313821970113217e+00 1.371603131786102159e+00 1.384653962745528544e+00 1.491013237722327300e+00
1.462643716577540109e+00 1.421168636437819544e+00 1.385244004340656421e+00 1.363505732548701221e+00 1.347763093053289785e+00 1.356908120067952694e+00 1.331268682065217535e+00 1.459320685553926689e+00
1.447700368576102514e+00 1.392813612673950763e+00 1.360237028046001884e+00 1.329155513872966488e+00 1.318450771233974361e+00 1.318524592769568571e+00 1.314311958121758828e+00 1.427924260689236613e+00
1.409031955229112620e+00 1.363399602101496022e+00 1.315413732627837895e+00 1.293101723086654831e+00 1.278827333306382208e+00 1.285910616224337666e+00 1.284406036185955280e+00 1.399474609011357451e+00
1.382936124649970955e+00 1.350037048188717836e+00 1.295327890098496582e+00 1.261498157540819731e+00 1.253209950580174148e+00 1.247937634192163081e+00 1.243759161692784998e+00 1.373127520963804304e+00
1.339030340768968319e+00 1.308152182667525754e+00 1.260264988033774403e+00 1.245885966464984618e+00 1.220284229455222968e+00 1.207622133397932673e+00 1.212095616827480793e+00 1.335645399863563565e+00
1.321145160393890183e+00 1.276551446468005224e+00 1.233977757656750329e+00 1.204940442678328116e+00 1.194918758629947897e+00 1.197212744389773986e+00 1.188781206218866737e+00 1.317575185995552900e+00
1.294063554646936565e+00 1.260464469726062520e+00 1.187710041376752290e+00 1.171212289725010347e+00 1.167673512540368774e+00 1.164469569391290760e+00 1.160396594390382008e+00 1.292236096129645295e+00
1.262809650136922590e+00 1.225549739214097711e+00 1.177423220747120469e+00 1.141277856531931034e+00 1.151722192594243577e+00 1.140330432592714160e+00 1.139612441136525156e+00 1.266209552093661816e+00
1.247611280373948084e+00 1.209614296978119619e+00 1.153660650642157837e+00 1.123862518151941270e+00 1.113843199679584339e+00 1.107382411919991760e+00 1.114845968334854387e+00 1.252659496454665344e+00
1.227397111009446595e+00 1.178714181893687707e+00 1.133342518480674244e+00 1.104457380106127262e+00 1.091352806666997521e+00 1.076626587830231241e+00 1.087067445706440205e+00 1.217013378561779158e+00
1.187887320841165328e+00 1.149110744443746945e+00 1.096761359393667812e+00 1.066422590120570835e+00 1.065891328077813727e+00 1.065606517643242102e+00 1.058525448753720344e+00 1.179201565262319118e+00
1.171019951015253246e+00 1.131458928081679360e+00 1.080415599632779111e+00 1.045724165827364827e+00 1.038012465415979024e+00 1.036838321235236116e+00 1.043396973228231106e+00 1.162272295898244989e+00
1.149008640083990507e+00 1.112442120602140649e+00 1.054706787012455349e+00 1.025356986272375481e+00 1.013160236989419261e+00 1.004767364318005063e+00 1.011549812444836771e+00 1.138464835840103495e+00
1.116678392484974802e+00 1.084203114521460121e+00 1.031799458019141635e+00 9.997060076790565963e-01 9.935190233628107270e-01 9.854981266825305619e-01 9.930088247558498393e-01 1.126018047757885387e+00
1.107874081951716105e+00 1.072668473335241401e+00 1.019883208126313834e+00 9.851523059922002723e-01 9.659281753296515838e-01 9.688029143969340007e-01 9.636232823047251594e-01 1.107142442783060732e+00
1.079967944844588468e+00 1.052671245556872082e+00 9.913138547858288963e-01 9.580249289436286730e-01 9.465751691183414973e-01 9.476148752736011094e-01 9.529402299360795192e-01 1.085132880852447412e+00
1.057968684681127813e+00 1.016070330158692858e+00 9.738614719382926443e-01 9.350860335856197025e-01 9.221875331600168924e-01 9.158707317001596460e-01 9.333999495491880349e-01 1.065972191385435197e+00
1.036193450354323531e+00 1.000095975530189030e+00 9.495965910422918821e-01 9.113512709778736065e-01 8.971411549665435636e-01 9.026938936411721404e-01 9.115303023277381289e-01 1.046847622301654068e+00
1.029886649892122641e+00 9.802205648766942891e-01 9.333972250532752701e-01 8.962167278568150541e-01 8.808917218523572013e-01 8.741229873614957402e-01 8.802070055390748271e-01 1.027186746236983028e+00
1.011078993413812022e+00 9.659420779472296381e-01 9.077213706308706609e-01 8.777779194846082600e-01 8.602742487190532250e-01 8.722733780838434203e-01 8.711780073616962605e-01 1.017362274724456395e+00
9.991300284480787441e-01 9.395073002971900955e-01 8.973801010347066676e-01 8.529140848893963511e-01 8.371406120594460099e-01 8.379197392492546692e-01 8.498291794915640018e-01 9.896908955748269232e-01
9.774644873480863305e-01 9.378257534728425826e-01 8.700565988214575830e-01 8.399279194041164853e-01 8.237511077582339025e-01 8.170028818443803020e-01 8.230714312113355247e-01 9.683227415256147053e-01
9.565170311006417903e-01 9.171784116331096470e-01 8.588415067173157391e-01 8.188118544418832023e-01 8.049279907923349020e-01 8.022118213985743873e-01 8.070574525904531393e-01 9.601664731732730829e-01
9.438487708976769364e-01 8.888401527189265794e-01 8.412260789450315412e-01 8.024774894653601276e-01 7.894630085735695468e-01 7.835109861141542620e-01 7.945311462667079550e-01 9.413107754092014945e-01
9.228640688513484180e-01 8.821839397686125350e-01 8.212091939761422266e-01 7.898621789572310981e-01 7.691679980167475117e-01 7.599634459422055510e-01 7.818803517831920402e-01 9.345475133754863606e-01
9.026117963237825226e-01 8.667262883771928994e-01 8.076004853839442443e-01 7.680093712836945086e-01 7.521875813731446758e-01 7.407650712300207774e-01 7.636884817574344231e-01 9.185907421168963971e-01
8.978992549899343922e-01 8.470128575734328091e-01 7.883152321661592854e-01 7.518072650255753775e-01 7.300343424621577038e-01 7.294698742509484468e-01 7.485090926172246473e-01 9.116610425917903715e-01
8.854614656803715400e-01 8.354136396165856571e-01 7.838956787931398162e-01 7.431991251361654838e-01 7.138796556607762689e-01 7.128759430401060415e-01 7.227613374327440665e-01 8.918076491877585665e-01
8.730994981431429158e-01 8.246543437447558800e-01 7.665351417336444539e-01 7.205330670130142279e-01 6.987413755929280379e-01 6.935754438489238893e-01 7.173231202526244576e-01 8.723818759989344640e-01
8.601025284200178866e-01 8.100185573021251306e-01 7.497550492427466073e-01 7.071113029416786766e-01 6.929334353752203413e-01 6.814593943312713398e-01 6.931491657838984022e-01 8.624719735393151510e-01
8.383681360971699803e-01 7.957351868411144391e-01 7.404634361715428659e-01 6.906351241546249131e-01 6.707536121532754469e-01 6.649303962676159641e-01 6.782357352120536031e-01 8.469996529520642525e-01
8.286649028962965735e-01 7.897704188576515349e-01 7.252695487059335200e-01 6.778448989348576648e-01 6.476860743754653260e-01 6.524143536490683015e-01 6.701436120374577587e-01 8.393413332299420881e-01
8.201440116712255257e-01 7.749730904213529836e-01 7.122142201716294974e-01 6.586277173913044347e-01 6.416569212603518979e-01 6.368758379102357203e-01 6.522486276475586431e-01 8.308893321221985095e-01
8.133286824700992623e-01 7.620014327956435851e-01 6.965466625463535566e-01 6.497746264840673636e-01 6.245942344961239456e-01 6.239627494161250620e-01 6.397860309741745244e-01 8.198734083126576477e-01
8.073816830883540074e-01 7.512520216894275071e-01 6.918192198735557685e-01 6.362846438778579916e-01 6.106373895588474987e-01 6.039174622070472287e-01 6.261259903302747176e-01 8.137192155776198366e-01
7.914370007307600652e-01 7.388217674698303039e-01 6.725675942188616974e-01 6.228672292354824336e-01 6.005579357078852931e-01 5.939606665644110439e-01 6.139028056112224574e-01 7.924851648033146567e-01
7.911920064641337902e-01 7.332453597143531177e-01 6.563795139878286777e-01 6.169879930134912760e-01 5.880670727162004008e-01 5.785582078477966572e-01 5.983025482886309421e-01 7.989494880119880627e-01
7.761770402634627919e-01 7.263308828599007727e-01 6.493092648268955491e-01 6.006009391253730456e-01 5.797259448017464400e-01 5.675000279084305710e-01 5.907453479972100130e-01 7.870956782535708518e-01
7.625518013790650862e-01 7.111955849865402302e-01 6.344391891397282990e-01 5.885156553044995631e-01 5.630156453209977929e-01 5.534016364252593023e-01 5.752325309265212683e-01 7.726922306278833918e-01
7.586696223463244015e-01 7.037286462784554386e-01 6.308694042733213880e-01 5.799558547127311448e-01 5.503976953762929059e-01 5.446219761022219608e-01 5.637649019813270046e-01 7.713777374478003601e-01
