nan nan nan nan nan nan nan 0.000000000000000000e+00
8.546896484375000000e+03 nan nan nan 5.521415039062500000e+03 1.604359497070312500e+03 nan -8.278265380859375000e+01
6.224719531250000728e+03 nan nan 5.571975260416666060e+03 nan 8.787841796875000000e+03 7.084969726562500000e+03 1.100427734375000000e+04
6.315692382812500000e+03 nan 5.543746744791666060e+03 nan 7.973524902343750000e+03 9.422585937500000000e+03 1.401145833333333212e+04 1.009947656250000000e+04
9.113092447916666060e+03 5.425795572916666060e+03 nan 7.268430175781250000e+03 nan 8.845873697916666060e+03 4.887389973958333030e+03 7.075198918269231399e+03
7.573980113636363967e+03 6.554647656250000182e+03 6.230219866071428442e+03 nan 8.928454545454545951e+03 1.026611458333333212e+04 1.741771651785714130e+04 3.402953409090908826e+04
5.085273437500000000e+03 6.907978298611110404e+03 7.143689062500000546e+03 7.282151855468750000e+03 6.657741210937500000e+03 1.347255078125000000e+04 1.346193457031250000e+04 1.828827604166666424e+04
3.296876953125000000e+03 6.004845703125000000e+03 4.697788411458333030e+03 5.054978794642856883e+03 6.039397017045454959e+03 1.401056009615384755e+04 1.741959943181818380e+04 1.913156111111111022e+04
4.991057565789473301e+03 5.054690290178571558e+03 4.356089192708333030e+03 6.231207932692307622e+03 1.246294754464285688e+04 1.389072005208333212e+04 1.438396875000000000e+04 1.471228188775510171e+04
4.451413043478260988e+03 4.969883112980769511e+03 4.767853860294118022e+03 6.619625000000000000e+03 9.038226562500000000e+03 1.115402812500000073e+04 1.100641145833333212e+04 1.488789897260273938e+04
4.407302083333333030e+03 3.755064670138888687e+03 4.583901278409090992e+03 7.892720108695652016e+03 1.186777297794117658e+04 1.046546448863636397e+04 1.204930163043478206e+04 1.406716883116883218e+04
3.789845025510203868e+03 4.667546875000000000e+03 4.168111607142856883e+03 6.208080468750000364e+03 6.267449810606060964e+03 8.117785714285713766e+03 1.117454687500000000e+04 1.022387946428571377e+04
4.176566086065574382e+03 3.561432926829268581e+03 4.053769176136363967e+03 7.092670608108108354e+03 6.954864583333333030e+03 8.967837837837838379e+03 8.911369212962961683e+03 1.280501420454545405e+04
3.326060634328357992e+03 3.092318025914634291e+03 3.931968750000000000e+03 5.153581896551723730e+03 6.285820833333333212e+03 7.428480587121212011e+03 8.388625000000000000e+03 1.074419655172413695e+04
3.286671408582089498e+03 3.133321056547618809e+03 3.820792708333333394e+03 5.736879755434782055e+03 5.721190625000000182e+03 6.481739583333333030e+03 7.246764358108108354e+03 8.029587191358024029e+03
2.542520246478873105e+03 2.661355902777777828e+03 3.801401928191489333e+03 4.937889322916666060e+03 5.022391237745097897e+03 5.513584375000000364e+03 6.408587500000000546e+03 7.793014322916666060e+03
2.460141702586206975e+03 2.388632370283018645e+03 4.444697048611111313e+03 4.186394132653061206e+03 4.860890625000000000e+03 5.489128656914893327e+03 6.047123774509804207e+03 6.364376903553298689e+03
2.164155172413793025e+03 2.391662109375000000e+03 3.541273726851851734e+03 3.624863760964912217e+03 4.452607421875000000e+03 4.995922348484848953e+03 5.236620833333333394e+03 6.628164156626505246e+03
2.221093321917808225e+03 2.096305803571428442e+03 2.811539930555555202e+03 3.423550828313253078e+03 4.316632812500000000e+03 4.677592261904761472e+03 4.977322048611110404e+03 5.816221343873517071e+03
2.128213879870129858e+03 2.391598958333333485e+03 3.007308268229166515e+03 3.627452850877192759e+03 3.789878997093023372e+03 4.298949553571428623e+03 4.946625000000000000e+03 5.622195491803278856e+03
2.017476022012578824e+03 2.296537234042553337e+03 3.083096634615384573e+03 3.004301020408162913e+03 3.909610445205479209e+03 4.024777698863636488e+03 4.677902861445782946e+03 4.990415335463258998e+03
1.838985119047619037e+03 2.287254206730769511e+03 2.984141151685393197e+03 2.971829358552631220e+03 3.285431930693069262e+03 3.835743822674418425e+03 4.402476470588235316e+03 5.346247015915118936e+03
1.794124658469945416e+03 2.037402537128712993e+03 2.642779481132075489e+03 2.878621559633027573e+03 3.397450892857142662e+03 3.533021726190476329e+03 3.900067708333333030e+03 4.990603855721393302e+03
1.619643035714285816e+03 1.858729078389830420e+03 2.468267454954955156e+03 2.804986647727272612e+03 3.030873949579831788e+03 3.455687500000000000e+03 4.040727796052631220e+03 4.632212359550561814e+03
1.626708726415094361e+03 1.974263980263157691e+03 2.249553008177570064e+03 2.697413163716814324e+03 2.601499441964285779e+03 3.064716911764705856e+03 3.632282346491228054e+03 3.819627006880734370e+03
1.502060409330985976e+03 1.690206000000000131e+03 2.133006202290076089e+03 2.379045223577235902e+03 2.479356295620437777e+03 2.660370397286821571e+03 3.403269531250000000e+03 3.733634242144177279e+03
1.318501302083333258e+03 1.768923387096774150e+03 1.889305503731343151e+03 2.117626655629138895e+03 2.453003968253968196e+03 2.764138076241134513e+03 2.919122702205882433e+03 3.640772018348623988e+03
1.272754193290734747e+03 1.608178222656250000e+03 1.701206647398843870e+03 2.020400140977443471e+03 2.272789201183431942e+03 2.671404017857142662e+03 2.881006518404908093e+03 3.495649786324786419e+03
1.258435514214046862e+03 1.538906785714285661e+03 1.845266964285714266e+03 1.863904367469879617e+03 2.176980803571428623e+03 2.289273291925465855e+03 2.738872888513513772e+03 3.244162781350482419e+03
1.145927899096385545e+03 1.569265957446808443e+03 1.628762121212121201e+03 1.889949476047904227e+03 1.907678019662921315e+03 2.227508977900552509e+03 2.647411915204678280e+03 3.057688302425106940e+03
1.191602705792682855e+03 1.417335732984293372e+03 1.546141216216216208e+03 1.668271399456521749e+03 1.873406785714285661e+03 2.210658917682927040e+03 2.416455902777777737e+03 3.031495535714285779e+03
1.130607882724719047e+03 1.462594387755101934e+03 1.587997524752475329e+03 1.864572610294117567e+03 1.768633536585365846e+03 2.152124085365853716e+03 2.270231617647059011e+03 2.875409235668789734e+03
1.094526109307359320e+03 1.454800422705313849e+03 1.456250603864734330e+03 1.597036300505050576e+03 1.812853749999999991e+03 1.940379734848484986e+03 2.236642790841583974e+03 2.615033210332103408e+03
1.034625270562770538e+03 1.438374127906976810e+03 1.400800239234449691e+03 1.498145494186046562e+03 1.631597457627118729e+03 1.937817849099099021e+03 2.380743392070484788e+03 2.582404066437571601e+03
9.582207840236686707e+02 1.181528475467289582e+03 1.384881194933920824e+03 1.513976593625498026e+03 1.617868895348837214e+03 1.802833247950819668e+03 2.024584956709956714e+03 2.418216115261473078e+03
9.357220158811476267e+02 1.158915056818181711e+03 1.280138237847222172e+03 1.364693493150684844e+03 1.537838447653429739e+03 1.720712163677130093e+03 1.985429901960784264e+03 2.257981444332999217e+03
9.247263529693485680e+02 1.119244466145833258e+03 1.140375418526785552e+03 1.262726828231292529e+03 1.480726255458515197e+03 1.547871368838028275e+03 1.834130107003890998e+03 2.096537560975609722e+03
8.390371131528046362e+02 1.138335416666666788e+03 1.130305465867158546e+03 1.251606663223140458e+03 1.440939680232558203e+03 1.659053459821428532e+03 1.769608062977099280e+03 2.200099864743011494e+03
7.939473805147058556e+02 1.062595416666666779e+03 1.080748191318328054e+03 1.125092833876221448e+03 1.295962765957446663e+03 1.431112637362637315e+03 1.645890306122448919e+03 2.077795836837678507e+03
7.493156798245614709e+02 9.815714432565788456e+02 1.056741504854368941e+03 1.141751628664495229e+03 1.268257328990227961e+03 1.439289087301587188e+03 1.613944511217948730e+03 1.850011115602263544e+03
7.877148783185840557e+02 1.027334918478260761e+03 1.056245184748427619e+03 1.133745207055214678e+03 1.261533746006389720e+03 1.359735094572368325e+03 1.606318076923076887e+03 1.870737637362637543e+03
7.622821380243573230e+02 9.190284984276729574e+02 1.009416351963746251e+03 1.117576178115015864e+03 1.196765492209631702e+03 1.308952816901408596e+03 1.528792038690476147e+03 1.849329305135951699e+03
7.361960664335664433e+02 8.551339026162791015e+02 9.741137102601155675e+02 1.004037275064267305e+03 1.167558126822157419e+03 1.249220530626780601e+03 1.497690817039106150e+03 1.717202664796633826e+03
7.047474606815203515e+02 8.281924055232558430e+02 9.312562046004843523e+02 9.324429824561402711e+02 1.091521804156171356e+03 1.237772168803418936e+03 1.385494523195876354e+03 1.654706081081081265e+03
6.924088575096276372e+02 8.630233424574209948e+02 9.043098739495798100e+02 9.515802919708029322e+02 1.032964409722222172e+03 1.171785213414634200e+03 1.314054232804232697e+03 1.594507046764894085e+03
6.993812257438551114e+02 8.070782710280373067e+02 8.758328771289537826e+02 9.152020234986945297e+02 9.956888463718821640e+02 1.127461152882205397e+03 1.312448362720402883e+03 1.510922008547008545e+03
6.353142080745342355e+02 7.486620423340960997e+02 7.876825619103773306e+02 8.982460011848341992e+02 9.439623756218904873e+02 1.145247969837586879e+03 1.270231509779951011e+03 1.443131205673758814e+03
6.042357604679802989e+02 7.240171527777778238e+02 7.809227698237885988e+02 8.227785064239828898e+02 9.274345439189189619e+02 1.047269423738532168e+03 1.202593337004405385e+03 1.410401993355481636e+03
6.016402316213494714e+02 6.945171807359307650e+02 7.304881868131867577e+02 8.213982282366071104e+02 8.680675271739130494e+02 1.032602822580645125e+03 1.147114537444934058e+03 1.418736401098901069e+03
5.810693476095617598e+02 6.850612824675324646e+02 7.428831317204301286e+02 7.534784414556961565e+02 8.963333333333332575e+02 9.775739731237322303e+02 1.160147951244813385e+03 1.319301746956061379e+03
5.797584838867187500e+02 6.709112630208333030e+02 7.046815711462450054e+02 7.429321099806201119e+02 8.319599056603774443e+02 9.205128188775511262e+02 1.073153942115768359e+03 1.301970872583043956e+03
5.640871177015754938e+02 6.676387602880658960e+02 6.952855138169256861e+02 7.365819838056680737e+02 7.762903525046382356e+02 9.131641377649325477e+02 1.056760727611940183e+03 1.215575011831519078e+03
5.514744776828110844e+02 6.286648220486110858e+02 6.606813256048386620e+02 7.008512931034482563e+02 7.640161113813229576e+02 8.580075549450549488e+02 1.009690560263653424e+03 1.231214484679665702e+03
5.248270099367659896e+02 6.060206228956228642e+02 6.532625229779412166e+02 6.940098899812734317e+02 7.620286979166667152e+02 8.398788593481989437e+02 9.945908482142856428e+02 1.127747540250447173e+03
5.136264894592117116e+02 6.043879052901023670e+02 6.250871984193012167e+02 6.721385077186963599e+02 7.769835349462365457e+02 8.228285503629763298e+02 9.635377358490566166e+02 1.132077331887201581e+03
4.848726466725044020e+02 5.798903206168831730e+02 6.069998990306946780e+02 6.658635000000000446e+02 7.216136175496689020e+02 8.102245370370370665e+02 9.493249591503267766e+02 1.079246780684104579e+03
4.796602033132530210e+02 5.625961615755627463e+02 5.741629537953795079e+02 6.263641393442622984e+02 6.909649560702874851e+02 7.872022029505582168e+02 9.316887096774194106e+02 1.065773478971008672e+03
4.913857196122296500e+02 5.391822253184714100e+02 5.928963002318392910e+02 6.105424960191082846e+02 6.628315503003002505e+02 7.203997827804107601e+02 8.793792726550079806e+02 1.026732102056359508e+03
4.562400936599423176e+02 5.175002911490682891e+02 5.697812500000000000e+02 5.701042401269393167e+02 6.395337732919253995e+02 7.182698619081779725e+02 8.618906477438137017e+02 1.006783232628398764e+03
4.281755338078291970e+02 4.983398557692307804e+02 5.249927364864864785e+02 5.817812014751552852e+02 6.160334635416667197e+02 7.250120156482861375e+02 7.714903982930298980e+02 9.607861010830324631e+02
4.313379662209711682e+02 4.949751886482939653e+02 5.264120889387145326e+02 5.641344068877550626e+02 6.279238197424892860e+02 6.794750000000000227e+02 8.155267983074753602e+02 9.623232758620688401e+02
4.320087149692413391e+02 4.784840702210663039e+02 5.032617716802167820e+02 5.337479346264367450e+02 5.799804841897233700e+02 6.614774519890260081e+02 7.688448979591836405e+02 9.111235264398786740e+02
3.997699495827537817e+02 4.686134433962263870e+02 4.853474005134787603e+02 5.128067246835443029e+02 5.973403386118599201e+02 6.576426520270271112e+02 7.641703511053316333e+02 8.741417618270799039e+02
3.871791666666666174e+02 4.641024500624219513e+02 4.653351581508516119e+02 5.161292399497488077e+02 5.544949783683559872e+02 6.304494810744811275e+02 7.233038819875777108e+02 8.842057235421166297e+02
4.020014967873831324e+02 4.511087641866330387e+02 4.710559272670025166e+02 4.987533468244084816e+02 5.646033624387255259e+02 6.364176790281330796e+02 7.173865480649188839e+02 8.228885345364031991e+02
3.850080011229646288e+02 4.386762782401901859e+02 4.559888338414634177e+02 4.961341283863368403e+02 5.297563153310104553e+02 6.049084668192219851e+02 7.062812865497076018e+02 8.231337053571429578e+02
3.874101207386363512e+02 4.360845230862697122e+02 4.308874854819976576e+02 4.653528454133635819e+02 5.118043742405831722e+02 5.757415738569753785e+02 6.923545932878270150e+02 7.877828157046586739e+02
3.604215214932127083e+02 4.124778190559440532e+02 4.271400773195876468e+02 4.584903361966825059e+02 4.967173219978745919e+02 5.848477279243119256e+02 6.495625693673696333e+02 7.750970325996099746e+02
3.593153727952965824e+02 4.038515298117154657e+02 4.249897885283893402e+02 4.399884103822313932e+02 5.005903089887640931e+02 5.460191857440166814e+02 6.221888827433627966e+02 7.528285772247768364e+02
3.421883491847826235e+02 3.946773477157360617e+02 4.066040562036055803e+02 4.383739908503766856e+02 4.849808180894309544e+02 5.546240808823530415e+02 6.309564353813559592e+02 7.328967093235831953e+02
3.363411569148936451e+02 3.765290201005025779e+02 3.971958187936190825e+02 4.225537448875256246e+02 4.708247326203208445e+02 4.941956370314083529e+02 5.781775494276795371e+02 7.266290012804096250e+02
3.222033324482209196e+02 3.674941055389220992e+02 3.895834577114427475e+02 4.089333250249251819e+02 4.465806432038834828e+02 5.098344780219780432e+02 6.007294520547944785e+02 7.020754966054814759e+02
3.253936519833948182e+02 3.617199062804284608e+02 3.773614090236686707e+02 3.975485404554263482e+02 4.546169275929549372e+02 4.977191747572815075e+02 5.813012264618433846e+02 6.835692382574835619e+02
3.149175680196253211e+02 3.465734389782402900e+02 3.735836904761904975e+02 3.932418414231856900e+02 4.309657202216066594e+02 4.711960829493087317e+02 5.593813598519889183e+02 6.619478321354046102e+02
3.127622493163171953e+02 3.417219827586206975e+02 3.626426968232044601e+02 3.820079378342245491e+02 4.165285941926345572e+02 4.773859931988743028e+02 5.446725948509484851e+02 6.438740956826137563e+02
3.094967323881258494e+02 3.481663399446494509e+02 3.510968198992443376e+02 3.719014900662251648e+02 4.042247555272108457e+02 4.585589317573595167e+02 5.304149734982331665e+02 6.311686733556299487e+02
3.030693346508563764e+02 3.306695783772302661e+02 3.444668181818181552e+02 3.712206526271893381e+02 4.006702079566003363e+02 4.487521872265966749e+02 5.191539055604589521e+02 6.039608394634357182e+02
2.901395646606914624e+02 3.252631484885620807e+02 3.344371503872633298e+02 3.685707003546099259e+02 3.906394450207469049e+02 4.385614953468697195e+02 5.004136802575106913e+02 5.925819949281487879e+02
2.779709715639810383e+02 3.092674406710311246e+02 3.367960661462612961e+02 3.562261207592891878e+02 3.874592506350550138e+02 4.199098023064250356e+02 4.882245140612076284e+02 5.819501040582727001e+02
2.730367254273504045e+02 3.100806403647898719e+02 3.182842438638163003e+02 3.430032064332247614e+02 3.708352430555555657e+02 4.062328466046887456e+02 4.700831334932054233e+02 5.648727665127483988e+02
2.711591338880484159e+02 2.967756225099601579e+02 3.239188635466034611e+02 3.356180011746280343e+02 3.682481617647058556e+02 4.048395323599052631e+02 4.626379103282625920e+02 5.556250742133386211e+02
2.614015555964653572e+02 2.911608534684333449e+02 3.019500878220140407e+02 3.187135821040372434e+02 3.539667361637604017e+02 3.888066091954023022e+02 4.679480900151286278e+02 5.407345120091498529e+02
2.598290047221213399e+02 2.841363374327440283e+02 2.962729011194030022e+02 3.208078225231646456e+02 3.460467557251908488e+02 3.889875457875457982e+02 4.511909023117076458e+02 5.136476807004470402e+02
2.528608183651026309e+02 2.793155843534812561e+02 2.877853092783505531e+02 3.108937984496124045e+02 3.324476309774964875e+02 3.796942759666413849e+02 4.318444043321299546e+02 5.107834678158811812e+02
2.491504404890327180e+02 2.763282536008230181e+02 2.812201628352490275e+02 2.960092387602179542e+02 3.247043180133431974e+02 3.757756388121546820e+02 4.229998644251626843e+02 5.009103407861521760e+02
2.399789236479321346e+02 2.753924262734584545e+02 2.808367547071129593e+02 2.999695735398860279e+02 3.225580145565335215e+02 3.667970279720279905e+02 4.192325883575883836e+02 4.820854435831179785e+02
2.381228139209513870e+02 2.617596234838275109e+02 2.765739465826144396e+02 2.837502960081191077e+02 3.161247217465753465e+02 3.472501323218066318e+02 4.046053099593495972e+02 4.850688466711499700e+02
2.259590277777777771e+02 2.548013142715886374e+02 2.687870339547270646e+02 2.861642331237591179e+02 3.099307622354497198e+02 3.362553027849741056e+02 3.854078270252323932e+02 4.661842940685046415e+02
2.248523086654016367e+02 2.535538183015141556e+02 2.626995888157894683e+02 2.743281978680879547e+02 3.025230020147750452e+02 3.427533134526176468e+02 3.876081842279655234e+02 4.512446904840302864e+02
2.260460586617781757e+02 2.461891489703989748e+02 2.573479751275510239e+02 2.691388274336283644e+02 2.957233020897356823e+02 3.271936680199875127e+02 3.701319269521410433e+02 4.402097457627119184e+02
2.197078230251071602e+02 2.489669928115015978e+02 2.514344252784653406e+02 2.576575488997555112e+02 2.841569629277566378e+02 3.179427727132261907e+02 3.673494106699752138e+02 4.317264291307752728e+02
2.096952818071925151e+02 2.317465923669018366e+02 2.393262426900584785e+02 2.570955768034825724e+02 2.826438644418192325e+02 3.110587515782828518e+02 3.540808735837805443e+02 4.235872663193380276e+02
2.055146045536249346e+02 2.269356119424054157e+02 2.418623488840669324e+02 2.555707236842105203e+02 2.704924012748755899e+02 3.088108900973096524e+02 3.436885991510006306e+02 4.107355484920165622e+02
2.041244788564621899e+02 2.258410938391328955e+02 2.306633970245040643e+02 2.462174051105797616e+02 2.662307435284187136e+02 2.990053994082840063e+02 3.424519146126760916e+02 3.992299420709630340e+02
2.003358468677494102e+02 2.237453618792324903e+02 2.309546257062146992e+02 2.401900356743145153e+02 2.563140226218097268e+02 2.896880354083381235e+02 3.366577005730658811e+02 4.054287594252382405e+02
1.904186046511627808e+02 2.158582249584947306e+02 2.266202693370165946e+02 2.347895880044843011e+02 2.602522383398112424e+02 2.867612116991643347e+02 3.256389775249722334e+02 3.770669283134203624e+02
1.943164925472451614e+02 2.135630540166205265e+02 2.211615384615384698e+02 2.284671745152354845e+02 2.501093923611111052e+02 2.774122502774694681e+02 3.101549257017060768e+02 3.730233592880978790e+02
1.885557966321243555e+02 2.104693047337277960e+02 2.174459339001645617e+02 2.224336745103373403e+02 2.511527204744713799e+02 2.727630263157894888e+02 3.153018333333333203e+02 3.681883809907370164e+02
1.901609843546284253e+02 2.041340964017185797e+02 2.093192751556016731e+02 2.247218641006477355e+02 2.429524028004350100e+02 2.653911161427810157e+02 3.024834329521829659e+02 3.503712958149206997e+02
1.846875000000000000e+02 1.965634870182013003e+02 2.082718781032770607e+02 2.186499459167117436e+02 2.386524659434914213e+02 2.619776256443299189e+02 2.959832860092927262e+02 3.472549019607843093e+02
1.818110476251276850e+02 1.941010635056070157e+02 2.079899660543131290e+02 2.136625364431486673e+02 2.264918442730125321e+02 2.579897699004974925e+02 2.887308983781044276e+02 3.434163284717818669e+02
1.762544910179640567e+02 1.923258177008177086e+02 2.007091849148418703e+02 2.137501926040061733e+02 2.191587813832306892e+02 2.549778053108174447e+02 2.799754220456802045e+02 3.330947830895907487e+02
1.715812779572564466e+02 1.887276527911453456e+02 1.964715307840307901e+02 2.070564144736842138e+02 2.138713705708661337e+02 2.426710979812900177e+02 2.762340859298928990e+02 3.257604494790404601e+02
1.694137373799556769e+02 1.856750936329588058e+02 1.895657444549315755e+02 1.963258403855195127e+02 2.158767666270783820e+02 2.366986006140765255e+02 2.726217417061611741e+02 3.113418462980318964e+02
1.645304472735466561e+02 1.819303689297501307e+02 1.856493805777360251e+02 1.978677884615384812e+02 2.088949859747545759e+02 2.311615786737523024e+02 2.614352909990574858e+02 3.077675428233904427e+02
1.628999943769680669e+02 1.756858468677494329e+02 1.847693801795580271e+02 1.910793513388734937e+02 2.014820344129554712e+02 2.269742920148560756e+02 2.607793522267206754e+02 3.017565759246496668e+02
1.615315188616810076e+02 1.776090714616096307e+02 1.770562302750225285e+02 1.917819266460450933e+02 2.007626556734317376e+02 2.264265097690941388e+02 2.499212805706521863e+02 2.964381762849413917e+02
1.584283529925731671e+02 1.699612088407758108e+02 1.775728198902027088e+02 1.806751345895020222e+02 1.972035360068995260e+02 2.193799232309746401e+02 2.480688908145580456e+02 2.927558254020347590e+02
1.523431394072447915e+02 1.707737494745691436e+02 1.703214529331514200e+02 1.800922809829059759e+02 1.953752498889382423e+02 2.123054509255273388e+02 2.425586214539007130e+02 2.818013252226808731e+02
1.500723149336756421e+02 1.644656913785922541e+02 1.704958571579838917e+02 1.791327619663648250e+02 1.896664193614408589e+02 2.089019778481012679e+02 2.346088403041825075e+02 2.725882384190394987e+02
1.483576943844492462e+02 1.638046357615893953e+02 1.687936826564442470e+02 1.792373139727159810e+02 1.891571214071214229e+02 2.060417997020008443e+02 2.339650712191034643e+02 2.722885581249345819e+02
1.469882080383173673e+02 1.550057865680713007e+02 1.638608023751522467e+02 1.693367650020136921e+02 1.800182753817581727e+02 1.988729166666666686e+02 2.294826544087769093e+02 2.613765994962216723e+02
1.436160117878192466e+02 1.560173400162009045e+02 1.614172972154963475e+02 1.682727769308943095e+02 1.781973519076305195e+02 1.971007342406876717e+02 2.212245754144763339e+02 2.572541573717298888e+02
1.449878220027115958e+02 1.534475486304088747e+02 1.569544905356423783e+02 1.621862005197920951e+02 1.740701131090487195e+02 1.952107725762314203e+02 2.164190509076558726e+02 2.487259520031733473e+02
1.391631851922344936e+02 1.517275750000000016e+02 1.559520480361956061e+02 1.624903426347760274e+02 1.697983826754386030e+02 1.866840943975441292e+02 2.103148201856148489e+02 2.460308704945108218e+02
1.350480870020964232e+02 1.468582180436476960e+02 1.493688396469290183e+02 1.576700859710824716e+02 1.691668693862275461e+02 1.835368784259984238e+02 2.054218512898330857e+02 2.398051658767772381e+02
1.308476547753869283e+02 1.459750573394495348e+02 1.508388637258763367e+02 1.524847275291120923e+02 1.632900104602510396e+02 1.831858114359733349e+02 2.025427755756889212e+02 2.404902039848197433e+02
1.279375466417910445e+02 1.436858238840892739e+02 1.468749316441851818e+02 1.472252728839524991e+02 1.639872311827957105e+02 1.786665974529346670e+02 1.994297222222222103e+02 2.297086579888165829e+02
1.262325018615040904e+02 1.396903583694866313e+02 1.423451857501794677e+02 1.477854084469153690e+02 1.591636380666916466e+02 1.741223003629764037e+02 1.941907547341587872e+02 2.246591840451689279e+02
1.264397150164413546e+02 1.352218450479233240e+02 1.423228272532188896e+02 1.444052376290494806e+02 1.527675656493967438e+02 1.686907812499999864e+02 1.890392882625758091e+02 2.204847426145409486e+02
1.242067984715782245e+02 1.335152960526315553e+02 1.362987932843651606e+02 1.424345207028531775e+02 1.555741968662464956e+02 1.645402557319224002e+02 1.861122985283812170e+02 2.145777074542897367e+02
1.225525438744515725e+02 1.337456745893044285e+02 1.351224930240669551e+02 1.402863957597173226e+02 1.468725757060224453e+02 1.620816491168478137e+02 1.811867677463818040e+02 2.102544065294781603e+02
1.187370613295090180e+02 1.289990517241379280e+02 1.326685560859188513e+02 1.385374113913617009e+02 1.456214535901926581e+02 1.558111496913580254e+02 1.805385924369747954e+02 2.080088242816949560e+02
1.168995814182534332e+02 1.261902949776401783e+02 1.316172176640926637e+02 1.331291467168262557e+02 1.433183587414855538e+02 1.572869631517379503e+02 1.764103287944204794e+02 2.037050344770291588e+02
1.144936612157251261e+02 1.287596261160714164e+02 1.262944956662134501e+02 1.343403011709977477e+02 1.415788535726266275e+02 1.512334847740667954e+02 1.711965735830294761e+02 1.976441358779871393e+02
1.140508422851562500e+02 1.228854035308953314e+02 1.257688734617875639e+02 1.286461623889437362e+02 1.384134418348045301e+02 1.473084729381443196e+02 1.674183726718047467e+02 1.908111200970481320e+02
1.116781906167978917e+02 1.205222104969735568e+02 1.249926447201017936e+02 1.271503862471981989e+02 1.352968237704918124e+02 1.467387743688079240e+02 1.664477639296187590e+02 1.888527550856959749e+02
1.090484716599190307e+02 1.183698969673405799e+02 1.231142760093167681e+02 1.240991445745992650e+02 1.319389077445233056e+02 1.407165518060836291e+02 1.606747535428219464e+02 1.839431429016189270e+02
1.079128446348733235e+02 1.147566158156911627e+02 1.202592693143034381e+02 1.244357187597870364e+02 1.302441806331471241e+02 1.407184049079754686e+02 1.566020338386995832e+02 1.821121886880285672e+02
1.063694985029940057e+02 1.144393769054878049e+02 1.173378212974296133e+02 1.205837246289003275e+02 1.251174497901678535e+02 1.412930942995755004e+02 1.531513434404082830e+02 1.762564841498559076e+02
1.046849192596962013e+02 1.114721094946401223e+02 1.148745346932698084e+02 1.178325110456553659e+02 1.237362842413050146e+02 1.339791915497163473e+02 1.474208870242732985e+02 1.728960451555023781e+02
1.017575818474130358e+02 1.101415413248252690e+02 1.124365858904502318e+02 1.154725273695260910e+02 1.241155864860991755e+02 1.321323890708755187e+02 1.467725430782710134e+02 1.683868126988825509e+02
1.022928085926141222e+02 1.102553601457399139e+02 1.100824631911057736e+02 1.134238568799547124e+02 1.200514317180616786e+02 1.304764608041654412e+02 1.447731582388840650e+02 1.677729090123189906e+02
9.852033326189456375e+01 1.070770780768152548e+02 1.092448095034246478e+02 1.114061681222707563e+02 1.163164150084080717e+02 1.261466670176916551e+02 1.403154349842991735e+02 1.612044774524470938e+02
9.780944521447329976e+01 1.046162729933110285e+02 1.059329608938547409e+02 1.105027238649103083e+02 1.150910314384151718e+02 1.242056533025670433e+02 1.380879859534619811e+02 1.563356956491079757e+02
9.418798855884024590e+01 1.035839162049861528e+02 1.049100221483942335e+02 1.085098365198115857e+02 1.129413826278174895e+02 1.209141953510696652e+02 1.356228860548932573e+02 1.537111719453877754e+02
9.428922951799229679e+01 1.020109839108910847e+02 9.977563622754492201e+01 1.043763170498084349e+02 1.107278245192307651e+02 1.191623199588477462e+02 1.324498080087767562e+02 1.504940091224726189e+02
9.103288560666136675e+01 9.882919392204961184e+01 9.987163356909684353e+01 1.035080013736263709e+02 1.086255359056805929e+02 1.146768791946308568e+02 1.281533389261744844e+02 1.476726856561546413e+02
9.132483143493061561e+01 9.808566941367197956e+01 9.911489680426097948e+01 1.023348456471196073e+02 1.060462278106508762e+02 1.136679563492063636e+02 1.271236944738233774e+02 1.463144903929259897e+02
8.933138903514544893e+01 9.719509228187918382e+01 9.674281773211566815e+01 9.918891853553093085e+01 1.037088799032093789e+02 1.117700832659115378e+02 1.242552963348063315e+02 1.406224499836012001e+02
8.823556023399331139e+01 9.578040030211479916e+01 9.579545605858854174e+01 9.813657407407407618e+01 1.025936922975468235e+02 1.101588358826479492e+02 1.230297522141182611e+02 1.389120557804768339e+02
8.827000580345628578e+01 9.405882168795390896e+01 9.400531543538970425e+01 9.646381834672195055e+01 1.008754900101163372e+02 1.078866275340005103e+02 1.191306163594470036e+02 1.353779235596120714e+02
8.499773249872254155e+01 9.206481049290515273e+01 9.056171874999999716e+01 9.475540553080919892e+01 9.718699135300101943e+01 1.079038497859481112e+02 1.176384746986439040e+02 1.336405611763966590e+02
8.310202869631319800e+01 8.965264511388684809e+01 9.028237509184423004e+01 9.478087834489593888e+01 9.719743832437713138e+01 1.033949438887533603e+02 1.157643113938053148e+02 1.312133733456448113e+02
8.339956958393113950e+01 8.946503485812132794e+01 9.018852988194785780e+01 9.041274539877301208e+01 9.406317468105984858e+01 1.034896611858495277e+02 1.127987002077223906e+02 1.287490075123679389e+02
8.124028330601733217e+01 8.799106384913896761e+01 8.726038642960811842e+01 9.031780503978779961e+01 9.264692852045671145e+01 9.986997546155643590e+01 1.101490698236288921e+02 1.244816764512070932e+02
8.015964138741917111e+01 8.529246368038741366e+01 8.527401004728132250e+01 8.859255647414998691e+01 9.070352061731372828e+01 9.724085603696590852e+01 1.072205414012738913e+02 1.236818242720181047e+02
7.796967857978475536e+01 8.553834887613582794e+01 8.479267251195628319e+01 8.627400036023054497e+01 8.854571878579611166e+01 9.581796653682719977e+01 1.056828440473427690e+02 1.205364194628900520e+02
7.680016162549064518e+01 8.242040695041883680e+01 8.313849381099738878e+01 8.480380607159040096e+01 8.737880684495758032e+01 9.509734538426556583e+01 1.037099807557732731e+02 1.170511589977484022e+02
7.642531120331949523e+01 8.137449101963409248e+01 8.256284067681126260e+01 8.283388761467890049e+01 8.548035514541386704e+01 9.366439627598812478e+01 1.018554383859167842e+02 1.154397008282156776e+02
7.536215392503133614e+01 8.064808558558559071e+01 8.050227681583089634e+01 8.298522083805210059e+01 8.360438070776255870e+01 9.107713198966989410e+01 9.936573863636363058e+01 1.130093454638066675e+02
7.254328687772424189e+01 7.937171088771698635e+01 7.889914115833516917e+01 8.074780316344462960e+01 8.256436052921719693e+01 8.981820408734603234e+01 9.910058293004840380e+01 1.107648584515203396e+02
7.187968415417559243e+01 7.830815914620659157e+01 7.788697481302244796e+01 8.028218355830937014e+01 8.182648538239217828e+01 8.689050577719642376e+01 9.567805537171850006e+01 1.087984365504668176e+02
7.025573588496510524e+01 7.644468763510592169e+01 7.669044069817866216e+01 7.700223456121342736e+01 7.992108039670816311e+01 8.619135569456427959e+01 9.284006369085848576e+01 1.053999048053201761e+02
7.056316763617134313e+01 7.476179347826086996e+01 7.467073954983922590e+01 7.573166544348920581e+01 7.964394556714472628e+01 8.391698151125400784e+01 9.176744031123426737e+01 1.024270208779443152e+02
6.851883256447892734e+01 7.338196694750486415e+01 7.267856597434331434e+01 7.347262565274151314e+01 7.687698628364388753e+01 8.119865221987313930e+01 8.866507638597228436e+01 1.011300158186132307e+02
6.790199431698589194e+01 7.189369277721260687e+01 7.284962446351930510e+01 7.331577020202020378e+01 7.539653984739295822e+01 8.098198888427175746e+01 8.753426094890511422e+01 9.871128699692017960e+01
6.631181890613756025e+01 7.121934403437816741e+01 7.006240301055244402e+01 7.023922914466736245e+01 7.337831142568251153e+01 7.925387365153673613e+01 8.618476960682338017e+01 9.781739174888808463e+01
6.549319587628866657e+01 6.988021146146147089e+01 6.967183443179548874e+01 7.111020291724548770e+01 7.182616231647634208e+01 7.694158806643429216e+01 8.447609702093397743e+01 9.481202424761808345e+01
6.435596013749230337e+01 6.881135091926458358e+01 6.880469683393070568e+01 6.898772119445003170e+01 7.121293414976912572e+01 7.543441962514874888e+01 8.425316186762647419e+01 9.226150467944546563e+01
6.340251820388350268e+01 6.748184962181528590e+01 6.731063787242551655e+01 6.796176841948900460e+01 7.062581209085499268e+01 7.543391791044776085e+01 8.119454469052799084e+01 9.113302276138070113e+01
6.182727033240732339e+01 6.779233395559049313e+01 6.656057701699550933e+01 6.656673791273584584e+01 6.840148152591170572e+01 7.300691323040844338e+01 8.026514187866928296e+01 8.927347678916827078e+01
6.110807899247690500e+01 6.610630383711824720e+01 6.443736702127660010e+01 6.563316970214380319e+01 6.773975490196077942e+01 7.188199138423458123e+01 7.885024561741475679e+01 8.630023172733417880e+01
5.998164177684770948e+01 6.427508888564192091e+01 6.328210711638250530e+01 6.461301303248394845e+01 6.602515715894163861e+01 6.976790778407979587e+01 7.785913759144625601e+01 8.713679955094825402e+01
5.896163581991146430e+01 6.361379575974981293e+01 6.445139828052549547e+01 6.347982792028049204e+01 6.495304435098451279e+01 6.840725769301640469e+01 7.481204822141906163e+01 8.416555150517403661e+01
5.813890322883424489e+01 6.190742730431602325e+01 6.127498717111402016e+01 6.122444198530796911e+01 6.316685900365631312e+01 6.791400858048871214e+01 7.312693383038211437e+01 8.262883084116475629e+01
5.650967651458488916e+01 6.076440905777292301e+01 6.123339272660818722e+01 6.048464449541284438e+01 6.264613543409555518e+01 6.645394127454612487e+01 7.204138965835640818e+01 8.208268913153186475e+01
5.569136187309503327e+01 6.115950934155632268e+01 5.946634441633538160e+01 6.008562881645114828e+01 6.174114204545454498e+01 6.465388991528477902e+01 7.023128604253018636e+01 7.909776981507437199e+01
5.493975669801277917e+01 5.903790253472848804e+01 5.791865899694408881e+01 5.773922923104889549e+01 6.047569506526014749e+01 6.378422564757387647e+01 6.949131756756756317e+01 7.870982405355285039e+01
5.390746886621118961e+01 5.854468206667861097e+01 5.754850330121342239e+01 5.737797539597792706e+01 5.919446757230499401e+01 6.232914284476784417e+01 6.819600310008857491e+01 7.648166260522818050e+01
5.356830903410570244e+01 5.667934782608695343e+01 5.737113492621222832e+01 5.636100986277872948e+01 5.792640786888173920e+01 6.195837189317821014e+01 6.627506350735808383e+01 7.472286960873917394e+01
5.218772743025472494e+01 5.597807114940486173e+01 5.568805756606631974e+01 5.595160014067170806e+01 5.603204964176049430e+01 5.970848668068700249e+01 6.563471247646756979e+01 7.241590543303318839e+01
5.132102150768437809e+01 5.473809373420920110e+01 5.412876796354714770e+01 5.391822617438323562e+01 5.601683730775877024e+01 5.904881263708452366e+01 6.338708910034601729e+01 7.222503111053896419e+01
5.058314817979832156e+01 5.386662242866622563e+01 5.280098712172730302e+01 5.353734073691460083e+01 5.413727083333333212e+01 5.764230015340037028e+01 6.316756893926577732e+01 7.065376335007809416e+01
5.056845313422761734e+01 5.237205894579314247e+01 5.310289027524456884e+01 5.270680525795285831e+01 5.376063988095237534e+01 5.688619496330886705e+01 6.159122612265415597e+01 6.962873405625494172e+01
4.845358921336934799e+01 5.248962269963851668e+01 5.224535111202635562e+01 5.089536377195889827e+01 5.286111509171306722e+01 5.586260793756227372e+01 5.995537033995730525e+01 6.766922269340030027e+01
4.771435888165823513e+01 5.148236019736842195e+01 5.065667201910408579e+01 5.057457595870206291e+01 5.153965098071534356e+01 5.436280687397709244e+01 5.896705817014974826e+01 6.699693804034582456e+01
4.710610616630582825e+01 5.064494367170978251e+01 4.950672119778067781e+01 4.949581615828524406e+01 5.072945825289575339e+01 5.308097161923138430e+01 5.838045594677917194e+01 6.543138799658440519e+01
4.623298289379900439e+01 4.998606418918919303e+01 4.911256189107171366e+01 4.852967730661696066e+01 4.984227137379670580e+01 5.241934705693148544e+01 5.696036778693721914e+01 6.450449568414322243e+01
4.565851541660128987e+01 4.893661646586345171e+01 4.788975266039481937e+01 4.755136778729593772e+01 4.865247030237581072e+01 5.159517203107658645e+01 5.579396236432279466e+01 6.311148368771943495e+01
4.358954463515949840e+01 4.810667871424177378e+01 4.687447135333545845e+01 4.707817022086823755e+01 4.773877951196323721e+01 5.102812597778473247e+01 5.465498158595831057e+01 6.175683658375180585e+01
4.199655712050078193e+01 4.566890085548426725e+01 4.617254696475702502e+01 4.619225661962898499e+01 4.685540994623655564e+01 4.931390546122074880e+01 5.348724609375000227e+01 5.970119200404464266e+01
4.160191794336118676e+01 4.369808528744326281e+01 4.589192649066909269e+01 4.484048514514665840e+01 4.565886623416744072e+01 4.806806046404425103e+01 5.314201860039640479e+01 5.922154703488151029e+01
4.104795320517730062e+01 4.211688385055740014e+01 4.472023988569709729e+01 4.463711084021005604e+01 4.588216524854455258e+01 4.753511846281740816e+01 5.153441200719532844e+01 5.781714771276196529e+01
3.988420829023200298e+01 4.100699235152968924e+01 4.413270137745171695e+01 4.325537832426714857e+01 4.467895751436347496e+01 4.646173250522232223e+01 5.056537182587666024e+01 5.696343914350113380e+01
3.921294825445515642e+01 3.892573595004459719e+01 4.248347733393177350e+01 4.282412078943463740e+01 4.369407607111629943e+01 4.606463627582107279e+01 4.962691869858988980e+01 5.558985895392370935e+01
3.805377464482458549e+01 3.870822514836795136e+01 4.139531021897810348e+01 4.216769340450424153e+01 4.301244436201780275e+01 4.503644312207943301e+01 4.868073076641801578e+01 5.451517014793876825e+01
3.815275278877294340e+01 3.841407748192948901e+01 3.995157967032966440e+01 4.119839957854962620e+01 4.173596232973893194e+01 4.467137494519947438e+01 4.742845595631556677e+01 5.289035268964030934e+01
3.742155754682997326e+01 3.717214982269503309e+01 3.837953911903706938e+01 4.056531543552519281e+01 4.105552708638359860e+01 4.277043422733078160e+01 4.684225541503125356e+01 5.254576773426523317e+01
3.653011030463386533e+01 3.637924094683226883e+01 3.698413798908421057e+01 3.963069557169301049e+01 4.090126798814898024e+01 4.265340748337813181e+01 4.548175939050318561e+01 5.135384281718069843e+01
3.651530612244897611e+01 3.560087290502792712e+01 3.644731145251396498e+01 3.884683506529982111e+01 3.890564071771687082e+01 4.149684388335704455e+01 4.513275425516950179e+01 5.079384906657274001e+01
3.517349870366477660e+01 3.504083831352770773e+01 3.558725397099447463e+01 3.792768078726044223e+01 3.888532239819004133e+01 4.079843106995885194e+01 4.409671384626019375e+01 4.941182693961809491e+01
3.496698922721402880e+01 3.427756514376554975e+01 3.431026353965183517e+01 3.743315239939150985e+01 3.771995760355851957e+01 3.971517248574210157e+01 4.370488848547717708e+01 4.898364001106806853e+01
3.392769341859222720e+01 3.375864802721553559e+01 3.310898299018271018e+01 3.647466169803544034e+01 3.750657429245283225e+01 3.942995022867903998e+01 4.253750000000000142e+01 4.746201751402823277e+01
3.333000923748740263e+01 3.325250008496465171e+01 3.244400249966220429e+01 3.506078715992037331e+01 3.620852187670114830e+01 3.856941170528017437e+01 4.186702056175245446e+01 4.624987336642691105e+01
3.306903585335268758e+01 3.221322493891678818e+01 3.202785317253933073e+01 3.468856519680778661e+01 3.617679738562091529e+01 3.776399241203331059e+01 4.113099241319904564e+01 4.592057365086736098e+01
3.258223074887536086e+01 3.164898764751653459e+01 3.136837599286483425e+01 3.363405441498262860e+01 3.521533551568600728e+01 3.718185441884680387e+01 4.004286222531109729e+01 4.503267874213007360e+01
3.240107782847318418e+01 3.101315205103358963e+01 3.071469559246664716e+01 3.239340673141325766e+01 3.417888738215162192e+01 3.668203135357284594e+01 3.918023732930672054e+01 4.430845244325243470e+01
3.130675062067162884e+01 3.055254385683074148e+01 2.994976196997036055e+01 3.162200507451181863e+01 3.416829161816065152e+01 3.545477459542769338e+01 3.861501550988755582e+01 4.398350155279503326e+01
3.064283618103560514e+01 3.000591645489199522e+01 2.887727186070157614e+01 3.087806684934998813e+01 3.260275355814848552e+01 3.463968798052280818e+01 3.778419705694177821e+01 4.280429797835538608e+01
2.976198576932637252e+01 2.939409523126911594e+01 2.883028882938025816e+01 3.003452347106393461e+01 3.246488804306280684e+01 3.396200063411541237e+01 3.685796175313966927e+01 4.200886527640906820e+01
2.960599236759161812e+01 2.912596086929014305e+01 2.819467607187894131e+01 2.913987096263458199e+01 3.143941255131235124e+01 3.347641875932371391e+01 3.690614808078273512e+01 4.064912625326083884e+01
2.904211229946523787e+01 2.854711233680642835e+01 2.798354621080678939e+01 2.853163058186738965e+01 3.121514392991239006e+01 3.311853232272613212e+01 3.571467962184873812e+01 4.023244072720456899e+01
2.891418439176011645e+01 2.848434570678664812e+01 2.720166601656264760e+01 2.771525317045878012e+01 3.034449954572986030e+01 3.217161721250923279e+01 3.480791046596731064e+01 3.962314604847853161e+01
2.790647415854331825e+01 2.747089046222009046e+01 2.665969746716697841e+01 2.730007916616640529e+01 2.960859501747161104e+01 3.175169103372967783e+01 3.454625601629026477e+01 3.870554803686019341e+01
2.767066772893993232e+01 2.690506527181688057e+01 2.615937912219690631e+01 2.617840539018748558e+01 2.918589460351125098e+01 3.116987414650215626e+01 3.382396196370628871e+01 3.852454459516235374e+01
2.699646549103070825e+01 2.658724127975838059e+01 2.550171258321445578e+01 2.563512039913957707e+01 2.894276301894762327e+01 3.019644683026584886e+01 3.309025367955008079e+01 3.729087344348658917e+01
2.630923913043478279e+01 2.612277681099575233e+01 2.530784198113207495e+01 2.472777924594785048e+01 2.783155866020793923e+01 2.953874277627078726e+01 3.265432845509264581e+01 3.721612194330550949e+01
2.636151102371246679e+01 2.533625645236977775e+01 2.444916440697948801e+01 2.437628414576710156e+01 2.777409277771205254e+01 2.936573722072757064e+01 3.200536575326355404e+01 3.647226744697702827e+01
2.586081719703073034e+01 2.501768116153936106e+01 2.425306633337219964e+01 2.403491344254676321e+01 2.656228559176672377e+01 2.866835042660121857e+01 3.115581612287400048e+01 3.561170961376628696e+01
2.532562130135427481e+01 2.495930583867210117e+01 2.366924444380470050e+01 2.329067675613934796e+01 2.586425747179904633e+01 2.811654068443229804e+01 3.094105831037649068e+01 3.520231579099390729e+01
2.465574648428604121e+01 2.446723790322580783e+01 2.322740293692290692e+01 2.296803944482917714e+01 2.533628100338218658e+01 2.720909464842397085e+01 3.033495097483563896e+01 3.433221812958643682e+01
2.471678199593702274e+01 2.389890521064301510e+01 2.283893259237875384e+01 2.258433204943471395e+01 2.463880989314029435e+01 2.707116364348897264e+01 2.943183283730158806e+01 3.408449256589322118e+01
2.409920285602504109e+01 2.364682430195342633e+01 2.261976032263456915e+01 2.223939032312733133e+01 2.421242697641406139e+01 2.652594107281607450e+01 2.883475204070222730e+01 3.314654788728476120e+01
2.384772547691612843e+01 2.306911513917922818e+01 2.200921235803285825e+01 2.160153418451400142e+01 2.349163383076235334e+01 2.582125502680965212e+01 2.814957680489425584e+01 3.276095730810840934e+01
2.327703747561994874e+01 2.265957896747434930e+01 2.144237245873866016e+01 2.093481038006850170e+01 2.292711137512361219e+01 2.542223805646036894e+01 2.776706010644134892e+01 3.230508851982789054e+01
2.290271390374331517e+01 2.219978443586116867e+01 2.113511570540776319e+01 2.058776041666666501e+01 2.226796492659054039e+01 2.474558855765015508e+01 2.731082201086956474e+01 3.165238415180388998e+01
2.272073668670532598e+01 2.197645887692976530e+01 2.081337982803515274e+01 2.009102385631619114e+01 2.190986244658119730e+01 2.438929489238676496e+01 2.676879524092480622e+01 3.078217224170488109e+01
2.220011310122228920e+01 2.166599060919169162e+01 2.059767697061319680e+01 1.980044540379799756e+01 2.128276937796464097e+01 2.385611902989043642e+01 2.663991394399066692e+01 3.064423358246668627e+01
2.193184670048079354e+01 2.125983522176768048e+01 2.025037584240538990e+01 1.942625770436851340e+01 2.078721581959466391e+01 2.341639492753623131e+01 2.593167595708876760e+01 3.014679970279163612e+01
2.162158279987406928e+01 2.084417203608247604e+01 1.962659661718834059e+01 1.900923339340885576e+01 2.049715022996404912e+01 2.291625968992248019e+01 2.548420034535484646e+01 2.959993637341589690e+01
2.118911505466338951e+01 2.067991378646261325e+01 1.942417170230348233e+01 1.874717188645647781e+01 1.967143551191572115e+01 2.239154430907008120e+01 2.486236833229555643e+01 2.913107273056338187e+01
2.082122598650051870e+01 2.023268049155145931e+01 1.902041018622736246e+01 1.842043796087668994e+01 1.910248300604229499e+01 2.201817529478692492e+01 2.447018040109154668e+01 2.880124945424660154e+01
2.079150789242533648e+01 2.012507595705894303e+01 1.847709522474773181e+01 1.791445451089711227e+01 1.861408080743759541e+01 2.146649688005254575e+01 2.399514178005686205e+01 2.843011593318587416e+01
2.059128678484290020e+01 1.970967864757843202e+01 1.848549625302785415e+01 1.742937939468052733e+01 1.828324786809970703e+01 2.101446530104578869e+01 2.345142005121184425e+01 2.784652950428738194e+01
2.018104258370839332e+01 1.936475164854525133e+01 1.782077845897669022e+01 1.728803313976771960e+01 1.772755224880857838e+01 2.085512671369959037e+01 2.308097853220169426e+01 2.746620844069747136e+01
1.978398452958052900e+01 1.899301230537418306e+01 1.759910767622461236e+01 1.689136318897637778e+01 1.742643950070465308e+01 2.038698779696546026e+01 2.255344587053571459e+01 2.710360797788899490e+01
1.957668350581195682e+01 1.886732696718858904e+01 1.760305584412446578e+01 1.650257541281209583e+01 1.683397698039025414e+01 1.984682271161417333e+01 2.239899422832877818e+01 2.688044764346282989e+01
1.914375704001175293e+01 1.852340225112796546e+01 1.701082863983723570e+01 1.621629172714078493e+01 1.644013594980314963e+01 1.954140640190550471e+01 2.182095837010885830e+01 2.612843079850691552e+01
1.891544082008530481e+01 1.818010514466373095e+01 1.666541594160866424e+01 1.590773000776397339e+01 1.618658132170171982e+01 1.867660261032593283e+01 2.139362248597949900e+01 2.578350521674176576e+01
1.872375230269536672e+01 1.790335366580805143e+01 1.661465101280336398e+01 1.562611852808881174e+01 1.572596493042039612e+01 1.861404050568839352e+01 2.087244003134040682e+01 2.545280725286833245e+01
1.843659967612510187e+01 1.777816350710900295e+01 1.614659991508633041e+01 1.523369996447181407e+01 1.554284478891197452e+01 1.810710589550818383e+01 2.039235174005681728e+01 2.520516079451406810e+01
1.821711993125551388e+01 1.729812582407232924e+01 1.584812133257618783e+01 1.478067644276253567e+01 1.515650938502169254e+01 1.795176483707390247e+01 2.006605810989426075e+01 2.488377146240378934e+01
1.788302277134019747e+01 1.719073285996426037e+01 1.561459407820705181e+01 1.476636039752484564e+01 1.467901909321642684e+01 1.723493522982587578e+01 1.987159620467402377e+01 2.446598010699934633e+01
1.771116415717958148e+01 1.698210125658885516e+01 1.544787275317335151e+01 1.441716240247820124e+01 1.444133310200432874e+01 1.695150046168051716e+01 1.943068913970520128e+01 2.402206061414291582e+01
1.752446462145182693e+01 1.678621311627046708e+01 1.511821486632947931e+01 1.415780375466417951e+01 1.416806475015870070e+01 1.658348984418475069e+01 1.923798429199487003e+01 2.389126051190394406e+01
1.727870968664226936e+01 1.620137450468299534e+01 1.485589794450631018e+01 1.391948493193623371e+01 1.375021998941750212e+01 1.625162898635829833e+01 1.878054605563155377e+01 2.355338943351385694e+01
1.714195566161799178e+01 1.614804108227621882e+01 1.458702333378488269e+01 1.359484402278783399e+01 1.364444466256842858e+01 1.571794510987031579e+01 1.831510843113173337e+01 2.337964569857332719e+01
1.680624118075470008e+01 1.603463926174496734e+01 1.441180598877105545e+01 1.334304487321571031e+01 1.318916768596538880e+01 1.538328282484336640e+01 1.811397881963102208e+01 2.312521986824710396e+01
1.661335101383107471e+01 1.570607123940678029e+01 1.428692361912796294e+01 1.330371422093434752e+01 1.291637876884422020e+01 1.506194812664329596e+01 1.791400095158006422e+01 2.243767833443928339e+01
1.639504840683596498e+01 1.546894871058906595e+01 1.410489204595474888e+01 1.285430169753086460e+01 1.279218681137064806e+01 1.468562195527015213e+01 1.736471298993643941e+01 2.231880084895649219e+01
1.615387976467045306e+01 1.533990131578947214e+01 1.379571471422338647e+01 1.267619967847075380e+01 1.246813156410033763e+01 1.423874951137942979e+01 1.727392463155140945e+01 2.202815977439515649e+01
1.602000792393026884e+01 1.515427444103463550e+01 1.345977191170073972e+01 1.246803335464620588e+01 1.230544694417709373e+01 1.412005572081393368e+01 1.689580629812267532e+01 2.188367134192570163e+01
1.597972217443660625e+01 1.490485394257460072e+01 1.317787773569023635e+01 1.212549428104575178e+01 1.202262302359009105e+01 1.368802685321977819e+01 1.644242276240498768e+01 2.174256070379974659e+01
1.568726855792968422e+01 1.488708649731498745e+01 1.315718174747212998e+01 1.183659739714525649e+01 1.174889499784389812e+01 1.338384295703877314e+01 1.635506368951096690e+01 2.122558337773041970e+01
1.561382163767682307e+01 1.457027850987282491e+01 1.285340710882327997e+01 1.179920720903423970e+01 1.156757061613363646e+01 1.303647210964163783e+01 1.605561440677966090e+01 2.107359940492577266e+01
1.530791220319682644e+01 1.425209954400937029e+01 1.265214741185296177e+01 1.154873377509871446e+01 1.117003203777084686e+01 1.271608925425719328e+01 1.567783176802560696e+01 2.109003377671811563e+01
1.531364286014544440e+01 1.425657813017555497e+01 1.256244569265144051e+01 1.131958638345122559e+01 1.106444650095127891e+01 1.254105072463767989e+01 1.552421507185925620e+01 2.070050273986765887e+01
1.490718007471217454e+01 1.398581319260668288e+01 1.236477589950372291e+01 1.112677334557289655e+01 1.083882505175983368e+01 1.231775630653057974e+01 1.533821655060930134e+01 2.059094266373644899e+01
1.496392661666328650e+01 1.387317924936177249e+01 1.206132313555830216e+01 1.093460107037401485e+01 1.053612811097511148e+01 1.197256041835905727e+01 1.492606090634194160e+01 2.044924670384875753e+01
1.484764173800678400e+01 1.352659018208661479e+01 1.200609244970509870e+01 1.074110258724428313e+01 1.047395323212536766e+01 1.160144639065817351e+01 1.454860815710581790e+01 2.031302757029209971e+01
1.455224683671017871e+01 1.347121019854859725e+01 1.181351586687306643e+01 1.053933266556561499e+01 1.020763391079251292e+01 1.141465591808818836e+01 1.438468311623246443e+01 2.004940444986591785e+01
1.463779788172992014e+01 1.350196480563424650e+01 1.155966707034112062e+01 1.034721990048772966e+01 1.007403776178539623e+01 1.117284441616290103e+01 1.411487690152121743e+01 1.978072802197802105e+01
1.428133863654522173e+01 1.326039860925065028e+01 1.137469265545685104e+01 1.014419200064510918e+01 9.830687372157973059e+00 1.094870802572041057e+01 1.396108011159824613e+01 1.979462671593460144e+01
1.434548124036827765e+01 1.315712049391385818e+01 1.147926670961193096e+01 1.002200955197827703e+01 9.500113304957830351e+00 1.068393267643822675e+01 1.366270732042032598e+01 1.944448109703651539e+01
1.408153492355830139e+01 1.296387955481314691e+01 1.123227189177623941e+01 9.843462341056245180e+00 9.397201740998522013e+00 1.033514836476019028e+01 1.340464559293622493e+01 1.962811498494707152e+01
