nan nan nan nan nan nan nan 0.000000000000000000e+00
1.415315917968750000e+04 nan nan nan 7.394732421875000000e+03 1.906371582031250000e+03 nan -5.165307617187500000e+01
1.038456640625000000e+04 nan nan 8.112100260416666060e+03 nan 1.062513378906250000e+04 7.871995605468750000e+03 1.039375781250000000e+04
1.081676171875000000e+04 nan 8.731462890625000000e+03 nan 1.108968945312500000e+04 1.208540820312500000e+04 1.578358203125000000e+04 1.014452734375000000e+04
1.489243098958333212e+04 8.576799479166666060e+03 nan 1.061601562500000000e+04 nan 1.119421744791666606e+04 5.097438151041666060e+03 6.847471754807692378e+03
1.237100000000000000e+04 1.035058984375000000e+04 9.573207589285713766e+03 nan 1.215456676136363603e+04 1.294299739583333212e+04 1.886746428571428623e+04 3.260280681818181984e+04
8.852265625000000000e+03 1.131799479166666606e+04 1.115814843750000000e+04 1.087900195312500000e+04 8.884008789062500000e+03 1.658243945312500000e+04 1.501500390625000000e+04 1.825362152777777737e+04
5.630718750000000000e+03 1.000177473958333212e+04 7.460142578125000000e+03 7.499250000000000000e+03 8.435260653409091901e+03 1.823754807692307804e+04 1.951310227272727207e+04 1.961090277777777737e+04
8.264701480263156554e+03 7.985937500000000000e+03 6.684226562500000000e+03 9.042265625000000000e+03 1.656076562500000000e+04 1.757451822916666424e+04 1.673705528846153902e+04 1.412422193877550853e+04
7.222983695652173992e+03 7.802729567307692378e+03 7.113975183823529733e+03 9.617999023437500000e+03 1.278693359375000000e+04 1.399242812500000036e+04 1.261746180555555475e+04 1.495606678082191684e+04
7.085098039215686185e+03 6.123284722222221717e+03 7.160332386363636942e+03 1.153236141304347802e+04 1.645049632352941262e+04 1.253651136363636397e+04 1.350349320652173810e+04 1.422911363636363785e+04
6.173447066326530148e+03 7.342116319444444343e+03 6.232721428571428078e+03 9.303903125000000728e+03 8.502255681818181984e+03 9.998543154761904589e+03 1.187029017857142753e+04 1.023971747448979477e+04
6.733844262295082444e+03 5.547977515243902417e+03 6.129144886363636942e+03 1.037605912162162167e+04 9.092968171296295623e+03 1.099906081081081174e+04 9.852932870370370438e+03 1.223639393939393995e+04
5.229076958955223745e+03 4.918049923780487916e+03 5.918277573529411711e+03 7.791626077586206520e+03 8.377448611111110949e+03 9.263901515151515923e+03 9.248005912162163440e+03 1.083038534482758587e+04
5.132640858208955251e+03 5.049787574404761472e+03 5.852660416666666606e+03 8.237063858695652016e+03 7.819273437500000000e+03 7.868444940476189913e+03 7.694486486486486683e+03 8.091995370370369528e+03
4.035027728873239539e+03 4.191087673611111313e+03 5.874072473404255106e+03 7.175835937500000000e+03 6.730170343137255259e+03 6.834704375000000255e+03 7.216931250000000546e+03 7.495811197916666060e+03
3.774171336206896285e+03 3.520825471698113233e+03 6.458540509259259125e+03 5.886086734693876679e+03 6.598364182692307622e+03 6.388867021276595551e+03 6.829561274509804207e+03 6.082142766497461707e+03
3.395004310344827445e+03 3.435348772321428442e+03 5.365326388888888687e+03 5.039020833333333030e+03 6.211706054687500000e+03 5.992884469696969973e+03 5.436835416666666788e+03 6.608190763052208240e+03
3.494007705479451943e+03 3.184006696428571104e+03 4.393622519841269423e+03 4.948274472891566802e+03 5.445254166666666606e+03 5.705923611111110404e+03 5.742169270833333030e+03 5.507039525691699055e+03
3.318407873376623684e+03 3.635373958333333121e+03 4.664191080729166060e+03 5.155981359649122169e+03 5.016642441860464714e+03 5.031387499999999818e+03 5.436025162337662550e+03 5.458016803278688712e+03
2.991565644654088373e+03 3.576980718085106218e+03 4.581630769230769147e+03 4.245987882653061206e+03 5.075883561643835492e+03 4.706757812500000000e+03 4.928608810240963976e+03 4.849798322683705919e+03
2.956010230654761926e+03 3.412658052884615699e+03 4.513111657303370521e+03 4.180858552631578277e+03 4.345188737623762790e+03 4.562574127906977083e+03 4.895418749999999818e+03 5.147933355437665341e+03
2.766977800546448179e+03 3.123875000000000000e+03 4.007752358490565712e+03 4.013833715596330421e+03 4.458218005952380736e+03 4.275250000000000000e+03 4.368371744791666060e+03 4.829421330845771081e+03
2.392283928571428532e+03 2.689470868644067650e+03 3.555189189189189165e+03 4.021760227272727207e+03 3.887034401260504183e+03 4.066910377358490223e+03 4.050419956140350678e+03 4.381119382022472564e+03
2.400247169811320873e+03 3.020942708333333030e+03 3.157233060747663330e+03 3.679701880530973540e+03 3.341001674107142662e+03 3.465673844537815057e+03 3.916921600877192759e+03 3.653753153669725179e+03
2.221412411971831261e+03 2.628934000000000196e+03 2.957885019083969382e+03 3.172882621951219789e+03 3.157804288321167860e+03 3.176892684108527192e+03 3.391028076171875000e+03 3.361098428835489813e+03
1.837826605902777601e+03 2.593306451612902947e+03 2.797901585820895434e+03 2.787810223509933621e+03 3.022143353174602908e+03 3.253812500000000000e+03 3.064441636029411711e+03 3.287605045871559923e+03
1.844668530351437539e+03 2.427343261718750000e+03 2.412197254335259913e+03 2.663174342105262895e+03 2.855476701183431942e+03 2.912762499999999818e+03 2.821466257668711933e+03 3.047452564102563883e+03
1.832126463210702241e+03 2.233918392857142862e+03 2.412936383928571558e+03 2.488507530120481988e+03 2.620932142857142935e+03 2.596267080745341445e+03 2.772338260135135442e+03 2.708355506430867990e+03
1.584336408132530096e+03 2.288694813829787108e+03 2.301949999999999818e+03 2.568194236526946042e+03 2.504037219101123355e+03 2.594097030386740244e+03 2.571034356725146154e+03 2.856502853067046999e+03
1.644491044207317145e+03 2.071354875654450552e+03 2.126880912162162076e+03 2.318184952445652016e+03 2.393607142857142662e+03 2.516123856707317373e+03 2.410609548611111222e+03 2.641967891483516723e+03
1.510777036516853968e+03 2.099856186224489647e+03 2.155008044554455410e+03 2.311350183823529278e+03 2.193613719512195075e+03 2.356079878048780301e+03 2.352483149509803752e+03 2.456959394904458350e+03
1.513829004329004420e+03 2.122170440821255852e+03 1.981635718599033680e+03 2.097929924242424477e+03 2.186038750000000164e+03 2.229914930555555657e+03 2.274784962871287007e+03 2.344126076260762602e+03
1.375771374458874561e+03 2.055321075581395235e+03 1.948531100478468716e+03 1.909639244186046426e+03 2.053344809322034052e+03 2.113827702702702481e+03 2.376681167400881350e+03 2.243040521191294374e+03
1.292983851084812613e+03 1.681834696261682211e+03 1.852780561674009050e+03 1.896944970119521940e+03 1.816839534883720944e+03 2.009811987704918238e+03 1.996332656926407026e+03 1.912374199573105670e+03
1.220420850409836021e+03 1.647219602272727116e+03 1.709457139756944343e+03 1.807736872146118685e+03 1.752825361010830420e+03 1.711303531390134594e+03 1.895590441176470449e+03 1.769545636910732128e+03
1.207266522988505585e+03 1.576435221354166515e+03 1.579895089285714221e+03 1.634608630952380963e+03 1.742099072052401652e+03 1.684092869718309885e+03 1.583884849221789864e+03 1.807707317073170771e+03
1.056358075435203091e+03 1.528343541666666852e+03 1.449818265682656829e+03 1.497803719008264579e+03 1.595878114617940128e+03 1.684207366071428623e+03 1.766858778625954074e+03 1.695605162308385843e+03
1.018349149816176464e+03 1.416275104166666779e+03 1.395034565916398606e+03 1.363631311074918585e+03 1.433773492907801483e+03 1.403192880036629958e+03 1.514865327380952294e+03 1.603041000841042887e+03
9.619813596491228509e+02 1.359539268092105203e+03 1.380724514563106823e+03 1.314456636807817631e+03 1.423380089576547334e+03 1.462724007936507860e+03 1.416436298076923094e+03 1.468488075990298967e+03
1.013210361356932140e+03 1.308158385093167681e+03 1.352015526729559724e+03 1.359891679447852766e+03 1.334652456070287371e+03 1.419043996710526244e+03 1.415374326923076978e+03 1.468678963893249602e+03
9.378486975642761081e+02 1.233714033018867894e+03 1.284051170694864140e+03 1.281845547124600671e+03 1.304592687677053846e+03 1.313995950704225379e+03 1.367608258928571331e+03 1.398290030211480371e+03
9.305574300699300920e+02 1.133603924418604720e+03 1.233659501445086562e+03 1.193729273778920287e+03 1.226636661807580140e+03 1.288316061253561429e+03 1.253786312849161959e+03 1.273159011220196362e+03
8.458202817824377462e+02 1.080379360465116179e+03 1.191341858353511043e+03 1.154006304824561312e+03 1.254662783375314802e+03 1.219315081908831871e+03 1.212835695876288582e+03 1.209840118243243296e+03
8.455816752246469150e+02 1.091848388077858999e+03 1.135698354341736604e+03 1.086562347931873546e+03 1.181784722222222172e+03 1.129342225609756042e+03 1.156085813492063380e+03 1.200381165919282466e+03
8.035488357050453487e+02 9.904204877336447908e+02 1.059574361313868621e+03 1.000842199738903446e+03 1.041895833333333258e+03 1.098965068922305591e+03 1.124660579345088081e+03 1.060885378510378587e+03
7.402113354037267072e+02 9.367451372997711587e+02 9.536006043632074807e+02 9.864115817535546284e+02 9.633134328358208904e+02 1.030184744779582388e+03 1.055886308068459584e+03 1.045011968085106446e+03
7.081064501231527402e+02 8.825197916666667197e+02 9.423221365638767111e+02 9.584973233404710982e+02 9.652864583333333712e+02 9.479366399082568932e+02 9.767703744493393287e+02 1.000000553709856035e+03
6.801190835850957228e+02 7.864979707792207364e+02 8.556094093406593402e+02 9.307568359375000000e+02 9.101207880434782282e+02 8.830560483870967801e+02 9.030093612334802629e+02 9.253603708791208646e+02
6.606099975099601807e+02 8.277855790043289517e+02 8.499346774193547844e+02 8.195522151898733227e+02 8.900303819444443434e+02 8.883755070993914842e+02 9.459806794605808591e+02 8.575120434092112873e+02
6.490701904296875000e+02 7.894847656250000227e+02 7.891626111660078777e+02 7.997910610465115724e+02 8.302137054507337552e+02 8.371339285714286689e+02 8.252849301397204727e+02 8.485715790778383507e+02
6.125632530120482215e+02 7.646751543209877582e+02 7.840994710708116600e+02 7.768412196356275672e+02 7.756635551948052125e+02 7.739310573217726414e+02 7.972827075559700916e+02 8.039906530998580365e+02
6.219674738841405315e+02 7.089900716145832575e+02 7.164432963709676869e+02 7.531103448275862320e+02 7.650845087548638048e+02 7.441168727106227152e+02 7.355420197740112371e+02 7.674969823584029882e+02
5.846788617886178372e+02 6.892666245791245956e+02 6.909426700367647527e+02 7.359262055243445957e+02 7.369343750000000455e+02 7.208945111492281512e+02 7.308664062499999545e+02 6.876905187835420747e+02
5.534886571952337135e+02 6.608817192832764249e+02 6.898492096505823383e+02 6.825667881646654678e+02 7.188228046594981606e+02 7.043742059891106919e+02 6.607883790737564595e+02 6.711472885032537761e+02
5.324466943957968397e+02 6.423311688311688386e+02 6.481405492730210653e+02 6.717249500000000353e+02 6.460564983443708797e+02 6.783621175523348938e+02 6.642802287581699829e+02 6.439184104627765919e+02
5.005537462349398083e+02 6.045259244372990679e+02 6.034336839933993133e+02 6.186410860655737451e+02 6.385155750798721783e+02 6.177238835725678427e+02 6.255557963709677551e+02 5.968802062066149574e+02
4.803762117822520281e+02 5.623053343949044347e+02 5.988637944358578125e+02 5.852059116242038499e+02 5.795956268768768496e+02 5.839317239336493230e+02 6.050225059618442174e+02 5.896171934501142005e+02
4.539973883285302350e+02 5.571664402173912549e+02 5.681127857669616787e+02 5.521953014809590741e+02 5.877944972826086314e+02 5.587872130559541120e+02 5.638735443959243412e+02 5.339564765861026672e+02
4.315629893238434533e+02 5.227036538461538839e+02 5.235976773648649214e+02 5.557778532608695059e+02 5.181016493055556111e+02 5.452485562593144550e+02 5.352709815078236488e+02 5.178024368231046992e+02
4.079430858550316543e+02 4.960411745406823911e+02 5.024716461136023895e+02 5.129097576530612059e+02 5.328636444921315842e+02 5.286745476973684390e+02 4.999843970380817950e+02 4.896956034482758469e+02
3.896320915926179396e+02 4.890375894018205827e+02 5.044597730352303415e+02 4.938605423850574425e+02 4.862734683794466832e+02 5.013850308641975175e+02 4.950139455782312439e+02 4.835924553721791881e+02
3.699937413073713515e+02 4.564398584905659959e+02 4.855918645699614444e+02 4.674293512658227883e+02 4.615203840970350484e+02 4.816777027027027316e+02 4.431255282834850391e+02 4.674994698205546797e+02
3.543104166666666401e+02 4.464515449438202381e+02 4.707760036496350722e+02 4.806951554648241540e+02 4.492081273176760874e+02 4.526370192307692264e+02 4.354905279503105930e+02 4.308836778771984086e+02
3.454518107476635009e+02 4.375004728877679554e+02 4.307964027078085678e+02 4.385094956413449268e+02 4.394419041053921546e+02 4.225059143222506464e+02 4.141605415106117221e+02 4.070479542626011380e+02
3.459772599663110668e+02 4.235326248513673590e+02 4.203137957317073301e+02 4.117568830977620564e+02 4.201772648083623949e+02 4.003647740274599300e+02 3.954355994152047060e+02 3.857430803571429010e+02
3.287942471590909008e+02 4.017137758201700990e+02 4.094062862950058275e+02 4.016297423556059130e+02 3.992950713851761293e+02 3.866468347010550701e+02 3.647881114903299249e+02 3.681101303838265721e+02
3.096591487556561333e+02 3.662191142191142035e+02 3.633106958762886620e+02 3.714532731042654063e+02 3.782093849628055295e+02 3.729784260321101215e+02 3.541391509433962597e+02 3.455438144329897341e+02
2.957371392303580819e+02 3.653435865585773854e+02 3.775798812282734502e+02 3.803891399793388359e+02 3.613190308988764627e+02 3.464697580645161565e+02 3.383890348451327554e+02 3.222070597781985271e+02
2.804409307065217263e+02 3.642418781725888266e+02 3.510977598091198502e+02 3.603458019375672166e+02 3.366514862804878589e+02 3.444282066993464468e+02 3.313973450741525539e+02 3.102816662313920233e+02
2.583933843085106332e+02 3.318742462311558370e+02 3.349546672482551912e+02 3.315080521472393116e+02 3.243487967914438741e+02 3.258680661094225002e+02 3.031836953694069052e+02 2.888628681177976887e+02
2.602103856877322983e+02 3.216226297405189598e+02 3.347412935323382612e+02 3.122744890329012719e+02 3.200137742718446248e+02 3.109490509490509567e+02 2.773787304305283783e+02 2.788796831782750587e+02
2.473156134686346661e+02 2.987272699610516042e+02 3.177674432938856057e+02 2.902527252906976969e+02 3.016126773483366037e+02 2.937509708737864003e+02 2.699894388007928683e+02 2.545538604283280506e+02
2.432970561998216112e+02 2.845451750236518365e+02 2.939989285714285643e+02 2.965118696983977316e+02 2.834611034164358330e+02 2.719529953917050875e+02 2.553738147548566246e+02 2.425324165314166294e+02
2.344909696900637925e+02 2.855025742337164729e+02 2.864954534990791899e+02 2.730283533868092718e+02 2.633558781869688232e+02 2.673593163696060060e+02 2.403923611111111143e+02 2.377406505250875171e+02
2.202165485157288458e+02 2.728620560424354267e+02 2.708993230478589567e+02 2.674390373699148427e+02 2.587770514455781949e+02 2.491327497769848378e+02 2.298952628091872725e+02 2.125907608695652300e+02
2.148509963768115938e+02 2.641323810535259327e+02 2.575102556818181938e+02 2.553073655129274186e+02 2.452272264918625524e+02 2.396675142169728758e+02 2.201835558252427347e+02 2.022282155993076458e+02
2.075278222364489977e+02 2.480520067401960773e+02 2.425159208261617891e+02 2.429343694592198517e+02 2.369906639004149440e+02 2.158470283417935605e+02 2.059088921673819641e+02 1.949610101437024525e+02
1.901310049547608685e+02 2.271079429214402694e+02 2.369691351684469964e+02 2.376205068659127733e+02 2.290397967823878105e+02 2.095111974876441536e+02 1.940140095119933790e+02 1.839351716961498653e+02
1.829786858974358950e+02 2.261815027755749270e+02 2.177070961995249263e+02 2.246438314332247614e+02 2.096761160714285666e+02 2.038921912894098512e+02 1.906515537569943888e+02 1.725235018068661077e+02
1.747800444402420510e+02 2.206735059760956119e+02 2.178444905213270033e+02 2.091056920516836328e+02 2.002131597502014415e+02 1.885938486582478220e+02 1.784715272217774213e+02 1.585480036611913590e+02
1.684250506259204769e+02 2.071150623538581499e+02 2.105172960577673678e+02 2.059079483695651902e+02 1.901336476497346553e+02 1.936796695402298951e+02 1.718931897692889663e+02 1.511327082539077367e+02
1.675463585179803943e+02 1.893997646041506471e+02 1.948334654850746404e+02 1.931252004632929413e+02 1.821922113549618416e+02 1.743509844322344406e+02 1.573537938105891101e+02 1.421040424739195203e+02
1.569037527492668573e+02 1.903119261667941657e+02 1.906626718213058496e+02 1.820921269379844887e+02 1.788809005801687704e+02 1.627851592115238759e+02 1.609984544223826504e+02 1.401295044012470328e+02
1.470771867134124307e+02 1.813174296982167277e+02 1.814480004789272130e+02 1.729085064713896429e+02 1.701144018717568542e+02 1.557906919026243031e+02 1.443132230657989794e+02 1.321642174540209282e+02
1.448037071403322784e+02 1.758356442694370116e+02 1.734558708158995728e+02 1.692974982193732387e+02 1.662343538422477991e+02 1.458160839160839259e+02 1.357175155925155821e+02 1.146946382428940581e+02
1.322976674536551229e+02 1.686519436489218435e+02 1.634204752820172644e+02 1.598888700947226198e+02 1.509941887842465746e+02 1.420849064925899938e+02 1.275450330284552791e+02 1.172684515803631484e+02
1.301099175347222285e+02 1.608197099538562895e+02 1.591570198069241258e+02 1.575599354731965605e+02 1.457048611111111143e+02 1.310268377590673765e+02 1.180478502656042394e+02 1.064817460317460416e+02
1.218821651644528856e+02 1.549292400427912924e+02 1.483742804276315894e+02 1.510942288474350335e+02 1.377207857622565541e+02 1.298974072233266952e+02 1.170063059145129216e+02 1.048564681429041769e+02
1.244730369691414609e+02 1.430792611808236643e+02 1.443490513392856940e+02 1.366182146807838365e+02 1.373025314996926625e+02 1.181270690193628923e+02 1.059978058091939488e+02 9.844126647834275445e+01
1.175213085578689487e+02 1.362842651757188435e+02 1.378043394183168289e+02 1.321085631876528055e+02 1.246042260773130437e+02 1.114813620210135809e+02 1.022183235111662469e+02 8.935038175411119710e+01
1.088549977334542120e+02 1.299202413406029279e+02 1.328083424707602376e+02 1.284868236940298516e+02 1.166246123744831635e+02 1.122710602114899103e+02 9.550398777579009391e+01 8.370392468587189683e+01
1.045135747453565074e+02 1.256175889328063136e+02 1.253529719466831978e+02 1.230729349415204723e+02 1.135037702114427844e+02 1.030174942759015408e+02 9.137932080048514649e+01 8.084001700177410044e+01
1.013306841870160895e+02 1.233580023531089438e+02 1.167351772170361670e+02 1.146385796473400944e+02 1.060133124648283740e+02 9.530839497041419861e+01 8.110322219776995212e+01 7.512843953656769713e+01
9.707451783642690657e+01 1.173528851580135353e+02 1.159524894067796623e+02 1.117520460268606683e+02 9.861205771461716552e+01 8.912690069960022754e+01 7.855302650429798916e+01 7.227864916773367554e+01
8.601551598837208701e+01 1.098922073879357981e+02 1.115315953038674053e+02 1.030661610145739928e+02 9.933712173792338263e+01 8.832165738161560853e+01 7.748357727524972915e+01 6.538063958738537451e+01
8.796875831780677402e+01 1.074394736842105402e+02 1.061365899725274744e+02 9.707409106648199781e+01 9.088671875000000000e+01 7.830760092952274931e+01 7.295056239680792487e+01 6.185350041713014235e+01
8.565540803108807211e+01 9.943807994889725421e+01 1.006407021393307843e+02 9.245816614526660260e+01 8.400273981433728920e+01 7.291503289473683935e+01 6.848491250000000719e+01 5.664532151966707119e+01
8.241207627118643586e+01 9.723714419978517753e+01 9.698503954875518218e+01 8.870676071250622385e+01 8.101411262914626832e+01 7.295738712040490270e+01 6.484007114085238754e+01 5.383396965167662529e+01
7.659972426470588402e+01 9.426994947805140157e+01 8.893563803376365229e+01 8.605026365603029603e+01 7.874844696014126555e+01 6.881843588917526233e+01 6.022866384873515955e+01 5.145722474845200622e+01
7.365334525025537005e+01 8.926544978059483526e+01 8.600594881522897595e+01 7.963974429057336124e+01 7.343705870815898606e+01 6.505570584577114346e+01 5.926122972630511754e+01 4.735391566265059993e+01
7.311102794411176831e+01 8.705725408850409508e+01 8.102291666666667425e+01 7.686883667180278223e+01 7.152225692799621015e+01 6.392759575379344739e+01 5.379665001241311018e+01 4.555952362664372401e+01
6.471800447316103089e+01 7.843077779114533143e+01 8.306862524050023922e+01 7.348651315789473415e+01 6.579474501722441460e+01 5.996384555022157059e+01 5.474364045764362174e+01 4.317853843590986429e+01
6.426209677419355160e+01 7.694352762172285054e+01 7.514367773714016607e+01 7.320109015044663181e+01 6.471247030878859618e+01 5.720472661785545654e+01 4.672604783767772574e+01 4.080916852155576180e+01
6.220256872465074593e+01 7.338501885902876154e+01 7.233134687646783334e+01 6.802740089664936818e+01 6.171508298270219939e+01 5.384447926293900366e+01 4.863713109684260161e+01 4.042848862965150403e+01
5.919940677013045871e+01 6.983896461716936699e+01 7.045298112338858232e+01 6.399018928901200098e+01 6.075396423751686825e+01 4.967722115831011820e+01 4.321800494826810990e+01 3.891302693544682256e+01
5.636734433598058303e+01 6.514678972016650960e+01 6.510638807484220081e+01 6.282355418692002047e+01 5.409845623846863560e+01 4.602180353574600247e+01 3.805777287137681242e+01 3.472211733543733203e+01
5.437311940257754372e+01 6.313657250789354691e+01 6.384118982263513686e+01 5.990139917003140368e+01 5.016459141871496286e+01 4.484363178682687590e+01 3.750497589904679074e+01 3.589845886664478769e+01
5.165242864983534332e+01 5.803087563051702347e+01 6.022750397908139774e+01 5.609009081196580837e+01 5.106787955353176045e+01 4.220843198450280198e+01 3.506318567154255561e+01 3.013146996524005772e+01
4.780300599058622169e+01 5.548188254893794635e+01 5.542264930114357924e+01 5.214849477145321544e+01 4.644987911891117704e+01 4.109216772151899022e+01 3.315027923003802357e+01 3.048663939651508770e+01
4.818649433045356290e+01 5.543195105546357837e+01 5.212975937629506262e+01 5.169341024183546551e+01 4.502044120012870110e+01 3.710456577266921840e+01 3.175416972140762439e+01 2.487944863712462151e+01
4.402612192836318172e+01 5.133885610818476408e+01 4.957413469346325741e+01 4.916734733689086312e+01 4.135513180973999425e+01 3.573820908634538540e+01 3.232812500000000000e+01 2.478972134760705259e+01
4.454933079567779686e+01 5.086183994025921606e+01 4.803425141242937713e+01 4.378572154471545019e+01 4.100762110943774985e+01 3.699098828284895291e+01 3.113078750505458814e+01 2.399903987527885008e+01
4.200495714700755201e+01 4.917065303691941125e+01 4.647770778795811708e+01 4.313993152738904513e+01 3.712912074632637172e+01 3.197834917415950073e+01 2.609935810477506024e+01 2.305827610571201802e+01
3.901904203939855620e+01 4.584098124999999868e+01 4.404890558817866975e+01 4.009497793280182520e+01 3.505567496511164194e+01 3.221266128645433469e+01 2.808493450309358153e+01 2.014687621441756349e+01
3.866818539165237212e+01 4.411751631917380934e+01 4.295573682879735600e+01 3.717200322391559553e+01 3.527077095808383689e+01 2.906861785434612244e+01 2.433776170096737701e+01 1.862880627962085356e+01
3.629715222725556600e+01 4.179456995412844122e+01 4.056228461008270614e+01 3.648031238628093575e+01 3.383041912324078027e+01 2.704290224833456691e+01 2.301058477255568135e+01 1.923196453984819598e+01
3.491900361473880565e+01 3.939338102951763432e+01 3.868573129329201521e+01 3.606758964477212004e+01 3.036608982974910376e+01 2.666805382521225454e+01 2.194439525462962948e+01 1.742217148684572336e+01
3.116094448064035660e+01 3.849138534887924834e+01 3.695080873115578157e+01 3.205116234756097526e+01 2.862312663919070843e+01 2.503662658802177532e+01 2.079897179989075084e+01 1.703434483425917634e+01
3.087988102849835670e+01 3.553800585729499772e+01 3.628758158977110071e+01 3.216708848789605213e+01 2.729085344215755882e+01 2.391876116071428626e+01 2.028126114876917541e+01 1.520407305855298041e+01
3.009225270479134551e+01 3.318180921052631049e+01 3.222886334819867216e+01 3.057392245128740527e+01 2.511883698792016872e+01 2.369756393298060004e+01 1.785589851962158292e+01 1.449107221343178686e+01
2.863896916132298287e+01 3.417597103285564231e+01 3.187734892745029569e+01 2.847368043286218864e+01 2.471114218271520713e+01 1.999882971722146507e+01 1.761844202274293636e+01 1.414326918902492025e+01
2.679251729374050583e+01 3.269780711206896484e+01 3.208907528554381372e+01 2.727117334322452891e+01 2.373981501751313417e+01 2.068359107081618475e+01 1.712545824579832043e+01 1.275814620811663325e+01
2.630509787426132462e+01 3.070754858961128164e+01 2.881243464446589186e+01 2.720542813782489588e+01 2.254512143204670593e+01 1.838330339237967692e+01 1.648955133261375039e+01 1.212804659591260226e+01
2.405099933927981226e+01 2.955285146285076436e+01 2.812686416553365021e+01 2.468942492781520670e+01 2.169364045202951985e+01 1.750091580713818118e+01 1.502728160217102982e+01 1.085668099053910929e+01
2.315108744303385180e+01 2.583666407235183016e+01 2.592870081768134938e+01 2.370974724415926360e+01 2.021103109237074236e+01 1.719217139175257714e+01 1.321962809087989577e+01 1.190890745046502275e+01
2.256966145833333215e+01 2.614438814112774878e+01 2.522803355597964625e+01 2.247528918507844864e+01 1.931782530737704917e+01 1.638113339924896295e+01 1.309232699983708059e+01 1.038262166126061103e+01
2.170313259109311588e+01 2.449017787713841088e+01 2.371875000000000000e+01 2.160502080764488397e+01 1.814035863738043730e+01 1.586876930846007561e+01 1.216260638093037727e+01 1.176255545610211684e+01
1.986238822652757108e+01 2.350969995330012452e+01 2.309056003723238959e+01 2.101649359927967353e+01 1.766042660808503939e+01 1.413584044286809949e+01 1.235513050953422898e+01 9.229400433509194812e+00
1.948702516841317234e+01 2.351854992378048692e+01 2.036317606334149133e+01 1.934473100007573620e+01 1.630247676858513017e+01 1.391304389023650678e+01 1.210973149954968520e+01 9.492775837062035649e+00
1.836931085016959031e+01 2.149432427258805589e+01 2.124285986822513550e+01 1.849227264359351963e+01 1.572691356955986386e+01 1.304466351896088483e+01 1.013165127734492188e+01 7.465143377130681657e+00
1.639208998648055982e+01 2.016528505773321100e+01 2.038864218884427615e+01 1.817632723455308863e+01 1.436365407351676815e+01 1.255326598793925008e+01 1.049199811988901843e+01 6.942337933841486119e+00
1.534743816334690258e+01 1.841990216858183871e+01 1.880132117638221345e+01 1.633650153949603734e+01 1.474973614170337655e+01 1.260246533301995875e+01 9.192360392146179393e+00 7.349036002449390814e+00
1.573792684669238540e+01 1.884442896691897928e+01 1.788319933468892486e+01 1.502323280567685693e+01 1.264218837584080646e+01 1.144418044439764159e+01 8.933066300314017383e+00 6.593811222127234473e+00
1.473434422417566303e+01 1.834720552884615330e+01 1.803643069134077948e+01 1.469332981537275806e+01 1.297675652275337477e+01 1.038196184561580537e+01 8.518712090309307428e+00 6.098177689337846985e+00
1.431420107305286926e+01 1.569159236495844922e+01 1.671231312292358595e+01 1.485769300706567009e+01 1.296804562946674011e+01 1.021005468321448184e+01 7.649372097657333391e+00 6.401787415967842954e+00
1.353310483335546444e+01 1.543754834467821624e+01 1.452460703592814539e+01 1.344945393746579221e+01 1.184094587053571423e+01 9.278572959533608611e+00 8.104231306568843607e+00 4.440401565372047443e+00
1.313776268834258509e+01 1.523290044119651121e+01 1.410778954706202448e+01 1.232480790693681350e+01 1.116847534833869204e+01 8.880186661073825150e+00 6.579359794463086608e+00 5.384397783146829930e+00
1.156748432999476428e+01 1.426306234801404926e+01 1.369387691411451335e+01 1.231160593192973352e+01 9.589509649004840597e+00 8.318956679894180084e+00 6.242919792768376830e+00 5.902335179675553434e+00
1.139814133045939037e+01 1.364115771812080347e+01 1.245396332762556924e+01 1.228948468319373077e+01 9.507887122707590066e+00 8.969625429813914863e+00 5.761832474980503882e+00 5.239014840931453421e+00
1.069785472647210156e+01 1.295784357691339395e+01 1.176776901631158445e+01 1.095288257007007005e+01 9.509131413215511586e+00 7.293657828955616651e+00 5.586660446242511568e+00 3.743150444219522921e+00
1.000726943351818576e+01 1.238733212809917283e+01 1.201948067402894260e+01 1.043085562969681312e+01 9.299317147192716959e+00 6.628652649473954384e+00 5.160525773649513148e+00 4.455895548108005144e+00
9.727180274335719190e+00 1.226687359970127034e+01 1.073256445312500063e+01 9.695644062422667631e+00 8.586191823499490283e+00 6.722731010765549797e+00 5.537158423844801725e+00 4.069885372808395907e+00
9.651738486633727021e+00 1.111338074791819786e+01 1.064664271062943968e+01 9.382550212153121905e+00 8.629936721421591628e+00 7.055901591851671206e+00 5.570177586498279432e+00 3.892459939596799146e+00
9.094205822572932973e+00 9.985106944104696680e+00 1.004590660354156384e+01 9.818076111963190300e+00 7.599175240738468950e+00 6.530975083302192452e+00 5.452830026576246603e+00 3.930704799822879458e+00
8.019921783540155502e+00 9.929810665777345946e+00 9.609599888122883016e+00 8.951872211839884130e+00 7.391126754281637012e+00 5.594813515132040393e+00 4.641527712762744784e+00 3.605859772808961861e+00
8.169901895943562309e+00 9.773780833837772519e+00 9.647283170803781616e+00 8.363899845714952264e+00 6.591214281408246833e+00 5.749336612608017205e+00 4.656992731186600842e+00 3.320037087625796524e+00
7.283377690687880879e+00 9.084736295432808362e+00 8.331153211113642598e+00 8.077214104526897032e+00 6.724474244702176584e+00 5.013003312381964172e+00 3.475834100864469978e+00 3.223248947743433401e+00
7.137257200992842776e+00 8.702911867500565890e+00 7.868251234825041962e+00 7.343322560319438530e+00 6.156996918443685018e+00 5.298983557867211758e+00 3.923114667162351576e+00 2.615065798019744925e+00
6.555690626440755508e+00 8.107844572735386279e+00 7.652954129286849927e+00 7.330917610378440585e+00 5.746845288031320109e+00 4.651528497686771679e+00 3.762806945158893246e+00 2.506626693757394886e+00
6.825276646348410914e+00 7.981682854729729826e+00 7.439732895772430687e+00 6.732107340033975262e+00 5.014902611301369717e+00 4.488626873736806466e+00 3.623168501420454657e+00 2.269261754343765869e+00
5.764451063890800420e+00 7.787554417985058208e+00 6.622873971179255470e+00 6.797785056705842877e+00 5.283981360253583226e+00 4.259245520716685718e+00 3.707381832930048748e+00 2.837549278116549889e+00
5.578473802194860554e+00 7.081708969254590258e+00 6.624243411103168278e+00 6.122214019971233157e+00 4.700619980407958920e+00 3.352474554447351096e+00 3.318948371663357655e+00 1.928198459339262927e+00
5.214993672684499870e+00 6.594384997838305118e+00 6.289469895110580744e+00 5.757544183369447843e+00 5.384977464259336877e+00 4.758387568081320573e+00 2.969669904731321086e+00 2.571666258849083064e+00
5.075623430063458841e+00 6.083634086277173836e+00 5.842949490889602693e+00 5.094649363074020165e+00 4.745598890428074590e+00 3.292704565246516335e+00 2.790251195773822079e+00 2.010760380420235638e+00
4.738194426242398727e+00 5.643610171608338888e+00 6.127527807473019728e+00 5.239125649341819013e+00 5.040926662784679380e+00 3.187224993393234396e+00 2.403925485943406493e+00 2.014777015225415191e+00
4.826138576089244125e+00 5.923522936800610594e+00 5.511079164431330391e+00 4.896702967171717269e+00 4.381066361540907117e+00 3.329006401932266712e+00 2.181980741657977063e+00 2.136797662081745486e+00
4.415364449470546404e+00 5.225856294236602473e+00 4.726958540244154960e+00 5.016334477296726213e+00 4.188483474469160583e+00 2.945920143306024919e+00 2.337401835864364230e+00 1.878794420338939730e+00
4.182376771907216906e+00 4.990895192067067221e+00 5.375373305497303633e+00 4.632942734173447263e+00 4.041148647787520254e+00 3.393429538522657385e+00 2.476231082050120769e+00 1.432005611357564101e+00
4.390960073363430638e+00 4.711596738234412385e+00 4.866698246465551492e+00 3.916270124296199473e+00 3.483862113531419613e+00 2.730236714721340885e+00 1.677523479679064122e+00 1.498029475658125165e+00
3.289709117111650816e+00 4.297992293242436368e+00 4.383239758298340227e+00 4.225171831674589207e+00 3.026548319405871990e+00 2.737078280472636571e+00 2.179012190713367936e+00 1.141409083447973982e+00
3.717175375993869491e+00 4.386652353728630160e+00 4.343297870067395650e+00 3.510796313015919878e+00 3.232854486564299634e+00 2.293075242451631635e+00 1.552337156769814097e+00 9.363335083716151086e-01
3.124159306256546920e+00 4.376000269185591485e+00 3.807892589458413912e+00 3.470254399070384910e+00 2.617467830882352686e+00 2.696554586348058002e+00 2.461953004599306549e+00 1.445395758152698829e+00
3.184290432084086575e+00 3.736327744496395820e+00 4.027993102529651814e+00 3.716601980402645111e+00 2.917450506661662946e+00 1.833485111480539942e+00 1.688543425248546059e+00 1.265922918507858430e+00
2.985159782071206358e+00 3.789870194076526921e+00 3.628645506303129764e+00 3.209847224464845716e+00 2.665275968982986132e+00 1.695458435542196440e+00 1.257467535845063766e+00 1.113681980538570038e+00
3.024144760770602680e+00 3.582385584308705351e+00 3.524111745428251563e+00 3.281854810227915031e+00 2.639314228176417032e+00 1.552325242492072377e+00 1.288731215051258205e+00 1.371882739803712781e+00
2.914250033599008916e+00 3.262296464939857810e+00 3.525559810169955899e+00 2.823818090596330155e+00 2.542998524353969003e+00 1.572676656863653211e+00 1.519968764427516161e+00 1.749709141452952199e+00
2.242517260090514331e+00 3.060781051605296454e+00 3.008168961194434665e+00 2.705239482309626187e+00 2.228677201704545308e+00 1.789267035981434661e+00 1.782173237858172721e+00 8.544232625073473475e-01
2.511860833259404124e+00 2.874529600960670894e+00 2.754421828655850835e+00 2.294554399200145145e+00 2.327004912669855319e+00 2.069545429929770197e+00 1.477355715090090005e+00 7.113062783397032796e-01
2.167773488173484253e+00 2.785615211619465903e+00 2.743735292313525864e+00 2.380921072755383339e+00 2.128583753286590774e+00 1.482451313994282760e+00 1.102815164138618353e+00 8.848586515562694155e-01
2.079524375162717931e+00 2.926043569023939472e+00 2.599174279690794176e+00 2.425788955295883120e+00 1.990655842488388672e+00 1.955320845452141798e+00 1.364737624961676499e+00 6.256776052547112776e-01
2.133465685106567200e+00 2.424007511325279474e+00 2.650219837516832211e+00 2.602574264770529222e+00 1.911401025673831633e+00 1.239171725760164877e+00 9.668807761423925395e-01 1.006994768557788467e+00
1.946184673360092487e+00 2.254683618094155406e+00 2.166156307505257672e+00 2.362038352272727071e+00 1.603577725397442588e+00 1.540311089611101636e+00 1.046278333828935869e+00 6.736998526942800103e-01
1.993349327305161456e+00 2.329704866871267210e+00 2.296432043735124218e+00 1.818751479640151603e+00 1.807213216145833190e+00 1.262793268360107302e+00 8.279213773843259183e-01 5.885176878640930864e-01
1.871349816502151153e+00 2.241758975151729061e+00 2.057921766187199353e+00 1.785894748228119333e+00 1.627065064306972619e+00 1.030353406177034525e+00 7.226868493946883021e-01 5.458744585878100297e-01
1.317605275547560906e+00 2.244634843287873771e+00 1.972315820634266803e+00 1.737012884021793102e+00 1.557838057597035641e+00 1.055491031582115546e+00 1.099553241501067591e+00 6.623179233011856626e-01
1.789285319755764547e+00 2.158226414730674225e+00 1.701124912508234610e+00 1.581135027450016439e+00 1.594095104664578821e+00 1.277183600143207975e+00 7.517001861527069506e-01 6.276271903303828337e-01
1.447732802602036628e+00 1.884391967118106637e+00 1.690766735425505818e+00 1.786884596558120375e+00 1.419546394888191676e+00 1.029964561726161687e+00 8.479177019105955670e-01 4.356258958341804877e-01
1.286781843346598508e+00 1.600511526681048569e+00 1.882240381927807071e+00 1.502505873330226782e+00 1.381474566354625511e+00 9.741004411336040558e-01 7.045524563302552057e-01 5.380535076951127316e-01
1.136407684273497587e+00 1.395649786646586454e+00 1.546832226442011127e+00 1.427927730271132845e+00 1.116749689042733751e+00 8.634092235066196386e-01 8.136147437126396431e-01 3.337299964372361649e-01
1.133634836194059137e+00 1.510406052945247657e+00 1.595469036765879478e+00 1.342724497810357853e+00 1.110369202830375546e+00 8.521005871597309156e-01 6.641764399437783961e-01 7.865962130556854170e-02
1.258181423611111072e+00 1.734576697601588613e+00 1.665186130598897751e+00 1.406109407206278750e+00 1.198174533170122791e+00 8.952557915519352427e-01 6.116844940185547363e-01 3.573422323459922723e-01
1.039818194952220720e+00 1.273171419960287265e+00 1.466802208978152056e+00 1.351896486146809906e+00 1.037601804453390564e+00 1.020111065227412350e+00 7.698946878811556704e-01 5.661387159315683926e-01
8.868999716387760968e-01 1.145762177754971356e+00 1.174107331694615786e+00 1.310130022740060074e+00 7.679311977533959110e-01 6.834347781420041512e-01 6.728815722905112651e-01 1.963869901599940015e-01
7.284029169591399455e-01 1.255961014828284261e+00 1.233265090442057232e+00 1.310069513306512556e+00 1.037782662723011784e+00 8.177511726909878487e-01 5.101647521160822540e-01 5.488651771459429618e-01
9.208044330174554037e-01 1.122542622611879093e+00 1.060697654847396754e+00 1.322749631343671295e+00 1.026095509007942441e+00 7.342944542744092029e-01 5.485577342372943699e-01 3.212677408069837259e-01
8.988824602692808696e-01 9.232749327707714393e-01 1.224738822992700760e+00 1.198051102295992987e+00 7.337128500556379107e-01 7.835011705059871101e-01 4.404469705280093517e-01 4.957340053251532153e-01
6.710579063961856772e-01 9.756689863687492137e-01 9.314654133426668592e-01 1.010862395091556509e+00 8.335948861822503053e-01 6.921186568391056726e-01 2.683883252577597411e-01 2.280113420072137076e-01
1.077362042957492827e+00 8.677610400044326600e-01 1.071623236966474657e+00 9.127932884331412255e-01 7.392347210148243475e-01 5.469520149864304237e-01 3.154223054313853858e-01 3.620795190740173641e-01
8.292827126090531742e-01 8.211781328495674215e-01 9.318016318312305479e-01 9.970465346005981111e-01 7.523845044000422311e-01 5.323339028681567386e-01 5.114634318524096113e-01 3.447079932544881986e-01
7.258875425170068230e-01 6.890760709453560562e-01 8.000779476911661359e-01 1.011152368434910853e+00 7.796215220136337720e-01 5.285438939144737613e-01 3.927299187209875031e-01 -9.056649740500616330e-02
6.344846520040642313e-01 6.509353787394638324e-01 8.593250928004144695e-01 8.147117060397420785e-01 5.545909551539146554e-01 5.603761105216906735e-01 3.313212743458799903e-01 3.576167171103560860e-01
5.406063953327839844e-01 8.289129728106856554e-01 7.363372322076194854e-01 5.962967469705089396e-01 7.258839017323464038e-01 3.624434493018848236e-01 3.797362268218361092e-01 2.929687500000000000e-01
5.481927137246226378e-01 6.160656284190372256e-01 7.658833216866648419e-01 8.654731827002335454e-01 7.343636155449798641e-01 5.409509280627857741e-01 2.434394789810336024e-01 7.169387679869496099e-02
5.245541009720355863e-01 7.115755314539150556e-01 5.955530977655046909e-01 6.930510482332448152e-01 5.435004901418754031e-01 3.059843655290274689e-01 2.841377232667820496e-01 1.061166835379520890e-01
3.227498136075270252e-01 8.340883012929278806e-01 5.517763508077623280e-01 7.110218412899025342e-01 5.753906888276144604e-01 4.019243894582661958e-01 4.431684884789954815e-01 1.913458889857458101e-01
5.711982930958917626e-01 6.228074519152834165e-01 7.638925481497375047e-01 4.693039594461964614e-01 5.354257349661706300e-01 3.811248378115644764e-01 2.056935507057519319e-01 3.744894912256485631e-01
5.004041727625140323e-01 5.809619519137596555e-01 6.458867637081480151e-01 5.667996876046550447e-01 4.739452166472943317e-01 4.390611664995691110e-01 2.855313725832129834e-01 3.977786540953914818e-01
4.418037401590879099e-01 4.007623738915306322e-01 5.561256610267110156e-01 4.313145605167651442e-01 5.498001400611175482e-01 1.915211083495215738e-01 2.592459939101476873e-01 1.418542328828610311e-01
3.450647993225837706e-01 4.436267198419631130e-01 5.818901275339984913e-01 5.979325029274471515e-01 5.083122698523048211e-01 2.845172109755413903e-01 3.224700595809341097e-01 3.110207599416039415e-01
3.255377344429685182e-01 3.934929057363341087e-01 4.531069120500987868e-01 5.114173532466198546e-01 4.526583053971843240e-01 4.636578179494292851e-01 3.881012741024990609e-01 1.346147959665177918e-01
4.746687617807923143e-01 3.881157545987283242e-01 5.567342173707440223e-01 4.366755808660545135e-01 3.633849315640937938e-01 3.630215698424291149e-01 2.462493238051931543e-01 3.018605423201433102e-01
3.803273725088607837e-01 6.063233341309942626e-01 4.864781675529030736e-01 4.645583736660413576e-01 4.727831481246088652e-01 1.575848974401387603e-01 1.007973882625200768e-01 2.095110927835957260e-01
2.812714262859580816e-01 3.785357518786713893e-01 5.209496800738118161e-01 3.728685731187056929e-01 3.085866816039521399e-01 3.593047216472236016e-01 1.258321716948874736e-01 1.563602758806269810e-01
3.704968021484734697e-01 5.002448714974254695e-01 2.966796875000000111e-01 4.154258651999039320e-01 4.562672327389866722e-01 2.149346880876910892e-01 1.125056447915702557e-01 2.403351913196450917e-01
2.570479732878359624e-01 4.057799390684608820e-01 2.796607876956169747e-01 3.696537245385165260e-01 3.225793228338193486e-01 2.098985863006109231e-01 1.471717008359872680e-01 -2.945104179659365287e-02
3.210436302827607280e-01 3.453203305437936854e-01 3.856478630787862905e-01 3.346866294029338107e-01 4.373562145486362684e-01 1.558587377028073373e-01 1.565673944980630061e-01 5.621796092767825104e-02
2.611431619395380155e-01 2.968913317289257892e-01 3.127129896631780648e-01 3.005956067763390083e-01 2.316996641104974164e-01 1.435392253563952114e-01 1.154884636423234162e-01 1.501662238945753736e-01
1.998749033361801875e-01 4.134923898239529216e-01 3.577691752571622308e-01 3.105428217999381957e-01 2.047952390007615475e-01 1.139682221376403792e-01 1.437413461149741334e-01 -2.838002271226146983e-02
2.500103399413051153e-01 3.038214561827407012e-01 3.370779806108616938e-01 2.820495343089200468e-01 1.626679391571969613e-01 1.023047519878228784e-01 1.812632987858671663e-01 1.653487422829430231e-01
3.600988365269716662e-01 2.483453038548339986e-01 3.333421985656091491e-01 3.361270122430040086e-01 3.419867022146470537e-01 1.337251566548157966e-01 1.853483706247489038e-01 5.477664894951763536e-02
2.623733871484286162e-01 2.691534524396612116e-01 1.756265877696003563e-01 1.289842628486048415e-01 2.943503051895434153e-01 1.480402676148828145e-01 2.149884023517201204e-01 4.974848890855210898e-02
2.493084817712741819e-01 1.492214972586959620e-01 2.000636992773888456e-01 2.912557335973869344e-01 2.178825335462627744e-01 1.347701081555816860e-01 1.927030187074829926e-01 1.553604596905623358e-01
1.514641232813548066e-01 2.121194844319059525e-01 2.171624737493731139e-01 1.646029414490594311e-01 1.679047557250150091e-01 1.796485171729312325e-01 4.967626319773496557e-02 8.336176173624440522e-02
2.363190858166835939e-01 2.618408606041643938e-01 1.596637153352078453e-01 2.698967235550521759e-01 2.159790202805373927e-01 1.647863856802250782e-01 5.859811592967971439e-02 3.623111822948452132e-02
2.331554532947896219e-01 1.194481590485838296e-01 2.551480075520548563e-01 2.402490487929510588e-01 2.920729328336171826e-01 1.104265012130157542e-01 1.117729656680360589e-01 6.107873343464811228e-02
1.896630859375000033e-01 2.522261927429006456e-01 1.617102109340929073e-01 1.199648374086850627e-01 2.184494508097131749e-01 1.058861156766323780e-01 5.137314506199049113e-02 2.402598879173368368e-02
1.795084436263100491e-01 2.237247301978011471e-01 1.870124736602541415e-01 1.507010053294573770e-01 1.047850714789496512e-01 1.472444420951453670e-01 2.252332115338192761e-02 4.304271334742548055e-02
1.545382769714998272e-01 1.692382234403589369e-01 2.318236449962205459e-01 2.387413063113000833e-01 1.960389604852239842e-01 8.120409086300658941e-02 9.220325376495040748e-02 2.960764990495418775e-02
1.428423365719276583e-01 1.725040254686322494e-01 1.259314933053071461e-01 1.887839294222399544e-01 1.531442379633518869e-01 1.229519707377214055e-01 9.779874346664486212e-03 5.515033319843965637e-02
7.699578875996956895e-02 1.591220501771907214e-01 1.602468475213778554e-01 1.215947160023493900e-01 2.258853956719840128e-01 1.001547233325258413e-01 1.116692730989006649e-01 -8.473089102686829147e-03
1.467405330089056881e-01 7.802026979043626131e-02 1.575645160704601810e-01 6.590919738366764202e-02 2.100346016959445672e-01 1.167808786154066469e-01 3.860182898724509593e-02 1.043115359358436495e-01
1.198762285622728407e-01 1.010371663786482355e-01 1.187708292697355061e-01 1.780654550917272760e-01 6.012365383112824174e-02 1.137162485939439277e-01 -3.562399450063877260e-02 5.555812213479466299e-02
7.273314912493863971e-02 3.611931850100327107e-02 1.088636260479308865e-01 2.005250817679295472e-01 1.184769555129266405e-01 1.192256646861736963e-01 6.399075022371293608e-02 9.653312739938474385e-02
1.490204931759759321e-01 1.524782021017362099e-01 1.790507581862509912e-01 1.593994090866389102e-01 1.555167281046586636e-01 5.484336305359363561e-02 7.765359146432283810e-02 -3.646600518005733288e-02
1.275069724794747617e-01 1.225662868956382684e-01 1.414872655619260344e-01 8.737109898088643578e-02 1.099579245254480170e-01 1.242870375473769107e-01 8.371447955020593079e-02 7.628644207887198825e-02
1.094237411734517162e-01 9.663841902820505259e-02 1.034684448971400772e-01 1.425149752399114123e-01 9.161393542104452614e-02 9.019401064412183033e-02 -1.636543576679532624e-02 1.138722914682465531e-01
5.332622652494911630e-02 1.842920598758352457e-01 1.441637650391379977e-01 7.714932391528026012e-02 6.471441898655166947e-02 4.854935773714320890e-02 8.193812431743581481e-02 -1.091406327031157683e-02
1.012215472568441105e-01 1.131569883513727642e-01 7.376861269391685183e-02 1.135093389990021739e-01 1.135782557209645688e-01 4.980833679234821648e-02 5.864905095210295322e-02 2.975074403060119776e-02
9.388883782246630616e-02 1.557927801362808951e-01 1.500457504048240687e-01 1.579117153001868001e-01 1.016898452437858535e-01 9.935374443788458354e-02 9.578637407310601481e-02 -6.129092710115419118e-02
8.224478428137725616e-02 1.222633401120671037e-01 1.086399654983995766e-01 1.277111548877284952e-01 1.334286248373029449e-01 5.809473522464327078e-02 4.265066972693918983e-03 -3.226811418293701328e-02
1.299551565823343080e-01 7.824263875518364109e-02 8.576337215259104141e-02 2.980729197507105827e-02 9.906885531158504676e-02 8.571694747640190570e-02 6.397085478811552484e-02 2.588968446108713684e-02
5.103774564431987071e-02 5.908376147998976174e-02 4.721927444252939365e-02 5.734227522432296803e-02 6.289707968941590788e-02 6.108318654480467125e-02 6.884194572886671859e-02 5.264415427027827055e-02
5.962209136668436549e-02 5.851319254840472994e-02 8.755712945570377770e-02 9.080124545137586989e-02 8.321227886515054906e-02 8.962708719436025817e-02 1.210818237202801809e-02 -5.459613263545755324e-02
6.026913477925311541e-02 6.392735745533403846e-02 1.062475434381659339e-01 9.529567121529371188e-02 3.055141251904053279e-02 5.561748867439981342e-02 1.279427183672331332e-02 9.069772267310096184e-03
6.161076812527227498e-02 9.334190960740218479e-02 3.334431289937454801e-02 7.273281723705690704e-02 9.400699304477078133e-02 8.271317153842920600e-02 6.054350403469328096e-02 4.848482549738204750e-02
7.427295011221980714e-02 9.899187775097936792e-02 6.739164266041144935e-02 9.539336857564256755e-02 3.957754415784312668e-02 4.398340915683722485e-02 4.947962310832763194e-02 3.490278415266304113e-02
6.804385324495794418e-02 3.966463738857730487e-02 4.739565363983620078e-02 5.719405790029460923e-02 5.391399181906521981e-02 9.802320848624368477e-02 -3.059654291366732670e-02 -3.665359704445952937e-02
5.575248276868826486e-02 6.081376931277964609e-02 6.645421979261820211e-02 9.570157734021744744e-02 5.650148895476578281e-02 6.909614188203713758e-02 4.603611575261081466e-03 3.262406645163283721e-03
3.846594493448144553e-02 6.823861396918862177e-02 3.940157817911375121e-02 7.306290550414196172e-02 4.075007122113445679e-02 1.389455837079247962e-02 7.324696355365362122e-02 -5.326842249191274421e-03
3.712468247526388987e-02 3.099051568761453448e-02 7.460964581361695380e-02 7.410425795028660612e-02 2.104205572431756821e-02 4.325083351642078355e-02 1.465273442241431592e-02 3.281737234131118508e-02
5.216719233995870120e-02 3.352073267886512831e-02 7.980487816828915615e-02 2.690959228773701778e-02 4.900864517613216786e-02 7.909013696475687694e-02 3.524867299233670759e-02 4.622571279003614975e-02
6.103041920870454218e-02 1.727127817731737708e-02 8.730999721346237308e-02 4.731026443780637220e-02 2.387861772017045581e-02 9.931118658111514133e-03 7.175962301426377921e-02 6.490595786682280821e-02
5.198910665782782020e-02 5.914347408382036875e-02 4.211849636501736188e-02 7.752126523352395604e-02 3.462980565027320989e-02 5.602773804124663165e-02 8.574550692843112276e-02 -6.633505518024956742e-03
5.646291797573316229e-02 4.800428866459872240e-02 5.870890499923030192e-02 5.485273052122691118e-02 5.805203995862980026e-02 1.481029745941634876e-02 -6.417834698731677417e-03 7.198135140225426359e-03
4.481194442070173672e-02 4.879421147317133250e-02 5.883361665804741347e-02 2.828094010755779694e-02 1.526630510163529478e-02 6.524525925567939422e-02 5.100263692564883933e-02 -2.228194619448974068e-02
4.146453238344017383e-02 4.062394955391226276e-02 3.253303560265066036e-02 9.200220397267233272e-03 4.930999449680149166e-02 3.427409973733327553e-04 -2.211574595572170926e-02 2.922067743136163090e-02
4.109521264752091091e-02 7.051129386929654019e-02 2.614178573876096631e-02 6.930501328857542609e-02 5.065063203926348234e-02 7.678996652796647900e-03 -1.101332812814577976e-02 2.147643891516749434e-02
2.140289677924950978e-02 3.404127821952272065e-02 4.324485204553091267e-02 5.474165386641492714e-02 3.251502753784937805e-02 6.968909027704845924e-03 4.760821624783687783e-02 2.850422151246942079e-02
1.020491665960590599e-02 4.942465405737873907e-02 2.776804367210032945e-02 6.556986010293634759e-02 2.228714045287637571e-02 5.235299204153127245e-02 4.712952597930798737e-02 1.751821871067238065e-02
4.363654815521018221e-02 4.998861898587444313e-02 3.666511579410145633e-02 1.305345886450812176e-02 2.775154275673104298e-02 1.662624495570300814e-02 -3.053094285598084798e-03 -2.734339170370412436e-02
4.867006022200588700e-02 2.914695963700923362e-02 2.588046398618594826e-02 4.896016622987776901e-02 4.639138571535245115e-02 3.846930291133177082e-02 -3.902791911948897546e-02 -1.583120916501060821e-02
1.977518493804160393e-02 1.298822169413459994e-02 3.552759399264990292e-02 2.692849295479910962e-02 1.653054565024991013e-02 1.668079605612298247e-02 3.348719991618294423e-02 4.116867019699051167e-02
4.086144247082484568e-03 3.123073864937505120e-02 1.425824431598488908e-02 5.436932576316930166e-03 2.847246583145257928e-02 2.762806229130695956e-02 2.731307673235726374e-02 -4.208709712553017172e-03
2.119921948318400154e-02 6.838073444723636457e-03 3.311732216146443669e-02 4.078151800541843924e-02 2.891823765684115380e-02 3.098476761281583960e-02 -9.370749986904626863e-03 -2.981258842437837370e-02
1.940954471873390999e-02 2.295806507771225302e-02 4.973630134228147065e-02 2.208167582817741059e-02 1.775001569190656769e-02 1.346576375194991591e-02 2.581808523549577322e-02 -8.902394981121245984e-04
