nan nan nan nan nan nan nan 0.000000000000000000e+00
2.479092285156250000e+03 nan nan nan 1.296606811523437500e+03 3.293713378906250000e+02 nan -9.738105773925781250e+00
1.822000585937500091e+03 nan nan 1.422687337239583258e+03 nan 1.865153198242187500e+03 1.377271850585937500e+03 1.803142903645833258e+03
1.851655517578125000e+03 nan 1.507863118489583258e+03 nan 1.918382202148437500e+03 2.090584960937500000e+03 2.742167317708333030e+03 1.768805908203125000e+03
2.598686197916666515e+03 1.486166015625000000e+03 nan 1.856622924804687500e+03 nan 1.934609700520833258e+03 9.097402343750000000e+02 1.210061748798076906e+03
2.143984907670454504e+03 1.812793750000000045e+03 1.646690987723214221e+03 nan 2.116510475852272975e+03 2.195435546875000000e+03 3.309278459821428442e+03 5.810112926136363967e+03
1.462149536132812500e+03 1.966552517361111086e+03 1.922781250000000000e+03 1.854726196289062500e+03 1.526794677734375000e+03 2.850703613281250000e+03 2.650291015625000000e+03 3.211307508680555202e+03
9.504329427083332575e+02 1.718094401041666515e+03 1.270149739583333258e+03 1.296950055803571331e+03 1.448124644886363740e+03 3.123258413461538566e+03 3.459583806818181984e+03 3.372672222222222445e+03
1.403409231085526244e+03 1.368134068080357110e+03 1.144392171223958258e+03 1.546882361778846189e+03 2.933726004464285325e+03 3.007527994791666515e+03 2.851637019230769511e+03 2.493786511479591809e+03
1.255417629076086996e+03 1.353463641826923094e+03 1.245247472426470495e+03 1.648663574218750000e+03 2.198602734375000182e+03 2.427275000000000091e+03 2.173671006944444343e+03 2.629573844178082254e+03
1.223417049632352928e+03 1.041867838541666515e+03 1.203405273437500000e+03 1.991991168478260761e+03 2.835468979779411711e+03 2.215931818181818016e+03 2.346504076086956502e+03 2.447669237012987196e+03
1.064718510841836633e+03 1.284108072916666515e+03 1.098616071428571331e+03 1.581517578125000000e+03 1.473371922348484986e+03 1.749132068452380963e+03 2.139052176339285779e+03 1.770486447704081456e+03
1.145225409836065637e+03 9.598460365853659368e+02 1.040361683238636488e+03 1.804760557432432506e+03 1.587625868055555429e+03 1.931389780405405418e+03 1.735261284722222172e+03 2.182196022727272975e+03
9.065704291044776255e+02 8.349563643292683537e+02 1.034549287683823422e+03 1.320571928879310235e+03 1.484482986111111131e+03 1.584574810606060737e+03 1.605204180743243342e+03 1.878557327586206839e+03
8.917874300373134702e+02 8.331524367559522943e+02 9.927167534722223081e+02 1.445052479619565247e+03 1.331400000000000091e+03 1.370962518601190368e+03 1.360688344594594582e+03 1.390792824074073906e+03
6.874076804577465509e+02 7.086168981481481524e+02 1.010386552526595665e+03 1.260296142578125000e+03 1.186878216911764639e+03 1.183853828125000064e+03 1.246201250000000073e+03 1.319491699218750000e+03
6.552176050646551175e+02 6.159530512971697362e+02 1.164487847222222172e+03 1.029230707908163140e+03 1.129258864182692378e+03 1.137695478723404221e+03 1.180170266544117567e+03 1.061963991116751231e+03
5.695785560344827445e+02 6.239372209821427759e+02 9.426422164351851052e+02 9.014203673245613118e+02 1.063725463867187500e+03 1.051904119318181756e+03 9.634427734375000227e+02 1.131878137550200790e+03
5.850120933219177459e+02 5.371256975446427759e+02 7.579499007936507269e+02 8.573924134036144551e+02 9.773720703125000000e+02 9.938227926587301226e+02 9.710039062500000000e+02 9.650114253952568788e+02
5.581278916396104250e+02 6.129191406249999545e+02 7.934319661458332575e+02 9.002342379385964932e+02 8.770036337209302246e+02 8.958184151785713993e+02 9.331424512987014168e+02 9.473280737704917556e+02
5.207070066823899879e+02 6.054247007978723332e+02 8.042070913461539021e+02 7.341216517857142208e+02 8.914867294520547603e+02 8.346525213068182438e+02 8.701428840361446646e+02 8.240306010383386592e+02
4.711157924107142776e+02 5.904668719951923777e+02 7.776013869382022676e+02 7.214669510690789593e+02 7.532515470297030333e+02 7.898437500000000000e+02 8.429047794117647072e+02 9.068376989389920482e+02
4.631420765027322659e+02 5.196502939356436173e+02 6.766894899764150750e+02 6.997824684633027346e+02 7.771011904761904816e+02 7.422388392857143344e+02 7.457034505208332575e+02 8.435091728855720703e+02
4.070144196428571490e+02 4.698341498940678207e+02 6.405876970720720465e+02 6.916994318181817789e+02 6.847570246848739544e+02 7.066207252358490223e+02 7.377716557017542982e+02 7.626969803370786849e+02
4.061653301886792633e+02 5.157338267543859729e+02 5.554691880841121474e+02 6.507809734513274407e+02 5.833410993303571104e+02 6.077873555672268822e+02 6.897203262061402711e+02 6.285477350917431068e+02
3.748874339788732755e+02 4.372677500000000350e+02 5.382049141221374384e+02 5.677054115853659368e+02 5.523556113138686214e+02 5.491322674418604493e+02 6.084197998046875000e+02 5.910265711645101874e+02
3.206882595486110858e+02 4.523640372983870748e+02 4.808243353544776255e+02 5.054607822847681859e+02 5.419167906746031349e+02 5.663230274822694810e+02 5.332107077205881751e+02 5.806116399082569615e+02
3.074281399760383238e+02 4.076220092773437500e+02 4.243781611271676297e+02 4.753820195018796539e+02 5.048310373520710073e+02 5.310262276785714448e+02 5.123261598926380884e+02 5.511548611111111313e+02
3.062026024247491591e+02 3.943020982142857065e+02 4.568865513392856883e+02 4.395913027108434221e+02 4.733519531249999659e+02 4.553945069875775857e+02 4.792391786317567721e+02 4.853955486334405123e+02
2.748536097515060419e+02 3.986621509308510554e+02 4.001845643939394108e+02 4.388805669910179859e+02 4.243573560393258504e+02 4.518344267955801001e+02 4.651182383040935520e+02 4.873512838801711951e+02
2.807812261814024737e+02 3.609851112565445419e+02 3.831940878378378557e+02 3.917467730978260647e+02 4.065234821428571195e+02 4.390362042682926926e+02 4.220806423611111313e+02 4.697179773351648464e+02
2.609730512640449547e+02 3.637600446428571104e+02 3.868329981435643390e+02 4.285386795343137010e+02 3.875171874999999773e+02 4.238397865853658573e+02 4.061976868872549176e+02 4.436217754777069899e+02
2.540997362012986969e+02 3.630256265096618336e+02 3.527968750000000000e+02 3.655097853535353920e+02 3.854188671874999841e+02 3.873993844696969973e+02 3.937482982673267315e+02 4.006128536285362998e+02
2.373491612554112464e+02 3.612891715116278988e+02 3.359563397129186342e+02 3.408440043604651351e+02 3.511335076800847332e+02 3.735848465653153312e+02 4.241027326541850471e+02 3.827189647766323333e+02
2.204933123767258394e+02 2.903941479264018426e+02 3.334701954845815521e+02 3.413794198207171462e+02 3.314603924418604493e+02 3.579643954918033160e+02 3.469412202380952408e+02 3.469723852721451749e+02
2.132782082479508290e+02 2.850363813920454277e+02 3.035798611111110858e+02 3.116763698630136901e+02 3.165525722021660613e+02 3.149693455717488746e+02 3.408071997549019443e+02 3.197850739719157218e+02
2.066338002873563084e+02 2.762649468315972285e+02 2.675930001395088880e+02 2.816604485544217482e+02 3.061760371179038884e+02 2.912639194542253449e+02 2.911658560311283850e+02 3.090763719512195280e+02
1.850141441005802676e+02 2.735118229166666879e+02 2.600396390682656715e+02 2.752215909090909349e+02 2.916579111295681059e+02 3.103619977678571331e+02 3.070286259541984464e+02 3.087110009017132484e+02
1.767391716452205799e+02 2.554308854166666833e+02 2.463251858922829456e+02 2.493893271579804605e+02 2.602575908687942956e+02 2.587641941391941600e+02 2.696620960884353622e+02 2.932987804878048905e+02
1.652123355263157976e+02 2.393712479440789309e+02 2.463133090614886953e+02 2.447083672638436553e+02 2.566043363192182483e+02 2.653224206349206611e+02 2.580330528846153584e+02 2.598760105092966910e+02
1.742732531342182938e+02 2.418493303571428328e+02 2.416091538915094361e+02 2.431299127684049211e+02 2.482445087859424859e+02 2.481343801398026301e+02 2.555044951923077008e+02 2.584748577315541525e+02
1.669119164411366967e+02 2.170216686320754889e+02 2.303321138595166246e+02 2.369686002396165918e+02 2.347566837818696968e+02 2.375464128521126952e+02 2.444877232142856940e+02 2.476227341389728167e+02
1.611418159965035102e+02 1.988842205668604493e+02 2.210461072976878540e+02 2.144098248714652755e+02 2.314931213556851333e+02 2.271491274928775113e+02 2.312291812150837984e+02 2.256899982468443113e+02
1.499810267857142776e+02 1.902150935683139608e+02 2.098615693099273756e+02 1.972276589912280542e+02 2.166664042821158773e+02 2.206434294871795032e+02 2.218811211340206171e+02 2.148051520270270487e+02
1.491204870025673870e+02 1.952993080900243399e+02 1.989637605042016730e+02 1.993294175790754252e+02 2.067884114583333428e+02 2.083372332317073301e+02 2.033756613756613660e+02 2.084428050928891594e+02
1.480437520213454263e+02 1.829832067757009213e+02 1.927262963807785923e+02 1.864999592036553508e+02 1.912220096371882221e+02 1.971429354636591427e+02 2.021816357052896649e+02 1.963070627289377228e+02
1.340772709627329107e+02 1.675086527459954198e+02 1.717418926886792292e+02 1.831389773400474041e+02 1.787427122201492580e+02 1.951751740139210938e+02 1.908174472799510966e+02 1.835073138297872219e+02
1.259339401169950747e+02 1.633619444444444468e+02 1.685255024779735891e+02 1.703864092612419654e+02 1.797852266328828819e+02 1.793199899655963350e+02 1.819920842511013461e+02 1.819093992248062079e+02
1.251645581570996910e+02 1.512354234307359206e+02 1.552778159340659272e+02 1.651012137276785552e+02 1.666399286684782624e+02 1.698231686827957105e+02 1.676563188325991405e+02 1.759009443681318601e+02
1.202080583914342640e+02 1.489615800865800850e+02 1.541409946236559279e+02 1.521622494725738193e+02 1.674128534226190368e+02 1.645565257352941160e+02 1.705069696576763363e+02 1.622818455532027713e+02
1.179688262939453125e+02 1.439436848958333428e+02 1.460303544960474085e+02 1.460054808624030898e+02 1.504569575471698215e+02 1.520957589285714562e+02 1.538003056387225342e+02 1.571681023797719376e+02
1.150669746292863778e+02 1.435376478909465163e+02 1.435679647020725440e+02 1.464591346153846132e+02 1.415232490723562080e+02 1.464586193400770640e+02 1.513803055037313356e+02 1.486680963085660210e+02
1.111546474358974450e+02 1.322982042100694287e+02 1.375904107862903061e+02 1.377765894396551687e+02 1.391371899319066188e+02 1.398343063186813140e+02 1.421738465160075293e+02 1.455398241643454185e+02
1.052486308717253820e+02 1.279580176767676676e+02 1.329136747472426521e+02 1.357408854166666572e+02 1.350537239583333360e+02 1.366078205403087509e+02 1.415973493303571331e+02 1.297405942531305811e+02
1.023968191452795651e+02 1.260878572952218377e+02 1.263736740848585782e+02 1.268927824828473376e+02 1.362463877688172147e+02 1.319864167422867354e+02 1.309785725771869522e+02 1.317854392624728916e+02
9.405030921628721785e+01 1.185785054788961048e+02 1.212986672051696360e+02 1.267605500000000092e+02 1.274242032284768271e+02 1.278767612721417066e+02 1.294005948733660034e+02 1.223650276659959673e+02
9.149716443900602769e+01 1.144314585008038563e+02 1.130405063943894390e+02 1.174178534836065637e+02 1.182351238019169273e+02 1.228984499601275928e+02 1.249091859879032285e+02 1.201970319518170811e+02
9.433721919276658241e+01 1.098198895302547839e+02 1.139681221020092750e+02 1.128841809315286611e+02 1.123665775150150097e+02 1.110444065955766177e+02 1.162602966017488200e+02 1.132617217250571287e+02
8.711611806556194892e+01 1.038227144798136550e+02 1.111155973451327412e+02 1.035402194992947784e+02 1.085383103649068204e+02 1.097336912661406103e+02 1.108363810043668138e+02 1.081618202416918422e+02
7.926650355871886688e+01 9.990644230769230205e+01 1.014439189189189250e+02 1.067338169642857082e+02 1.047964409722222285e+02 1.056520235655737707e+02 1.029493465504978644e+02 1.015165388086642508e+02
8.007968090253342552e+01 9.715326648622047401e+01 9.893431193946189239e+01 1.040923947704081485e+02 1.046381214234620813e+02 1.034222553453947313e+02 1.028104945345557155e+02 1.022289978448275747e+02
7.942422462406015882e+01 9.219006014304291341e+01 9.548928692411924146e+01 9.657730558548850297e+01 9.467830821805006281e+01 9.918780006858709442e+01 1.013979698129251688e+02 9.697419164701919669e+01
7.267348313630041901e+01 9.044999999999998863e+01 9.094331675224646006e+01 9.167575158227847965e+01 9.641793716307277862e+01 9.875111908783784997e+01 9.357701763654095828e+01 8.908867251223490769e+01
6.923986928104574190e+01 8.853848704744069664e+01 8.707656630170316703e+01 9.094635285804019986e+01 8.826881180469715105e+01 9.263864087301587347e+01 8.967323369565217206e+01 9.060777923480407026e+01
7.264872042932242380e+01 8.511110892181588383e+01 8.620552581863979924e+01 8.587947540473224706e+01 9.158655024509803866e+01 8.909638746803069864e+01 8.552172089575530833e+01 8.529836263223397452e+01
6.886272634755755462e+01 8.252625222948869066e+01 8.288031631097561558e+01 8.436836535630152412e+01 8.453453469802555276e+01 8.742938358123569742e+01 8.594144736842105203e+01 8.035898437500000568e+01
6.821298828124999147e+01 7.945971294046171352e+01 7.726487187862950634e+01 8.040134838618347146e+01 8.113873595078977985e+01 8.031848988862836336e+01 8.139354024459612447e+01 8.219791056255493800e+01
6.243657204468326682e+01 7.481339233682983547e+01 7.631420747422680506e+01 7.653919209123223766e+01 7.823303002125398109e+01 7.904177716456422331e+01 7.724367889844617707e+01 7.615334180830315347e+01
6.269984299839657638e+01 7.261504641736401311e+01 7.485861457126303264e+01 7.347993607954545325e+01 7.726739817415730727e+01 7.318275234131114360e+01 7.304661573561946852e+01 7.283750338111983069e+01
5.818993716032608887e+01 7.051361040609137376e+01 7.067158503446448492e+01 7.271547867330461656e+01 7.229935213414634632e+01 7.522149033224401649e+01 7.143918001853813848e+01 6.942369091146514393e+01
5.635674451462766399e+01 6.589475502512563310e+01 6.845365466101694096e+01 6.897736132413088228e+01 7.173091577540107266e+01 6.697439368034447682e+01 6.621342107830385260e+01 6.651004721510882689e+01
5.391635272835899428e+01 6.473751715319360756e+01 6.730757151741292432e+01 6.748005982053838636e+01 6.624809617718446475e+01 6.805553821178821750e+01 6.609222113502934803e+01 6.363290089891878409e+01
5.435642369119003803e+01 6.279777644230769340e+01 6.352442369329389038e+01 6.342020197432170647e+01 6.562625366927592552e+01 6.447570540048543819e+01 6.345372119672943256e+01 6.027188412630810177e+01
5.197909929750223057e+01 5.993121008751182899e+01 6.233279017857142890e+01 6.242670534872761579e+01 6.379165945290858275e+01 6.179784706221197865e+01 6.252561285846438466e+01 5.960546241015534008e+01
5.091472125683682748e+01 5.917373832614941875e+01 5.971983626841620918e+01 5.976480336452762288e+01 5.751128349268177686e+01 6.182504690431519379e+01 5.933835817524841616e+01 5.844178092182030326e+01
5.019362331081080697e+01 5.915266806964944379e+01 5.813251731738034778e+01 5.747732379375591449e+01 5.719887329931972886e+01 5.858392339429081375e+01 5.564980054659893938e+01 5.429101867335563014e+01
4.859851229688186436e+01 5.519016169286321372e+01 5.548581676136363683e+01 5.656982381150958616e+01 5.558702884832730717e+01 5.600341412401574814e+01 5.534427060348632210e+01 5.213237640631761138e+01
4.602254054630815716e+01 5.379747497957516345e+01 5.332204039371772808e+01 5.549392591976950229e+01 5.444421680497924854e+01 5.460285797377326134e+01 5.150405378218884067e+01 5.026125977387996357e+01
4.330891183757001528e+01 5.096537438625205141e+01 5.378479996918652262e+01 5.364563560177706592e+01 5.344531250000000000e+01 5.079274351317957326e+01 5.107339808209263765e+01 4.831462669094693041e+01
4.195423344017093825e+01 5.069447301249008575e+01 4.950938984560569622e+01 5.140426824613192736e+01 5.043451760912698489e+01 5.021170801333872191e+01 4.873809702238209240e+01 4.733801884661714610e+01
4.155011346444780429e+01 4.766334038844621546e+01 5.058749259478673110e+01 4.891060897122161322e+01 4.942103142626913836e+01 4.827319085438042379e+01 4.659588295636508803e+01 4.572408099149020444e+01
3.907247560751104487e+01 4.650333081644583189e+01 4.643085846018735197e+01 4.651533081812888071e+01 4.717017508529188774e+01 4.640382543103448398e+01 4.551551862708018348e+01 4.259719309950438770e+01
3.898449418815837220e+01 4.502561130860875949e+01 4.521475629664178797e+01 4.651390992516036960e+01 4.474053256202289930e+01 4.494860920329670506e+01 4.336672725577926713e+01 4.114870820137853968e+01
3.726584837793254934e+01 4.360672102142310536e+01 4.338261114690722309e+01 4.349933381782945929e+01 4.348434203586497659e+01 4.341088182335102630e+01 4.171549808212996169e+01 4.112742412433522787e+01
3.698129888079827055e+01 4.216883144718792664e+01 4.173093271072796995e+01 4.274254406505449566e+01 4.229569356931060042e+01 4.218263337361878484e+01 4.022983606742588591e+01 3.836166550216372428e+01
3.484088348356309695e+01 4.214592933143431708e+01 4.159838084030683092e+01 4.196254006410256920e+01 4.131529546800947372e+01 4.115931490384615188e+01 3.829011282917532810e+01 3.569322512919896440e+01
3.460354363413781442e+01 3.927221087432614866e+01 4.034720782183145360e+01 3.947975251606901281e+01 3.961470997431506902e+01 3.931713126323218432e+01 3.777726964769647822e+01 3.604675416106254460e+01
3.238575575086805713e+01 3.822796844100197688e+01 3.916468666777630148e+01 3.862413912557908446e+01 3.948363095238094900e+01 3.657836281573834469e+01 3.560493961653386208e+01 3.354902098997494164e+01
3.200699221220746438e+01 3.758507087310730554e+01 3.756068050986841911e+01 3.644082851015989633e+01 3.702571723891873745e+01 3.672839007620940777e+01 3.482911903578528978e+01 3.216764333635165940e+01
3.213571980980751874e+01 3.627829894626769658e+01 3.632189692283162685e+01 3.584513274336283217e+01 3.627323102335586924e+01 3.531657948157401705e+01 3.254819840207808568e+01 3.037386220966729766e+01
3.097626109920392068e+01 3.622154053514377381e+01 3.545109935798267031e+01 3.434697814792176018e+01 3.437046003643852998e+01 3.339980879171816497e+01 3.252962158808932713e+01 2.966659406812842548e+01
2.899296190314294464e+01 3.288773602870429613e+01 3.328283305921052460e+01 3.399818291355721556e+01 3.351930052052569664e+01 3.198470545296717304e+01 3.001413890131186335e+01 2.845760467744406697e+01
2.803472326243259616e+01 3.202184500282326240e+01 3.317173938313700887e+01 3.307652366593567450e+01 3.171894919931591872e+01 3.154805112335431971e+01 2.915684221497877715e+01 2.814390061354228578e+01
2.759238665128052759e+01 3.144872629064460767e+01 3.152815052508751137e+01 3.163793522115959078e+01 3.099657955824423183e+01 3.088093565088757586e+01 2.900487364289906012e+01 2.643395863504706611e+01
2.711779020446635613e+01 3.102875238078442166e+01 3.065299258474576405e+01 2.969284896124790407e+01 2.961966402624709715e+01 2.908966974229011981e+01 2.828098137535816292e+01 2.523093834471475105e+01
2.559792877906976827e+01 2.968669799737133275e+01 3.055830887430939313e+01 2.934341499089125449e+01 3.008641249652970728e+01 2.899661603412256383e+01 2.652878745837957908e+01 2.433369946512920023e+01
2.574266993279212201e+01 2.916114309210526656e+01 2.930458877060439704e+01 2.790815010387811768e+01 2.771108940972222356e+01 2.642639688540510434e+01 2.517663688428728719e+01 2.282236773498331317e+01
2.464885848445595684e+01 2.823612745427649173e+01 2.837098661204059269e+01 2.710100992927094765e+01 2.711472368166580793e+01 2.580552631578947143e+01 2.465141666666666609e+01 2.199772410726271943e+01
2.470746414602346874e+01 2.706436711197637024e+01 2.701455118646265419e+01 2.733480085326357667e+01 2.640305108075040508e+01 2.496130793819925131e+01 2.380409465956341108e+01 2.143760154016116104e+01
2.373905378422920975e+01 2.617986106464132945e+01 2.615804990069513281e+01 2.641315618239589114e+01 2.559958178292129105e+01 2.452749677835051756e+01 2.234658540913784464e+01 1.975772582881836925e+01
2.298451664645045867e+01 2.502690951060458247e+01 2.620824597310969395e+01 2.518819659560252688e+01 2.403229193906903660e+01 2.367280783582089398e+01 2.174241320324379245e+01 2.015730223525681808e+01
2.226416697854291371e+01 2.469859683140933271e+01 2.521240875912408796e+01 2.499714705315870589e+01 2.300729067977261977e+01 2.318947702520803134e+01 2.081121407956802472e+01 1.899976765085412111e+01
2.154130684642147031e+01 2.387382699711260869e+01 2.419051376863876968e+01 2.388769063995215447e+01 2.249231053149606296e+01 2.153797198116691547e+01 2.074335899464459843e+01 1.862674157984007905e+01
2.091865458015267265e+01 2.337978405898876488e+01 2.313121976757904719e+01 2.209183819640338342e+01 2.250787373812351433e+01 2.086163719296174079e+01 1.912210641291469315e+01 1.730690787546860321e+01
2.029294762561965015e+01 2.256571008663366484e+01 2.245534875528417373e+01 2.233622138980651428e+01 2.140706448690977126e+01 2.036072341439463784e+01 1.851788002179547377e+01 1.657835757531010046e+01
1.941851875281151507e+01 2.160578777552204244e+01 2.174120913904235763e+01 2.133600242382271261e+01 2.035611012708052314e+01 1.981744537778551418e+01 1.856284089631129319e+01 1.628842536756259918e+01
1.921049112067063547e+01 2.166627038043478493e+01 2.112424622407574404e+01 2.132559102960671638e+01 1.978932555927121584e+01 1.902565601409857976e+01 1.783199940557065233e+01 1.566488672227231582e+01
1.890617832568807444e+01 2.045893944519621144e+01 2.060687750739020530e+01 1.993079856437864450e+01 1.941868464316515741e+01 1.823176735647529867e+01 1.694188353011265136e+01 1.473675609889508742e+01
1.785543015916575271e+01 2.050085054119377759e+01 1.961619272964983907e+01 1.931804887820512917e+01 1.897031701188360486e+01 1.764825925527335215e+01 1.613601230053191316e+01 1.449983197099717458e+01
1.746030568035943631e+01 1.966368179925031257e+01 1.961422265459550829e+01 1.904104004959034313e+01 1.820681698986901154e+01 1.685698510021097007e+01 1.589013651246303382e+01 1.381166164205269808e+01
1.703272475701943733e+01 1.909258911941225278e+01 1.889678305014504645e+01 1.882277348594460520e+01 1.750324263996138896e+01 1.683345306513410122e+01 1.512235055770842074e+01 1.326011856492623231e+01
1.681838296543106992e+01 1.805016080834683834e+01 1.819702852212748567e+01 1.776091169955698845e+01 1.703937203363598840e+01 1.550818586847389646e+01 1.473264488520926463e+01 1.255654439546599477e+01
1.628593903487229966e+01 1.780474129202106326e+01 1.771652731537530201e+01 1.734529026930894346e+01 1.643963196536144622e+01 1.570249980812525514e+01 1.400568957238172096e+01 1.200419381210707748e+01
1.626460512299050976e+01 1.746567958515283792e+01 1.759562210531614923e+01 1.660593262694921890e+01 1.586982187741686090e+01 1.526356039874902315e+01 1.337924847079715818e+01 1.164580570086275380e+01
1.534093369337647594e+01 1.703833906250000041e+01 1.666839442144782524e+01 1.658265708048595499e+01 1.542184073464912331e+01 1.413008142267843503e+01 1.302265504156999221e+01 1.123361067594481533e+01
1.486577151229273852e+01 1.646998307190179389e+01 1.587130493747701365e+01 1.559672052071121584e+01 1.509732000842065958e+01 1.396063619567345349e+01 1.273236704523899832e+01 1.041307316350710899e+01
1.421271883257833046e+01 1.592117545871559692e+01 1.591775336008270969e+01 1.497990441912299886e+01 1.432584722090148333e+01 1.395812852747964428e+01 1.199089426434503558e+01 1.024168717386148053e+01
1.371760436100746361e+01 1.540426734611231119e+01 1.512116352989427526e+01 1.455641097759479052e+01 1.417612567204301044e+01 1.328097747093023173e+01 1.174092230902777700e+01 9.986160366440554270e+00
1.355854139519732016e+01 1.492800834915039765e+01 1.481015288496051774e+01 1.407715824515782010e+01 1.376079231453728013e+01 1.269075969827586192e+01 1.129938077544610486e+01 9.548615933202805550e+00
1.327134236846912607e+01 1.429234474840255587e+01 1.462036307448140171e+01 1.392794088198647273e+01 1.324652069286728207e+01 1.214357421875000043e+01 1.085669511460934622e+01 9.029577077436758969e+00
1.300611261377296834e+01 1.409286321271929765e+01 1.371191303777544590e+01 1.339603449025748105e+01 1.305404466474089631e+01 1.184093639770723172e+01 1.044267365977575324e+01 8.771195938818564741e+00
1.276893667735403248e+01 1.394141990344285098e+01 1.352572375305197028e+01 1.304265680212014011e+01 1.238282313286832270e+01 1.132459822944972849e+01 1.009427765334252314e+01 8.442344740383781243e+00
1.224855006748776631e+01 1.340080818965517118e+01 1.305761219314694799e+01 1.261934089597757946e+01 1.213499069614711168e+01 1.096642446844993124e+01 9.717542673319327307e+00 8.097203645877739220e+00
1.190080869377872475e+01 1.282688607241142087e+01 1.284743253297940768e+01 1.202229661850205211e+01 1.138459267555951904e+01 1.057477361505681834e+01 9.418520113749584866e+00 7.826873649995845561e+00
1.154409791047241463e+01 1.295913135762117285e+01 1.229649260707001979e+01 1.198086351058710264e+01 1.130592319062395212e+01 1.035493282375573010e+01 9.275689064053695532e+00 7.333095026914607573e+00
1.134837977091471295e+01 1.225836173943883978e+01 1.181457962273316120e+01 1.135353169216847569e+01 1.084505044136191643e+01 9.861463409109214595e+00 8.691846549855490878e+00 7.241799560250708367e+00
1.090463649319225681e+01 1.201615512503982153e+01 1.183027194656488668e+01 1.124169468459814247e+01 1.050350986168032819e+01 9.690682176813679050e+00 8.492236503136201264e+00 6.892395733221207799e+00
1.058763284412955485e+01 1.167422725505443104e+01 1.138617041925465934e+01 1.096508217093095006e+01 1.020279716908361678e+01 9.343710392902407236e+00 8.205252618607516979e+00 6.760796305845267362e+00
1.054313291728763069e+01 1.108366696178393518e+01 1.098913085634501918e+01 1.061414006224553752e+01 1.000627461107231575e+01 8.982521328604294197e+00 7.747377110034385339e+00 6.419934149274575397e+00
1.020490971182634787e+01 1.098507288490853639e+01 1.076911289397184746e+01 1.010596694183580802e+01 9.391972164455934191e+00 8.644108408505154273e+00 7.555347727784448963e+00 6.198831265167601856e+00
9.992897203583542165e+00 1.060191184915773377e+01 1.039676821210542101e+01 9.751240335051546637e+00 9.136995277393044290e+00 8.428164190803224542e+00 7.233210850876536036e+00 5.920612243944377795e+00
9.564907008184741599e+00 1.045594163058340875e+01 1.022737354817894939e+01 9.529134016946610330e+00 9.065810628045285924e+00 8.157758757072663514e+00 6.944972528475466866e+00 5.835366290794049782e+00
9.612458881578946901e+00 1.021802414693105376e+01 9.861818753756010025e+00 9.330060429643262765e+00 8.795298159875184041e+00 7.785216137547005033e+00 6.648614024811101864e+00 5.434770887364022585e+00
9.187056298221174089e+00 9.821064839150546177e+00 9.624214067851026400e+00 9.042869245815138513e+00 8.474877601247197134e+00 7.549583377211457780e+00 6.612766066585783697e+00 5.158171261665597918e+00
8.892954843886780480e+00 9.495157469342251133e+00 9.376392283519551896e+00 8.872619355205998204e+00 8.234077236757107343e+00 7.259736894289010145e+00 6.334361254965947374e+00 5.009684503032226566e+00
8.631542247015350000e+00 9.402878289473685314e+00 9.079145902547065106e+00 8.545022534808811798e+00 7.894925847821605558e+00 7.049014545049369751e+00 6.316361848489049358e+00 4.892409600457412466e+00
8.461528805935467190e+00 9.072985423542354155e+00 8.548441114929232754e+00 8.104094506876027282e+00 7.722486692994505297e+00 6.872724837105624651e+00 5.952236826316511298e+00 4.670982537953570990e+00
8.165562838686227565e+00 8.771203836195148540e+00 8.553628051890642681e+00 8.071107700892858006e+00 7.395793559083601032e+00 6.586956795302012502e+00 5.730569421140939035e+00 4.441259219226856736e+00
8.059853896635244652e+00 8.479727818495000236e+00 8.134173185752329616e+00 7.850612426537070476e+00 7.236085428994082136e+00 6.409089781746032166e+00 5.380792755982284348e+00 4.236586403414001722e+00
7.840525042780043918e+00 8.440753984899327378e+00 7.967198697520293749e+00 7.507821999121858880e+00 6.818804126337238536e+00 6.249309980110571594e+00 5.147219018066024887e+00 4.163655091833388333e+00
7.594578659359732420e+00 8.191467223690835908e+00 7.697276547936084512e+00 7.301028078860110071e+00 6.904104705222897209e+00 6.028559310744734390e+00 5.163818295780151502e+00 4.133319576987339872e+00
7.501387388767088993e+00 7.825426918983219515e+00 7.642080298775070446e+00 6.998608164356051375e+00 6.608588612797167805e+00 5.878740858352578869e+00 4.940434687820020265e+00 3.913529435649996557e+00
7.241359642469341829e+00 7.718267188666915857e+00 7.319020507812500576e+00 6.909808737781489185e+00 6.256240860249237201e+00 5.663369979224376571e+00 4.775291546333501280e+00 3.692892358056306445e+00
7.001156087672621986e+00 7.389135401359294697e+00 7.283057226610335277e+00 6.917698235412537144e+00 6.243474635136785800e+00 5.375405014942669091e+00 4.581365804756637239e+00 3.483106340412434498e+00
6.898823267874223397e+00 7.357717614817758545e+00 7.085670422405311975e+00 6.433043519938650867e+00 5.908093393492394263e+00 5.310723989474339213e+00 4.432623392442571308e+00 3.559779725004581064e+00
6.693708294310465767e+00 7.147488176085374789e+00 6.775092034046927836e+00 6.269142697281167464e+00 5.769846704775214441e+00 5.075175457174573523e+00 4.291587075682532060e+00 3.225914071392200100e+00
6.596851116990006147e+00 6.849958383777239312e+00 6.477280031028368690e+00 6.090593342454588388e+00 5.580268869061972836e+00 4.887535911995919413e+00 4.093319658233073532e+00 3.107189146891562004e+00
6.427176861546560538e+00 6.845287467120995117e+00 6.439167117399225759e+00 6.046551355367435043e+00 5.425536494129438836e+00 4.761539390787299375e+00 3.840410333023903444e+00 2.973412616794969932e+00
6.189415694989610195e+00 6.473661333342766611e+00 6.268532603844322537e+00 5.781917266085184082e+00 5.198959192389255080e+00 4.701501392678490099e+00 3.770094817908794305e+00 2.909370760204376349e+00
6.129750893268787415e+00 6.373615555973895397e+00 6.057424891409266543e+00 5.635310797735091803e+00 4.992183130592841245e+00 4.521849832933516389e+00 3.592305919924553947e+00 2.741586673897121074e+00
5.944543889569328776e+00 6.209388636683558893e+00 5.849158315999550162e+00 5.456658320356738479e+00 4.819107626997716665e+00 4.292574002077251372e+00 3.607900390624999787e+00 2.635658011559793845e+00
5.682878186654049202e+00 6.030615695726214476e+00 5.776037078837260808e+00 5.309422283474297011e+00 4.785927163726571010e+00 4.178412391517357882e+00 3.486938422858007147e+00 2.609524170851498237e+00
5.582085619646680819e+00 5.918312631331564155e+00 5.576930612076551164e+00 5.216752358099137510e+00 4.602614182692307487e+00 3.976407510355351782e+00 3.230059856193470136e+00 2.474535030868460161e+00
5.386187618946922662e+00 5.788952304231517410e+00 5.415841148091933732e+00 4.991486660346695636e+00 4.470127367324329803e+00 3.876412181837791238e+00 3.181076138005780596e+00 2.434315670921377350e+00
5.417214767318879076e+00 5.565031419836956594e+00 5.288054327438370450e+00 4.829368381736212967e+00 4.362496519855497468e+00 3.792040963290460809e+00 3.073375629529950803e+00 2.355019363958779532e+00
5.156273753669532667e+00 5.358448436487361910e+00 5.031385219405416720e+00 4.662394949412532519e+00 4.221524003623188470e+00 3.652944139799154222e+00 2.930970853239185381e+00 2.217818184814131399e+00
5.089991745158913616e+00 5.245606561546286351e+00 4.988093481759656278e+00 4.570074968434343354e+00 4.103831900434506075e+00 3.528294949875337316e+00 2.784212069864441919e+00 2.123995145377668425e+00
4.894018421661355589e+00 5.104730946663296187e+00 4.818436158312642270e+00 4.324763232576557037e+00 3.976019021739130466e+00 3.375878170796865252e+00 2.685517823941647286e+00 1.974565342070957463e+00
4.796595521907216941e+00 5.006672297297297902e+00 4.674671085480327726e+00 4.239316146556856957e+00 3.757725676743474796e+00 3.251129144133176219e+00 2.603224307442632668e+00 1.923083088105560279e+00
4.699734185819822940e+00 4.912243642585931269e+00 4.582042139585822405e+00 4.135910479087070435e+00 3.683402397861875066e+00 3.164530637953689052e+00 2.542965235077984332e+00 1.854288722724087846e+00
4.585633343446602339e+00 4.680239537718949627e+00 4.404648757748450549e+00 4.022121490641711539e+00 3.613749287095814111e+00 2.994944224191542048e+00 2.465369012013051364e+00 1.856654303714357246e+00
4.421599590478015429e+00 4.680647751277264845e+00 4.314513027446766458e+00 3.897833674208923238e+00 3.486796725047984769e+00 2.942130894872483804e+00 2.337811124021526687e+00 1.672737095019342313e+00
4.365837926149890080e+00 4.496409201864722149e+00 4.184784514023211166e+00 3.863728864304686095e+00 3.400029871323529296e+00 2.813350122572353396e+00 2.309122008042766350e+00 1.645402301885198426e+00
4.235154540806620460e+00 4.355736624537307478e+00 4.105131767165492995e+00 3.692990480937560438e+00 3.261858389824545235e+00 2.810925047061412219e+00 2.209106742989120242e+00 1.581209431579324365e+00
4.124777773853254281e+00 4.232830033572479778e+00 3.970554452038253412e+00 3.650069849718582837e+00 3.171473621797935571e+00 2.723321507336005087e+00 2.071294078133916639e+00 1.592785380409219131e+00
4.037927362962268063e+00 4.082117690426115608e+00 3.818024439027803751e+00 3.451562941467319678e+00 3.007246914990859388e+00 2.534274593126282227e+00 2.054109025512581788e+00 1.424255260896486242e+00
3.863214417188668648e+00 4.003315008770731431e+00 3.732833773072002703e+00 3.382396430619265981e+00 2.946295779884736898e+00 2.476715913301222649e+00 1.959854714912280471e+00 1.422706715660412069e+00
3.808153228041008198e+00 3.964655983584255416e+00 3.614598391760028839e+00 3.267998355558548784e+00 2.872817826704545219e+00 2.424991621417627918e+00 1.899402975198233978e+00 1.339574055025545940e+00
3.685573212384670061e+00 3.802982083258163559e+00 3.525582672344058643e+00 3.189027421150699482e+00 2.807051993004648693e+00 2.321098452891280584e+00 1.760239301801801881e+00 1.327718721024243598e+00
3.604312381086223205e+00 3.741048322952141625e+00 3.422586684734118645e+00 3.068197744260544368e+00 2.721097515885188223e+00 2.276429280091389451e+00 1.723677618467670536e+00 1.307683560866194084e+00
3.534802338258266285e+00 3.583817976038549347e+00 3.365487951840302028e+00 2.989484616209262313e+00 2.618668567457127505e+00 2.155810693195840066e+00 1.676873295977137301e+00 1.158174223816207604e+00
3.462869980289378091e+00 3.544483991939065159e+00 3.210390454048140274e+00 2.905736905442236839e+00 2.533656255330945406e+00 2.127510378329828367e+00 1.623490113704432636e+00 1.184073599058245163e+00
3.301893057225036010e+00 3.441836549393633593e+00 3.145117255958640445e+00 2.784385957037850634e+00 2.418506559691982361e+00 2.005706473025982817e+00 1.592071596561418723e+00 1.092337789381651270e+00
3.238168422064604091e+00 3.311904471839747899e+00 3.023755937074974476e+00 2.808625696775998826e+00 2.326995442708333250e+00 2.010376829619055616e+00 1.518351312700896738e+00 1.058709590289796942e+00
3.254828682611996982e+00 3.233402659419687186e+00 3.012024786001492149e+00 2.660384173603098645e+00 2.319633224383503389e+00 1.910440945005003277e+00 1.500775948286695805e+00 1.027677994126261929e+00
3.044027736748818658e+00 3.207563336961880118e+00 2.931391255663096995e+00 2.568226339803612479e+00 2.235705338499017092e+00 1.810450872841248948e+00 1.403521911951880474e+00 9.535546408610893199e-01
3.005905978850325511e+00 3.101866390830592124e+00 2.842463356389986817e+00 2.491223900719026663e+00 2.134009259879265041e+00 1.762233563062602482e+00 1.331207993510366894e+00 9.123382982966240506e-01
2.950906728610375840e+00 3.016258566170489708e+00 2.700750206531494779e+00 2.444688401690024993e+00 2.098564629082207311e+00 1.707412673108618772e+00 1.292358140946981981e+00 9.061688348818770500e-01
2.890198396788627555e+00 2.942652790214913772e+00 2.726402781105254913e+00 2.362406621330381817e+00 2.028662085474791876e+00 1.662172196646831690e+00 1.250971144033370397e+00 8.370018688309224242e-01
2.792431203907108195e+00 2.823672816265060170e+00 2.582101736004009940e+00 2.294299192106432628e+00 1.961041453737272455e+00 1.607141928115585872e+00 1.192233493835535674e+00 8.251235409927413222e-01
2.670985003233012023e+00 2.745260472739157187e+00 2.544070460870172301e+00 2.258541388994668608e+00 1.899997276580573491e+00 1.558379554032384373e+00 1.173639576966776454e+00 7.722195054303399031e-01
2.590704469874804072e+00 2.646492430969294318e+00 2.430842060384645009e+00 2.169186085401141550e+00 1.852112585205453188e+00 1.508154005564479316e+00 1.125130767822265732e+00 7.515484932232722182e-01
2.546105477212937007e+00 2.497743121217851581e+00 2.377034023668639140e+00 2.060793304212654942e+00 1.787773389229996956e+00 1.433635765596189104e+00 1.127596548516351715e+00 7.526424282732321336e-01
2.489800579909243972e+00 2.450414811031184303e+00 2.311245405794104535e+00 2.028273425778319705e+00 1.729041152364158673e+00 1.399317823269347061e+00 1.014481992954579637e+00 7.049532764027642839e-01
2.408188549440298587e+00 2.320089302452009505e+00 2.233798624887707973e+00 1.947191106404880578e+00 1.690341097010130023e+00 1.341989797821545816e+00 1.031850830963761956e+00 6.952476404019535261e-01
2.305860487647896306e+00 2.250945636568911556e+00 2.141763446289646655e+00 1.893117777581985406e+00 1.619828573575488262e+00 1.322053884074528174e+00 9.670025728003818211e-01 6.339585138497608741e-01
2.244402532889968160e+00 2.199152100333827686e+00 2.074320112910584157e+00 1.898991618528809600e+00 1.573332599221068273e+00 1.265237683447721917e+00 9.085792094028813937e-01 6.461787264601152048e-01
2.207769487675423026e+00 2.142140191676501271e+00 2.001841407790927008e+00 1.807819993460252794e+00 1.490560542441117908e+00 1.218842618597471894e+00 8.811198290882311657e-01 6.090577022844874122e-01
2.149957363337536176e+00 2.094102393617021107e+00 1.937064001116895584e+00 1.718840067250213544e+00 1.458773620516105485e+00 1.195856143350007228e+00 8.692997653637882793e-01 5.618211171956624117e-01
2.104773898964888534e+00 2.019180608733952109e+00 1.855903869923093197e+00 1.678937731382600163e+00 1.444208907219949101e+00 1.134170625044207181e+00 8.204835887668319172e-01 5.469550863549449415e-01
2.084917371553884458e+00 1.970380422922485941e+00 1.813286705656424358e+00 1.634068413407527176e+00 1.377137179023029123e+00 1.112343513846906218e+00 8.137143497678998028e-01 5.138818066991017730e-01
1.967389066988998847e+00 1.946255732261296112e+00 1.766424998920925526e+00 1.573749386029918540e+00 1.311045266008501242e+00 1.065471482767489819e+00 7.703520053487487029e-01 5.047911537179596841e-01
1.971870114864405776e+00 1.853943157960671995e+00 1.682012468914064529e+00 1.540345766059328048e+00 1.303957589440853493e+00 1.033518684144178579e+00 7.386756569847855447e-01 4.862050413755533707e-01
1.903702876652864751e+00 1.817387353408780104e+00 1.656422569539132805e+00 1.488092887072399950e+00 1.268612070417789894e+00 9.762748777786184329e-01 7.391818355397149487e-01 4.767129779693080049e-01
1.834410952720859855e+00 1.777528149852161343e+00 1.570606352815497875e+00 1.425451538652952932e+00 1.209443550753606544e+00 9.658282707477438001e-01 6.650679354673431076e-01 4.230249581581568830e-01
1.818347000395987179e+00 1.713081907704967932e+00 1.540990484007281225e+00 1.405133815348978743e+00 1.164392616421568771e+00 9.333915126410153862e-01 6.761275634442087679e-01 4.356157387060931030e-01
1.765747619451243589e+00 1.632687247722409474e+00 1.500601082895799632e+00 1.342535990394516876e+00 1.149053390500875071e+00 9.083434510445138610e-01 6.695260271875826952e-01 4.208004174976102130e-01
1.751841023399788311e+00 1.622566416343669049e+00 1.462999827319840351e+00 1.292084545587742772e+00 1.077523398149941913e+00 8.542495681012196584e-01 6.091057272518382026e-01 3.910747285275070206e-01
1.686510804586436540e+00 1.569817002152679608e+00 1.430893508747905774e+00 1.236175066643114162e+00 1.066745160514487090e+00 8.178335915425122282e-01 5.899376575222955443e-01 3.863869740109019402e-01
1.623667941747097831e+00 1.516933990827509460e+00 1.372758175918276535e+00 1.213692934696023462e+00 1.018547737991248869e+00 7.956572375744810355e-01 5.620346489123481115e-01 3.553443435804055639e-01
1.575620844208302174e+00 1.502549291021598066e+00 1.348748749721053297e+00 1.175024087060904554e+00 1.024138848300738980e+00 7.765631192533291038e-01 5.342970038373715536e-01 3.533880637159455551e-01
1.555911447067548359e+00 1.472182488058332295e+00 1.284852813682219486e+00 1.154218824216276307e+00 9.578071306676825269e-01 7.541103884688897807e-01 5.197228385286000174e-01 3.299653585347455675e-01
1.523900095020830570e+00 1.430250684549962292e+00 1.270884083761928407e+00 1.088208857754643821e+00 9.318033039346057533e-01 7.370949871586068847e-01 4.960055612893134458e-01 3.091429043474525629e-01
1.477557393877986236e+00 1.389724477799649804e+00 1.249671353666586660e+00 1.049816707851547903e+00 9.038103682427316432e-01 7.049051645030472990e-01 5.027639291786106801e-01 3.046629909236815426e-01
1.422074970495371460e+00 1.336406895506526027e+00 1.178511472013758610e+00 1.051853838996278157e+00 8.727363444558842165e-01 6.714541373453045692e-01 4.664965726910558219e-01 3.014202731060490748e-01
1.408832714509049344e+00 1.325817015379112895e+00 1.166171378462645292e+00 1.005166365161614284e+00 8.469200021908507292e-01 6.581013509972448716e-01 4.585237323113207641e-01 2.756274242617489656e-01
1.357927941623593648e+00 1.308896099209404307e+00 1.111751859322990921e+00 9.696232812126552858e-01 8.200830914909184033e-01 6.274196735346746490e-01 4.488112159903374643e-01 2.852927313910590401e-01
1.340118083861715048e+00 1.244029327291765075e+00 1.103586103331367863e+00 9.222997370140357809e-01 7.958421328568052733e-01 6.163461520742422595e-01 4.147309837129706245e-01 2.755605821915282916e-01
1.304248587945685323e+00 1.201151596778214481e+00 1.066413388278118379e+00 9.110396751368774471e-01 7.548495980532059502e-01 5.903318027876067742e-01 4.098757883247089451e-01 2.591090830253161004e-01
1.281088607003107338e+00 1.183707067347058217e+00 1.040975542210820892e+00 8.863114234779829737e-01 7.431368706224985576e-01 5.592401120193432051e-01 4.021679676201116438e-01 2.557839670660311815e-01
1.246267568567201556e+00 1.175389032469423389e+00 1.023793421270439818e+00 8.576562834630211407e-01 7.083076293391673550e-01 5.307908009836579399e-01 3.823297113535927272e-01 2.330383581090595402e-01
1.196001275691755961e+00 1.113338134935599966e+00 9.940287260818778670e-01 8.338925686569425011e-01 6.846740240980834225e-01 5.390471654543355084e-01 3.672218158439129465e-01 2.257298886677641114e-01
1.188601381306077620e+00 1.113851055813469992e+00 9.521531737153579034e-01 8.033822054768897658e-01 6.632385429234172181e-01 5.075858819526088972e-01 3.404164009353741749e-01 2.205207070189302287e-01
1.147205716940532083e+00 1.073102401431961006e+00 9.482490440070210358e-01 7.865700644701163480e-01 6.517802911388949072e-01 4.968473366910867162e-01 3.320474659824723118e-01 2.083478395609057177e-01
1.112677388460887151e+00 1.038294487154802548e+00 9.110963085097585346e-01 7.652084727656507379e-01 6.182135128479209207e-01 4.695946196555239038e-01 3.153289331971127485e-01 1.995305136975019933e-01
1.106574777096684281e+00 1.013106636958360562e+00 8.688310795578750856e-01 7.311180653380842109e-01 6.146163110509834659e-01 4.446732279790988063e-01 3.052607067170525768e-01 2.029976740635876520e-01
1.066197986296791411e+00 9.824979514606680953e-01 8.485541295859682087e-01 7.131945853625540899e-01 5.946687865348014856e-01 4.503672598538195904e-01 2.973561693274456852e-01 2.049880825282664187e-01
1.054820292134383219e+00 9.654332123831267376e-01 8.421109706418845597e-01 7.025950823643410947e-01 5.660551674345619677e-01 4.288089963376030544e-01 2.874331461940228261e-01 1.804944219761599744e-01
1.014608907878723709e+00 9.397115866497147696e-01 8.146439100460163285e-01 6.838504237205238478e-01 5.281851350258732758e-01 4.120991169905461882e-01 2.740652679802694225e-01 1.797622415643203020e-01
1.005973196359697841e+00 9.382190965120034143e-01 7.996640503499221619e-01 6.494308524478266120e-01 5.312132366212065637e-01 3.994908560621309723e-01 2.727446726605227134e-01 1.606148850473675671e-01
9.805806616643928386e-01 8.950871858891753519e-01 7.630391629188179037e-01 6.396830345648816252e-01 5.124437893185662674e-01 3.786969072997415919e-01 2.570540498457766776e-01 1.581976673395560640e-01
9.545678012371188181e-01 8.671818829601478651e-01 7.583301860603244293e-01 6.190092846574839491e-01 4.939541422151478289e-01 3.690696429501197362e-01 2.627344064170168969e-01 1.378563643888809920e-01
9.221917997144341017e-01 8.592831941244239990e-01 7.161736956250639441e-01 5.977692688063294124e-01 4.772998814980727311e-01 3.658073024410425922e-01 2.396491012125424591e-01 1.438697998930965338e-01
9.116227588612172417e-01 8.370369982086793836e-01 7.157008674892977318e-01 5.803761918715154566e-01 4.581497946383087383e-01 3.451899510771397339e-01 2.347489456932879692e-01 1.290068657560127507e-01
9.059313030610466333e-01 8.101801063242460854e-01 6.828088925931065090e-01 5.591815982306633792e-01 4.431755735001009500e-01 3.317154462064676457e-01 2.207830939908477785e-01 1.443341438238875674e-01
8.814759632029279812e-01 7.982593729550487849e-01 6.726208497325664171e-01 5.585633424171505546e-01 4.264740159911139528e-01 3.159228549828629884e-01 2.191097630897403670e-01 1.240201515906049073e-01
8.458176112052334661e-01 7.668739797840281591e-01 6.539500611372460748e-01 5.266533318467027103e-01 4.194294649373364603e-01 3.092838164740966400e-01 1.991515265570746596e-01 1.193713248510682029e-01
8.394741803178183970e-01 7.587115374426548486e-01 6.474290397298994026e-01 5.105289621257336208e-01 4.028752612762110941e-01 3.049236147422489940e-01 1.970541945475705325e-01 1.215795999540894429e-01
8.121188254505607995e-01 7.506596507661754680e-01 6.212816772218637817e-01 5.110150769533139403e-01 3.927077886626476055e-01 2.973390001048147879e-01 1.940830938135910122e-01 1.107586600978311270e-01
7.919140416737349142e-01 7.151728884245066586e-01 6.049217466043117497e-01 4.826178698806288248e-01 3.756120087311782818e-01 2.824282642970026846e-01 1.919807311622207802e-01 1.069804205583901602e-01
7.779685644209327622e-01 7.164911984533008926e-01 6.045294640831023747e-01 4.814934910786917710e-01 3.641018390469905608e-01 2.704195904538661543e-01 1.720613426274710811e-01 1.094488930498335316e-01
7.618363415883163681e-01 6.844047134182463799e-01 5.755540948733370854e-01 4.570962462251302871e-01 3.530216253069512478e-01 2.541452791920441601e-01 1.742522962165601319e-01 9.289099331808642335e-02
7.534635331994053997e-01 6.664218669064324585e-01 5.551599765758091776e-01 4.575184225697729312e-01 3.464368364312158111e-01 2.466498926689125737e-01 1.649061012844304785e-01 1.053747479092658340e-01
7.247003543234384892e-01 6.615169901485939974e-01 5.422758887964178598e-01 4.357613506850037677e-01 3.237101668853830105e-01 2.413885234067824626e-01 1.534879030505193476e-01 9.760443770588028700e-02
7.135255430447805525e-01 6.416693538068288793e-01 5.432648041554710705e-01 4.250081566945846379e-01 3.253338663825044996e-01 2.343408248210987754e-01 1.481519865129901636e-01 9.327517799497588025e-02
7.065927440156830608e-01 6.388472967348071130e-01 5.182039117537481365e-01 4.113738558185634497e-01 3.121968113069057416e-01 2.302702583733305386e-01 1.511655333365772014e-01 9.423652464139227469e-02
6.967751100754803195e-01 6.028053657465777260e-01 5.124032318636321248e-01 3.949311106260074977e-01 2.972797967038971478e-01 2.100364580980666751e-01 1.491275952604879107e-01 7.505765737828774820e-02
6.776973531312352472e-01 6.129512217761746706e-01 4.862806770974442694e-01 3.932224067927042044e-01 2.948843435550906333e-01 2.017173217421649734e-01 1.393718691718977554e-01 8.204214495903670856e-02
6.654261046815967973e-01 5.943723783557047780e-01 4.802707569791017095e-01 3.784284885074031268e-01 2.710886446583083975e-01 2.104621650974984048e-01 1.209611190640112743e-01 8.352173373990287586e-02
6.489673729074347808e-01 5.718202752582097759e-01 4.764931233904626251e-01 3.686333343932489681e-01 2.781612325952679821e-01 1.972699472091367090e-01 1.273007395837943700e-01 7.011350460006082752e-02
6.329724788561563731e-01 5.620327627533560078e-01 4.565672560029492288e-01 3.516505111882716195e-01 2.636126743953834395e-01 1.833864142770150751e-01 1.212763813255870460e-01 6.841855880688726965e-02
6.191224751548787264e-01 5.571270644873903555e-01 4.493819364910558445e-01 3.414994200154708448e-01 2.558557725430735119e-01 1.780681384777840492e-01 1.201105660877409137e-01 7.037966910904053242e-02
6.155298492579346359e-01 5.404540480463613239e-01 4.299662387179208345e-01 3.381020470348465312e-01 2.490847022924140286e-01 1.750350928466923028e-01 1.140802249599878887e-01 7.135554871114481446e-02
6.049422495914329456e-01 5.354041603188974818e-01 4.262696956544613225e-01 3.312387663398692617e-01 2.480773435518305592e-01 1.697411192813341740e-01 1.037571592898625106e-01 6.816261212857097074e-02
5.922354427593214954e-01 5.223978435979191870e-01 4.217899274047187119e-01 3.159617131743283069e-01 2.344498740028029549e-01 1.589716333169332585e-01 1.037741219355423766e-01 6.431289957378795441e-02
5.844730109994016320e-01 5.113059660517068616e-01 4.048004864449502582e-01 3.113863468373750942e-01 2.309112894658146842e-01 1.550616267598122766e-01 1.012323929091631380e-01 6.360146348089303070e-02
5.710073498982539686e-01 5.008826811150852709e-01 3.991087290051679171e-01 2.990693735954171317e-01 2.178609996127013060e-01 1.459303328619138418e-01 9.702177638956158146e-02 6.575551469627097245e-02
5.648887993794400320e-01 4.944103199269211935e-01 3.918398036660046269e-01 2.956570278443206301e-01 2.115523652054553949e-01 1.472885024424171740e-01 9.265575312835550026e-02 6.068159155455180032e-02
5.541035719206743870e-01 4.811991528489911185e-01 3.840182194737386534e-01 2.809271549408537405e-01 2.034352355072463758e-01 1.384680091706601279e-01 8.921197566940231027e-02 5.636776939219518417e-02
5.430852327437664107e-01 4.728651859610475405e-01 3.679162803873094467e-01 2.791784091258612266e-01 1.967824038657690622e-01 1.411273624720755238e-01 8.300761796166282458e-02 5.486529028269751529e-02
5.385622700164552912e-01 4.668590315370734767e-01 3.607331296204653870e-01 2.641368096294624546e-01 1.918640634883590490e-01 1.341774127616925938e-01 8.330154480761829683e-02 5.456917820805752550e-02
5.318011200398414795e-01 4.507967456835045295e-01 3.591219248010439347e-01 2.641762052952451034e-01 1.935040898173038537e-01 1.256889193473155475e-01 7.510744633798846492e-02 5.364030472325694715e-02
5.419038792325282516e-01 4.466245733494649262e-01 3.461840122654278318e-01 2.573905930420075650e-01 1.864210196490660720e-01 1.212277632399876709e-01 8.069220513129253536e-02 5.455003004807692374e-02
5.186673557845957738e-01 4.440020548518635590e-01 3.384167046716370364e-01 2.546366440962422595e-01 1.780473920533887922e-01 1.168234209565025550e-01 8.128824123779393451e-02 5.062496449710202767e-02
5.153044828258980248e-01 4.322544817025593122e-01 3.247547270291637478e-01 2.433255854829324827e-01 1.717109310342279371e-01 1.173748650741217314e-01 7.390774448064518776e-02 5.237169091999228226e-02
5.008333735592918057e-01 4.253074984461192032e-01 3.322924289927449149e-01 2.344920328528453946e-01 1.660062269434345594e-01 1.096707346965221791e-01 6.441698263201943442e-02 5.633308415831067562e-02
