nan nan nan nan nan nan nan 0.000000000000000000e+00
5.726770507812500000e+03 nan nan nan 6.095534179687500000e+03 -4.009112548828125000e+02 nan -2.189655761718750000e+02
2.691025390625000000e+03 nan nan 4.198232747395833030e+03 nan 8.071184570312500000e+03 3.250455566406250000e+03 1.081743489583333212e+04
5.052268554687500000e+03 nan 3.919913411458333030e+03 nan 7.308133789062500000e+03 7.781999511718750000e+03 9.098551432291666060e+03 7.542095214843750000e+03
7.743798177083333030e+03 4.146000000000000000e+03 nan 5.502770507812500000e+03 nan 6.605871093750000000e+03 3.850698893229166515e+03 3.473230769230769511e+03
6.110122869318181984e+03 5.476257421875000546e+03 4.935523995535713766e+03 nan 6.361095880681818016e+03 9.194172526041666060e+03 1.546897544642857065e+04 3.450575568181818380e+04
4.105089355468750000e+03 6.073460069444444343e+03 5.920262500000000728e+03 6.372158203125000000e+03 6.084905273437500000e+03 1.316334179687500000e+04 1.589902343750000000e+04 1.916592013888888687e+04
2.900093750000000000e+03 5.795847656250000000e+03 4.729403971354166060e+03 4.622010323660713766e+03 4.787177556818181984e+03 1.885402884615384755e+04 1.997420738636363603e+04 2.004704305555555766e+04
4.636205592105263349e+03 5.211007254464285325e+03 3.993756510416666515e+03 5.063560697115384755e+03 1.747272098214285506e+04 1.768972395833333212e+04 1.659664423076923049e+04 1.403929591836734653e+04
3.368765625000000000e+03 4.629457932692307622e+03 4.042874080882352700e+03 5.528577148437500000e+03 1.306854687500000000e+04 1.408731406250000146e+04 1.301544618055555475e+04 1.460515582191780777e+04
3.829796262254902103e+03 2.935043836805555202e+03 4.539563210227272975e+03 1.042820244565217399e+04 1.634067647058823422e+04 1.250002130681818198e+04 1.336638451086956411e+04 1.411268831168831275e+04
2.847707270408162913e+03 3.555302951388888687e+03 3.523363392857142571e+03 3.641131250000000364e+03 8.558616477272727934e+03 9.680233630952379826e+03 1.167364732142857065e+04 9.942531887755101707e+03
3.818903688524590507e+03 2.776686737804878248e+03 4.011497159090909008e+03 7.330131756756757568e+03 8.897343750000000000e+03 1.102730574324324334e+04 9.743871527777777374e+03 1.207540435606060601e+04
2.794529850746268494e+03 2.814123094512195166e+03 3.015598575367646845e+03 3.624294989224137680e+03 8.157405555555556020e+03 9.244793560606060055e+03 8.939288006756756658e+03 1.028453620689655145e+04
3.100910680970149315e+03 2.822212239583333030e+03 2.979900347222222535e+03 5.532162364130434980e+03 7.645758333333333212e+03 7.614784226190476147e+03 7.346842905405405872e+03 7.471482253086419405e+03
2.267138424295774712e+03 2.504337962962963047e+03 2.551057180851063549e+03 3.433634114583333030e+03 6.514569852941176578e+03 6.672039999999999964e+03 6.789781250000000000e+03 7.110835937500000000e+03
2.130079741379310235e+03 2.112996904481131878e+03 2.508646990740740421e+03 4.186862882653061206e+03 6.391033052884616154e+03 6.072153590425531547e+03 6.441262254901960659e+03 5.792510786802030452e+03
1.959048060344827491e+03 2.028918805803571331e+03 2.165131076388888687e+03 3.169002741228070136e+03 5.992711914062500000e+03 5.621312973484848953e+03 4.992317708333333030e+03 6.115976907630521964e+03
1.962747217465753238e+03 1.560208984375000000e+03 1.873565228174603135e+03 3.269423569277108527e+03 5.130758333333333212e+03 5.379706349206348932e+03 5.351894965277777374e+03 5.065381422924901017e+03
1.753599431818181984e+03 1.967579166666666652e+03 1.810359700520833258e+03 3.391324013157894569e+03 4.713395712209302474e+03 4.749696874999999636e+03 5.061305194805195242e+03 4.907931147540984057e+03
1.565994693396226467e+03 1.810141123670212664e+03 1.746514062500000136e+03 2.585168367346938794e+03 4.706644263698630311e+03 4.321714488636363967e+03 4.418763554216867306e+03 4.317980830670926480e+03
1.350301711309523625e+03 1.763981370192307850e+03 1.837835674157303401e+03 2.729016858552631220e+03 3.999315594059406067e+03 4.155436773255813932e+03 4.493108823529411893e+03 4.581829575596816539e+03
1.383428961748633810e+03 1.473928836633663423e+03 1.778934551886792406e+03 2.381772075688073528e+03 4.066036086309523398e+03 3.777586309523810087e+03 3.965260416666666515e+03 4.368207711442785694e+03
1.368267946428571349e+03 1.390199682203389784e+03 1.490086852477477578e+03 2.505270454545454413e+03 3.580499474789915894e+03 3.721234080188678945e+03 3.667567434210526244e+03 3.921355337078652155e+03
1.175167688679245202e+03 1.330043037280701583e+03 1.352997225467289582e+03 2.223886476769911496e+03 3.121486607142856883e+03 3.084420430672268594e+03 3.564856633771929410e+03 3.246208142201835017e+03
1.132135783450704139e+03 1.084217374999999947e+03 1.269319895038167942e+03 1.953763973577235902e+03 2.899511861313868394e+03 2.842356589147286741e+03 3.048036376953125000e+03 3.005706330868761597e+03
9.768556857638888005e+02 1.140055821572580726e+03 1.112532649253731279e+03 1.662561051324503296e+03 2.713844742063492049e+03 2.920056294326241186e+03 2.759364889705882433e+03 2.898263990825688325e+03
9.664616613418529596e+02 1.040588989257812500e+03 1.083839595375722411e+03 1.576437852443609017e+03 2.544190458579881579e+03 2.656339732142856974e+03 2.493284892638037036e+03 2.756570940170940048e+03
9.247935827759197309e+02 9.840662499999999682e+02 1.047935044642857065e+03 1.563225150602409713e+03 2.392590624999999818e+03 2.264753881987577643e+03 2.411399704391892101e+03 2.419917805466237951e+03
7.980500753012048563e+02 9.715056515957446663e+02 1.042322348484848590e+03 1.483953031437125901e+03 2.196115344101123355e+03 2.274779868784530208e+03 2.273286001461988235e+03 2.473121611982881859e+03
8.936622522865853853e+02 8.589223658376963613e+02 9.143415540540540860e+02 1.517042968750000000e+03 2.082820535714285597e+03 2.207084984756097583e+03 2.104141319444444434e+03 2.373118131868131968e+03
7.497910814606741496e+02 8.686844706632651878e+02 9.013614634900990268e+02 1.272043045343137237e+03 1.947321646341463520e+03 2.115091463414634291e+03 1.986409620098039113e+03 2.178835987261146329e+03
7.927226055194805667e+02 8.418952294685990410e+02 8.505763888888888005e+02 1.403032828282828405e+03 1.930047343749999982e+03 1.981360164141414316e+03 1.976713799504950430e+03 2.056077337023370092e+03
6.943597808441558072e+02 8.004486918604651464e+02 8.613764952153110244e+02 1.049403779069767324e+03 1.823463585805084676e+03 1.902480715090090143e+03 2.042350220264317386e+03 1.943722365406643803e+03
6.821344921104537207e+02 6.770784170560747270e+02 7.009085903083700941e+02 1.210451693227091710e+03 1.615597674418604583e+03 1.733821209016393595e+03 1.737772456709956714e+03 1.668906883671291553e+03
6.071073258196721554e+02 6.358391335227272521e+02 6.990167100694444571e+02 1.070031678082191775e+03 1.534079760830324858e+03 1.513119955156950709e+03 1.648977941176470495e+03 1.522397316950852655e+03
6.246583453065134108e+02 6.297069227430555429e+02 7.274912109375000000e+02 9.898713860544216914e+02 1.515909934497816494e+03 1.464817341549295861e+03 1.361251459143968987e+03 1.559642682926829366e+03
5.058393979690522428e+02 5.605142708333333985e+02 6.717137915129151224e+02 8.517449638429752667e+02 1.411385589700996661e+03 1.493717410714285734e+03 1.532451335877862448e+03 1.473390554553651782e+03
4.667889476102940876e+02 5.351341145833333712e+02 6.091795618971060549e+02 8.304989820846906241e+02 1.268004654255319110e+03 1.226068223443223360e+03 1.353077806122448919e+03 1.405766715727502060e+03
4.708424342105263349e+02 4.493291015625000000e+02 5.893337884304207819e+02 7.603841103420195395e+02 1.237642100977198652e+03 1.290811408730158746e+03 1.259900540865384528e+03 1.259267886014551323e+03
4.613819598082595803e+02 4.711409161490682891e+02 5.510175904088050629e+02 8.710251150306748968e+02 1.191733027156549497e+03 1.258116570723684163e+03 1.286626346153846043e+03 1.302330160910518089e+03
3.848292456021651446e+02 4.831987028301887221e+02 5.118500755287009270e+02 7.995083366613417866e+02 1.148581710339943356e+03 1.160404049295774712e+03 1.217530319940476147e+03 1.262039463746223646e+03
3.790458479020978757e+02 4.631587936046511800e+02 5.261640173410404486e+02 7.216214652956297186e+02 1.105678844752186478e+03 1.163796118233618245e+03 1.130616881983240319e+03 1.170225017531556659e+03
4.006861893840105040e+02 3.888195403343023031e+02 5.397392176150120804e+02 7.267562591374268095e+02 1.094017947103274537e+03 1.074197471509971592e+03 1.104740335051546481e+03 1.096706756756756931e+03
3.718057605905005971e+02 4.046808850364963632e+02 4.731219362745098351e+02 6.620767944038930182e+02 1.032405555555555566e+03 9.890162347560975604e+02 1.058544064153439194e+03 1.102325432415118485e+03
3.744285656532988469e+02 3.959991238317756483e+02 4.425031173965936659e+02 6.107902251958224724e+02 9.346348497732426495e+02 9.923437500000000000e+02 1.045842254408060398e+03 9.984983974358974592e+02
3.180062111801242395e+02 3.601610769450800831e+02 3.626076798349056389e+02 6.220302873222749440e+02 8.594431747512437596e+02 9.467029437354988204e+02 9.649064792176038736e+02 9.735718085106382205e+02
3.175000769704433310e+02 3.324572222222222422e+02 3.838766519823789167e+02 5.787202890792291328e+02 8.672115709459459367e+02 8.655938933486238511e+02 8.906683645374449725e+02 9.296936600221483786e+02
2.866312311178247683e+02 3.150613839285714448e+02 3.510194368131868146e+02 5.816725027901785552e+02 8.518835597826086996e+02 8.110063172043011264e+02 8.615046806167401883e+02 8.825343406593406144e+02
3.020078436254980261e+02 2.895866139069264023e+02 3.417617271505376380e+02 4.797849749472573535e+02 8.172601686507936165e+02 8.041861054766734469e+02 8.589030731327800368e+02 8.039131154049762245e+02
2.706295776367187500e+02 3.105670247395833030e+02 2.882045145750988127e+02 5.032469113372092693e+02 7.658216719077568087e+02 7.759777423469388395e+02 7.694781686626745341e+02 8.147364898363906605e+02
2.460558387395736872e+02 2.848137217078189565e+02 3.040774233592400719e+02 4.818892332995951620e+02 7.141493506493507084e+02 7.119942196531791296e+02 7.477048740671641553e+02 7.875904519640321269e+02
2.604862298195631638e+02 2.553231336805555429e+02 2.901708354334677438e+02 4.871566810344827445e+02 6.909654669260700075e+02 6.944993704212454304e+02 6.891504237288135073e+02 7.413779596100278013e+02
2.295632621951219505e+02 2.409739057239057161e+02 2.683609834558823763e+02 4.566378745318352230e+02 6.728925000000000409e+02 6.792318825042881372e+02 6.955907366071428442e+02 6.936600514311270445e+02
2.155556255728689337e+02 2.422194965870307328e+02 2.817607633111480823e+02 4.305387542881646823e+02 6.472225582437275762e+02 6.625682849364791309e+02 6.308624571183532908e+02 6.489606832971800259e+02
2.240030647985989560e+02 2.423176745129870255e+02 2.609718295638126051e+02 3.980412499999999909e+02 5.878679118377483519e+02 6.307204609500805645e+02 6.286702410130718590e+02 6.302402414486921316e+02
1.919562076430723039e+02 2.267075462218649591e+02 2.386396452145214653e+02 4.019805840163934363e+02 5.882273362619807813e+02 5.772441686602870732e+02 5.950116431451613153e+02 6.031640465496120669e+02
1.929525890193885118e+02 2.084705414012738913e+02 2.419830467542503811e+02 3.738843053343949236e+02 5.377132601351351013e+02 5.531691844391784798e+02 5.908363473767885807e+02 5.815269897182025716e+02
1.852352305475504295e+02 2.026097753299689259e+02 2.099408185840707972e+02 3.656841942877292126e+02 5.355058229813664639e+02 5.313512374461980698e+02 5.531294122998544935e+02 5.491302870090634087e+02
1.736166147686832915e+02 1.824763221153846189e+02 2.350608108108108354e+02 3.539892274844720532e+02 4.736724826388888800e+02 5.127757078986587658e+02 5.181370465860597960e+02 5.253138086642599092e+02
1.720945636875439675e+02 1.731128608923884542e+02 2.062532698056801337e+02 3.204395328443877133e+02 4.976788716022890071e+02 5.091623355263157578e+02 5.063380641748942139e+02 5.065616379310344541e+02
1.560551307245386283e+02 1.815776983094928596e+02 2.003810763888888857e+02 3.073186063218390700e+02 4.518578722002635004e+02 4.808090277777777146e+02 4.995668792517006409e+02 5.016236106433142368e+02
1.514282640820584049e+02 1.490457743710691716e+02 2.009614088575096105e+02 2.984521756329114055e+02 4.371456367924528763e+02 4.580105574324324493e+02 4.474705786736020627e+02 4.788529363784665520e+02
1.250672079248365947e+02 1.520122112983770251e+02 1.840044860097323749e+02 3.012514525753769021e+02 4.260713071693448342e+02 4.350213293650793389e+02 4.408326086956521976e+02 4.530741283554458505e+02
1.183398254964953225e+02 1.662835947351828452e+02 1.690424866183878976e+02 2.861295532378580333e+02 4.101904871323529278e+02 4.190803228900256272e+02 4.370900436953807571e+02 4.465157125077784599e+02
1.383282916900617749e+02 1.468666579964327923e+02 1.733693216463414615e+02 2.542112227620730209e+02 3.959575348432055648e+02 3.945286756292906034e+02 3.959398026315789707e+02 4.221814732142857451e+02
1.321306019176136317e+02 1.416227217496962112e+02 1.744803825493611953e+02 2.502133352208380757e+02 3.811104571688942428e+02 3.864596277842907170e+02 3.819438993174061352e+02 4.049018458833870682e+02
1.204028563348416441e+02 1.258731971153846132e+02 1.519102126288659917e+02 2.429020290284360328e+02 3.656714266737512844e+02 3.726002723623853399e+02 3.850328801331853583e+02 3.839530858177765822e+02
1.094950227151255859e+02 1.330394874476987468e+02 1.593967265353418270e+02 2.501628034607438167e+02 3.525118679775281407e+02 3.597566987513007462e+02 3.734132328539823220e+02 3.595993711117121734e+02
1.112031419836956587e+02 1.237966370558375644e+02 1.338882224284199367e+02 2.328391247308934169e+02 3.435911775914634632e+02 3.577454724945534394e+02 3.659288268008474461e+02 3.499539370592844421e+02
9.775565159574468055e+01 1.099519158291457330e+02 1.353929150049850421e+02 2.200483767893660740e+02 3.271747660427807318e+02 3.431106889564336484e+02 3.381786875650364550e+02 3.264110435339308083e+02
1.015302044609665302e+02 1.066163376372255414e+02 1.308056592039800989e+02 2.090313746261216181e+02 3.209005461165048132e+02 3.272009552947052953e+02 3.141141144814089898e+02 3.260417400050289416e+02
9.723286150830257668e+01 1.062475961538461604e+02 1.345084750986193285e+02 2.008776041666666572e+02 3.111839530332680965e+02 3.177760922330097060e+02 3.037358151635282297e+02 3.046763506935993746e+02
9.021562778768957003e+01 9.954453198912014500e+01 1.146238913690476124e+02 2.026456173421300662e+02 2.961305113111726541e+02 2.886045506912442420e+02 3.006493119796484734e+02 3.032895026663575209e+02
8.840599361896080666e+01 1.056196943845785370e+02 1.223911429558011150e+02 1.920767602495543542e+02 2.744069582152974363e+02 2.993497303001876162e+02 2.749321364046973599e+02 3.006028588098016598e+02
7.966500747673903504e+01 9.330930004612545758e+01 1.163542322628043593e+02 1.772947611163670842e+02 2.750290178571428328e+02 2.818473739964317701e+02 2.840943021201413217e+02 2.704086677814938753e+02
8.211878980017567642e+01 9.495390160365336385e+01 1.016730113636363626e+02 1.803945214762301816e+02 2.703840981012658062e+02 2.753868110236220446e+02 2.729182480141217866e+02 2.632198723496321691e+02
7.752131348698250690e+01 7.999781709558823195e+01 1.021985531411359744e+02 1.686934563386524815e+02 2.548609439834024784e+02 2.585497038917089867e+02 2.633146190987124555e+02 2.554237109044801173e+02
7.280341178371391209e+01 7.987292860065467437e+01 9.896511015817583257e+01 1.705235258481421852e+02 2.496731318797629058e+02 2.483998661449753058e+02 2.492988782051282044e+02 2.474353798126951176e+02
6.651981837606837189e+01 8.401209357652656706e+01 9.494701355898654072e+01 1.562706382328990173e+02 2.391495039682539812e+02 2.422705133387227079e+02 2.472713329336530705e+02 2.378558020477815660e+02
6.699563280068079507e+01 7.505190488047809083e+01 9.184961246050552575e+01 1.565983506264682887e+02 2.286794168009669477e+02 2.255682961720599735e+02 2.323395966773418593e+02 2.250317633089253775e+02
6.789127508284241230e+01 7.260473499610289139e+01 9.229333772443403916e+01 1.511977387422360266e+02 2.194605288097043285e+02 2.284306992337164957e+02 2.190364031770045301e+02 2.173434998093785850e+02
6.035855203414457293e+01 6.269770849346656405e+01 8.517382229477611588e+01 1.448525926585887476e+02 2.198099713740458014e+02 2.166007783882783997e+02 2.168991890380312952e+02 2.109275801043219190e+02
6.020696824596774377e+01 6.935508320581483588e+01 8.055389819587630029e+01 1.427127301356589157e+02 2.097613396624472557e+02 2.059491565579984922e+02 2.053560694945848297e+02 2.056434072987346440e+02
5.247536857245594888e+01 6.869860253772290548e+01 7.573734434865900766e+01 1.267917447207084365e+02 2.032413825055596703e+02 1.959705196823204290e+02 1.991247288503253685e+02 1.983045438153624218e+02
5.466038684164016104e+01 6.211338073894101797e+01 7.445768501569037312e+01 1.273836137820512846e+02 1.974847664184156883e+02 1.898260270979020845e+02 1.946308471933471935e+02 1.805997954349698489e+02
5.283991343126967877e+01 5.951161346024259302e+01 7.643726152952886821e+01 1.251636184878213953e+02 1.833273972602739832e+02 1.869777699364855437e+02 1.836360941734417338e+02 1.864873066577000600e+02
5.263884006076388999e+01 5.968752059986815794e+01 6.919819407456725457e+01 1.190843398411647911e+02 1.804256365740740762e+02 1.798557318652849801e+02 1.731159736055776648e+02 1.772434001670843884e+02
4.397059811827956821e+01 5.590749465108623895e+01 6.633725328947367927e+01 1.181598309460359815e+02 1.728564472800537430e+02 1.753873426110006619e+02 1.697213386348575170e+02 1.639370678300954864e+02
5.170747402994194886e+01 5.507760215572715623e+01 6.123196847098213880e+01 1.088753950695322459e+02 1.680231445912722563e+02 1.685410290443472832e+02 1.662947890428211508e+02 1.549607560420590175e+02
4.864548090171463457e+01 4.816746206070287428e+01 6.062580252165841443e+01 1.084530485941320279e+02 1.589634327471482891e+02 1.568885390914709319e+02 1.559356583436724577e+02 1.489632928739232511e+02
4.427095138259292639e+01 4.931219932649133852e+01 6.313057839912281111e+01 9.958722014925372434e+01 1.524605360307147066e+02 1.554537563131313220e+02 1.525654628801431159e+02 1.482144020073551758e+02
4.348650483073696904e+01 4.770476602202145244e+01 6.102909466057036525e+01 1.055366410818713518e+02 1.526825151585820777e+02 1.470875250429307357e+02 1.467713102637962379e+02 1.454355688202247165e+02
4.350725413192376578e+01 4.594876640045635696e+01 5.441655119603266400e+01 9.720610430364614274e+01 1.419952518289251486e+02 1.431259892751479299e+02 1.383785761443662068e+02 1.374023443157132363e+02
4.202065055829466189e+01 4.515500229260722165e+01 5.861453919491525966e+01 9.892604574706211906e+01 1.379699644721577556e+02 1.368529054825813773e+02 1.370570200573065733e+02 1.327639778062313098e+02
3.500781477107558004e+01 4.180429406474819842e+01 5.482686032458563830e+01 8.719240470852017211e+01 1.369021550527484976e+02 1.344965355153203461e+02 1.338379057991120931e+02 1.249500989858293849e+02
3.705855735959542585e+01 4.339569771468144666e+01 5.284948918269230944e+01 9.067839335180056537e+01 1.282764409722222183e+02 1.257010179661487257e+02 1.248496663456246552e+02 1.223516580923248114e+02
3.278576343911917235e+01 4.039617233727810230e+01 5.112598566922655152e+01 7.770284446409139889e+01 1.225300009669932990e+02 1.199392105263157902e+02 1.194515166666666772e+02 1.168474879178413204e+02
3.191067063233376544e+01 3.756447200590762492e+01 4.806725719657676166e+01 8.284898168908819116e+01 1.225668841761826968e+02 1.231580064597762316e+02 1.185583826013513544e+02 1.163043849103197118e+02
3.203584162652129663e+01 3.560889822002141614e+01 4.450586907274081483e+01 8.032275892374256898e+01 1.132254509334006087e+02 1.143342300257731949e+02 1.152113932627775057e+02 1.078093072755417836e+02
3.151082298582737451e+01 3.436406783276450483e+01 4.549629759052183431e+01 7.311548681972789154e+01 1.137913588519874395e+02 1.122430192786069512e+02 1.102234224531170810e+02 1.081428662016487010e+02
2.999458115019959692e+01 3.434259259259259522e+01 4.266977265815085474e+01 7.083689650744736355e+01 1.069839753079109386e+02 1.073173488742046118e+02 1.041092663853028739e+02 9.801829605505713516e+01
2.698350521868787055e+01 3.082124112728585175e+01 3.833390076358826803e+01 7.070815639952152765e+01 1.039182225024606225e+02 1.005944885524372268e+02 1.006048563777994218e+02 9.702231493821177821e+01
2.722523508680128046e+01 3.117506437265917540e+01 3.965313827277017822e+01 6.821055183356840246e+01 9.924161965558194254e+01 9.867030290505432788e+01 9.776476599526066025e+01 9.770580482661668498e+01
2.702422262280306597e+01 2.884092482909005284e+01 3.646618864490370981e+01 6.620920097923549008e+01 9.564848498129967425e+01 9.557533069547135085e+01 9.624078110273326558e+01 9.675454813939751375e+01
2.537855656770130608e+01 2.954555358178654245e+01 3.545338038098526567e+01 6.248143900046167687e+01 9.374603576248313175e+01 9.164239496285979669e+01 9.114074448942869822e+01 8.627410693774409367e+01
2.485460787557908446e+01 2.704527419634597862e+01 3.494613672227231405e+01 6.099120360141405683e+01 8.994491610931734726e+01 8.788726687388988523e+01 8.670884284420290555e+01 8.323534715960323638e+01
2.257597818370467380e+01 2.269091818899413582e+01 3.493677417652027373e+01 6.092579351727231796e+01 8.746626374514877966e+01 8.531195761014686241e+01 8.348316995233967930e+01 7.987437096597746233e+01
2.102211169045005335e+01 2.612682423024379830e+01 3.340328700545702389e+01 5.981363514957264726e+01 8.609773434029320072e+01 8.363779326302196182e+01 8.034661042774823159e+01 7.432400065174886095e+01
2.246333440308087148e+01 2.537232045241566070e+01 3.120909108958068501e+01 5.625326784174212946e+01 8.171221346704871280e+01 8.019534546413501630e+01 7.703380465779467556e+01 7.601461565023373623e+01
2.236801430885529030e+01 2.303675367342715319e+01 3.037268830294239308e+01 5.549687370814385901e+01 8.143251287001287153e+01 7.873396259046403145e+01 7.734710148722246004e+01 7.268901721251438630e+01
2.014900041649312712e+01 2.006530306675445630e+01 2.768733188692651126e+01 5.176921818364881744e+01 7.428972993190259899e+01 7.454535642570282050e+01 7.277803738317756199e+01 6.980899874055415921e+01
2.126642006385068839e+01 2.207317455194410627e+01 2.838084518765133168e+01 5.071100736788618235e+01 7.258719879518072560e+01 7.336568767908309496e+01 7.085080115244642229e+01 6.680006590955181878e+01
1.762361998837884869e+01 2.171768310837633820e+01 2.797506166935159300e+01 4.687995426829268553e+01 6.997184358081980804e+01 7.060909401876466518e+01 6.693383731254932911e+01 6.714325912336374813e+01
1.782940378759040811e+01 2.061191875000000095e+01 2.533966174913361513e+01 4.579580130030372231e+01 6.878681967703349187e+01 6.742048397927858616e+01 6.761706061484919417e+01 6.165262192752355475e+01
1.612758481036782854e+01 1.986188376851130144e+01 2.553936994299374774e+01 4.494776401914811004e+01 6.729527273577845392e+01 6.505131044440094001e+01 6.338882302731411755e+01 5.911025473933649010e+01
1.539464626981879825e+01 1.853093176605504411e+01 2.526384957168176371e+01 4.359720705967976784e+01 6.399487685431723349e+01 6.471129024796447027e+01 6.188254412042279995e+01 5.718706712523719204e+01
1.508762826492537279e+01 1.758312803725701912e+01 2.375379374772147045e+01 4.208643718881654650e+01 6.222748655913978411e+01 6.252571290143963978e+01 5.857082175925925327e+01 5.474270098084150504e+01
1.518728476358898050e+01 1.811322476048445296e+01 2.323475496904163862e+01 4.138363354106886760e+01 5.947831584863244814e+01 6.035505898366605493e+01 5.775781819009468876e+01 5.447666423822967374e+01
1.302839417016806678e+01 1.607635560880369141e+01 2.107233687634120045e+01 3.998278691260235007e+01 5.926350691980128005e+01 5.731835937500000000e+01 5.573678870852657496e+01 5.515859388820095432e+01
1.394584513996221808e+01 1.563802768640350749e+01 2.086199966115774984e+01 3.917131774095337704e+01 5.606768644957983128e+01 5.592621252204585858e+01 5.237520804134548058e+01 5.129226551511955279e+01
1.253664334078636422e+01 1.588154682584760380e+01 1.984953511946285332e+01 3.557374392667844631e+01 5.272791553249404473e+01 5.196042268172553946e+01 5.091043892143349581e+01 4.935105713293392427e+01
1.363610384680276510e+01 1.490423491379310228e+01 1.969062979457892837e+01 3.622448380316518524e+01 5.121787434325744215e+01 5.289568329903977428e+01 5.105264705882353127e+01 4.761186482223548211e+01
1.338797808601444395e+01 1.328236261609907132e+01 1.874764594393500516e+01 3.387512824897400776e+01 5.068259406422316005e+01 4.896387763201871479e+01 4.986169980903354571e+01 4.479572360222646665e+01
1.056761671002642800e+01 1.285184650031887621e+01 1.894778743201903382e+01 3.318471787776708481e+01 4.878555853740355275e+01 4.740151236083824671e+01 4.792151764998342145e+01 4.369092549547345783e+01
1.167305246988932232e+01 1.308540303830390883e+01 1.776812459520725440e+01 3.089236796643632843e+01 4.695039604350567686e+01 4.568493274806701265e+01 4.409680575626203591e+01 4.300414476344521120e+01
1.069954170767716484e+01 1.137309354093660474e+01 1.626510068781806595e+01 3.067751360870957100e+01 4.574050204918032847e+01 4.464372603068073175e+01 4.352829708374063244e+01 4.175017769902290610e+01
1.004009741902834030e+01 1.234208543934681046e+01 1.694143536490683388e+01 2.922390856196054187e+01 4.418532088861462626e+01 4.396081867870721993e+01 4.115723197781885290e+01 3.883090266967621318e+01
9.741718284277197881e+00 1.133760604763387292e+01 1.559718236115420353e+01 3.033311149389289341e+01 4.321060773587833381e+01 4.200150498466258142e+01 4.062581324241950398e+01 3.818459296687097293e+01
9.785856802020957090e+00 1.126803306021341378e+01 1.376604096542227573e+01 2.799050713798848733e+01 4.049085731414867695e+01 4.065805980897513905e+01 3.858125375262683576e+01 3.668153486652510509e+01
9.398174241446689336e+00 1.030350545558958686e+01 1.516241880397558184e+01 2.617700892857142847e+01 3.887972741612804128e+01 3.884818229322186056e+01 3.788152251273599092e+01 3.560799192583731809e+01
9.562559375913474824e+00 9.766727675858401625e+00 1.424820538786922874e+01 2.495901132273544931e+01 3.745007971481800269e+01 3.952496370607504872e+01 3.761433082651868887e+01 3.642992858728631944e+01
8.311493620965396900e+00 9.546200602578474914e+00 1.322206819974459258e+01 2.477822851783692215e+01 3.645693832599118878e+01 3.738840125108475121e+01 3.482017173423423628e+01 3.355033634104171369e+01
8.357002451243035424e+00 9.677614460681244424e+00 1.305004213934075352e+01 2.273763646288209728e+01 3.529187394899103225e+01 3.546617435411401686e+01 3.407885651584356168e+01 3.382830421386335473e+01
7.039475124015172725e+00 9.312716650989408151e+00 1.275452164804469213e+01 2.339656757987668101e+01 3.424244096325007547e+01 3.473636699596192301e+01 3.413125177355278339e+01 3.154523217685635927e+01
7.253492085346787910e+00 9.073060941828256176e+00 1.166566090462347738e+01 2.225161055694098167e+01 3.377281902831226290e+01 3.446429306088865019e+01 3.215979345716662152e+01 3.032283075750225265e+01
7.244598887099987117e+00 9.176801859873487288e+00 1.056389812704137299e+01 2.153905608579638908e+01 3.196762319711538325e+01 3.249049639917695487e+01 3.170535346955567846e+01 3.042326528354551129e+01
7.397880939399946953e+00 8.697583427023712233e+00 1.103082175768498452e+01 2.007518458104395620e+01 2.991373593247588403e+01 3.197617449664429401e+01 3.114056627516778164e+01 3.018357917938284274e+01
6.155469568277036174e+00 7.783956194271818063e+00 1.031953957223701757e+01 2.037391823818134995e+01 3.077178590640128775e+01 3.000607638888888928e+01 2.941306269830777254e+01 2.834284829798550476e+01
5.700510892457548273e+00 7.016742869127516435e+00 1.006234046010908045e+01 1.979024039111050826e+01 2.851777413397860528e+01 2.932219609627831503e+01 2.900212218936833608e+01 2.769733314201377894e+01
6.042593091090254553e+00 7.448399047236907933e+00 9.608095456058588724e+00 1.917252799674674790e+01 2.825203607227644653e+01 2.824025984202607731e+01 2.665775796105756612e+01 2.635018837156994920e+01
6.320889822994583795e+00 7.961223156148259150e+00 8.067901216203351211e+00 1.745969041526302235e+01 2.699424238113303076e+01 2.821460618745188498e+01 2.823167482718893950e+01 2.636882011789313296e+01
6.297543174342106198e+00 6.980131316903161576e+00 9.221977539062500284e+00 1.622698589458054741e+01 2.628357864954221768e+01 2.529744554268446066e+01 2.584426403189352328e+01 2.464236983912524437e+01
5.352637423983276577e+00 6.469521587221406023e+00 9.065651405216751613e+00 1.629589746964816754e+01 2.586247404738641720e+01 2.576525524518175203e+01 2.591476155358898836e+01 2.413994883040935591e+01
5.621434215835725112e+00 5.582524308953033199e+00 8.479312054230200957e+00 1.633436733128834462e+01 2.390366244479881885e+01 2.546103286933233534e+01 2.412999068304007722e+01 2.410906866487509959e+01
5.493087464879419457e+00 6.346084938909774209e+00 7.722616563860666972e+00 1.540799919369423776e+01 2.278036170908658420e+01 2.418700704019630976e+01 2.288033983148103445e+01 2.165433677289881942e+01
4.060672490446796346e+00 5.630667372881355881e+00 7.807272273936169960e+00 1.454383114520260811e+01 2.285267211237038865e+01 2.302679428708593434e+01 2.267736347015805620e+01 2.155354351515512334e+01
4.380397826977071141e+00 5.151578752690101126e+00 7.218828285128672029e+00 1.435508788124399615e+01 2.257169065005727404e+01 2.206180653918791279e+01 2.200333966697609611e+01 2.070893995710172319e+01
3.432023944383514102e+00 5.101485117868462815e+00 7.482598079326351126e+00 1.429530949110783844e+01 2.097421543649858577e+01 2.114770208049113265e+01 2.041919064905528458e+01 2.131048293978407671e+01
4.471726512073535886e+00 5.021333162511155912e+00 6.863221808993867690e+00 1.275220667287844023e+01 1.960024293903803283e+01 2.092174827221841582e+01 2.042445058870599084e+01 1.962430277762127417e+01
4.582190134727127884e+00 4.555836060670045207e+00 6.319402037187991539e+00 1.356067737825594577e+01 1.937009489155251174e+01 2.041945563384235385e+01 1.955665660511363768e+01 1.854827841134189725e+01
3.897692812284927477e+00 4.426098831300813607e+00 6.577119405142038744e+00 1.252333194886862877e+01 1.954702659867695758e+01 2.006844904815229569e+01 1.979245662395512539e+01 1.852359831135147061e+01
4.028271798046038299e+00 4.201989673191771857e+00 5.905862468378795249e+00 1.173102974939145859e+01 1.824730088372610126e+01 1.872494617942009754e+01 1.924974147915287759e+01 1.818195645268217220e+01
3.308477694147811121e+00 4.514364715061607747e+00 5.356895903349956356e+00 1.092729719664138699e+01 1.783313330871491686e+01 1.823073163826574827e+01 1.766105357525155384e+01 1.692749115091708845e+01
3.000477797792173273e+00 3.666154891304347796e+00 4.900675743569131271e+00 1.018474293615013693e+01 1.684069426336375486e+01 1.736139971864951548e+01 1.780742045939032181e+01 1.637543161134903613e+01
2.997899847976515098e+00 3.751367904785051000e+00 4.578840867440439943e+00 1.057593219647519511e+01 1.614541278467908825e+01 1.678006078224101216e+01 1.639980575388492312e+01 1.662910789612444162e+01
2.947051443117238545e+00 4.280496566632757016e+00 5.526088049892703857e+00 9.979337910353535790e+00 1.563799544298431599e+01 1.598572550903802103e+01 1.621093587069864483e+01 1.578100531137443063e+01
2.749860648838285293e+00 3.644857494944388154e+00 5.031191806331470673e+00 9.593010823653642660e+00 1.537201876895854369e+01 1.577170580602483163e+01 1.554121593509465349e+01 1.532389863759521376e+01
3.281270538015463867e+00 3.288765718843844166e+00 5.164416691631715572e+00 8.745999950386982746e+00 1.396882328201468226e+01 1.507333690024605310e+01 1.563374345813204513e+01 1.505945644502697078e+01
2.914254285411963963e+00 3.054057925534572338e+00 4.303974621042413240e+00 8.699333431781621329e+00 1.335553540955631391e+01 1.438228257635858753e+01 1.455404856528694246e+01 1.352746671838246328e+01
2.581967915655340118e+00 3.215279160031847105e+00 4.900891696660667485e+00 8.489159363240245781e+00 1.326458353997222694e+01 1.410639925373134318e+01 1.463607530403401391e+01 1.440837449974987550e+01
2.757407243869144597e+00 3.322171595598349736e+00 3.901961061120335916e+00 7.705298465752751902e+00 1.242717130518234292e+01 1.343343878248973944e+01 1.425620872064579281e+01 1.287072956963249482e+01
2.083468799102466296e+00 2.968521345193813499e+00 3.967243033728239610e+00 8.207784190618477638e+00 1.229589154411764618e+01 1.306857060405559778e+01 1.330082414274706260e+01 1.345456273534807501e+01
1.850264070377152015e+00 2.639227029758425491e+00 4.020402482741845418e+00 6.870432703997276569e+00 1.167626430850065766e+01 1.262181877078036329e+01 1.357307640452072661e+01 1.233152498447427448e+01
2.526482439719317963e+00 2.907657176979856484e+00 3.327432953777047953e+00 7.046605404594943778e+00 1.151305841975721656e+01 1.223263025152017747e+01 1.241288103956629385e+01 1.177820657925682113e+01
1.759448109278205497e+00 2.502821994159198926e+00 3.496981567223362841e+00 6.332389574307779156e+00 1.057465579296160918e+01 1.195700866209662294e+01 1.164013134902143598e+01 1.106903687907967182e+01
1.825331351965687965e+00 2.617637783055403844e+00 3.449784128289473450e+00 6.344997133027522551e+00 1.031106066415690670e+01 1.111992505904964723e+01 1.161645458217913074e+01 1.160254278111666792e+01
1.774615111526738565e+00 2.307744904090331950e+00 3.363831823726057380e+00 6.062659954202586299e+00 1.123694886363636236e+01 1.072601120336157088e+01 1.137408908136601227e+01 1.099999010941809452e+01
1.511942791041962497e+00 2.007693931253382580e+00 3.187248618101743425e+00 5.992076724686420164e+00 9.851521991775433307e+00 1.076168169691718290e+01 1.024834459459459524e+01 1.036490654258446753e+01
1.971980941364697593e+00 2.490835121101451666e+00 2.838120998951641827e+00 5.287679775093432788e+00 9.087200098597721265e+00 1.033913992117117076e+01 1.062293027568644810e+01 1.018656609991138673e+01
1.673305223791547336e+00 1.891090676432406248e+00 2.855067968200983852e+00 5.283251701865351535e+00 8.663403782600928693e+00 9.971472600475939529e+00 1.019225757708479208e+01 9.662137681159419955e+00
1.681465991054410081e+00 1.844923297599484702e+00 2.965735329700387446e+00 4.990230597195358442e+00 8.254428682616854474e+00 9.374298983526113460e+00 9.606305087283928401e+00 8.872961661011787626e+00
1.803324655758993700e+00 1.699136999694711214e+00 2.832899305555555802e+00 4.852924208981074017e+00 7.545178039139450732e+00 8.694520309600134667e+00 1.025155574178200624e+01 8.864854880063509412e+00
1.335071428762177437e+00 1.931455777983991373e+00 2.482158226368582188e+00 4.508888265646522342e+00 7.805078124999999645e+00 8.809178988409749778e+00 9.055060216122484462e+00 8.538876825741905208e+00
1.349685008542141240e+00 1.588318825085217822e+00 2.260752550623859936e+00 4.716575067990770087e+00 7.470123830782312346e+00 8.782165975233487742e+00 8.451959932138070286e+00 8.319048231127176507e+00
1.309101483372721253e+00 1.362059343421377022e+00 2.647032987541185989e+00 4.084095075820351362e+00 6.659714829675728254e+00 7.789330397915975368e+00 8.166257800952537949e+00 7.871568662769154123e+00
1.467170333463887033e+00 1.608629889237253252e+00 2.221963392416007821e+00 4.133311823992134038e+00 6.995937293967364745e+00 7.622849964198036510e+00 7.775607567467500481e+00 7.712405439481267777e+00
9.454399832611658505e-01 1.355949485013014488e+00 2.018351661941089947e+00 3.764278905605936032e+00 5.919715753700128147e+00 7.446547374979900269e+00 7.634208177835470011e+00 7.652338190745334501e+00
7.422555585253821642e-01 1.171084146552425986e+00 1.756354441183517023e+00 3.497429811276794087e+00 5.982980502528961075e+00 7.280571526214216327e+00 7.716021569831958971e+00 7.046044547234655120e+00
1.163165466126627967e+00 1.060684927208835449e+00 1.508369158698334322e+00 3.161688886475674476e+00 5.717362744908978556e+00 7.035155630648485925e+00 7.444389550888783624e+00 6.668626597696160729e+00
1.379055348185594498e+00 1.385837410604429554e+00 1.651679201244813378e+00 3.035773276846915003e+00 5.682253084891459416e+00 6.667020298811014101e+00 6.808855146136969516e+00 6.810265337303905042e+00
1.040131369816118756e+00 1.346040133048808318e+00 1.381206577006675928e+00 2.873729400368638220e+00 5.317726334485406881e+00 6.277800285872724650e+00 6.941622314453125497e+00 6.667838860693033887e+00
9.073725481662023862e-01 8.950351917076398989e-01 1.517970913224472751e+00 2.698386589998488017e+00 5.079481990461847118e+00 6.110865953441916965e+00 6.506257504002134873e+00 6.205668839628741829e+00
8.672862257792754992e-01 1.060179671022898562e+00 1.315356691325763272e+00 2.592151748874718553e+00 4.445416293476638359e+00 6.069163533479443373e+00 6.578144908934193680e+00 5.753463484939532968e+00
1.140461349656420875e+00 9.855515469171789444e-01 1.660565356434346551e+00 2.542585680152614103e+00 4.420247002097823064e+00 5.559402743584005435e+00 6.184644706015719251e+00 5.800659748309541897e+00
8.269848212003358956e-01 8.864621954449152241e-01 1.111373125187013811e+00 2.930617835546817318e+00 4.077737904401049995e+00 5.494829980309109629e+00 5.881381508886604159e+00 6.091880351781146175e+00
1.032089237822557237e+00 6.169586453310459406e-01 1.390844548357664356e+00 2.174283701831675852e+00 4.305065954191394262e+00 4.937348267742406094e+00 5.729131243600994239e+00 5.499327759627032464e+00
6.292942043001079622e-01 8.837412355712495060e-01 1.451839151433502284e+00 2.060404953404301409e+00 3.568992311648694571e+00 5.039996392298699668e+00 5.779531227547061611e+00 5.324919598260807518e+00
7.206547190201729736e-01 6.465061918218084624e-01 1.313785208748707634e+00 2.043902780742954839e+00 3.721575883052708811e+00 4.751128583085001189e+00 5.453532149476667534e+00 4.884471709838959619e+00
5.893822851115561035e-01 8.762888417309169231e-01 1.021657910737701958e+00 1.853979224512316781e+00 3.348950525977003156e+00 4.341123545586363264e+00 5.007722802976611653e+00 5.069791592896851995e+00
6.609593878669888234e-01 9.078455749170739608e-01 1.116704401623603182e+00 1.830109118276927571e+00 3.229581593052416100e+00 4.351210492976529842e+00 4.558338516756927916e+00 4.820023555829517470e+00
7.405314290125079024e-01 7.190514564909492590e-01 8.147631566168854755e-01 1.962306680209912946e+00 3.029301963355272242e+00 4.137469189386145274e+00 4.752348718546937079e+00 4.813760644245656195e+00
8.100555073531910955e-01 8.706940262562206101e-01 9.231431955262158207e-01 1.631429295308394423e+00 3.074312415293995127e+00 3.912301726161496518e+00 4.530556546075380275e+00 4.504297523519645630e+00
6.267261691097902876e-01 6.795741108366383232e-01 8.399006074021679868e-01 1.502547192694738243e+00 2.874715191206199894e+00 3.607032773826338357e+00 4.035254105142566772e+00 4.224997874511138285e+00
4.511599016942391405e-01 6.287029986150760585e-01 8.886689061233279396e-01 1.444278782349037726e+00 2.666325020413718327e+00 3.602642453950026802e+00 4.055207475893697122e+00 3.933370954057339830e+00
5.462101228385691787e-01 6.247020735416383141e-01 7.051342478221297450e-01 1.327568360695928540e+00 2.345724571078431797e+00 3.632190836522965594e+00 3.849451489199575693e+00 4.009795619257687349e+00
4.812977556893358044e-01 4.707746163151666496e-01 6.805511293837506193e-01 1.267766549145643129e+00 2.347802464824289448e+00 3.289785738399713555e+00 3.943299390223722778e+00 3.169698408708837789e+00
5.840546967987502169e-01 5.287345945373062017e-01 7.169391573208212520e-01 1.411059684778968482e+00 2.392179327295621771e+00 3.114693465796102068e+00 3.709562926733193322e+00 3.373295631091777214e+00
5.214614698688422312e-01 4.423193064435804733e-01 7.715501378439555413e-01 1.023579016251284779e+00 2.126278840867934061e+00 2.683055674849088135e+00 3.791952680706346612e+00 3.461856439246894457e+00
3.447709198615005466e-01 3.236216446950444525e-01 6.237434887558782615e-01 1.271676302016951476e+00 2.227242675342993028e+00 2.919925879356739973e+00 3.598997070937300258e+00 3.502594000920371542e+00
2.525534026515504626e-01 4.109993564244075470e-01 6.825737888732147374e-01 7.958383432445664818e-01 2.003702700981016438e+00 2.779345176759670188e+00 3.229176164293416029e+00 3.825542109069523633e+00
2.731704103674834627e-01 4.933319922023282622e-01 3.578287247300598883e-01 9.360390526044966020e-01 1.773491436279387878e+00 2.531533596469417891e+00 2.990882640021324423e+00 2.915433867900807829e+00
2.258441660804781648e-01 3.498025789291990817e-01 6.463062240519270585e-01 8.793774723405400895e-01 1.669285948255631924e+00 2.459072953207216194e+00 2.864812710470217016e+00 3.173842950520101347e+00
3.149146829100133993e-01 5.331397173986063276e-01 5.502078184071951261e-01 8.684863657644845691e-01 1.655259596456692961e+00 2.285185106808667932e+00 2.770929266284459569e+00 3.038486252413201250e+00
3.471817990447397806e-01 4.488263592122200829e-01 3.735469434021263524e-01 7.582157174855924664e-01 1.392619074082740660e+00 2.241170889195583715e+00 2.346808762958163541e+00 2.813107303609987397e+00
3.924600402674222610e-01 3.800407995425011953e-01 5.356153128372705963e-01 5.445527215348794359e-01 1.573270148462354134e+00 2.133393196723766039e+00 2.818732818321115108e+00 2.899659946881939732e+00
4.654298656506536958e-01 5.008156720063958733e-01 4.772510392519614952e-01 6.885929144135396474e-01 1.364123691316678766e+00 1.982265399449657073e+00 2.429319872187986284e+00 2.682330953663793149e+00
2.284267259680706486e-01 3.296795098384409095e-01 5.388489921137972205e-01 7.040282686971458537e-01 1.244942389273688610e+00 1.868308951711581622e+00 2.322967993921869478e+00 2.554792354945282007e+00
3.392325924384222424e-01 4.288489611593002127e-01 3.170584813796863966e-01 6.267636882027846079e-01 1.252977862888915217e+00 1.886844861241080862e+00 2.335799221598259479e+00 2.290588606295285601e+00
1.903872319257826073e-01 3.784389301745818557e-01 2.037148689156147996e-01 5.666263651678865587e-01 1.097978867388507584e+00 1.865238027407667198e+00 2.120992963959273503e+00 2.125043980876933247e+00
4.299387256209457053e-01 4.466683122815958140e-01 3.571645770958083999e-01 5.163801488435180165e-01 1.043364871642051384e+00 1.671234857220134540e+00 2.128302287792699587e+00 2.338469606597151973e+00
2.212511209007060053e-01 3.550261636708778035e-01 4.333042251293247049e-01 4.180092146742266923e-01 9.367555224774520850e-01 1.453456045779933037e+00 1.805163493963953814e+00 1.864153206595938528e+00
2.213497442785043179e-01 3.613835032393292734e-01 3.144336163034064380e-01 4.902526138363167418e-01 9.256049121890439491e-01 1.395295573354047747e+00 2.020025510204081609e+00 2.090276482245438050e+00
3.493248717565811678e-01 2.214128329861494160e-01 3.395184468335561978e-01 5.258864089333126213e-01 8.995952352110176964e-01 1.417386541409978884e+00 1.750757401039919614e+00 1.887497087888397429e+00
2.121571283440568945e-01 3.601454034839504104e-01 8.882354288777359608e-02 4.474111172604338105e-01 7.114680269114688205e-01 1.420812475564119826e+00 1.901266730566936181e+00 1.919540937335293629e+00
2.473343843601978065e-01 2.835072748683420407e-01 3.221491451849245458e-01 5.030771806982653471e-01 7.558942483999011586e-01 1.260136952022258505e+00 1.711147750809283608e+00 1.719380648106278553e+00
1.696681254177807296e-01 2.491758560514361898e-01 3.101240208821685607e-01 3.851764365192099637e-01 8.014126435902664269e-01 1.293968110375109726e+00 1.709946607506793503e+00 1.660481691302223117e+00
2.005594258309171540e-01 2.810002057597439373e-01 2.464454057380384144e-01 3.304281691846817637e-01 5.930185692942040454e-01 1.066734175902130932e+00 1.569764080393798666e+00 1.418121754451038496e+00
2.713625307555955213e-01 1.838126383227047800e-01 2.100400902424146010e-01 1.747606306123813125e-01 5.355027738754581934e-01 1.081580832491224164e+00 1.462943767734963485e+00 1.506820067093119109e+00
1.816609797263829262e-01 2.045701185331776917e-01 2.338252342939994843e-01 3.358673834883217912e-01 6.721153207202299473e-01 1.078971878354804126e+00 1.329333891525557476e+00 1.647950929107844020e+00
1.711956388065379309e-01 1.839589164183312031e-01 2.262225098233973386e-01 1.728751719795957875e-01 5.642325775798265886e-01 1.026191658591731226e+00 1.462917502866972530e+00 1.345343226884527565e+00
1.534426063026363973e-01 1.033051239239356489e-01 2.983055213255991212e-01 3.026937658754058624e-01 3.716412123158944758e-01 7.648707394499114631e-01 1.312690326315379741e+00 1.397819299098947754e+00
1.322275639075480291e-01 2.265212973630312265e-01 2.752418873266909149e-01 1.992819855223909309e-01 4.505653258151890994e-01 1.007421693182405820e+00 1.326798479977602696e+00 1.201491050446875652e+00
1.530183218746770657e-01 1.340648518995594674e-01 3.027528392079043562e-01 2.784384602287126032e-01 4.608143227840040823e-01 7.465623934228475811e-01 1.353107765377487670e+00 1.416282626070983541e+00
1.302123166398508614e-01 1.590974892755609715e-01 1.679501955096260601e-01 1.690880077567703532e-01 4.215900830368856655e-01 9.203139278099299325e-01 1.224547380463441693e+00 1.169629436424983515e+00
2.253760531168084447e-01 1.509929638932409612e-01 1.108948856468866678e-01 5.173714560988811745e-02 3.835811357445144676e-01 7.342145361127789815e-01 1.171703772466300419e+00 1.080591117754484243e+00
1.492100162000395691e-01 1.155895376852084377e-01 1.420648317325642063e-01 2.425069974163385766e-01 3.819507578140728943e-01 7.111837364618686097e-01 9.125835115947420473e-01 1.058090891194193306e+00
7.731558444121217066e-02 2.142939648885509030e-01 1.192865714540249228e-01 2.636688879019322695e-01 4.207632488654014513e-01 7.946243406280757426e-01 9.357694710013179096e-01 1.066733054685959470e+00
1.387230370419401115e-01 4.832074279873044276e-02 1.221047068645481765e-01 1.061223547298318776e-01 3.749587171659694573e-01 5.756614250407107169e-01 9.314031164190448298e-01 1.070232448034838635e+00
1.073583548916731273e-01 1.650817485165381460e-01 1.496690247101278570e-01 1.584795010015831174e-01 2.811335547248446365e-01 5.914426234556773299e-01 8.234553089042254692e-01 1.138784118153779445e+00
1.304408871020275862e-01 8.796294484741699893e-02 1.154211428113952331e-01 1.422579547459685290e-01 2.122563012799849047e-01 6.476840818429425717e-01 8.572792045865477162e-01 1.042817080948046593e+00
9.512631371188730312e-02 8.230170805872333295e-02 1.579341764258420655e-01 1.470732153563180933e-01 3.286325579370513728e-01 5.789465002111486847e-01 8.836457223603220168e-01 8.824211360546228011e-01
6.364168543374633391e-02 1.175991797721145787e-01 3.098143607000047265e-03 1.179976680759224211e-01 1.505214573864306071e-01 5.050383435357780337e-01 7.900582397092145159e-01 9.057629329484901959e-01
5.907113221558907973e-02 6.108433796905859275e-02 1.356333040779726107e-01 1.162529513868542502e-01 1.698929431529764555e-01 5.101914654910129077e-01 7.695457404015579872e-01 8.397020247815625282e-01
1.646471867612123441e-01 1.162296088345079609e-01 9.674356715579542076e-02 2.335748372246443105e-01 1.985770049902371437e-01 3.584659312240304208e-01 6.633280638007554852e-01 5.603178470064011929e-01
1.126739492157048245e-01 5.969375611762976069e-03 1.121992430935016133e-01 1.495259185335529317e-01 2.103140081943751516e-01 5.194657201383091616e-01 7.857549960501006847e-01 7.562942531106069399e-01
6.157823512015381945e-02 1.292535303649022804e-01 1.252468366842404424e-01 1.458660647067548666e-01 1.125538156301762183e-01 4.624305316367783858e-01 6.699652480905152752e-01 8.701914768572472925e-01
1.336161756870125061e-01 7.879133226191206707e-02 1.103410675178361777e-01 1.322259388567605387e-01 2.289117318257538336e-01 3.475060366759725738e-01 6.370575972866631131e-01 7.566911335898938162e-01
2.780230338661686656e-03 1.128711702146252827e-01 8.888834664426632781e-02 8.005690149766712949e-02 1.441036555131319508e-01 3.136674546203918057e-01 6.703959879601020244e-01 7.073895862275650925e-01
7.918715542087698123e-02 5.464843168097027054e-02 1.051088154776440714e-01 5.806578671778225148e-02 1.268761355778343369e-01 2.866204090436020868e-01 5.969870838220323606e-01 6.439108811656713005e-01
6.668868865826740877e-02 -8.371454387295217126e-03 9.720808570365459256e-02 8.522365778632055855e-02 3.093510539902628170e-02 3.106306266953609563e-01 5.541462009235963437e-01 6.171693643327732515e-01
8.953175752344691429e-02 3.998291551021106865e-02 6.635887052792321938e-02 3.805608930849877641e-02 1.646338072866938562e-01 3.926660936685632541e-01 5.419000412869539041e-01 5.744983147007904911e-01
5.710312440603985268e-02 5.247134317801951248e-02 1.176830449380165400e-01 7.282038930127077148e-02 2.122971597061203974e-01 2.908108062138946015e-01 4.918679776040314477e-01 5.834862889905773065e-01
2.821160314334519512e-02 1.895108378487771542e-02 7.700181954637520809e-02 1.390552449278322222e-01 8.936509854636108530e-02 2.282978567393760261e-01 4.621967977357161472e-01 6.396082331202717075e-01
4.650720434106846157e-02 8.288272064511138792e-02 4.730294764727011742e-02 9.288572988822417498e-02 4.778127863572660672e-02 2.768072171902478673e-01 3.647222151841341686e-01 5.594091302610548766e-01
4.520263828382088678e-02 5.517320747835090244e-02 6.680174514120065798e-02 7.001033141584300790e-02 1.065006657970809234e-01 2.197158761398784188e-01 4.386059156514831026e-01 4.532013117177738359e-01
3.590245633207556075e-02 5.654118753660475338e-02 6.039309026678869700e-03 3.533947853383863358e-02 9.503172284364197475e-02 2.029031824419616770e-01 4.135892307661935829e-01 3.493175949381980283e-01
6.098878400173136233e-02 3.827755938463946878e-02 7.390889707916976914e-02 7.849786265505480365e-02 1.216909443437732691e-01 2.090420993465320898e-01 3.693851890951516115e-01 5.315919180366004415e-01
3.308480740021790822e-02 4.567353314530010061e-02 1.040470801669768353e-01 1.201831404100144572e-02 7.845787032543995176e-02 2.561422507403431359e-01 3.897550554899278930e-01 2.805368682359588028e-01
3.995202955937689898e-02 5.425452887594704732e-02 3.787554602196641779e-02 3.286465822555261623e-02 1.401243274428804475e-01 2.003304327338037982e-01 3.298102606741888931e-01 4.600867498436506664e-01
5.237346803828137748e-02 4.795168954243497414e-03 2.839291657251100803e-02 8.624109420439730889e-02 5.055520272200456772e-02 2.424204363924954975e-01 2.717781666514746397e-01 3.582366753709438911e-01
7.458157851352907597e-02 4.905784791074230961e-02 6.287561065196575760e-02 6.196263575182489602e-02 7.690560945900537515e-02 1.219536935089867713e-01 3.369979803356712988e-01 4.224567986722986834e-01
2.621433515471420506e-02 6.281307173630783225e-02 2.450958552582201827e-02 9.140419885000393430e-02 9.795104679413964288e-02 1.623826058776447756e-01 2.813065882393414596e-01 3.468378496503496389e-01
4.665128732878166123e-02 2.281770773056447654e-02 1.026745375037798301e-02 4.873791345424512145e-02 1.057761201850267452e-01 9.034157632087501388e-02 3.065870678058987830e-01 2.396936639239028999e-01
2.584591176408392466e-03 1.076391841588395307e-02 1.176135236749494863e-02 6.477028999890903360e-02 7.570971662368466970e-02 2.253127471338611798e-01 3.331697815783798422e-01 3.132122820392524987e-01
6.241792357315430195e-02 3.043238450371110737e-02 2.466370212997451988e-02 3.150976008284211982e-02 9.623964011404950725e-02 1.613640402807389740e-01 2.541892216615663780e-01 3.459920061668447233e-01
