nan nan nan nan nan nan nan 0.000000000000000000e+00
3.739668884277343750e+02 nan nan nan 4.148514709472656250e+02 5.948712539672851562e+01 nan -4.030441284179687500e+01
3.014016113281250000e+02 nan nan 3.082838134765625000e+02 nan 5.183336791992187500e+02 3.711508789062500000e+02 6.462864583333332575e+02
3.861240539550781250e+02 nan 3.284920247395833144e+02 nan 5.320135498046875000e+02 5.569996337890625000e+02 7.396873372395832575e+02 5.025903015136718750e+02
5.921302897135416288e+02 3.315472819010416288e+02 nan 4.320632324218750000e+02 nan 5.152646891276041288e+02 2.715873616536458144e+02 3.340713641826923208e+02
5.094543678977273089e+02 4.217944335937500000e+02 4.135942034040178328e+02 nan 5.613077947443182438e+02 6.572813720703125000e+02 1.079060546875000000e+03 2.140039062500000000e+03
3.229059448242187500e+02 4.386307237413194002e+02 4.796744140625000341e+02 4.797173461914062500e+02 4.662603149414062500e+02 9.715064697265625000e+02 9.762594604492187500e+02 1.176156250000000000e+03
2.371773274739583144e+02 4.313109537760416288e+02 3.354643961588541288e+02 3.309173060825892776e+02 3.917215021306818130e+02 1.140166917067307850e+03 1.262660688920454504e+03 1.280625000000000000e+03
3.495626541940789025e+02 3.817552664620535552e+02 3.068504638671875000e+02 4.044652193509615472e+02 1.071145856584821331e+03 1.116071126302083258e+03 1.060038762019230717e+03 9.219764030612244596e+02
3.210813943614130608e+02 3.554489558293269624e+02 3.325558938419117680e+02 4.458519592285156250e+02 8.076398437500000682e+02 8.994369140625000227e+02 8.087739800347221717e+02 9.820592893835615769e+02
3.154767731311274588e+02 2.508094075520833144e+02 3.438131214488636260e+02 6.688260869565217490e+02 1.036806295955882433e+03 8.154648437500000000e+02 8.643068953804347530e+02 9.142196631493507084e+02
2.453264907525509955e+02 3.222019585503472285e+02 2.985751674107143003e+02 5.843831054687500455e+02 5.388992069128787534e+02 6.348012462797618127e+02 7.805224609375000000e+02 6.622244499362244596e+02
2.933014536372950829e+02 2.418866949314024453e+02 2.796949573863636260e+02 6.585505701013513544e+02 5.772149884259258670e+02 7.163344594594594810e+02 6.375210503472221717e+02 8.169158380681818699e+02
2.377566173041044806e+02 2.267076505335365937e+02 3.394030905330882320e+02 4.817343076508620356e+02 5.340158854166667197e+02 5.937580492424242493e+02 5.989580869932432279e+02 7.080877155172413495e+02
2.370802384561567067e+02 2.312606956845237960e+02 3.231195312500000227e+02 5.241497112771738784e+02 4.923398763020833258e+02 5.054973028273809064e+02 5.017309438344594810e+02 5.251867766203703241e+02
1.773939260563380458e+02 1.833853804976851620e+02 3.356201795212766115e+02 4.495487874348958144e+02 4.291335784313725412e+02 4.364079687500000091e+02 4.631201953125000159e+02 4.947279459635416288e+02
1.686585061961206975e+02 1.766424307193396146e+02 4.134142071759259238e+02 3.709074457908162685e+02 4.162823768028846416e+02 4.109848736702127781e+02 4.388311121323529278e+02 3.926207963197969093e+02
1.538845905172413779e+02 1.689105922154017776e+02 3.393397714120370097e+02 3.207383840460526017e+02 3.912489624023437500e+02 3.849474727746212466e+02 3.556607747395833030e+02 4.273699485441766797e+02
1.504886691994862815e+02 1.432438790457589164e+02 2.762059771825396410e+02 3.128686464608433653e+02 3.506154296875000114e+02 3.668209945436507837e+02 3.644865180121527715e+02 3.576963932806323783e+02
1.508209466314935128e+02 1.648116536458333314e+02 2.501907755533854072e+02 3.282404399671052602e+02 3.188715025436046631e+02 3.245892299107142662e+02 3.457833806818181870e+02 3.484786372950819668e+02
1.378180522798742231e+02 1.465123628656914718e+02 2.838001802884615472e+02 2.676433354591836746e+02 3.206084118150684503e+02 3.003938654119318130e+02 3.167333866716867874e+02 3.085443540335463126e+02
1.261923711867559490e+02 1.371330566406250000e+02 2.789815440660112245e+02 2.625768400493420813e+02 2.737386873452970235e+02 2.889451762354651123e+02 3.133025045955882320e+02 3.344237814986737476e+02
1.241201331967213122e+02 1.237498743038366342e+02 2.451316332547169736e+02 2.507224233084862419e+02 2.803934616815475920e+02 2.689041294642857451e+02 2.780480550130208144e+02 3.126464746579601979e+02
1.077039508928571365e+02 1.125690959348516884e+02 1.996488246058558502e+02 2.499700639204545212e+02 2.475378151260504183e+02 2.550669774469339472e+02 2.645958230537280542e+02 2.800864817415730386e+02
1.017751326650943469e+02 1.090119928728070136e+02 1.987417494158878242e+02 2.306671045353982379e+02 2.123546665736606940e+02 2.203556985294117680e+02 2.508156866776315610e+02 2.315236346043578237e+02
1.001148079885563362e+02 9.384410156250000057e+01 1.886808206106870216e+02 2.032493330792683253e+02 1.966322422445255427e+02 1.975529463420542697e+02 2.180435485839843750e+02 2.156603512014787327e+02
8.708577473958332860e+01 9.815779359879032029e+01 1.719949568563432933e+02 1.761148851407284894e+02 1.904268663194444287e+02 2.031010638297872219e+02 1.932197552849264639e+02 2.112847477064220243e+02
8.249141373801916188e+01 8.649919128417968750e+01 1.337772760115606729e+02 1.666076715225563873e+02 1.808382720044378686e+02 1.872612444196428498e+02 1.838717527799079789e+02 2.000197783119658084e+02
8.314536737040133119e+01 7.785318638392857338e+01 1.552178989955357054e+02 1.553544568900602485e+02 1.655572823660714334e+02 1.634563761645962643e+02 1.741130437077702879e+02 1.754536902130224973e+02
7.136837584713855165e+01 7.983519468916223616e+01 1.428208333333333258e+02 1.576599223428143830e+02 1.516171984726123583e+02 1.616367187500000000e+02 1.676924113669590497e+02 1.796011612874465015e+02
7.616429473132622263e+01 7.141941569862565586e+01 1.346522381756756772e+02 1.381435971467391255e+02 1.442978124999999920e+02 1.576229277820121979e+02 1.521425672743055486e+02 1.713513907967032992e+02
6.953482707162920917e+01 7.647615892059948806e+01 1.207855623452970377e+02 1.481196001838235361e+02 1.370671017530487745e+02 1.507580983231707421e+02 1.459610906862745026e+02 1.609594446656050764e+02
6.559108664772726627e+01 7.101190745772946400e+01 1.225920516304347814e+02 1.291932015467171766e+02 1.355344921875000068e+02 1.397080275410353636e+02 1.422323348545792214e+02 1.480538130381303858e+02
5.940302861201298867e+01 6.857412790697674154e+01 1.179269867673444878e+02 1.189509084302325590e+02 1.254449814618644012e+02 1.321529068130630549e+02 1.525520030286343740e+02 1.401751324455899237e+02
5.693779277613412404e+01 5.585563303154205528e+01 1.128957014041850329e+02 1.184444254233067682e+02 1.158026162790697668e+02 1.270126953125000000e+02 1.254891436688311757e+02 1.255951173959445129e+02
5.320293288934426812e+01 5.502911931818181301e+01 9.479265679253471433e+01 1.111241527539954319e+02 1.101423877481949489e+02 1.096331102858744373e+02 1.227374999999999972e+02 1.153867540120361070e+02
5.139584455818965125e+01 5.373653835720485716e+01 9.589370291573659699e+01 9.860289115646257585e+01 1.074660122134279447e+02 1.042134408010563362e+02 1.033340299732490308e+02 1.137692759146341501e+02
4.630608528771760035e+01 5.189861328125000028e+01 9.003999942343173757e+01 9.307960194989669844e+01 1.020637393583887018e+02 1.103707310267857054e+02 1.117323846016221296e+02 1.120591467538322803e+02
4.390505083869485503e+01 4.859554687500000369e+01 8.129465182877812879e+01 8.508131234731270354e+01 9.005086436170212494e+01 8.894349530677655480e+01 9.699673150510203357e+01 1.055934543208578589e+02
4.187245065789473841e+01 4.453175113075657521e+01 7.781702568770226947e+01 8.257245012214984570e+01 8.821020587337133634e+01 9.363751860119047876e+01 9.156750801282051100e+01 9.384243633791430739e+01
4.066927947547934963e+01 4.393261112189440354e+01 8.276487568789308114e+01 8.470771424463190158e+01 8.511668829872203901e+01 8.841740337171052033e+01 9.251753004807692093e+01 9.503770113814756826e+01
3.883572342269959421e+01 4.215580778301887221e+01 7.936629059667673403e+01 7.999852111621405015e+01 8.125982648725212698e+01 8.305299295774648272e+01 8.831582496279762040e+01 9.078327393315710481e+01
3.635456730769230660e+01 3.640883902616278789e+01 7.312492661669074323e+01 7.278819890745501198e+01 7.959387527332361856e+01 8.099554843304844098e+01 8.284427374301675684e+01 8.349967676192144950e+01
3.412490272771952959e+01 3.571872161155523173e+01 6.704707362288135641e+01 6.926433433845028276e+01 7.597794001889168669e+01 7.818883547008547907e+01 8.003372664304123418e+01 7.884584037162161962e+01
3.404114098603979244e+01 3.756154482208029322e+01 6.886788230917366604e+01 6.778294175790755105e+01 7.347009548611111995e+01 7.306677782012195621e+01 7.426795531580687282e+01 7.901019478699551257e+01
3.316531068078913336e+01 3.340898118063667965e+01 6.508358519616788840e+01 6.382685011422976373e+01 6.623372838718820788e+01 6.964970042293232666e+01 7.312334205761965222e+01 7.216701961233211193e+01
2.963092730978261002e+01 3.108636879648169327e+01 5.447171653891508925e+01 6.152522400770142497e+01 6.116086073538556889e+01 6.738504205336427333e+01 6.928009436124693821e+01 6.944063054078013408e+01
2.850708849676724199e+01 2.989192274305555586e+01 5.244264093474669863e+01 5.794523721895075141e+01 6.196307098113738476e+01 6.286806551032110235e+01 6.545339172632159830e+01 6.802641801633443208e+01
2.665521934793554948e+01 2.812434895833333215e+01 5.283892513736263652e+01 5.631836809430803470e+01 5.814984714673913402e+01 5.829007896505376607e+01 6.084855967786344166e+01 6.514582760989010524e+01
2.577186566235059573e+01 2.828641183035714235e+01 5.197763356854838435e+01 5.099253362341771378e+01 5.724150933159722143e+01 5.741602751014198702e+01 6.167632423495850702e+01 5.994551515352038251e+01
2.509474945068359375e+01 2.704022216796875000e+01 4.601593379446639887e+01 4.912950429990309686e+01 5.187160148060797127e+01 5.366534598214285978e+01 5.623853075099800236e+01 5.842818077590480641e+01
2.400287809893420032e+01 2.573088469328703809e+01 4.531357607405008281e+01 4.913682945344129394e+01 4.931988491419294718e+01 5.129915552745664797e+01 5.542578125000000000e+01 5.615568800283956108e+01
2.361881974121557448e+01 2.369610595703125000e+01 4.473137049521169217e+01 4.727498316271551460e+01 4.874447881201361810e+01 4.951435153388278110e+01 5.145243717631826286e+01 5.467271645775301891e+01
2.181624393066847389e+01 2.311936585911195152e+01 4.342446001838235503e+01 4.555609930945693264e+01 4.664086588541667311e+01 4.813611907697255532e+01 5.132903180803571530e+01 4.983984025603756862e+01
2.107875873625114593e+01 2.251847636252133000e+01 3.997116134567387746e+01 4.293166407590051392e+01 4.631997997871863504e+01 4.739611572708711407e+01 4.710922424421097787e+01 4.964210954446854629e+01
2.020249220118213529e+01 2.155948470474837819e+01 3.814583122980614149e+01 4.314372500000000343e+01 4.350109620757450557e+01 4.530695199275362484e+01 4.635996221405228823e+01 4.592417630784708393e+01
1.893999729386295172e+01 2.098268250100482391e+01 3.756861721328382941e+01 3.933647540983606206e+01 4.096314022563897339e+01 4.337806519138756300e+01 4.491252835181451530e+01 4.501715304716211108e+01
1.915781570423191482e+01 1.938921924761146443e+01 3.775690084041730898e+01 3.747148064291401681e+01 3.900468632695195481e+01 3.987563869964454710e+01 4.295161590818760544e+01 4.364159784367859629e+01
1.768976551242795381e+01 1.880633431191770200e+01 3.397399290191740562e+01 3.480255256082510584e+01 3.795925126164596008e+01 3.868467539454806570e+01 4.098592726528384134e+01 4.079095661820241503e+01
1.651805493772242173e+01 1.827833834134615287e+01 3.123386296452702737e+01 3.652167240877329135e+01 3.610327148437500000e+01 3.701173621460506524e+01 3.804179076280227889e+01 3.798297608303249007e+01
1.629988234517945145e+01 1.703860625820210117e+01 3.201109982249626285e+01 3.473853535554846417e+01 3.567137204935622208e+01 3.753151726973683822e+01 3.757368157175599066e+01 3.832489762931034250e+01
1.611685508159603586e+01 1.683391960947659172e+01 3.133318512872628858e+01 3.203433683548850297e+01 3.231753077651515582e+01 3.559280156893003522e+01 3.740523490646258153e+01 3.684696551869316039e+01
1.558237488047635466e+01 1.602520145440251653e+01 2.877494935413992039e+01 3.060449218750000000e+01 3.235973298517520647e+01 3.419485853040540491e+01 3.388425004063719115e+01 3.442119698205546285e+01
1.320792738970588154e+01 1.618134314528714057e+01 2.771954360553528218e+01 3.080863300879396860e+01 3.057669576637824349e+01 3.288782528235653047e+01 3.297869759316770200e+01 3.460226637226164570e+01
1.372328371422312898e+01 1.464056465755044201e+01 2.753140989058564259e+01 2.919878093866749680e+01 3.156593711703431282e+01 3.133327505594629514e+01 3.160189167837078728e+01 3.261682531502800231e+01
1.349901740595171340e+01 1.470070159222651540e+01 2.672208936737805018e+01 2.780434242491165975e+01 2.886433380516841041e+01 3.089439269879862593e+01 3.143207236842105345e+01 3.076952659970238457e+01
1.326358753551136260e+01 1.332885119228432380e+01 2.433254391695702523e+01 2.653843873867497294e+01 2.795141156591737186e+01 2.804039511283704300e+01 2.933683073805460495e+01 3.091238005420451174e+01
1.173683187217194757e+01 1.302613955055361217e+01 2.318191446520618726e+01 2.485984708234597207e+01 2.689621662460148599e+01 2.814005608514908374e+01 2.825356374861265252e+01 2.942598477988297745e+01
1.194607036678246814e+01 1.244903896443514490e+01 2.416599073001158615e+01 2.504468782283057848e+01 2.617809208216292305e+01 2.610099343132154104e+01 2.737784758711283217e+01 2.760454422504733429e+01
1.125688051970108638e+01 1.270978545368020285e+01 2.257273164103923691e+01 2.409245492465015914e+01 2.475167722624492228e+01 2.661072814542484011e+01 2.645868230270126986e+01 2.637603037673021689e+01
1.104896941489361772e+01 1.113378022927135724e+01 2.100815327455134351e+01 2.249854414302147276e+01 2.441032754010695172e+01 2.447781709093212044e+01 2.487544712539022029e+01 2.517661851792573557e+01
1.066578639471587842e+01 1.119379405251995863e+01 2.084309507151741059e+01 2.219076754112661831e+01 2.313730658373786397e+01 2.431443946678321666e+01 2.404598061399217102e+01 2.434635089263263907e+01
1.055001549527213989e+01 1.134561374148004020e+01 2.030628621178501092e+01 2.053864235101744029e+01 2.237618104818982090e+01 2.346590753944174779e+01 2.327747537784935616e+01 2.321272093270868808e+01
9.992917526204282197e+00 1.022931387476348242e+01 1.967188244047618895e+01 2.055002466717719045e+01 2.184532259926131204e+01 2.191712629608294804e+01 2.299952481787696712e+01 2.300830519649895578e+01
9.435400880241568089e+00 1.012293556184147469e+01 1.830787077002762331e+01 1.960780832219251124e+01 1.971240372698300547e+01 2.218761359638836694e+01 2.191515286246612249e+01 2.255867123687281506e+01
9.325653522374834026e+00 9.826002508071955077e+00 1.767694558144416561e+01 1.915905126537369796e+01 1.960984999468537282e+01 2.086552708240410325e+01 2.067812776060070590e+01 2.070198230211817148e+01
8.882898276240668523e+00 9.702880237096431770e+00 1.769512251420454518e+01 1.851886337572977581e+01 1.946012870140144457e+01 1.989012091262029713e+01 2.049001372186672754e+01 2.021198885763738673e+01
8.372837641378575668e+00 9.541803896037581723e+00 1.640232358003442314e+01 1.815302595855496293e+01 1.853068594398340352e+01 1.941578759517766528e+01 1.915767335032188612e+01 1.945028529163144526e+01
7.849444440704437476e+00 8.694071418524959682e+00 1.592346702958093552e+01 1.755243620002019611e+01 1.813120667072396230e+01 1.841944566000823613e+01 1.905559055779569988e+01 1.831412753642039704e+01
7.683663027510683641e+00 8.781781262390959242e+00 1.479502239212193082e+01 1.668956764047231189e+01 1.724202783978174480e+01 1.779939653647938513e+01 1.820413356814548322e+01 1.845486912768520327e+01
7.857724003640317534e+00 8.293155502988048156e+00 1.566632417555292278e+01 1.564772171104150367e+01 1.679784605408944387e+01 1.732880944159431635e+01 1.741745114841873487e+01 1.741479381060755927e+01
7.413051419826951260e+00 7.932522043063133133e+00 1.433123536299765810e+01 1.529053037655279468e+01 1.606041212566337961e+01 1.661475395114942444e+01 1.697833538199697401e+01 1.692819975934045118e+01
6.880977853705049441e+00 7.687864803516525569e+00 1.324974930037313392e+01 1.511529980399144790e+01 1.544831524332061079e+01 1.585243246336996314e+01 1.625035683491796945e+01 1.616521516393442681e+01
6.877224471911657311e+00 7.545887976998852054e+00 1.318013853092783627e+01 1.412089843749999929e+01 1.528527437148382617e+01 1.529743176648976544e+01 1.571303869584837543e+01 1.587350283101045356e+01
6.537268799442646383e+00 7.063713000471535608e+00 1.330199054118773994e+01 1.384485561776226170e+01 1.455111135563380209e+01 1.510592196132596676e+01 1.518389879338394799e+01 1.488177430805986390e+01
6.473134002739484139e+00 7.071112338723190227e+00 1.242182460556136725e+01 1.343597533831908919e+01 1.404381902716655262e+01 1.452959462412587399e+01 1.417918534520097040e+01 1.413205614771748486e+01
5.949597214935292477e+00 6.644909635065701536e+00 1.189102677090245486e+01 1.275890931579837684e+01 1.350909674657534332e+01 1.388963534315455206e+01 1.407565845189701825e+01 1.393299743611297892e+01
5.479396565755208393e+00 6.399078027150626014e+00 1.144960105276298279e+01 1.244247523370284547e+01 1.331130125661375629e+01 1.305108484455958617e+01 1.350303992363877725e+01 1.324812552213868067e+01
5.587552132748260902e+00 6.275903657834101423e+00 1.127470189144736779e+01 1.204574294220519626e+01 1.270220156145063939e+01 1.307522961191186184e+01 1.316654888378064925e+01 1.274230840467566672e+01
5.409627539718911748e+00 6.094990498310810523e+00 1.068923389668367285e+01 1.146612278761062065e+01 1.228711057544560425e+01 1.254859755621486528e+01 1.231822408296599392e+01 1.207783442208098101e+01
5.111507530235762431e+00 6.032884884185303775e+00 1.045654538598391170e+01 1.116724289425427941e+01 1.173389352621989801e+01 1.193839809950556052e+01 1.223801227124689817e+01 1.176067320869224808e+01
4.994591573171653032e+00 5.569823905548427767e+00 1.015613007127192979e+01 1.084716189560012367e+01 1.147075273183697597e+01 1.154290463226010210e+01 1.140401386404293405e+01 1.122608364618449173e+01
5.026755120955662015e+00 5.156656946993224189e+00 9.938976044249844932e+00 1.068935261330409325e+01 1.073905132540422791e+01 1.114885674549227090e+01 1.128540971801091608e+01 1.115585498595505776e+01
4.837475338743299602e+00 5.225955839097261801e+00 9.186516030666568966e+00 9.956249066049013052e+00 1.051969941439223533e+01 1.083391618897928943e+01 1.090481495745305196e+01 1.055180688812454726e+01
4.751910641132540469e+00 5.204278468009310821e+00 8.872645215395481344e+00 9.608314825825406302e+00 1.006655579321345684e+01 1.052492660444032069e+01 1.052865889147564360e+01 9.944194364418835974e+00
4.391806527071221211e+00 4.893088293788045995e+00 8.719204829937845957e+00 9.329392779568385308e+00 1.015759473903387011e+01 1.034004613509749326e+01 1.006565296372086671e+01 9.674743635384828622e+00
4.361594814679265575e+00 4.846079683171745422e+00 8.717740706559066410e+00 8.850971693213297797e+00 9.405049913194444500e+00 9.560466668978913063e+00 9.734682426389653642e+00 9.446753988807007119e+00
4.172155824967616056e+00 4.593088101802043965e+00 8.133434971544158287e+00 8.641690292607453472e+00 8.978562967380092630e+00 9.361824629934210051e+00 9.464763541666666669e+00 8.972498405826284440e+00
4.187777562744458670e+00 4.514391447368421240e+00 7.742527878630705018e+00 8.643231112979570696e+00 8.800430239770255625e+00 9.149313648774640484e+00 9.341071051520270174e+00 8.734411554458018756e+00
3.903075676660750393e+00 4.333954053466274381e+00 7.423878068365193705e+00 8.201939815440779213e+00 8.468941173688193658e+00 8.706771504510308901e+00 8.574541413913268073e+00 8.224224393704849589e+00
3.772660439542900868e+00 4.104263164310092193e+00 7.479999708799255131e+00 7.860974132956753735e+00 8.071331965873429937e+00 8.550128264925373145e+00 8.490165080144450371e+00 8.341548430564362349e+00
3.620793812765094710e+00 3.939152969426407136e+00 6.966574950577859582e+00 7.515491080026964532e+00 7.786288710918995548e+00 8.239013552373959826e+00 7.991358343160377409e+00 7.768706986604398956e+00
3.483691600397614163e+00 3.887750531986886582e+00 6.843813882876383481e+00 7.458381616327751651e+00 7.578038012887549080e+00 7.782313592442147154e+00 7.915995656341285880e+00 7.493966940271383770e+00
3.398858328459739120e+00 3.766367022910814821e+00 6.647108379542236989e+00 6.906922161495063328e+00 7.461702048693586775e+00 7.486212339838214547e+00 7.560896771327014321e+00 7.237535328315370720e+00
3.274363892096665118e+00 3.718753453191301350e+00 6.345018292772429014e+00 6.956946451746106597e+00 7.106787725718794135e+00 7.269860681896950005e+00 7.100811439679547199e+00 6.880654256497342303e+00
3.088421737938596756e+00 3.449027062790023024e+00 6.120968757193830712e+00 6.630590662511541389e+00 6.937673962550607420e+00 7.069085676357938830e+00 7.224657697930724432e+00 6.689553181713760566e+00
3.169328785089896350e+00 3.395260735863783630e+00 5.798370664027276966e+00 6.603633865444100692e+00 6.518222710303274603e+00 6.832117978463588592e+00 6.873603267946105433e+00 6.476432174256085972e+00
2.962730211063783425e+00 3.296094014292963337e+00 5.724567310230152195e+00 6.176096256028487552e+00 6.382115135834411923e+00 6.660332265937917384e+00 6.665903074902512770e+00 6.397941366508040240e+00
2.874297646816684981e+00 3.290083806221101081e+00 5.409231202393133486e+00 5.905498380742521647e+00 6.396828839960017277e+00 6.376652547218037093e+00 6.270683559120123540e+00 6.019491364327612004e+00
2.719359254653401781e+00 3.109961913655768573e+00 5.261745635456374082e+00 5.692633375107805094e+00 6.060125150301883146e+00 6.168816752373417422e+00 6.066987979245880958e+00 5.818504635040373962e+00
2.740557083558315288e+00 3.039725398385761501e+00 5.125877408827185455e+00 5.716830786223646044e+00 5.842898702273702227e+00 5.965228720998297263e+00 5.889043353320067453e+00 5.534810054148791458e+00
2.698915734980216641e+00 2.880771729702694461e+00 4.892298993859115264e+00 5.437096868077929912e+00 5.655832048983698179e+00 5.666865116716867767e+00 5.769665373577813838e+00 5.387972685768262160e+00
2.529582169388506774e+00 2.869097710042021188e+00 4.868142781476997527e+00 5.320221195376015899e+00 5.509839357429719087e+00 5.652346548173352581e+00 5.556575468181358168e+00 5.008018863440478974e+00
2.443222054764671913e+00 2.744292788867110033e+00 4.702778109897302272e+00 5.031850931502399149e+00 5.143464432883797954e+00 5.468117028684519099e+00 5.249189923293211990e+00 4.931681686334787429e+00
2.363377902550437781e+00 2.616621093750000071e+00 4.367671456849248734e+00 4.968917580201215323e+00 5.174029433936403244e+00 5.105700336962778252e+00 5.178420914298143884e+00 4.713660831390265038e+00
2.268762953830760321e+00 2.559848134255650720e+00 4.207121758918720644e+00 4.705599034657092616e+00 4.932563827423278369e+00 4.994259923159749093e+00 4.993634561124810745e+00 4.531915728672985644e+00
2.145579884213382194e+00 2.466435815653669650e+00 4.137039527126820992e+00 4.509689575372998860e+00 4.755979355862494984e+00 4.970644574620651568e+00 4.718313514533786446e+00 4.360590607210625969e+00
2.152416627798507509e+00 2.293508531036267062e+00 3.979392145916879286e+00 4.273932700593642053e+00 4.601662606406810241e+00 4.733889061923219010e+00 4.627131799768518405e+00 4.282392262123018156e+00
2.025748019243298614e+00 2.311164022957338915e+00 3.874605659435570892e+00 4.148175495426829507e+00 4.443174234263769229e+00 4.612580110027223235e+00 4.461769320716497234e+00 4.151325656247154328e+00
2.021013041765619356e+00 2.153384099329961110e+00 3.707425228004291640e+00 4.116611783552865944e+00 4.259936818000355174e+00 4.475121721540178399e+00 4.395281004727078056e+00 3.945023314501149514e+00
1.934566455220676717e+00 2.153210492050438241e+00 3.599527397035676923e+00 3.973607667884481831e+00 4.209961621367297013e+00 4.247925967261904745e+00 4.124224293206902203e+00 3.738109561796765234e+00
1.900070926847789332e+00 2.137059744735232414e+00 3.488853153884722502e+00 3.740379996687278830e+00 4.062118545848927731e+00 4.067918860394021507e+00 4.073858007408683868e+00 3.642137370300425392e+00
1.781772964294752626e+00 2.008141500538792812e+00 3.319488764703375061e+00 3.781081282970656154e+00 3.912285190455341510e+00 4.002183534807955745e+00 3.883440782563025273e+00 3.547303625095916235e+00
1.715840510608174441e+00 2.024708845297987558e+00 3.259362180260617858e+00 3.547038651034541523e+00 3.779459688209536150e+00 3.747985513452539941e+00 3.744525606629857339e+00 3.381424851499542861e+00
1.670552914395440958e+00 1.946986295738998507e+00 3.135720943448334186e+00 3.474190803456849608e+00 3.622572844158839178e+00 3.736656203953831135e+00 3.622083583650977712e+00 3.261522816246635870e+00
1.591985225677490234e+00 1.812711352508275642e+00 3.008312166045984615e+00 3.326611472729516183e+00 3.551314480217528491e+00 3.636832325728898141e+00 3.480817477520873116e+00 3.167619035584310794e+00
1.617946514620242748e+00 1.760043131769671865e+00 2.971455115398378144e+00 3.242037403938520246e+00 3.440845927254098324e+00 3.472574167565515957e+00 3.340246275761648675e+00 3.021846342904052296e+00
1.485456414473684150e+00 1.747205482115085307e+00 2.857295407123447095e+00 3.125737539495992756e+00 3.234894467371181470e+00 3.331268194510455860e+00 3.297695119955329712e+00 2.986260325050591469e+00
1.510812628073770592e+00 1.675904688472914073e+00 2.755989058136828707e+00 3.035667622533667398e+00 3.189786829317970085e+00 3.209752444401840599e+00 3.154822551969365119e+00 2.831715452614632866e+00
1.423788068394461037e+00 1.604813440834603755e+00 2.669161064680232176e+00 2.908686524916691774e+00 3.047621765868555155e+00 3.136016975250151884e+00 3.042521073345091587e+00 2.728496073013044310e+00
1.360428754285872177e+00 1.532451186830015244e+00 2.516222337514890217e+00 2.781206277614138411e+00 2.961541051092643873e+00 3.054664172140937772e+00 2.950258816863949640e+00 2.677392694938696138e+00
1.312685121537927380e+00 1.527867639727666260e+00 2.448188696408087228e+00 2.705754161667666136e+00 2.846662613750358339e+00 2.921218045060304025e+00 2.853589209440712260e+00 2.544224774291422797e+00
1.298374345740040736e+00 1.473118803426289203e+00 2.392781330988957400e+00 2.670498080053794077e+00 2.765480164739353874e+00 2.837868590902516530e+00 2.729438548931996777e+00 2.419466131762840977e+00
1.253395713896628072e+00 1.401028799148444026e+00 2.344955095961757774e+00 2.526173865083697567e+00 2.684171804932735217e+00 2.738997011899747314e+00 2.615945261204681849e+00 2.331083837581035656e+00
1.201212054548438823e+00 1.365280916858277571e+00 2.255261707838687180e+00 2.450138930248038083e+00 2.627078735106230578e+00 2.658926462900201848e+00 2.591171974762343844e+00 2.252962397970876385e+00
1.195711397189454184e+00 1.340070983379501479e+00 2.153633126124723240e+00 2.385106569513715691e+00 2.542476442241616397e+00 2.559071049609160653e+00 2.504243051705018264e+00 2.115782452006376158e+00
1.131254616335811924e+00 1.263326747713833909e+00 2.047655133624795898e+00 2.321187504276135627e+00 2.467616221668956111e+00 2.452471011231138753e+00 2.414037590424437774e+00 2.141020837233644336e+00
1.098994344559542702e+00 1.229110505672526665e+00 2.010059975176822888e+00 2.243656502189216972e+00 2.322676974477491996e+00 2.407490037751677470e+00 2.340094379194630481e+00 2.022578098507968658e+00
1.088691897216221616e+00 1.234549942160902303e+00 1.954633665529294184e+00 2.152734778642469760e+00 2.281337465119015473e+00 2.313335503472222499e+00 2.215326608771813977e+00 1.928682304825144467e+00
1.021187948367776599e+00 1.157911729236577036e+00 1.845861797826293671e+00 2.112527389134693401e+00 2.246249462716505274e+00 2.249843823742583293e+00 2.147018476247725349e+00 1.895910800672351737e+00
1.009882704523174413e+00 1.117346572491817680e+00 1.843279013398801514e+00 2.007493088791916680e+00 2.142340231180757115e+00 2.163868803676654906e+00 2.058161813786142158e+00 1.802324947986954529e+00
1.008824830329507538e+00 1.086217531069997300e+00 1.761621688761424442e+00 1.900551698343158957e+00 2.086246720093576368e+00 2.097625552307865071e+00 2.071296062948028815e+00 1.806856772318881754e+00
9.490316836396590627e-01 1.047047849374533213e+00 1.716645629882812552e+00 1.872127707598675972e+00 1.949566209546668372e+00 2.044776288246033413e+00 1.957537434078352678e+00 1.672779699577389589e+00
9.203782970274294595e-01 9.894183007286309062e-01 1.641924930734141475e+00 1.854071171952428099e+00 1.959879119977405937e+00 1.959404161075872119e+00 1.872812336759464236e+00 1.627055319906125064e+00
8.650328509833812296e-01 1.003674531402886538e+00 1.629562295368605529e+00 1.768514906058282321e+00 1.849874838996565130e+00 1.936062404630667588e+00 1.803444363621089952e+00 1.557814551777316314e+00
8.572004278491571760e-01 9.726234452689181964e-01 1.534671748382317347e+00 1.708412142814082602e+00 1.778660158108349210e+00 1.854708199747312491e+00 1.718254522529596429e+00 1.494757930906667420e+00
8.354876267636685006e-01 9.249483344052663591e-01 1.458751893099881736e+00 1.634671016243595787e+00 1.773716551498071059e+00 1.809256668566970649e+00 1.685977677518282647e+00 1.465810833569046734e+00
7.964891961204375592e-01 9.185580851528873936e-01 1.422167234826918758e+00 1.616150312762667962e+00 1.701783317225085801e+00 1.714830378747639328e+00 1.582854041867312711e+00 1.392585126270788010e+00
7.932993629682809633e-01 8.605444098263810293e-01 1.390111961809688212e+00 1.530923667945740974e+00 1.633468757363336410e+00 1.652050425974874948e+00 1.562264003090739539e+00 1.360895688398475967e+00
7.652796687701706180e-01 8.775437579310296776e-01 1.370576746323529438e+00 1.507987878081995525e+00 1.561649713366890513e+00 1.605912297235549513e+00 1.479888036908436177e+00 1.321212968864442949e+00
7.257617899588413302e-01 8.343338700028153365e-01 1.301172028720204654e+00 1.461346926316534622e+00 1.525571891053082219e+00 1.530924552268133843e+00 1.484127641157670485e+00 1.245773958804969217e+00
6.938218923850080211e-01 7.844542987633212894e-01 1.275971057104712703e+00 1.416157432515926962e+00 1.486409092475192928e+00 1.520396814634658478e+00 1.392284898468433951e+00 1.229584287566911183e+00
6.781204517699410683e-01 7.907094906927394362e-01 1.228977698457435208e+00 1.343504724842332410e+00 1.416892208168908374e+00 1.451465886949531159e+00 1.350535525934811298e+00 1.143872835064360993e+00
6.535484489816821840e-01 7.534231407736164954e-01 1.190474365446118732e+00 1.314287119955308780e+00 1.372243204658155635e+00 1.424803318290282617e+00 1.309771437125347937e+00 1.134482177812935699e+00
6.634739287248809791e-01 7.209649923573370200e-01 1.132087771302250800e+00 1.256314892567886421e+00 1.346225358879291623e+00 1.329830268622722356e+00 1.297931294633340338e+00 1.068670118442184069e+00
6.274026017639966479e-01 6.980028990974022074e-01 1.063257725800498932e+00 1.218094496233137480e+00 1.290793118368271264e+00 1.329297287922832860e+00 1.245664735142797186e+00 1.050644278934879994e+00
6.063081600419648609e-01 6.838068452759409332e-01 1.057543945312499956e+00 1.168891059027777679e+00 1.255610163204747831e+00 1.260806811467639621e+00 1.176731132690302273e+00 1.016537586619773448e+00
5.713660670684692633e-01 6.618928822516431110e-01 1.026854862565952820e+00 1.119961061246040002e+00 1.216610449317492515e+00 1.225319385431508312e+00 1.134797926526419865e+00 9.987052721294923385e-01
5.647638128221649234e-01 6.437038112331081585e-01 9.923339746230277481e-01 1.098506260542766455e+00 1.182862224236592708e+00 1.187843008317100768e+00 1.103295957408665373e+00 9.350007246559459695e-01
5.631805676687872131e-01 6.215115797986610069e-01 9.451407945664077603e-01 1.044694867911723390e+00 1.117901541482634098e+00 1.137100407359430854e+00 1.082874050189961856e+00 8.866290163154996185e-01
5.112433157615291490e-01 5.945504546924761380e-01 9.253014631448709393e-01 1.033873991910526868e+00 1.105214584159888824e+00 1.088065823227611917e+00 1.032345905119141927e+00 8.430175048461731047e-01
5.249123067642973428e-01 6.023105614591520718e-01 8.923098993944129642e-01 9.889515810792551820e-01 1.043914572336852364e+00 1.054430238665233555e+00 9.894332497553816053e-01 8.279703933450193176e-01
5.021675763022569461e-01 5.566779056749217025e-01 8.554307830633461895e-01 9.706580115549705567e-01 1.014187059589460649e+00 1.045935997596153966e+00 9.543628696301290626e-01 8.033956314268128063e-01
4.903446829966470188e-01 5.342854675019481636e-01 8.228179728039287655e-01 9.417688755227581199e-01 9.940711715964534179e-01 1.016042039745501668e+00 9.496795534081315937e-01 7.613879886124779173e-01
4.622817106409531918e-01 5.191044979362122724e-01 8.154802514006954661e-01 9.137346964961247098e-01 9.552355025927165011e-01 9.814029354097567603e-01 8.970078585695263618e-01 7.365139750411571207e-01
4.431291211047493905e-01 5.198477666222796056e-01 7.813065819474249718e-01 8.583223763597194189e-01 9.296756277136655200e-01 9.372721172006155399e-01 8.532125538793103869e-01 7.091993444313919870e-01
4.251791155864341754e-01 4.916984178512848747e-01 7.680161682485836527e-01 8.362939005160550110e-01 8.945327024075107047e-01 8.873119601588551619e-01 8.323129472530008677e-01 6.856174839140707356e-01
4.179025905288860643e-01 4.773667071013966701e-01 7.216792463351554554e-01 8.069470284999101795e-01 8.574950284090908648e-01 8.624446239072638409e-01 8.034957030546044932e-01 6.660577041274811094e-01
4.085630548178007526e-01 4.561606594184106078e-01 7.215602723210272629e-01 7.863637719278312455e-01 8.413406336603790336e-01 8.476009375855071415e-01 7.780092201576577216e-01 6.436340174674340942e-01
3.897375383767188173e-01 4.444615743048709322e-01 6.836196278606798682e-01 7.605371076370349703e-01 7.932537590381244508e-01 8.127407568325537568e-01 7.580602302922940794e-01 6.058980134719761379e-01
3.862942423576759543e-01 4.404791086791498000e-01 6.529293100513878789e-01 7.273370497427100734e-01 7.813317291052607194e-01 7.856881692887360824e-01 7.122357053696566354e-01 5.789901229354353918e-01
3.664390869352148750e-01 4.173471434202344899e-01 6.213692454973910317e-01 7.101212366197028336e-01 7.468497446477312396e-01 7.559766104210480231e-01 7.031885108249186223e-01 5.726494702629518763e-01
3.661262104109426763e-01 4.107111487019959872e-01 6.123394730464642999e-01 6.934852819259039736e-01 7.267223072727665434e-01 7.267186972751813467e-01 6.793087863592127684e-01 5.491474438401132696e-01
3.507041481290591456e-01 4.016306066481419856e-01 6.036500227123002826e-01 6.677107377485795858e-01 7.014327799479166403e-01 7.159131916332878154e-01 6.497878524942903855e-01 5.249517510764489803e-01
3.453469964750485177e-01 3.854028913005071444e-01 5.763337988103134357e-01 6.363635851481375116e-01 6.865377620774871792e-01 6.862152893595729886e-01 6.228655694956434230e-01 5.010721129876605229e-01
3.245374021459317970e-01 3.682706483758831917e-01 5.525026626209843528e-01 6.209891587643975308e-01 6.515312407237757730e-01 6.503910709559739267e-01 6.006553024665380880e-01 4.927948511929268194e-01
3.175353734208042344e-01 3.650712665758634734e-01 5.362229579679265168e-01 5.954025303563380556e-01 6.380657688365337643e-01 6.370178722125614534e-01 5.847247112576107186e-01 4.705507506947303464e-01
3.097687024521890709e-01 3.522971063120221569e-01 5.235147102694598376e-01 5.734278390354493604e-01 6.102994823087596332e-01 6.069852562459800982e-01 5.528076607628185091e-01 4.517548422696499588e-01
2.971529958744159594e-01 3.353936491320009816e-01 4.868392566582814274e-01 5.474770466856943019e-01 5.928302403277451171e-01 5.891122311861731742e-01 5.314476966253171009e-01 4.436197500399616800e-01
2.934511317276008446e-01 3.280683279994979773e-01 4.763334957925277613e-01 5.310425179559964404e-01 5.667060209401997284e-01 5.786361198370858494e-01 5.169403330605041313e-01 4.167792615093297570e-01
2.795340314312446117e-01 3.126512267559500846e-01 4.570112621065073322e-01 5.278194244454492701e-01 5.605642832207653470e-01 5.531447390292553168e-01 5.016947131866086318e-01 4.168524450518704683e-01
2.650183926912167420e-01 3.012713960577069749e-01 4.423769752610230976e-01 4.959250154218527440e-01 5.289774295554915406e-01 5.309573449690225821e-01 4.837259292602539285e-01 3.973140334534087659e-01
2.588179460511935148e-01 2.858599918151947805e-01 4.252771890646335762e-01 4.859740583421530147e-01 5.123132252567964562e-01 5.120514234883988269e-01 4.647082238503392193e-01 3.759096975564875098e-01
2.628149801112429906e-01 2.865362808121798555e-01 4.113512869651451132e-01 4.662232452644411440e-01 4.934493487834004655e-01 4.958249591426088232e-01 4.431440730517351434e-01 3.764601857676707075e-01
2.509078517241299378e-01 2.741073855541391602e-01 4.024999429765870884e-01 4.460577228415873452e-01 4.824201031902026204e-01 4.700716451828745313e-01 4.368971394512355944e-01 3.565836160546581590e-01
2.416135234648882357e-01 2.694667302317963475e-01 3.816746381283662171e-01 4.258355558015840536e-01 4.614104112776887812e-01 4.691792143845667784e-01 4.127514992701600827e-01 3.444665392046928343e-01
2.386407362754602579e-01 2.517142366584755320e-01 3.605592067746350438e-01 4.212377993953824173e-01 4.432454547825481761e-01 4.429552309981015790e-01 3.939310932815013877e-01 3.239291618103226633e-01
2.280572837014213927e-01 2.419567566773307421e-01 3.320867646476119983e-01 4.063692141403865699e-01 4.192067729763762629e-01 4.291548717096850818e-01 3.872193452835357430e-01 3.087452752748930940e-01
2.160568896906520375e-01 2.387974602449024764e-01 3.163285115289469762e-01 3.893304917671862042e-01 4.161247197565886013e-01 4.125955775729033825e-01 3.756193129679095688e-01 3.069503723159923703e-01
2.116681585595591442e-01 2.278312408421713786e-01 3.000049077318719948e-01 3.702159144507333188e-01 4.008420509355600792e-01 4.023267578953883539e-01 3.558188175496102001e-01 2.878777164351032369e-01
2.069738380549588086e-01 2.221524883248952309e-01 2.800907753033344827e-01 3.655365251654437708e-01 3.807409954259677876e-01 3.867864356441145235e-01 3.443884608748593590e-01 2.774536863772455453e-01
1.963902702596174166e-01 2.166258719838158042e-01 2.613413099425932473e-01 3.500173083013063402e-01 3.727212202625805326e-01 3.755492996613511991e-01 3.380217919388566195e-01 2.710893820961637890e-01
1.943306939441310499e-01 2.042788800067390220e-01 2.509717221878022264e-01 3.401855671328308794e-01 3.506295122237281237e-01 3.564459917060787131e-01 3.173518812672890821e-01 2.603434999146115869e-01
1.871877726079370641e-01 2.021909751307781611e-01 2.411296127731285821e-01 3.136011315728465254e-01 3.487941690532345151e-01 3.404254969775692419e-01 3.067858828708418528e-01 2.569993012455364934e-01
1.774542652523513619e-01 1.885577435724238582e-01 2.267008166653999290e-01 3.017900189739548544e-01 3.375357439418039118e-01 3.303951394969019129e-01 3.027191510717645584e-01 2.447186215196873182e-01
1.778139076112064398e-01 1.857328222033222398e-01 2.240873502206312540e-01 2.901582102580143041e-01 3.236136323018791172e-01 3.245102695134132742e-01 2.865807163977603933e-01 2.293772958887525526e-01
1.713354711842997313e-01 1.831083815936649095e-01 2.132729575013883327e-01 2.741959103287102684e-01 3.122413299342769455e-01 3.073408570464011280e-01 2.787666431898663255e-01 2.273094639229736036e-01
1.654351634307015817e-01 1.779491808987402890e-01 2.056666680290347715e-01 2.687205657652377289e-01 2.974337834374596312e-01 2.925847536623359391e-01 2.622643478778229897e-01 2.151395870470007021e-01
1.571284660121030907e-01 1.676277814648663433e-01 1.993083951399181875e-01 2.488687011467834720e-01 2.882167079473063054e-01 2.821615607641118628e-01 2.580461328276463795e-01 2.091350357971823448e-01
1.519557424982881100e-01 1.635489671021283231e-01 1.922232274422502607e-01 2.371500692530429666e-01 2.765623998269008954e-01 2.802167508248974981e-01 2.504247078434900797e-01 2.038380744142546386e-01
1.533999328082276681e-01 1.622362049347763902e-01 1.885072279572334863e-01 2.293579317506949655e-01 2.668524528403299900e-01 2.642088605243341770e-01 2.397903041701683891e-01 1.992252848382315700e-01
1.449018440319665146e-01 1.555486710693328445e-01 1.789831404427411621e-01 2.187579164027866063e-01 2.569712641108968798e-01 2.540413255658331981e-01 2.337625353287286489e-01 1.852140543233569969e-01
1.384313322688020542e-01 1.490370022301814035e-01 1.742145322278937924e-01 2.044674881212326378e-01 2.431636652749530614e-01 2.500508804722735845e-01 2.252057273966571738e-01 1.771879813718255092e-01
1.357090362742259804e-01 1.421824682803321249e-01 1.666328038267372580e-01 1.997205389682798482e-01 2.410955215352438008e-01 2.384228587767021901e-01 2.132990349208648551e-01 1.759238156160941313e-01
1.326753944807185503e-01 1.416469350601724242e-01 1.613688303724984396e-01 1.889745167487093258e-01 2.302741961548811500e-01 2.243144926993599908e-01 2.064901213285203208e-01 1.701104842319652588e-01
1.242996536024592591e-01 1.353205006407963706e-01 1.532469736985100084e-01 1.801046255820854536e-01 2.161615110334187406e-01 2.189777778219708371e-01 2.017452431160617621e-01 1.629158699113948672e-01
1.236603961595469647e-01 1.322628293686337886e-01 1.518288547517682996e-01 1.702901282228429791e-01 2.100833024548183769e-01 2.129276293531216224e-01 1.891201156683768314e-01 1.556348106413508736e-01
1.152319129538420805e-01 1.259986405779922880e-01 1.446919855081810202e-01 1.658135508886099396e-01 2.024783907856066989e-01 2.080878298129938686e-01 1.859969777620825160e-01 1.514335140141515046e-01
1.182195432713010336e-01 1.216369800755587177e-01 1.361541927942996888e-01 1.583993746228511690e-01 1.964544415629066454e-01 1.983529346451339548e-01 1.766504285252263884e-01 1.458523982030493771e-01
1.125488772959165329e-01 1.210209418910472012e-01 1.342941113372347339e-01 1.508781120200127779e-01 1.838085490816180612e-01 1.923902029186389806e-01 1.694421526542433110e-01 1.372532650133484189e-01
1.113912231403636072e-01 1.141987466784362276e-01 1.325881234076318471e-01 1.475226349452098684e-01 1.759751940178363727e-01 1.837576503512555470e-01 1.652726662936180035e-01 1.315551768390211262e-01
1.057009782749871868e-01 1.112119188217974008e-01 1.239608745975984555e-01 1.380872083612866286e-01 1.681512086474774570e-01 1.781834742307470132e-01 1.607873847873214634e-01 1.342656637758476157e-01
1.026737731275746274e-01 1.085211574106152987e-01 1.228464879835450274e-01 1.395508976105284127e-01 1.622531719486096646e-01 1.664988763681278794e-01 1.540579105991354836e-01 1.290244703814907579e-01
9.671898578973843474e-02 1.039638066710179554e-01 1.170618517880028936e-01 1.322760305597531494e-01 1.552320364964375199e-01 1.613034318112443188e-01 1.446738632869283281e-01 1.272261218801288007e-01
9.762672108255023018e-02 9.933560657112994186e-02 1.130573130952627070e-01 1.265140204557935188e-01 1.477492068295187810e-01 1.553617448440292592e-01 1.390879900005882464e-01 1.200968565572207297e-01
9.236289486974087748e-02 9.861234753601832992e-02 1.111620045031389975e-01 1.180244456758921673e-01 1.412834634415174317e-01 1.508622193310600046e-01 1.350661057692307820e-01 1.157167148190207939e-01
9.231830454127673558e-02 9.671685579175620662e-02 1.078972731206389035e-01 1.169625946969696934e-01 1.347981770833333315e-01 1.453061235520673455e-01 1.298742410411005410e-01 1.111275475405163193e-01
8.671836814468399102e-02 9.265325172591867831e-02 1.070971046622409689e-01 1.134754376245359769e-01 1.290367322090344437e-01 1.395306806261042420e-01 1.227653984788583119e-01 1.077695465293701110e-01
8.755791735425816347e-02 8.953089473347863869e-02 1.004740267631584194e-01 1.113476379088846058e-01 1.256503441972226798e-01 1.327378113033187979e-01 1.207253506798955101e-01 1.059575637268266174e-01
8.061818955105470863e-02 8.613785353475884865e-02 9.599191083260433244e-02 1.048690241513367816e-01 1.197216735346332550e-01 1.320756618399422933e-01 1.165180390855069387e-01 1.017691034532228478e-01
7.774983459210042802e-02 8.173212739610180577e-02 9.543384684533653961e-02 1.016375524990345003e-01 1.143093097030952604e-01 1.245395015746123962e-01 1.131464873614296679e-01 9.655462892623579985e-02
7.702808486883402916e-02 7.846718806170398242e-02 9.009277041127596031e-02 9.894996260278098033e-02 1.110930987585660307e-01 1.196018049372591929e-01 1.074363673658675772e-01 9.505276295707074108e-02
7.563010084047247505e-02 7.732578635032641423e-02 8.721958177184591099e-02 9.470097074153138728e-02 1.049341407837079410e-01 1.135935217179095957e-01 1.049749566676159707e-01 8.896779824219251676e-02
7.351394121935388160e-02 7.757627700827299244e-02 8.235029882155552039e-02 9.221600369638557892e-02 9.972840443716568526e-02 1.117476491843295144e-01 1.004810472700675278e-01 8.940407590517186753e-02
7.363975633931682530e-02 7.394143014598562880e-02 8.211430167304828442e-02 9.099816221546036532e-02 9.575756325925295631e-02 1.076835905770890389e-01 9.657876069158173593e-02 8.681930610896354539e-02
6.990503546710395699e-02 7.314330722874508306e-02 7.898276907751161646e-02 8.821039959865902003e-02 9.062901406746425026e-02 1.017612291983294587e-01 9.374449678022028776e-02 8.633386129387336794e-02
6.694792795426580956e-02 6.913580595099824699e-02 7.624104696172777362e-02 8.154698769877276321e-02 8.835190307789221598e-02 9.709098330037183033e-02 8.855905684213789819e-02 7.929948412716938955e-02
6.543607570066886647e-02 6.594657194130534861e-02 7.333641804273771658e-02 7.934963735172335941e-02 8.710670156416852605e-02 9.469002550981175936e-02 8.815980767514826344e-02 7.729477262713223273e-02
6.564448677166487278e-02 6.610812282131971196e-02 7.478215610190674933e-02 7.753292059748427556e-02 8.151716697873093165e-02 9.082299458153073046e-02 8.403838306265017100e-02 8.078720434140866657e-02
6.108934595493347580e-02 6.350158936997030157e-02 6.969314421781347413e-02 7.651286391738038040e-02 7.974196483254659962e-02 8.859102997157725090e-02 8.067620107178252731e-02 7.105793455089938482e-02
6.000207971643518878e-02 6.149158648829541191e-02 6.850504059648504507e-02 7.273496893766748239e-02 7.571673068428558251e-02 8.488999854814946455e-02 7.662388241509462961e-02 7.410608590550073205e-02
5.980141230754822124e-02 6.123518957345971264e-02 6.444915734053625889e-02 7.068585242664909840e-02 7.150811576194748831e-02 8.015894953361427100e-02 7.591882763486919317e-02 7.123802908489004770e-02
5.744904810444632220e-02 5.836899254950320831e-02 6.280430929691936670e-02 6.840446710360986726e-02 6.963232817952980103e-02 7.833676889408629218e-02 7.115759950390035393e-02 6.934791759177028059e-02
5.766015246295184971e-02 5.614034680872637129e-02 6.059401355465819650e-02 6.474175159018727421e-02 6.770894922415782169e-02 7.206443525213268586e-02 6.916296965202749225e-02 6.960275598512989659e-02
5.376643623186742188e-02 5.392454905682299987e-02 6.052674295550356659e-02 6.431297102670376076e-02 6.581223842239990185e-02 6.966725751853936055e-02 6.664652040650782816e-02 6.277947892869982505e-02
5.175690566317581176e-02 5.304082105320969548e-02 5.639137973675148463e-02 6.038466496254081550e-02 6.426848631838327774e-02 6.817642803471642143e-02 6.321785908126202613e-02 6.489420718368334173e-02
5.058391602455970110e-02 4.932853742703923600e-02 5.515402586440643073e-02 6.043626176142978534e-02 6.155048685239716821e-02 6.651711573778683328e-02 6.512232413859439517e-02 5.962760278308596590e-02
5.029729202743798283e-02 4.983317129991512995e-02 5.265991795216969779e-02 5.783485693713819736e-02 5.980011317713475327e-02 6.283051548498851113e-02 6.069737507960334955e-02 6.091134439480549306e-02
4.757635003797965056e-02 4.797022467491610792e-02 5.252342540284399980e-02 5.678868084493306212e-02 5.673970136670970082e-02 5.947126407427585221e-02 5.878793537755518800e-02 5.828038632566549110e-02
4.742472893516964244e-02 4.732806534416931360e-02 5.095795439251065567e-02 5.221316219958303806e-02 5.467721178535219634e-02 5.716830896349145430e-02 5.496284165424172169e-02 5.680240258999668529e-02
4.595004220573451620e-02 4.726038987293561255e-02 4.966372471374570774e-02 5.143814759700176403e-02 5.262600195570736605e-02 5.613187615907330036e-02 5.555335545943955455e-02 5.860871192546206199e-02
4.421296494693523205e-02 4.555340683251096062e-02 4.829055759503163292e-02 4.983571047846745150e-02 5.103303525050722350e-02 5.287583956211452940e-02 5.163689188609161401e-02 5.530850324130028028e-02
4.420202249285239832e-02 4.368741822733998581e-02 4.587717740729665289e-02 4.795686765704922777e-02 4.893940241279037817e-02 5.024500578965662018e-02 4.981652068497761238e-02 5.514837657722300446e-02
4.220118802364446892e-02 4.251423451240322199e-02 4.549556436763468187e-02 4.651012944240195957e-02 4.771520747349813907e-02 4.876894100126553250e-02 4.892839592540994265e-02 5.335489015016555564e-02
4.061860811703253693e-02 4.183217634548975356e-02 4.410599990513730528e-02 4.581640133028967027e-02 4.604939620728223243e-02 4.733642087431171736e-02 4.732979708303106797e-02 5.304010617840969333e-02
4.248902447086413958e-02 4.042874889041844083e-02 4.260219112108344641e-02 4.312897575429883862e-02 4.383465713991543250e-02 4.603830278936913573e-02 4.528731006686970845e-02 4.892517944214438280e-02
4.067678219464330308e-02 4.002866527960801529e-02 3.984212148007704873e-02 4.283455264855761530e-02 4.296654499498751140e-02 4.390209995753292793e-02 4.392562208149954073e-02 4.972515057534142996e-02
3.888058244487998388e-02 3.942968388115503098e-02 3.872899873412156968e-02 4.082589291451615976e-02 4.093383920331758463e-02 4.242292637163561086e-02 4.188356488546786383e-02 5.048463630518507106e-02
3.821121232017279934e-02 3.859693279260048571e-02 3.913853395271143371e-02 3.895344352578913871e-02 3.910965250145573974e-02 3.935034424820813698e-02 4.142707724145501536e-02 4.931082826462173524e-02
3.884818283752280305e-02 3.642847085817832453e-02 3.715831880762000827e-02 3.878260534892245120e-02 3.897848763498953928e-02 3.913317881010103250e-02 3.932702475102285017e-02 4.562371984989183754e-02
3.729753797725528924e-02 3.703685069647361106e-02 3.684530684277036172e-02 3.771340025508924942e-02 3.661528514796053707e-02 3.776185706844326778e-02 3.791008681768807953e-02 4.728903731547690753e-02
3.520429312891657642e-02 3.499086184666503480e-02 3.491118878440799961e-02 3.603656800844649843e-02 3.674829043225433245e-02 3.544046520457837246e-02 3.654331123183867519e-02 4.565537982230527536e-02
3.746499795645109182e-02 3.447535595580170781e-02 3.564891149018841604e-02 3.574835391371711246e-02 3.409467407039019904e-02 3.469938447511086016e-02 3.598350848647668271e-02 4.771703394261987696e-02
3.285097321522201935e-02 3.297572563880161317e-02 3.449166970809704191e-02 3.462734919153445667e-02 3.225799001141973349e-02 3.318706311677632054e-02 3.437644499333648851e-02 4.667132394846236487e-02
3.408449416941211618e-02 3.344911820581938922e-02 3.347577443304931150e-02 3.209938777334658128e-02 3.233049593703200136e-02 3.231207119972590719e-02 3.374025543480924094e-02 4.492712949269147410e-02
3.332833313065638320e-02 3.300494923938748076e-02 3.223655378364972957e-02 3.156856932946212890e-02 3.146510632600464652e-02 2.921580917612691397e-02 3.293411538025787372e-02 4.357836418526027378e-02
