# k, ph, pmodZA, pxmodZA, pmodPM, pxmodPM, pmodE, pxmodE, pmodE1, pxmodE1
0.00000e+00 0.00000e+00 0.00000e+00 0.00000e+00 0.00000e+00 0.00000e+00 0.00000e+00 0.00000e+00 0.00000e+00 0.00000e+00
8.69106e-03 2.02861e+04 2.03760e+04 2.03262e+04 2.03579e+04 2.03170e+04 2.13882e+04 2.08241e+04 2.02861e+04 2.02800e+04
1.50325e-02 1.54265e+04 1.55795e+04 1.55001e+04 1.55785e+04 1.54993e+04 1.63739e+04 1.58896e+04 1.54566e+04 1.54372e+04
2.10454e-02 1.45974e+04 1.46806e+04 1.46357e+04 1.46944e+04 1.46426e+04 1.53453e+04 1.49619e+04 1.45297e+04 1.45577e+04
2.71842e-02 1.11142e+04 1.11602e+04 1.11337e+04 1.11775e+04 1.11421e+04 1.16699e+04 1.13829e+04 1.10042e+04 1.10512e+04
3.35931e-02 1.28393e+04 1.28383e+04 1.28349e+04 1.28734e+04 1.28520e+04 1.33331e+04 1.30767e+04 1.24804e+04 1.26497e+04
3.96781e-02 1.01367e+04 1.01887e+04 1.01592e+04 1.02111e+04 1.01699e+04 1.05167e+04 1.03177e+04 9.84342e+03 9.97907e+03
4.57313e-02 8.89757e+03 8.90817e+03 8.89885e+03 8.92395e+03 8.90632e+03 9.13090e+03 9.00427e+03 8.54781e+03 8.70867e+03
5.18691e-02 8.15595e+03 8.15485e+03 8.15221e+03 8.16707e+03 8.15768e+03 8.28924e+03 8.21244e+03 7.72701e+03 7.92595e+03
5.80797e-02 7.58665e+03 7.57261e+03 7.57593e+03 7.58900e+03 7.58330e+03 7.64942e+03 7.60571e+03 7.09256e+03 7.31977e+03
6.42209e-02 7.20684e+03 7.16683e+03 7.18344e+03 7.18511e+03 7.19142e+03 7.16919e+03 7.17350e+03 6.65067e+03 6.90608e+03
7.02919e-02 5.79250e+03 5.75635e+03 5.77097e+03 5.77172e+03 5.77737e+03 5.71612e+03 5.73923e+03 5.26418e+03 5.50435e+03
7.65698e-02 5.84819e+03 5.78581e+03 5.81356e+03 5.80055e+03 5.81953e+03 5.68180e+03 5.74755e+03 5.21781e+03 5.50455e+03
8.28328e-02 4.87371e+03 4.81726e+03 4.84216e+03 4.82660e+03 4.84542e+03 4.66379e+03 4.74986e+03 4.26960e+03 4.54130e+03
8.88626e-02 4.49898e+03 4.43662e+03 4.46453e+03 4.43617e+03 4.46254e+03 4.21857e+03 4.33696e+03 3.83223e+03 4.13036e+03
9.49352e-02 3.93669e+03 3.86833e+03 3.89928e+03 3.87954e+03 3.90298e+03 3.66750e+03 3.77851e+03 3.33347e+03 3.60077e+03
1.01051e-01 3.59598e+03 3.53222e+03 3.56078e+03 3.53581e+03 3.56019e+03 3.30826e+03 3.42569e+03 2.98520e+03 3.25172e+03
1.07192e-01 3.25461e+03 3.19115e+03 3.21963e+03 3.19616e+03 3.21980e+03 2.93945e+03 3.06855e+03 2.64507e+03 2.90917e+03
1.13364e-01 3.02290e+03 2.96093e+03 2.98858e+03 2.95415e+03 2.98263e+03 2.66772e+03 2.81531e+03 2.39783e+03 2.66648e+03
1.19518e-01 2.94455e+03 2.87109e+03 2.90443e+03 2.86024e+03 2.89615e+03 2.53620e+03 2.70478e+03 2.27076e+03 2.55729e+03
1.25666e-01 2.71197e+03 2.64314e+03 2.67429e+03 2.63339e+03 2.66621e+03 2.29449e+03 2.46571e+03 2.04109e+03 2.32362e+03
1.31787e-01 2.61399e+03 2.53820e+03 2.57285e+03 2.51392e+03 2.55726e+03 2.13642e+03 2.33335e+03 1.89257e+03 2.19515e+03
1.37889e-01 2.42283e+03 2.35053e+03 2.38345e+03 2.32767e+03 2.36834e+03 1.94352e+03 2.13804e+03 1.71928e+03 2.01004e+03
1.44061e-01 2.29151e+03 2.21539e+03 2.25023e+03 2.19569e+03 2.23685e+03 1.80782e+03 2.00493e+03 1.58225e+03 1.87432e+03
1.50185e-01 2.06092e+03 1.99132e+03 2.02296e+03 1.96371e+03 2.00505e+03 1.58115e+03 1.77269e+03 1.38391e+03 1.65737e+03
1.56342e-01 1.87887e+03 1.81061e+03 1.84164e+03 1.78618e+03 1.82500e+03 1.41247e+03 1.59476e+03 1.22726e+03 1.48644e+03
1.62544e-01 1.76652e+03 1.69682e+03 1.72844e+03 1.66755e+03 1.70934e+03 1.28781e+03 1.47468e+03 1.11770e+03 1.37283e+03
1.68694e-01 1.65923e+03 1.59124e+03 1.62202e+03 1.56044e+03 1.60185e+03 1.17654e+03 1.36305e+03 1.01479e+03 1.26524e+03
1.74799e-01 1.56359e+03 1.49383e+03 1.52550e+03 1.46428e+03 1.50565e+03 1.08471e+03 1.26683e+03 9.30945e+02 1.17313e+03
1.80906e-01 1.49239e+03 1.42237e+03 1.45416e+03 1.38747e+03 1.43147e+03 1.00139e+03 1.18619e+03 8.58775e+02 1.09836e+03
1.87008e-01 1.42112e+03 1.35100e+03 1.38284e+03 1.31228e+03 1.35781e+03 9.21497e+02 1.10694e+03 7.87488e+02 1.02340e+03
1.93164e-01 1.40370e+03 1.33115e+03 1.36421e+03 1.28757e+03 1.33658e+03 8.84126e+02 1.07711e+03 7.49562e+02 9.91739e+02
1.99326e-01 1.29491e+03 1.22815e+03 1.25841e+03 1.18411e+03 1.23023e+03 7.85867e+02 9.70813e+02 6.65528e+02 8.93468e+02
2.05476e-01 1.25938e+03 1.19019e+03 1.22159e+03 1.14220e+03 1.19145e+03 7.38126e+02 9.26958e+02 6.19383e+02 8.49882e+02
2.11626e-01 1.15701e+03 1.09010e+03 1.12044e+03 1.04620e+03 1.09199e+03 6.59382e+02 8.35622e+02 5.52499e+02 7.65372e+02
2.17758e-01 1.09313e+03 1.02599e+03 1.05644e+03 9.79682e+02 1.02665e+03 6.01626e+02 7.72843e+02 5.01003e+02 7.06102e+02
2.23899e-01 1.01408e+03 9.49509e+02 9.78652e+02 8.99754e+02 9.46734e+02 5.33908e+02 6.97678e+02 4.44077e+02 6.37297e+02
2.30008e-01 1.00927e+03 9.42851e+02 9.72926e+02 8.92569e+02 9.40699e+02 5.13687e+02 6.82761e+02 4.23399e+02 6.20452e+02
2.36145e-01 9.19542e+02 8.55821e+02 8.84553e+02 8.05387e+02 8.52006e+02 4.54404e+02 6.08880e+02 3.73284e+02 5.52426e+02
2.42286e-01 8.86088e+02 8.24750e+02 8.52333e+02 7.72946e+02 8.18886e+02 4.20145e+02 5.72977e+02 3.43862e+02 5.19287e+02
2.48410e-01 8.75044e+02 8.09949e+02 8.39336e+02 7.53736e+02 8.03486e+02 3.95082e+02 5.50569e+02 3.21264e+02 4.97489e+02
2.54544e-01 8.31060e+02 7.67269e+02 7.96004e+02 7.13483e+02 7.61016e+02 3.62754e+02 5.11533e+02 2.93419e+02 4.61076e+02
2.60692e-01 7.84927e+02 7.23748e+02 7.51198e+02 6.69126e+02 7.15828e+02 3.29119e+02 4.71772e+02 2.65724e+02 4.25090e+02
2.66858e-01 7.51362e+02 6.89749e+02 7.17348e+02 6.33010e+02 6.80486e+02 2.99684e+02 4.37621e+02 2.39894e+02 3.92770e+02
2.73002e-01 7.25261e+02 6.65958e+02 6.92484e+02 6.07393e+02 6.54567e+02 2.75855e+02 4.11332e+02 2.20654e+02 3.69168e+02
2.79139e-01 6.95729e+02 6.35367e+02 6.62370e+02 5.77140e+02 6.24501e+02 2.53716e+02 3.85146e+02 2.01495e+02 3.44497e+02
2.85242e-01 6.57116e+02 5.98742e+02 6.24756e+02 5.39651e+02 5.86328e+02 2.29919e+02 3.53932e+02 1.81089e+02 3.15442e+02
2.91353e-01 6.29200e+02 5.71482e+02 5.97165e+02 5.13716e+02 5.59344e+02 2.10908e+02 3.30098e+02 1.65932e+02 2.93992e+02
2.97514e-01 5.96819e+02 5.39761e+02 5.65099e+02 4.83353e+02 5.27829e+02 1.91616e+02 3.04792e+02 1.49482e+02 2.70401e+02
3.03654e-01 5.82683e+02 5.26073e+02 5.51150e+02 4.66593e+02 5.12144e+02 1.75959e+02 2.87740e+02 1.36763e+02 2.54721e+02
3.09788e-01 5.51772e+02 4.96685e+02 5.21065e+02 4.37023e+02 4.81677e+02 1.58336e+02 2.63013e+02 1.22277e+02 2.32148e+02
3.15949e-01 5.38465e+02 4.83348e+02 5.07695e+02 4.22784e+02 4.67648e+02 1.46988e+02 2.49521e+02 1.13031e+02 2.19894e+02
3.22107e-01 5.14362e+02 4.60175e+02 4.84049e+02 4.00924e+02 4.44635e+02 1.33546e+02 2.31120e+02 1.02140e+02 2.03190e+02
3.28257e-01 4.96154e+02 4.43573e+02 4.66666e+02 3.84534e+02 4.27363e+02 1.23321e+02 2.17255e+02 9.37437e+01 1.90655e+02
3.34354e-01 4.83145e+02 4.29449e+02 4.53038e+02 3.68970e+02 4.12566e+02 1.12830e+02 2.03756e+02 8.54762e+01 1.78512e+02
3.40481e-01 4.62656e+02 4.09885e+02 4.33015e+02 3.49440e+02 3.92557e+02 1.02441e+02 1.88756e+02 7.70850e+01 1.64892e+02
3.46626e-01 4.41380e+02 3.90700e+02 4.12822e+02 3.31686e+02 3.73018e+02 9.30771e+01 1.74876e+02 6.94888e+01 1.52276e+02
3.52731e-01 4.27369e+02 3.75862e+02 3.98307e+02 3.15969e+02 3.57872e+02 8.42195e+01 1.62422e+02 6.24525e+01 1.40914e+02
3.58870e-01 4.09376e+02 3.59334e+02 3.81035e+02 3.00966e+02 3.41380e+02 7.71582e+01 1.51392e+02 5.69184e+01 1.31185e+02
3.65008e-01 3.90164e+02 3.41384e+02 3.62460e+02 2.84213e+02 3.23524e+02 6.95575e+01 1.39450e+02 5.10282e+01 1.20501e+02
3.71170e-01 3.85771e+02 3.36698e+02 3.57942e+02 2.78826e+02 3.18417e+02 6.46289e+01 1.33659e+02 4.71691e+01 1.15263e+02
3.77314e-01 3.68226e+02 3.19533e+02 3.40503e+02 2.60608e+02 3.00200e+02 5.73138e+01 1.21285e+02 4.15356e+01 1.04238e+02
3.83420e-01 3.54434e+02 3.06870e+02 3.27309e+02 2.49982e+02 2.88225e+02 5.27983e+01 1.13513e+02 3.79026e+01 9.72616e+01
3.89581e-01 3.43278e+02 2.95777e+02 3.16116e+02 2.39257e+02 2.77060e+02 4.76700e+01 1.05468e+02 3.40005e+01 9.01536e+01
3.95725e-01 3.34305e+02 2.87144e+02 3.07308e+02 2.30580e+02 2.68232e+02 4.36970e+01 9.94452e+01 3.09889e+01 8.47287e+01
4.01864e-01 3.23020e+02 2.76243e+02 2.96171e+02 2.19968e+02 2.57006e+02 3.98508e+01 9.27733e+01 2.80575e+01 7.87846e+01
4.07999e-01 3.10991e+02 2.65259e+02 2.84667e+02 2.09066e+02 2.45417e+02 3.56887e+01 8.52360e+01 2.50023e+01 7.23055e+01
4.14107e-01 2.96955e+02 2.52114e+02 2.71041e+02 1.98375e+02 2.33140e+02 3.23258e+01 7.87220e+01 2.23967e+01 6.64900e+01
4.20258e-01 2.87531e+02 2.43552e+02 2.62049e+02 1.90609e+02 2.24552e+02 2.92633e+01 7.31249e+01 2.01548e+01 6.15478e+01
4.26407e-01 2.80071e+02 2.35953e+02 2.54480e+02 1.82885e+02 2.16859e+02 2.67520e+01 6.84674e+01 1.82523e+01 5.74519e+01
4.32525e-01 2.65239e+02 2.22669e+02 2.40401e+02 1.71753e+02 2.03936e+02 2.37708e+01 6.22388e+01 1.60916e+01 5.20463e+01
4.38640e-01 2.59030e+02 2.16180e+02 2.34004e+02 1.65904e+02 1.97911e+02 2.17318e+01 5.87235e+01 1.46058e+01 4.89775e+01
4.44768e-01 2.47839e+02 2.06204e+02 2.23412e+02 1.57353e+02 1.87995e+02 1.96691e+01 5.40272e+01 1.31206e+01 4.49669e+01
4.50944e-01 2.43244e+02 2.01449e+02 2.18681e+02 1.52013e+02 1.82939e+02 1.77710e+01 5.06412e+01 1.17600e+01 4.19729e+01
4.57104e-01 2.34177e+02 1.93258e+02 2.10057e+02 1.45155e+02 1.75090e+02 1.60769e+01 4.69020e+01 1.05521e+01 3.87553e+01
4.63239e-01 2.26644e+02 1.86122e+02 2.02676e+02 1.39043e+02 1.68245e+02 1.45388e+01 4.36104e+01 9.44001e+00 3.58218e+01
4.69379e-01 2.19724e+02 1.79749e+02 1.95966e+02 1.32334e+02 1.61190e+02 1.29206e+01 3.98519e+01 8.33130e+00 3.26797e+01
4.75501e-01 2.12524e+02 1.73165e+02 1.89073e+02 1.27487e+02 1.55355e+02 1.17621e+01 3.73222e+01 7.47760e+00 3.04167e+01
4.81615e-01 2.05335e+02 1.66565e+02 1.82147e+02 1.21630e+02 1.48819e+02 1.06133e+01 3.46676e+01 6.70943e+00 2.82148e+01
4.87745e-01 1.97815e+02 1.59720e+02 1.74918e+02 1.15947e+02 1.42207e+02 9.51645e+00 3.19487e+01 5.95614e+00 2.58990e+01
4.93864e-01 1.92132e+02 1.54640e+02 1.69505e+02 1.11197e+02 1.36988e+02 8.60335e+00 2.95960e+01 5.33476e+00 2.39236e+01
4.99999e-01 1.84079e+02 1.47366e+02 1.61818e+02 1.05583e+02 1.30189e+02 7.66922e+00 2.70293e+01 4.69161e+00 2.16896e+01
5.06174e-01 1.78836e+02 1.42344e+02 1.56613e+02 1.01563e+02 1.25637e+02 6.94005e+00 2.51579e+01 4.21357e+00 2.01553e+01
5.12318e-01 1.72736e+02 1.36862e+02 1.50785e+02 9.68105e+01 1.20084e+02 6.23025e+00 2.31510e+01 3.74128e+00 1.84909e+01
5.18442e-01 1.67287e+02 1.31388e+02 1.45245e+02 9.24812e+01 1.15211e+02 5.62274e+00 2.14798e+01 3.34163e+00 1.70840e+01
5.24581e-01 1.62518e+02 1.27534e+02 1.40956e+02 8.91608e+01 1.11318e+02 5.07785e+00 2.00459e+01 2.98333e+00 1.58579e+01
5.30734e-01 1.57066e+02 1.22742e+02 1.35780e+02 8.53124e+01 1.06638e+02 4.57313e+00 1.84632e+01 2.66661e+00 1.45662e+01
5.36866e-01 1.50795e+02 1.17387e+02 1.29912e+02 8.12486e+01 1.01583e+02 4.05552e+00 1.68619e+01 2.33236e+00 1.32212e+01
5.42963e-01 1.46122e+02 1.13121e+02 1.25417e+02 7.78056e+01 9.75788e+01 3.66203e+00 1.56208e+01 2.08701e+00 1.22191e+01
5.49107e-01 1.42348e+02 1.09265e+02 1.21515e+02 7.50341e+01 9.42813e+01 3.28755e+00 1.45171e+01 1.84423e+00 1.12562e+01
5.55276e-01 1.38043e+02 1.05750e+02 1.17595e+02 7.16327e+01 9.04629e+01 2.94017e+00 1.33680e+01 1.63185e+00 1.03449e+01
5.61408e-01 1.31396e+02 1.00349e+02 1.11549e+02 6.80877e+01 8.56516e+01 2.62970e+00 1.21514e+01 1.43983e+00 9.34218e+00
5.67537e-01 1.28298e+02 9.72426e+01 1.08383e+02 6.52861e+01 8.26083e+01 2.35861e+00 1.12744e+01 1.27913e+00 8.63555e+00
5.73674e-01 1.24125e+02 9.36940e+01 1.04481e+02 6.25752e+01 7.91903e+01 2.11275e+00 1.03698e+01 1.13014e+00 7.90966e+00
5.79810e-01 1.20328e+02 9.03306e+01 1.00869e+02 6.00765e+01 7.61824e+01 1.90609e+00 9.64308e+00 1.00452e+00 7.30489e+00
5.85943e-01 1.16997e+02 8.74501e+01 9.76793e+01 5.76701e+01 7.33128e+01 1.69809e+00 8.87002e+00 8.83777e-01 6.68043e+00
5.92059e-01 1.12574e+02 8.36208e+01 9.35095e+01 5.50799e+01 6.98380e+01 1.52416e+00 8.12153e+00 7.84553e-01 6.09165e+00
5.98194e-01 1.09319e+02 8.05090e+01 9.02639e+01 5.24337e+01 6.69048e+01 1.37197e+00 7.49564e+00 6.95941e-01 5.59622e+00
6.04359e-01 1.06687e+02 7.79817e+01 8.75733e+01 5.07274e+01 6.47195e+01 1.22395e+00 6.97174e+00 6.13148e-01 5.16490e+00
6.10491e-01 1.02268e+02 7.46412e+01 8.37174e+01 4.83394e+01 6.15155e+01 1.09589e+00 6.33345e+00 5.41532e-01 4.66918e+00
6.16605e-01 9.98794e+01 7.24915e+01 8.13861e+01 4.68887e+01 5.96595e+01 9.82108e-01 5.92060e+00 4.79608e-01 4.34223e+00
6.22757e-01 9.65409e+01 6.99593e+01 7.83904e+01 4.48821e+01 5.70597e+01 8.78299e-01 5.40649e+00 4.21986e-01 3.94082e+00
6.28898e-01 9.36856e+01 6.72311e+01 7.55364e+01 4.30255e+01 5.47316e+01 7.91061e-01 4.99150e+00 3.73260e-01 3.61062e+00
6.35033e-01 9.03539e+01 6.46095e+01 7.25018e+01 4.13516e+01 5.23261e+01 7.08054e-01 4.57829e+00 3.29817e-01 3.29777e+00
6.41174e-01 8.74977e+01 6.20383e+01 6.97489e+01 3.93203e+01 4.99683e+01 6.24777e-01 4.17500e+00 2.87250e-01 2.98419e+00
6.47307e-01 8.52554e+01 6.02257e+01 6.76504e+01 3.79960e+01 4.82122e+01 5.64413e-01 3.87740e+00 2.54888e-01 2.74354e+00
6.53439e-01 8.32095e+01 5.84636e+01 6.56803e+01 3.66327e+01 4.65426e+01 5.05848e-01 3.58353e+00 2.24898e-01 2.52726e+00
6.59578e-01 8.03461e+01 5.60727e+01 6.29832e+01 3.50874e+01 4.43944e+01 4.52951e-01 3.29891e+00 1.98813e-01 2.31043e+00
6.65709e-01 7.80407e+01 5.41539e+01 6.08299e+01 3.37051e+01 4.26072e+01 4.03430e-01 2.99952e+00 1.74353e-01 2.09087e+00
6.71837e-01 7.59406e+01 5.23809e+01 5.88580e+01 3.24854e+01 4.10685e+01 3.64771e-01 2.79532e+00 1.54648e-01 1.92330e+00
6.77968e-01 7.39992e+01 5.07225e+01 5.69890e+01 3.12680e+01 3.95264e+01 3.25259e-01 2.56409e+00 1.35751e-01 1.75362e+00
6.84103e-01 7.10699e+01 4.85827e+01 5.44136e+01 2.98958e+01 3.74770e+01 2.89452e-01 2.32354e+00 1.18854e-01 1.58206e+00
6.90247e-01 6.94819e+01 4.71631e+01 5.28434e+01 2.89912e+01 3.62608e+01 2.60914e-01 2.17348e+00 1.05308e-01 1.46337e+00
6.96390e-01 6.78947e+01 4.58914e+01 5.13587e+01 2.80065e+01 3.50510e+01 2.33227e-01 1.99974e+00 9.24876e-02 1.33748e+00
7.02535e-01 6.54358e+01 4.39200e+01 4.90856e+01 2.67351e+01 3.32024e+01 2.08938e-01 1.82863e+00 8.14756e-02 1.21350e+00
7.08680e-01 6.36445e+01 4.25659e+01 4.74897e+01 2.58889e+01 3.20024e+01 1.87063e-01 1.68074e+00 7.16307e-02 1.10462e+00
7.14811e-01 6.21634e+01 4.12447e+01 4.60343e+01 2.49981e+01 3.08829e+01 1.69207e-01 1.57463e+00 6.35990e-02 1.02221e+00
7.20949e-01 6.05047e+01 3.98323e+01 4.43635e+01 2.39190e+01 2.94070e+01 1.51072e-01 1.42453e+00 5.58790e-02 9.21017e-01
7.27078e-01 5.85691e+01 3.83500e+01 4.26827e+01 2.31126e+01 2.82385e+01 1.35224e-01 1.31627e+00 4.91391e-02 8.42617e-01
7.33191e-01 5.73096e+01 3.73809e+01 4.14909e+01 2.23879e+01 2.72702e+01 1.21934e-01 1.20817e+00 4.33703e-02 7.64818e-01
7.39339e-01 5.55410e+01 3.60329e+01 3.98943e+01 2.15859e+01 2.60246e+01 1.09704e-01 1.11043e+00 3.80738e-02 6.95832e-01
7.45482e-01 5.44045e+01 3.51856e+01 3.88502e+01 2.10476e+01 2.52590e+01 9.91789e-02 1.04356e+00 3.38990e-02 6.46026e-01
7.51612e-01 5.29139e+01 3.40045e+01 3.74968e+01 2.02352e+01 2.41497e+01 8.88774e-02 9.44281e-01 2.97905e-02 5.79214e-01
7.57755e-01 5.14455e+01 3.29409e+01 3.61734e+01 1.95913e+01 2.32098e+01 8.04325e-02 8.78306e-01 2.62693e-02 5.31381e-01
7.63904e-01 5.06408e+01 3.22030e+01 3.53615e+01 1.90698e+01 2.25552e+01 7.31090e-02 8.23264e-01 2.33582e-02 4.92450e-01
7.70056e-01 4.92969e+01 3.11014e+01 3.41098e+01 1.83844e+01 2.15440e+01 6.52619e-02 7.46038e-01 2.03636e-02 4.41812e-01
7.76165e-01 4.83660e+01 3.05068e+01 3.33166e+01 1.79039e+01 2.09214e+01 5.90564e-02 6.95274e-01 1.80311e-02 4.07114e-01
7.82276e-01 4.72525e+01 2.95536e+01 3.22363e+01 1.73187e+01 2.00451e+01 5.38603e-02 6.44564e-01 1.59850e-02 3.71062e-01
