    7.38550e-05     3.17164e+02
    7.43673e-05     3.19292e+02
    7.48832e-05     3.21435e+02
    7.54027e-05     3.23592e+02
    7.59258e-05     3.25764e+02
    7.64525e-05     3.27951e+02
    7.69829e-05     3.30152e+02
    7.75169e-05     3.32369e+02
    7.80547e-05     3.34600e+02
    7.85961e-05     3.36847e+02
    7.91414e-05     3.39109e+02
    7.96904e-05     3.41386e+02
    8.02432e-05     3.43679e+02
    8.07999e-05     3.45987e+02
    8.13604e-05     3.48310e+02
    8.19248e-05     3.50649e+02
    8.24931e-05     3.53004e+02
    8.30654e-05     3.55375e+02
    8.36416e-05     3.57761e+02
    8.42219e-05     3.60164e+02
    8.48061e-05     3.62582e+02
    8.53944e-05     3.65017e+02
    8.59868e-05     3.67467e+02
    8.65833e-05     3.69935e+02
    8.71840e-05     3.72418e+02
    8.77888e-05     3.74918e+02
    8.83978e-05     3.77435e+02
    8.90110e-05     3.79969e+02
    8.96285e-05     3.82519e+02
    9.02503e-05     3.85087e+02
    9.08764e-05     3.87671e+02
    9.15068e-05     3.90273e+02
    9.21416e-05     3.92893e+02
    9.27808e-05     3.95530e+02
    9.34244e-05     3.98185e+02
    9.40725e-05     4.00858e+02
    9.47251e-05     4.03550e+02
    9.53822e-05     4.06259e+02
    9.60439e-05     4.08988e+02
    9.67102e-05     4.11735e+02
    9.73811e-05     4.14501e+02
    9.80566e-05     4.17285e+02
    9.87369e-05     4.20089e+02
    9.94218e-05     4.22912e+02
    1.00112e-04     4.25753e+02
    1.00806e-04     4.28613e+02
    1.01505e-04     4.31492e+02
    1.02209e-04     4.34389e+02
    1.02919e-04     4.37306e+02
    1.03632e-04     4.40240e+02
    1.04351e-04     4.43194e+02
    1.05075e-04     4.46167e+02
    1.05804e-04     4.49160e+02
    1.06538e-04     4.52172e+02
    1.07277e-04     4.55205e+02
    1.08021e-04     4.58258e+02
    1.08771e-04     4.61332e+02
    1.09525e-04     4.64427e+02
    1.10285e-04     4.67545e+02
    1.11050e-04     4.70684e+02
    1.11821e-04     4.73845e+02
    1.12596e-04     4.77028e+02
    1.13377e-04     4.80233e+02
    1.14164e-04     4.83459e+02
    1.14956e-04     4.86708e+02
    1.15753e-04     4.89978e+02
    1.16556e-04     4.93270e+02
    1.17365e-04     4.96583e+02
    1.18179e-04     4.99918e+02
    1.18999e-04     5.03274e+02
    1.19825e-04     5.06652e+02
    1.20656e-04     5.10053e+02
    1.21493e-04     5.13476e+02
    1.22336e-04     5.16921e+02
    1.23184e-04     5.20389e+02
    1.24039e-04     5.23880e+02
    1.24899e-04     5.27395e+02
    1.25766e-04     5.30934e+02
    1.26638e-04     5.34496e+02
    1.27517e-04     5.38082e+02
    1.28401e-04     5.41693e+02
    1.29292e-04     5.45328e+02
    1.30189e-04     5.48988e+02
    1.31092e-04     5.52672e+02
    1.32001e-04     5.56382e+02
    1.32917e-04     5.60115e+02
    1.33839e-04     5.63874e+02
    1.34768e-04     5.67658e+02
    1.35703e-04     5.71468e+02
    1.36644e-04     5.75302e+02
    1.37592e-04     5.79162e+02
    1.38546e-04     5.83048e+02
    1.39508e-04     5.86960e+02
    1.40475e-04     5.90898e+02
    1.41450e-04     5.94862e+02
    1.42431e-04     5.98852e+02
    1.43419e-04     6.02868e+02
    1.44414e-04     6.06911e+02
    1.45416e-04     6.10981e+02
    1.46425e-04     6.15078e+02
    1.47440e-04     6.19203e+02
    1.48463e-04     6.23354e+02
    1.49493e-04     6.27534e+02
    1.50530e-04     6.31741e+02
    1.51574e-04     6.35976e+02
    1.52626e-04     6.40240e+02
    1.53685e-04     6.44532e+02
    1.54751e-04     6.48853e+02
    1.55824e-04     6.53204e+02
    1.56905e-04     6.57583e+02
    1.57994e-04     6.61993e+02
    1.59090e-04     6.66432e+02
    1.60194e-04     6.70902e+02
    1.61305e-04     6.75403e+02
    1.62424e-04     6.79935e+02
    1.63551e-04     6.84498e+02
    1.64685e-04     6.89093e+02
    1.65828e-04     6.93720e+02
    1.66978e-04     6.98379e+02
    1.68136e-04     7.03069e+02
    1.69303e-04     7.07792e+02
    1.70477e-04     7.12546e+02
    1.71660e-04     7.17331e+02
    1.72851e-04     7.22148e+02
    1.74050e-04     7.26996e+02
    1.75257e-04     7.31875e+02
    1.76473e-04     7.36785e+02
    1.77697e-04     7.41726e+02
    1.78930e-04     7.46698e+02
    1.80171e-04     7.51703e+02
    1.81421e-04     7.56741e+02
    1.82680e-04     7.61812e+02
    1.83947e-04     7.66917e+02
    1.85223e-04     7.72057e+02
    1.86508e-04     7.77231e+02
    1.87802e-04     7.82442e+02
    1.89105e-04     7.87688e+02
    1.90416e-04     7.92971e+02
    1.91737e-04     7.98291e+02
    1.93067e-04     8.03646e+02
    1.94407e-04     8.09038e+02
    1.95755e-04     8.14466e+02
    1.97113e-04     8.19931e+02
    1.98481e-04     8.25431e+02
    1.99858e-04     8.30968e+02
    2.01244e-04     8.36540e+02
    2.02640e-04     8.42149e+02
    2.04046e-04     8.47795e+02
    2.05461e-04     8.53477e+02
    2.06887e-04     8.59198e+02
    2.08322e-04     8.64956e+02
    2.09767e-04     8.70754e+02
    2.11222e-04     8.76590e+02
    2.12688e-04     8.82466e+02
    2.14163e-04     8.88383e+02
    2.15649e-04     8.94341e+02
    2.17145e-04     9.00340e+02
    2.18651e-04     9.06379e+02
    2.20168e-04     9.12460e+02
    2.21695e-04     9.18581e+02
    2.23233e-04     9.24742e+02
    2.24782e-04     9.30944e+02
    2.26341e-04     9.37187e+02
    2.27911e-04     9.43469e+02
    2.29492e-04     9.49792e+02
    2.31084e-04     9.56154e+02
    2.32687e-04     9.62558e+02
    2.34302e-04     9.69002e+02
    2.35927e-04     9.75488e+02
    2.37564e-04     9.82018e+02
    2.39212e-04     9.88591e+02
    2.40871e-04     9.95208e+02
    2.42542e-04     1.00187e+03
    2.44225e-04     1.00858e+03
    2.45919e-04     1.01533e+03
    2.47625e-04     1.02214e+03
    2.49343e-04     1.02899e+03
    2.51072e-04     1.03588e+03
    2.52814e-04     1.04283e+03
    2.54568e-04     1.04982e+03
    2.56334e-04     1.05686e+03
    2.58112e-04     1.06394e+03
    2.59903e-04     1.07107e+03
    2.61706e-04     1.07824e+03
    2.63521e-04     1.08547e+03
    2.65349e-04     1.09273e+03
    2.67190e-04     1.10005e+03
    2.69044e-04     1.10741e+03
    2.70910e-04     1.11482e+03
    2.72789e-04     1.12228e+03
    2.74682e-04     1.12978e+03
    2.76587e-04     1.13734e+03
    2.78506e-04     1.14495e+03
    2.80438e-04     1.15261e+03
    2.82383e-04     1.16032e+03
    2.84342e-04     1.16809e+03
    2.86315e-04     1.17590e+03
    2.88301e-04     1.18377e+03
    2.90301e-04     1.19169e+03
    2.92315e-04     1.19967e+03
    2.94343e-04     1.20770e+03
    2.96385e-04     1.21578e+03
    2.98441e-04     1.22392e+03
    3.00511e-04     1.23211e+03
    3.02596e-04     1.24036e+03
    3.04695e-04     1.24866e+03
    3.06809e-04     1.25702e+03
    3.08937e-04     1.26543e+03
    3.11080e-04     1.27390e+03
    3.13238e-04     1.28242e+03
    3.15411e-04     1.29100e+03
    3.17599e-04     1.29964e+03
    3.19802e-04     1.30833e+03
    3.22021e-04     1.31707e+03
    3.24255e-04     1.32587e+03
    3.26504e-04     1.33473e+03
    3.28769e-04     1.34365e+03
    3.31050e-04     1.35263e+03
    3.33347e-04     1.36166e+03
    3.35659e-04     1.37076e+03
    3.37988e-04     1.37992e+03
    3.40332e-04     1.38914e+03
    3.42693e-04     1.39842e+03
    3.45071e-04     1.40777e+03
    3.47464e-04     1.41718e+03
    3.49875e-04     1.42666e+03
    3.52302e-04     1.43620e+03
    3.54746e-04     1.44580e+03
    3.57207e-04     1.45547e+03
    3.59685e-04     1.46519e+03
    3.62180e-04     1.47499e+03
    3.64692e-04     1.48484e+03
    3.67222e-04     1.49476e+03
    3.69770e-04     1.50474e+03
    3.72335e-04     1.51478e+03
    3.74918e-04     1.52489e+03
    3.77519e-04     1.53507e+03
    3.80138e-04     1.54531e+03
    3.82775e-04     1.55562e+03
    3.85430e-04     1.56600e+03
    3.88104e-04     1.57644e+03
    3.90796e-04     1.58696e+03
    3.93507e-04     1.59755e+03
    3.96237e-04     1.60821e+03
    3.98986e-04     1.61895e+03
    4.01754e-04     1.62975e+03
    4.04541e-04     1.64063e+03
    4.07347e-04     1.65158e+03
    4.10173e-04     1.66260e+03
    4.13018e-04     1.67369e+03
    4.15884e-04     1.68486e+03
    4.18769e-04     1.69610e+03
    4.21674e-04     1.70741e+03
    4.24599e-04     1.71879e+03
    4.27544e-04     1.73024e+03
    4.30510e-04     1.74177e+03
    4.33497e-04     1.75338e+03
    4.36504e-04     1.76506e+03
    4.39532e-04     1.77682e+03
    4.42581e-04     1.78865e+03
    4.45652e-04     1.80056e+03
    4.48743e-04     1.81256e+03
    4.51856e-04     1.82463e+03
    4.54991e-04     1.83678e+03
    4.58147e-04     1.84901e+03
    4.61325e-04     1.86133e+03
    4.64526e-04     1.87372e+03
    4.67748e-04     1.88620e+03
    4.70993e-04     1.89876e+03
    4.74260e-04     1.91140e+03
    4.77550e-04     1.92412e+03
    4.80863e-04     1.93693e+03
    4.84199e-04     1.94981e+03
    4.87558e-04     1.96279e+03
    4.90940e-04     1.97584e+03
    4.94346e-04     1.98899e+03
    4.97775e-04     2.00221e+03
    5.01228e-04     2.01553e+03
    5.04706e-04     2.02893e+03
    5.08207e-04     2.04241e+03
    5.11732e-04     2.05599e+03
    5.15282e-04     2.06965e+03
    5.18857e-04     2.08340e+03
    5.22456e-04     2.09724e+03
    5.26081e-04     2.11118e+03
    5.29730e-04     2.12520e+03
    5.33405e-04     2.13931e+03
    5.37105e-04     2.15351e+03
    5.40831e-04     2.16781e+03
    5.44583e-04     2.18220e+03
    5.48361e-04     2.19669e+03
    5.52165e-04     2.21127e+03
    5.55995e-04     2.22594e+03
    5.59852e-04     2.24071e+03
    5.63736e-04     2.25557e+03
    5.67647e-04     2.27053e+03
    5.71585e-04     2.28559e+03
    5.75550e-04     2.30074e+03
    5.79543e-04     2.31599e+03
    5.83563e-04     2.33134e+03
    5.87611e-04     2.34679e+03
    5.91688e-04     2.36233e+03
    5.95792e-04     2.37797e+03
    5.99925e-04     2.39372e+03
    6.04087e-04     2.40956e+03
    6.08278e-04     2.42551e+03
    6.12498e-04     2.44156e+03
    6.16747e-04     2.45771e+03
    6.21025e-04     2.47397e+03
    6.25333e-04     2.49033e+03
    6.29671e-04     2.50680e+03
    6.34039e-04     2.52338e+03
    6.38438e-04     2.54006e+03
    6.42867e-04     2.55686e+03
    6.47326e-04     2.57376e+03
    6.51817e-04     2.59076e+03
    6.56339e-04     2.60788e+03
    6.60892e-04     2.62510e+03
    6.65477e-04     2.64244e+03
    6.70093e-04     2.65988e+03
    6.74742e-04     2.67743e+03
    6.79422e-04     2.69510e+03
    6.84136e-04     2.71287e+03
    6.88882e-04     2.73076e+03
    6.93661e-04     2.74876e+03
    6.98473e-04     2.76688e+03
    7.03318e-04     2.78511e+03
    7.08197e-04     2.80346e+03
    7.13110e-04     2.82193e+03
    7.18057e-04     2.84052e+03
    7.23038e-04     2.85922e+03
    7.28054e-04     2.87805e+03
    7.33105e-04     2.89699e+03
    7.38190e-04     2.91606e+03
    7.43311e-04     2.93525e+03
    7.48468e-04     2.95455e+03
    7.53660e-04     2.97398e+03
    7.58888e-04     2.99354e+03
    7.64153e-04     3.01321e+03
    7.69454e-04     3.03300e+03
    7.74792e-04     3.05292e+03
    7.80166e-04     3.07297e+03
    7.85579e-04     3.09314e+03
    7.91028e-04     3.11344e+03
    7.96516e-04     3.13386e+03
    8.02041e-04     3.15441e+03
    8.07605e-04     3.17510e+03
    8.13208e-04     3.19591e+03
    8.18849e-04     3.21686e+03
    8.24530e-04     3.23793e+03
    8.30249e-04     3.25914e+03
    8.36009e-04     3.28049e+03
    8.41808e-04     3.30196e+03
    8.47648e-04     3.32358e+03
    8.53529e-04     3.34532e+03
    8.59450e-04     3.36720e+03
    8.65412e-04     3.38922e+03
    8.71415e-04     3.41137e+03
    8.77460e-04     3.43366e+03
    8.83547e-04     3.45608e+03
    8.89677e-04     3.47865e+03
    8.95849e-04     3.50135e+03
    9.02063e-04     3.52419e+03
    9.08321e-04     3.54718e+03
    9.14622e-04     3.57030e+03
    9.20967e-04     3.59357e+03
    9.27356e-04     3.61698e+03
    9.33789e-04     3.64054e+03
    9.40267e-04     3.66424e+03
    9.46790e-04     3.68809e+03
    9.53358e-04     3.71209e+03
    9.59971e-04     3.73623e+03
    9.66631e-04     3.76052e+03
    9.73337e-04     3.78497e+03
    9.80089e-04     3.80956e+03
    9.86888e-04     3.83430e+03
    9.93734e-04     3.85920e+03
    1.00063e-03     3.88425e+03
    1.00757e-03     3.90945e+03
    1.01456e-03     3.93481e+03
    1.02160e-03     3.96032e+03
    1.02868e-03     3.98598e+03
    1.03582e-03     4.01180e+03
    1.04301e-03     4.03778e+03
    1.05024e-03     4.06391e+03
    1.05753e-03     4.09019e+03
    1.06486e-03     4.11664e+03
    1.07225e-03     4.14324e+03
    1.07969e-03     4.16999e+03
    1.08718e-03     4.19691e+03
    1.09472e-03     4.22399e+03
    1.10231e-03     4.25123e+03
    1.10996e-03     4.27864e+03
    1.11766e-03     4.30621e+03
    1.12542e-03     4.33395e+03
    1.13322e-03     4.36186e+03
    1.14108e-03     4.38994e+03
    1.14900e-03     4.41819e+03
    1.15697e-03     4.44662e+03
    1.16500e-03     4.47522e+03
    1.17308e-03     4.50398e+03
    1.18122e-03     4.53292e+03
    1.18941e-03     4.56203e+03
    1.19766e-03     4.59130e+03
    1.20597e-03     4.62075e+03
    1.21434e-03     4.65036e+03
    1.22276e-03     4.68014e+03
    1.23124e-03     4.71010e+03
    1.23978e-03     4.74022e+03
    1.24838e-03     4.77051e+03
    1.25704e-03     4.80099e+03
    1.26576e-03     4.83163e+03
    1.27455e-03     4.86246e+03
    1.28339e-03     4.89347e+03
    1.29229e-03     4.92466e+03
    1.30126e-03     4.95604e+03
    1.31028e-03     4.98760e+03
    1.31937e-03     5.01935e+03
    1.32852e-03     5.05129e+03
    1.33774e-03     5.08342e+03
    1.34702e-03     5.11574e+03
    1.35637e-03     5.14826e+03
    1.36577e-03     5.18096e+03
    1.37525e-03     5.21386e+03
    1.38479e-03     5.24695e+03
    1.39440e-03     5.28024e+03
    1.40407e-03     5.31372e+03
    1.41381e-03     5.34740e+03
    1.42362e-03     5.38127e+03
    1.43349e-03     5.41534e+03
    1.44344e-03     5.44959e+03
    1.45345e-03     5.48404e+03
    1.46353e-03     5.51867e+03
    1.47369e-03     5.55349e+03
    1.48391e-03     5.58850e+03
    1.49420e-03     5.62369e+03
    1.50457e-03     5.65907e+03
    1.51501e-03     5.69465e+03
    1.52552e-03     5.73042e+03
    1.53610e-03     5.76639e+03
    1.54676e-03     5.80256e+03
    1.55749e-03     5.83894e+03
    1.56829e-03     5.87554e+03
    1.57917e-03     5.91235e+03
    1.59012e-03     5.94938e+03
    1.60116e-03     5.98663e+03
    1.61226e-03     6.02410e+03
    1.62345e-03     6.06179e+03
    1.63471e-03     6.09970e+03
    1.64605e-03     6.13781e+03
    1.65747e-03     6.17613e+03
    1.66897e-03     6.21466e+03
    1.68054e-03     6.25340e+03
    1.69220e-03     6.29233e+03
    1.70394e-03     6.33146e+03
    1.71576e-03     6.37078e+03
    1.72767e-03     6.41031e+03
    1.73965e-03     6.45004e+03
    1.75172e-03     6.48999e+03
    1.76387e-03     6.53014e+03
    1.77611e-03     6.57051e+03
    1.78843e-03     6.61110e+03
    1.80083e-03     6.65192e+03
    1.81333e-03     6.69296e+03
    1.82591e-03     6.73424e+03
    1.83857e-03     6.77574e+03
    1.85133e-03     6.81747e+03
    1.86417e-03     6.85943e+03
    1.87710e-03     6.90162e+03
    1.89012e-03     6.94402e+03
    1.90324e-03     6.98665e+03
    1.91644e-03     7.02950e+03
    1.92973e-03     7.07257e+03
    1.94312e-03     7.11585e+03
    1.95660e-03     7.15935e+03
    1.97017e-03     7.20306e+03
    1.98384e-03     7.24699e+03
    1.99760e-03     7.29115e+03
    2.01146e-03     7.33553e+03
    2.02541e-03     7.38014e+03
    2.03947e-03     7.42498e+03
    2.05361e-03     7.47004e+03
    2.06786e-03     7.51535e+03
    2.08220e-03     7.56089e+03
    2.09665e-03     7.60666e+03
    2.11119e-03     7.65267e+03
    2.12584e-03     7.69892e+03
    2.14059e-03     7.74541e+03
    2.15544e-03     7.79214e+03
    2.17039e-03     7.83910e+03
    2.18545e-03     7.88630e+03
    2.20061e-03     7.93373e+03
    2.21587e-03     7.98141e+03
    2.23124e-03     8.02932e+03
    2.24672e-03     8.07747e+03
    2.26231e-03     8.12585e+03
    2.27800e-03     8.17447e+03
    2.29381e-03     8.22333e+03
    2.30972e-03     8.27243e+03
    2.32574e-03     8.32176e+03
    2.34188e-03     8.37133e+03
    2.35812e-03     8.42113e+03
    2.37448e-03     8.47118e+03
    2.39095e-03     8.52145e+03
    2.40754e-03     8.57197e+03
    2.42424e-03     8.62272e+03
    2.44106e-03     8.67370e+03
    2.45799e-03     8.72493e+03
    2.47504e-03     8.77639e+03
    2.49221e-03     8.82810e+03
    2.50950e-03     8.88004e+03
    2.52691e-03     8.93222e+03
    2.54444e-03     8.98464e+03
    2.56209e-03     9.03730e+03
    2.57986e-03     9.09020e+03
    2.59776e-03     9.14335e+03
    2.61578e-03     9.19674e+03
    2.63393e-03     9.25036e+03
    2.65220e-03     9.30424e+03
    2.67060e-03     9.35835e+03
    2.68913e-03     9.41272e+03
    2.70778e-03     9.46732e+03
    2.72656e-03     9.52217e+03
    2.74548e-03     9.57727e+03
    2.76453e-03     9.63261e+03
    2.78370e-03     9.68819e+03
    2.80301e-03     9.74401e+03
    2.82246e-03     9.80007e+03
    2.84204e-03     9.85637e+03
    2.86175e-03     9.91291e+03
    2.88161e-03     9.96968e+03
    2.90160e-03     1.00267e+04
    2.92173e-03     1.00839e+04
    2.94199e-03     1.01414e+04
    2.96240e-03     1.01991e+04
    2.98295e-03     1.02571e+04
    3.00365e-03     1.03153e+04
    3.02448e-03     1.03737e+04
    3.04547e-03     1.04324e+04
    3.06659e-03     1.04913e+04
    3.08787e-03     1.05504e+04
    3.10929e-03     1.06098e+04
    3.13086e-03     1.06695e+04
    3.15258e-03     1.07293e+04
    3.17445e-03     1.07895e+04
    3.19647e-03     1.08498e+04
    3.21864e-03     1.09104e+04
    3.24097e-03     1.09713e+04
    3.26345e-03     1.10323e+04
    3.28609e-03     1.10936e+04
    3.30889e-03     1.11552e+04
    3.33184e-03     1.12169e+04
    3.35496e-03     1.12789e+04
    3.37823e-03     1.13411e+04
    3.40167e-03     1.14036e+04
    3.42526e-03     1.14663e+04
    3.44902e-03     1.15292e+04
    3.47295e-03     1.15923e+04
    3.49704e-03     1.16557e+04
    3.52130e-03     1.17193e+04
    3.54573e-03     1.17831e+04
    3.57033e-03     1.18472e+04
    3.59510e-03     1.19114e+04
    3.62004e-03     1.19760e+04
    3.64515e-03     1.20407e+04
    3.67044e-03     1.21056e+04
    3.69590e-03     1.21708e+04
    3.72154e-03     1.22362e+04
    3.74735e-03     1.23018e+04
    3.77335e-03     1.23676e+04
    3.79953e-03     1.24336e+04
    3.82588e-03     1.24999e+04
    3.85242e-03     1.25663e+04
    3.87915e-03     1.26330e+04
    3.90606e-03     1.26998e+04
    3.93316e-03     1.27669e+04
    3.96044e-03     1.28342e+04
    3.98792e-03     1.29017e+04
    4.01558e-03     1.29694e+04
    4.04344e-03     1.30374e+04
    4.07149e-03     1.31055e+04
    4.09973e-03     1.31739e+04
    4.12817e-03     1.32424e+04
    4.15681e-03     1.33112e+04
    4.18565e-03     1.33801e+04
    4.21468e-03     1.34493e+04
    4.24392e-03     1.35186e+04
    4.27336e-03     1.35881e+04
    4.30301e-03     1.36577e+04
    4.33286e-03     1.37275e+04
    4.36292e-03     1.37975e+04
    4.39318e-03     1.38676e+04
    4.42366e-03     1.39379e+04
    4.45435e-03     1.40084e+04
    4.48525e-03     1.40791e+04
    4.51636e-03     1.41500e+04
    4.54769e-03     1.42212e+04
    4.57924e-03     1.42925e+04
    4.61101e-03     1.43641e+04
    4.64299e-03     1.44359e+04
    4.67520e-03     1.45080e+04
    4.70764e-03     1.45802e+04
    4.74029e-03     1.46525e+04
    4.77318e-03     1.47250e+04
    4.80629e-03     1.47975e+04
    4.83963e-03     1.48700e+04
    4.87321e-03     1.49426e+04
    4.90701e-03     1.50151e+04
    4.94105e-03     1.50875e+04
    4.97533e-03     1.51606e+04
    5.00984e-03     1.52340e+04
    5.04460e-03     1.53073e+04
    5.07959e-03     1.53809e+04
    5.11483e-03     1.54545e+04
    5.15031e-03     1.55282e+04
    5.18604e-03     1.56022e+04
    5.22202e-03     1.56760e+04
    5.25824e-03     1.57504e+04
    5.29472e-03     1.58244e+04
    5.33145e-03     1.58989e+04
    5.36844e-03     1.59734e+04
    5.40568e-03     1.60479e+04
    5.44318e-03     1.61224e+04
    5.48094e-03     1.61975e+04
    5.51896e-03     1.62719e+04
    5.55725e-03     1.63470e+04
    5.59580e-03     1.64222e+04
    5.63462e-03     1.64973e+04
    5.67371e-03     1.65723e+04
    5.71306e-03     1.66477e+04
    5.75270e-03     1.67231e+04
    5.79260e-03     1.67984e+04
    5.83279e-03     1.68739e+04
    5.87325e-03     1.69491e+04
    5.91400e-03     1.70249e+04
    5.95502e-03     1.71006e+04
    5.99633e-03     1.71763e+04
    6.03793e-03     1.72520e+04
    6.07982e-03     1.73277e+04
    6.12199e-03     1.74034e+04
    6.16446e-03     1.74791e+04
    6.20723e-03     1.75552e+04
    6.25029e-03     1.76310e+04
    6.29365e-03     1.77066e+04
    6.33731e-03     1.77824e+04
    6.38127e-03     1.78585e+04
    6.42554e-03     1.79343e+04
    6.47011e-03     1.80100e+04
    6.51500e-03     1.80863e+04
    6.56019e-03     1.81619e+04
    6.60570e-03     1.82376e+04
    6.65152e-03     1.83134e+04
    6.69767e-03     1.83890e+04
    6.74413e-03     1.84647e+04
    6.79092e-03     1.85405e+04
    6.83803e-03     1.86161e+04
    6.88546e-03     1.86917e+04
    6.93323e-03     1.87675e+04
    6.98132e-03     1.88431e+04
    7.02975e-03     1.89183e+04
    7.07852e-03     1.89938e+04
    7.12763e-03     1.90688e+04
    7.17707e-03     1.91440e+04
    7.22686e-03     1.92192e+04
    7.27699e-03     1.92938e+04
    7.32748e-03     1.93687e+04
    7.37831e-03     1.94435e+04
    7.42949e-03     1.95179e+04
    7.48103e-03     1.95924e+04
    7.53293e-03     1.96669e+04
    7.58519e-03     1.97415e+04
    7.63781e-03     1.98155e+04
    7.69079e-03     1.98895e+04
    7.74414e-03     1.99628e+04
    7.79786e-03     2.00366e+04
    7.85196e-03     2.01100e+04
    7.90643e-03     2.01833e+04
    7.96128e-03     2.02566e+04
    8.01651e-03     2.03294e+04
    8.07212e-03     2.04021e+04
    8.12812e-03     2.04748e+04
    8.18450e-03     2.05469e+04
    8.24128e-03     2.06189e+04
    8.29845e-03     2.06906e+04
    8.35602e-03     2.07625e+04
    8.41398e-03     2.08335e+04
    8.47235e-03     2.09050e+04
    8.53113e-03     2.09757e+04
    8.59031e-03     2.10460e+04
    8.64990e-03     2.11164e+04
    8.70991e-03     2.11865e+04
    8.77033e-03     2.12563e+04
    8.83117e-03     2.13257e+04
    8.89243e-03     2.13949e+04
    8.95412e-03     2.14636e+04
    9.01624e-03     2.15323e+04
    9.07879e-03     2.16005e+04
    9.14177e-03     2.16684e+04
    9.20518e-03     2.17360e+04
    9.26904e-03     2.18028e+04
    9.33334e-03     2.18697e+04
    9.39809e-03     2.19360e+04
    9.46329e-03     2.20022e+04
    9.52893e-03     2.20679e+04
    9.59504e-03     2.21329e+04
    9.66160e-03     2.21974e+04
    9.72862e-03     2.22619e+04
    9.79611e-03     2.23262e+04
    9.86407e-03     2.23894e+04
    9.93250e-03     2.24526e+04
    1.00014e-02     2.25151e+04
    1.00708e-02     2.25774e+04
    1.01406e-02     2.26394e+04
    1.02110e-02     2.27005e+04
    1.02818e-02     2.27611e+04
    1.03532e-02     2.28208e+04
    1.04250e-02     2.28809e+04
    1.04973e-02     2.29403e+04
    1.05701e-02     2.29985e+04
    1.06434e-02     2.30564e+04
    1.07173e-02     2.31143e+04
    1.07916e-02     2.31713e+04
    1.08665e-02     2.32278e+04
    1.09419e-02     2.32835e+04
    1.10178e-02     2.33388e+04
    1.10942e-02     2.33933e+04
    1.11712e-02     2.34467e+04
    1.12487e-02     2.35005e+04
    1.13267e-02     2.35527e+04
    1.14053e-02     2.36053e+04
    1.14844e-02     2.36563e+04
    1.15641e-02     2.37071e+04
    1.16443e-02     2.37575e+04
    1.17251e-02     2.38065e+04
    1.18064e-02     2.38557e+04
    1.18883e-02     2.39034e+04
    1.19708e-02     2.39508e+04
    1.20538e-02     2.39973e+04
    1.21374e-02     2.40429e+04
    1.22216e-02     2.40878e+04
    1.23064e-02     2.41319e+04
    1.23918e-02     2.41753e+04
    1.24778e-02     2.42183e+04
    1.25643e-02     2.42599e+04
    1.26515e-02     2.43008e+04
    1.27392e-02     2.43411e+04
    1.28276e-02     2.43804e+04
    1.29166e-02     2.44190e+04
    1.30062e-02     2.44565e+04
    1.30964e-02     2.44934e+04
    1.31873e-02     2.45292e+04
    1.32788e-02     2.45643e+04
    1.33709e-02     2.45983e+04
    1.34636e-02     2.46317e+04
    1.35570e-02     2.46635e+04
    1.36511e-02     2.46951e+04
    1.37458e-02     2.47257e+04
    1.38412e-02     2.47547e+04
    1.39372e-02     2.47833e+04
    1.40339e-02     2.48111e+04
    1.41312e-02     2.48375e+04
    1.42292e-02     2.48627e+04
    1.43279e-02     2.48868e+04
    1.44273e-02     2.49102e+04
    1.45274e-02     2.49326e+04
    1.46282e-02     2.49540e+04
    1.47297e-02     2.49739e+04
    1.48319e-02     2.49931e+04
    1.49348e-02     2.50111e+04
    1.50384e-02     2.50281e+04
    1.51427e-02     2.50438e+04
    1.52477e-02     2.50587e+04
    1.53535e-02     2.50723e+04
    1.54600e-02     2.50845e+04
    1.55673e-02     2.50961e+04
    1.56753e-02     2.51062e+04
    1.57840e-02     2.51147e+04
    1.58935e-02     2.51227e+04
    1.60038e-02     2.51290e+04
    1.61148e-02     2.51344e+04
    1.62266e-02     2.51389e+04
    1.63391e-02     2.51414e+04
    1.64525e-02     2.51433e+04
    1.65666e-02     2.51433e+04
    1.66815e-02     2.51428e+04
    1.67973e-02     2.51404e+04
    1.69138e-02     2.51374e+04
    1.70311e-02     2.51325e+04
    1.71493e-02     2.51265e+04
    1.72682e-02     2.51192e+04
    1.73880e-02     2.51106e+04
    1.75087e-02     2.51003e+04
    1.76301e-02     2.50893e+04
    1.77524e-02     2.50766e+04
    1.78756e-02     2.50631e+04
    1.79996e-02     2.50476e+04
    1.81244e-02     2.50308e+04
    1.82502e-02     2.50129e+04
    1.83768e-02     2.49933e+04
    1.85043e-02     2.49726e+04
    1.86326e-02     2.49506e+04
    1.87619e-02     2.49270e+04
    1.88920e-02     2.49021e+04
    1.90231e-02     2.48755e+04
    1.91551e-02     2.48478e+04
    1.92879e-02     2.48188e+04
    1.94217e-02     2.47883e+04
    1.95565e-02     2.47560e+04
    1.96921e-02     2.47225e+04
    1.98287e-02     2.46878e+04
    1.99663e-02     2.46510e+04
    2.01048e-02     2.46139e+04
    2.02443e-02     2.45742e+04
    2.03847e-02     2.45341e+04
    2.05261e-02     2.44918e+04
    2.06685e-02     2.44479e+04
    2.08119e-02     2.44034e+04
    2.09563e-02     2.43571e+04
    2.11017e-02     2.43090e+04
    2.12480e-02     2.42599e+04
    2.13954e-02     2.42091e+04
    2.15439e-02     2.41567e+04
    2.16933e-02     2.41031e+04
    2.18438e-02     2.40482e+04
    2.19953e-02     2.39917e+04
    2.21479e-02     2.39340e+04
    2.23016e-02     2.38743e+04
    2.24563e-02     2.38137e+04
    2.26121e-02     2.37517e+04
    2.27689e-02     2.36877e+04
    2.29269e-02     2.36231e+04
    2.30859e-02     2.35567e+04
    2.32461e-02     2.34885e+04
    2.34073e-02     2.34196e+04
    2.35697e-02     2.33491e+04
    2.37332e-02     2.32767e+04
    2.38979e-02     2.32035e+04
    2.40637e-02     2.31292e+04
    2.42306e-02     2.30529e+04
    2.43987e-02     2.29760e+04
    2.45679e-02     2.28977e+04
    2.47384e-02     2.28176e+04
    2.49100e-02     2.27363e+04
    2.50828e-02     2.26541e+04
    2.52568e-02     2.25697e+04
    2.54320e-02     2.24851e+04
    2.56084e-02     2.23991e+04
    2.57861e-02     2.23116e+04
    2.59650e-02     2.22225e+04
    2.61451e-02     2.21329e+04
    2.63265e-02     2.20420e+04
    2.65091e-02     2.19499e+04
    2.66930e-02     2.18570e+04
    2.68782e-02     2.17625e+04
    2.70646e-02     2.16672e+04
    2.72524e-02     2.15707e+04
    2.74414e-02     2.14735e+04
    2.76318e-02     2.13753e+04
    2.78235e-02     2.12755e+04
    2.80165e-02     2.11750e+04
    2.82108e-02     2.10736e+04
    2.84065e-02     2.09715e+04
    2.86036e-02     2.08680e+04
    2.88020e-02     2.07643e+04
    2.90018e-02     2.06587e+04
    2.92030e-02     2.05534e+04
    2.94056e-02     2.04473e+04
    2.96096e-02     2.03399e+04
    2.98150e-02     2.02317e+04
    3.00218e-02     2.01237e+04
    3.02301e-02     2.00138e+04
    3.04398e-02     1.99040e+04
    3.06510e-02     1.97940e+04
    3.08636e-02     1.96824e+04
    3.10777e-02     1.95712e+04
    3.12933e-02     1.94595e+04
    3.15104e-02     1.93469e+04
    3.17290e-02     1.92337e+04
    3.19491e-02     1.91203e+04
    3.21707e-02     1.90066e+04
    3.23939e-02     1.88927e+04
    3.26186e-02     1.87785e+04
    3.28449e-02     1.86640e+04
    3.30728e-02     1.85492e+04
    3.33022e-02     1.84346e+04
    3.35332e-02     1.83194e+04
    3.37658e-02     1.82041e+04
    3.40001e-02     1.80888e+04
    3.42359e-02     1.79735e+04
    3.44734e-02     1.78587e+04
    3.47126e-02     1.77435e+04
    3.49534e-02     1.76280e+04
    3.51959e-02     1.75134e+04
    3.54400e-02     1.73984e+04
    3.56859e-02     1.72837e+04
    3.59335e-02     1.71698e+04
    3.61827e-02     1.70556e+04
    3.64337e-02     1.69416e+04
    3.66865e-02     1.68285e+04
    3.69410e-02     1.67154e+04
    3.71972e-02     1.66025e+04
    3.74553e-02     1.64912e+04
    3.77151e-02     1.63792e+04
    3.79768e-02     1.62677e+04
    3.82402e-02     1.61578e+04
    3.85055e-02     1.60474e+04
    3.87726e-02     1.59379e+04
    3.90416e-02     1.58296e+04
    3.93124e-02     1.57216e+04
    3.95851e-02     1.56145e+04
    3.98597e-02     1.55081e+04
    4.01363e-02     1.54025e+04
    4.04147e-02     1.52980e+04
    4.06950e-02     1.51940e+04
    4.09774e-02     1.50910e+04
    4.12616e-02     1.49890e+04
    4.15479e-02     1.48880e+04
    4.18361e-02     1.47879e+04
    4.21263e-02     1.46885e+04
    4.24185e-02     1.45904e+04
    4.27128e-02     1.44935e+04
    4.30091e-02     1.43975e+04
    4.33075e-02     1.43025e+04
    4.36079e-02     1.42085e+04
    4.39104e-02     1.41160e+04
    4.42150e-02     1.40244e+04
    4.45218e-02     1.39342e+04
    4.48306e-02     1.38452e+04
    4.51416e-02     1.37568e+04
    4.54548e-02     1.36702e+04
    4.57701e-02     1.35846e+04
    4.60876e-02     1.35001e+04
    4.64073e-02     1.34170e+04
    4.67293e-02     1.33351e+04
    4.70534e-02     1.32544e+04
    4.73798e-02     1.31750e+04
    4.77085e-02     1.30969e+04
    4.80395e-02     1.30196e+04
    4.83727e-02     1.29440e+04
    4.87083e-02     1.28694e+04
    4.90462e-02     1.27961e+04
    4.93865e-02     1.27239e+04
    4.97291e-02     1.26533e+04
    5.00740e-02     1.25834e+04
    5.04214e-02     1.25146e+04
    5.07712e-02     1.24470e+04
    5.11234e-02     1.23808e+04
    5.14780e-02     1.23152e+04
    5.18352e-02     1.22513e+04
    5.21947e-02     1.21882e+04
    5.25568e-02     1.21262e+04
    5.29214e-02     1.20648e+04
    5.32885e-02     1.20048e+04
    5.36582e-02     1.19459e+04
    5.40305e-02     1.18874e+04
    5.44053e-02     1.18298e+04
    5.47827e-02     1.17732e+04
    5.51627e-02     1.17172e+04
    5.55454e-02     1.16619e+04
    5.59307e-02     1.16075e+04
    5.63187e-02     1.15537e+04
    5.67094e-02     1.15004e+04
    5.71028e-02     1.14479e+04
    5.74990e-02     1.13956e+04
    5.78978e-02     1.13435e+04
    5.82995e-02     1.12918e+04
    5.87039e-02     1.12409e+04
    5.91111e-02     1.11901e+04
    5.95212e-02     1.11391e+04
    5.99341e-02     1.10884e+04
    6.03499e-02     1.10379e+04
    6.07685e-02     1.09873e+04
    6.11901e-02     1.09368e+04
    6.16146e-02     1.08859e+04
    6.20420e-02     1.08348e+04
    6.24724e-02     1.07837e+04
    6.29058e-02     1.07322e+04
    6.33422e-02     1.06800e+04
    6.37816e-02     1.06272e+04
    6.42241e-02     1.05742e+04
    6.46696e-02     1.05208e+04
    6.51182e-02     1.04665e+04
    6.55700e-02     1.04114e+04
    6.60248e-02     1.03561e+04
    6.64829e-02     1.02995e+04
    6.69441e-02     1.02417e+04
    6.74085e-02     1.01835e+04
    6.78761e-02     1.01240e+04
    6.83469e-02     1.00637e+04
    6.88211e-02     1.00021e+04
    6.92985e-02     9.93921e+03
    6.97792e-02     9.87530e+03
    7.02633e-02     9.81036e+03
    7.07507e-02     9.74394e+03
    7.12415e-02     9.67630e+03
    7.17358e-02     9.60768e+03
    7.22334e-02     9.53711e+03
    7.27345e-02     9.46560e+03
    7.32391e-02     9.39276e+03
    7.37471e-02     9.31878e+03
    7.42587e-02     9.24342e+03
    7.47739e-02     9.16642e+03
    7.52926e-02     9.08826e+03
    7.58149e-02     9.00874e+03
    7.63409e-02     8.92783e+03
    7.68704e-02     8.84587e+03
    7.74037e-02     8.76286e+03
    7.79407e-02     8.67843e+03
    7.84814e-02     8.59262e+03
    7.90258e-02     8.50647e+03
    7.95740e-02     8.41919e+03
    8.01260e-02     8.33044e+03
    8.06819e-02     8.24130e+03
    8.12416e-02     8.15161e+03
    8.18052e-02     8.06081e+03
    8.23727e-02     7.96933e+03
    8.29441e-02     7.87767e+03
    8.35195e-02     7.78524e+03
    8.40989e-02     7.69254e+03
    8.46823e-02     7.59999e+03
    8.52697e-02     7.50681e+03
    8.58613e-02     7.41414e+03
    8.64569e-02     7.32100e+03
    8.70567e-02     7.22847e+03
    8.76606e-02     7.13656e+03
    8.82687e-02     7.04449e+03
    8.88810e-02     6.95348e+03
    8.94976e-02     6.86273e+03
    9.01185e-02     6.77280e+03
    9.07436e-02     6.68435e+03
    9.13731e-02     6.59632e+03
    9.20070e-02     6.50977e+03
    9.26453e-02     6.42414e+03
    9.32880e-02     6.33977e+03
    9.39351e-02     6.25685e+03
    9.45868e-02     6.17537e+03
    9.52429e-02     6.09599e+03
    9.59036e-02     6.01770e+03
    9.65689e-02     5.94141e+03
    9.72389e-02     5.86719e+03
    9.79134e-02     5.79445e+03
    9.85927e-02     5.72368e+03
    9.92766e-02     5.65502e+03
    9.99653e-02     5.58843e+03
    1.00659e-01     5.52427e+03
    1.01357e-01     5.46104e+03
    1.02060e-01     5.40119e+03
    1.02768e-01     5.34247e+03
    1.03481e-01     5.28647e+03
    1.04199e-01     5.23242e+03
    1.04922e-01     5.18024e+03
    1.05650e-01     5.13063e+03
    1.06383e-01     5.08280e+03
    1.07121e-01     5.03667e+03
    1.07864e-01     4.99299e+03
    1.08612e-01     4.95055e+03
    1.09365e-01     4.91055e+03
    1.10124e-01     4.87210e+03
    1.10888e-01     4.83491e+03
    1.11657e-01     4.79973e+03
    1.12432e-01     4.76552e+03
    1.13212e-01     4.73309e+03
    1.13997e-01     4.70173e+03
    1.14788e-01     4.67121e+03
    1.15584e-01     4.64199e+03
    1.16386e-01     4.61322e+03
    1.17194e-01     4.58552e+03
    1.18007e-01     4.55796e+03
    1.18825e-01     4.53120e+03
    1.19650e-01     4.50448e+03
    1.20480e-01     4.47788e+03
    1.21315e-01     4.45118e+03
    1.22157e-01     4.42439e+03
    1.23004e-01     4.39746e+03
    1.23858e-01     4.36956e+03
    1.24717e-01     4.34158e+03
    1.25582e-01     4.31242e+03
    1.26453e-01     4.28284e+03
    1.27330e-01     4.25191e+03
    1.28214e-01     4.22034e+03
    1.29103e-01     4.18718e+03
    1.29999e-01     4.15326e+03
    1.30901e-01     4.11753e+03
    1.31809e-01     4.08101e+03
    1.32723e-01     4.04291e+03
    1.33644e-01     4.00347e+03
    1.34571e-01     3.96238e+03
    1.35504e-01     3.92032e+03
    1.36444e-01     3.87686e+03
    1.37391e-01     3.83193e+03
    1.38344e-01     3.78570e+03
    1.39304e-01     3.73869e+03
    1.40270e-01     3.69012e+03
    1.41243e-01     3.64123e+03
    1.42223e-01     3.59097e+03
    1.43210e-01     3.54054e+03
    1.44203e-01     3.48894e+03
    1.45204e-01     3.43762e+03
    1.46211e-01     3.38541e+03
    1.47225e-01     3.33378e+03
    1.48246e-01     3.28164e+03
    1.49275e-01     3.23035e+03
    1.50310e-01     3.17880e+03
    1.51353e-01     3.12818e+03
    1.52403e-01     3.07844e+03
    1.53460e-01     3.02908e+03
    1.54525e-01     2.98144e+03
    1.55597e-01     2.93436e+03
    1.56676e-01     2.88901e+03
    1.57763e-01     2.84487e+03
    1.58858e-01     2.80237e+03
    1.59960e-01     2.76129e+03
    1.61069e-01     2.72163e+03
    1.62187e-01     2.68409e+03
    1.63312e-01     2.64812e+03
    1.64445e-01     2.61390e+03
    1.65585e-01     2.58150e+03
    1.66734e-01     2.55058e+03
    1.67891e-01     2.52172e+03
    1.69055e-01     2.49418e+03
    1.70228e-01     2.46825e+03
    1.71409e-01     2.44403e+03
    1.72598e-01     2.42091e+03
    1.73796e-01     2.39923e+03
    1.75001e-01     2.37871e+03
    1.76215e-01     2.35905e+03
    1.77438e-01     2.34044e+03
    1.78669e-01     2.32240e+03
    1.79908e-01     2.30490e+03
    1.81156e-01     2.28788e+03
    1.82413e-01     2.27104e+03
    1.83678e-01     2.25412e+03
    1.84952e-01     2.23722e+03
    1.86235e-01     2.22011e+03
    1.87527e-01     2.20246e+03
    1.88828e-01     2.18434e+03
    1.90138e-01     2.16574e+03
    1.91457e-01     2.14621e+03
    1.92785e-01     2.12585e+03
    1.94123e-01     2.10485e+03
    1.95469e-01     2.08269e+03
    1.96825e-01     2.05955e+03
    1.98191e-01     2.03546e+03
    1.99566e-01     2.01071e+03
    2.00950e-01     1.98483e+03
    2.02344e-01     1.95812e+03
    2.03748e-01     1.93085e+03
    2.05161e-01     1.90290e+03
    2.06585e-01     1.87443e+03
    2.08018e-01     1.84556e+03
    2.09461e-01     1.81659e+03
    2.10914e-01     1.78755e+03
    2.12377e-01     1.75860e+03
    2.13850e-01     1.72978e+03
    2.15334e-01     1.70131e+03
    2.16828e-01     1.67353e+03
    2.18332e-01     1.64612e+03
    2.19846e-01     1.61979e+03
    2.21371e-01     1.59413e+03
    2.22907e-01     1.56947e+03
    2.24453e-01     1.54603e+03
    2.26011e-01     1.52341e+03
    2.27578e-01     1.50201e+03
    2.29157e-01     1.48166e+03
    2.30747e-01     1.46248e+03
    2.32348e-01     1.44433e+03
    2.33959e-01     1.42720e+03
    2.35582e-01     1.41107e+03
    2.37217e-01     1.39573e+03
    2.38862e-01     1.38116e+03
    2.40519e-01     1.36727e+03
    2.42188e-01     1.35389e+03
    2.43868e-01     1.34095e+03
    2.45560e-01     1.32831e+03
    2.47263e-01     1.31579e+03
    2.48979e-01     1.30326e+03
    2.50706e-01     1.29063e+03
    2.52445e-01     1.27787e+03
    2.54196e-01     1.26479e+03
    2.55960e-01     1.25133e+03
    2.57735e-01     1.23743e+03
    2.59523e-01     1.22310e+03
    2.61323e-01     1.20826e+03
    2.63136e-01     1.19290e+03
    2.64962e-01     1.17710e+03
    2.66800e-01     1.16089e+03
    2.68651e-01     1.14431e+03
    2.70514e-01     1.12744e+03
    2.72391e-01     1.11040e+03
    2.74281e-01     1.09330e+03
    2.76183e-01     1.07611e+03
    2.78099e-01     1.05910e+03
    2.80028e-01     1.04229e+03
    2.81971e-01     1.02572e+03
    2.83927e-01     1.00962e+03
    2.85897e-01     9.93953e+02
    2.87880e-01     9.78843e+02
    2.89877e-01     9.64323e+02
    2.91888e-01     9.50387e+02
    2.93913e-01     9.37057e+02
    2.95952e-01     9.24374e+02
    2.98005e-01     9.12280e+02
    3.00072e-01     9.00719e+02
    3.02154e-01     8.89683e+02
    3.04250e-01     8.79047e+02
    3.06361e-01     8.68822e+02
    3.08486e-01     8.58839e+02
    3.10626e-01     8.49056e+02
    3.12781e-01     8.39404e+02
    3.14951e-01     8.29823e+02
    3.17135e-01     8.20226e+02
    3.19335e-01     8.10486e+02
    3.21551e-01     8.00618e+02
    3.23781e-01     7.90622e+02
    3.26027e-01     7.80398e+02
    3.28289e-01     7.70029e+02
    3.30567e-01     7.59464e+02
    3.32860e-01     7.48717e+02
    3.35169e-01     7.37851e+02
    3.37494e-01     7.26935e+02
    3.39835e-01     7.16052e+02
    3.42193e-01     7.05122e+02
    3.44567e-01     6.94355e+02
    3.46957e-01     6.83767e+02
    3.49364e-01     6.73347e+02
    3.51787e-01     6.63163e+02
    3.54228e-01     6.53344e+02
    3.56685e-01     6.43857e+02
    3.59159e-01     6.34598e+02
    3.61651e-01     6.25705e+02
    3.64160e-01     6.17142e+02
    3.66686e-01     6.08888e+02
    3.69230e-01     6.00891e+02
    3.71791e-01     5.93097e+02
    3.74370e-01     5.85480e+02
    3.76968e-01     5.77977e+02
    3.79583e-01     5.70563e+02
    3.82216e-01     5.63253e+02
    3.84867e-01     5.55913e+02
    3.87537e-01     5.48549e+02
    3.90226e-01     5.41143e+02
    3.92933e-01     5.33704e+02
    3.95658e-01     5.26239e+02
    3.98403e-01     5.18746e+02
    4.01167e-01     5.11225e+02
    4.03950e-01     5.03701e+02
    4.06752e-01     4.96233e+02
    4.09574e-01     4.88818e+02
    4.12415e-01     4.81512e+02
    4.15276e-01     4.74342e+02
    4.18157e-01     4.67312e+02
    4.21058e-01     4.60431e+02
    4.23979e-01     4.53720e+02
    4.26920e-01     4.47201e+02
    4.29882e-01     4.40852e+02
    4.32864e-01     4.34661e+02
    4.35867e-01     4.28633e+02
    4.38890e-01     4.22709e+02
    4.41935e-01     4.16898e+02
    4.45001e-01     4.11180e+02
    4.48088e-01     4.05513e+02
    4.51196e-01     3.99891e+02
    4.54326e-01     3.94299e+02
    4.57478e-01     3.88722e+02
    4.60652e-01     3.83186e+02
    4.63847e-01     3.77653e+02
    4.67065e-01     3.72142e+02
    4.70305e-01     3.66674e+02
    4.73568e-01     3.61260e+02
    4.76853e-01     3.55902e+02
    4.80161e-01     3.50606e+02
    4.83492e-01     3.45416e+02
    4.86846e-01     3.40318e+02
    4.90223e-01     3.35314e+02
    4.93624e-01     3.30418e+02
    4.97048e-01     3.25622e+02
    5.00496e-01     3.20925e+02
    5.03968e-01     3.16311e+02
    5.07465e-01     3.11762e+02
    5.10985e-01     3.07294e+02
    5.14530e-01     3.02891e+02
    5.18099e-01     2.98524e+02
    5.21693e-01     2.94200e+02
    5.25312e-01     2.89915e+02
    5.28956e-01     2.85671e+02
    5.32626e-01     2.81464e+02
    5.36321e-01     2.77296e+02
    5.40041e-01     2.73185e+02
    5.43788e-01     2.69122e+02
    5.47560e-01     2.65110e+02
    5.51359e-01     2.61163e+02
    5.55183e-01     2.57287e+02
    5.59035e-01     2.53466e+02
    5.62913e-01     2.49711e+02
    5.66818e-01     2.46028e+02
    5.70750e-01     2.42401e+02
    5.74709e-01     2.38830e+02
    5.78696e-01     2.35308e+02
    5.82711e-01     2.31837e+02
    5.86753e-01     2.28417e+02
    5.90824e-01     2.25029e+02
    5.94922e-01     2.21682e+02
    5.99049e-01     2.18376e+02
    6.03205e-01     2.15103e+02
    6.07390e-01     2.11879e+02
    6.11603e-01     2.08700e+02
    6.15846e-01     2.05567e+02
    6.20118e-01     2.02477e+02
    6.24420e-01     1.99438e+02
    6.28752e-01     1.96445e+02
    6.33113e-01     1.93496e+02
    6.37505e-01     1.90593e+02
    6.41928e-01     1.87740e+02
    6.46381e-01     1.84924e+02
    6.50865e-01     1.82139e+02
    6.55380e-01     1.79391e+02
    6.59927e-01     1.76683e+02
    6.64505e-01     1.74015e+02
    6.69114e-01     1.71385e+02
    6.73756e-01     1.68793e+02
    6.78430e-01     1.66239e+02
    6.83137e-01     1.63721e+02
    6.87876e-01     1.61240e+02
    6.92647e-01     1.58795e+02
    6.97453e-01     1.56385e+02
    7.02291e-01     1.54009e+02
    7.07163e-01     1.51668e+02
    7.12068e-01     1.49360e+02
    7.17008e-01     1.47086e+02
    7.21982e-01     1.44844e+02
    7.26991e-01     1.42634e+02
    7.32034e-01     1.40457e+02
    7.37112e-01     1.38311e+02
    7.42226e-01     1.36197e+02
    7.47375e-01     1.34114e+02
    7.52559e-01     1.32062e+02
    7.57780e-01     1.30039e+02
    7.63037e-01     1.28046e+02
    7.68330e-01     1.26082e+02
    7.73660e-01     1.24147e+02
    7.79027e-01     1.22239e+02
    7.84431e-01     1.20359e+02
    7.89873e-01     1.18506e+02
    7.95352e-01     1.16680e+02
    8.00870e-01     1.14881e+02
    8.06426e-01     1.13108e+02
    8.12020e-01     1.11362e+02
    8.17653e-01     1.09640e+02
    8.23325e-01     1.07945e+02
    8.29037e-01     1.06274e+02
    8.34788e-01     1.04628e+02
    8.40579e-01     1.03007e+02
    8.46410e-01     1.01409e+02
    8.52282e-01     9.98354e+01
    8.58194e-01     9.82851e+01
    8.64148e-01     9.67578e+01
    8.70143e-01     9.52534e+01
    8.76179e-01     9.37713e+01
    8.82257e-01     9.23115e+01
    8.88377e-01     9.08734e+01
    8.94540e-01     8.94569e+01
    9.00746e-01     8.80616e+01
    9.06994e-01     8.66872e+01
    9.13286e-01     8.53333e+01
    9.19622e-01     8.39997e+01
    9.26002e-01     8.26861e+01
    9.32425e-01     8.13921e+01
    9.38894e-01     8.01175e+01
    9.45407e-01     7.88619e+01
    9.51965e-01     7.76249e+01
    9.58569e-01     7.64064e+01
    9.65219e-01     7.52059e+01
    9.71915e-01     7.40231e+01
    9.78657e-01     7.28579e+01
    9.85446e-01     7.17101e+01
    9.92283e-01     7.05796e+01
    9.99166e-01     6.94664e+01
    1.00610e+00     6.83704e+01
    1.01308e+00     6.72914e+01
    1.02010e+00     6.62294e+01
    1.02718e+00     6.51841e+01
    1.03431e+00     6.41550e+01
    1.04148e+00     6.31418e+01
    1.04871e+00     6.21441e+01
    1.05598e+00     6.11615e+01
    1.06331e+00     6.01937e+01
    1.07068e+00     5.92404e+01
    1.07811e+00     5.83013e+01
    1.08559e+00     5.73761e+01
    1.09312e+00     5.64647e+01
    1.10070e+00     5.55669e+01
    1.10834e+00     5.46824e+01
    1.11603e+00     5.38110e+01
    1.12377e+00     5.29527e+01
    1.13157e+00     5.21074e+01
    1.13942e+00     5.12752e+01
    1.14732e+00     5.04560e+01
    1.15528e+00     4.96498e+01
    1.16329e+00     4.88566e+01
    1.17136e+00     4.80762e+01
    1.17949e+00     4.73081e+01
    1.18767e+00     4.65521e+01
    1.19591e+00     4.58078e+01
    1.20421e+00     4.50747e+01
    1.21256e+00     4.43525e+01
    1.22097e+00     4.36410e+01
    1.22944e+00     4.29400e+01
    1.23797e+00     4.22497e+01
    1.24656e+00     4.15701e+01
    1.25521e+00     4.09010e+01
    1.26392e+00     4.02426e+01
    1.27268e+00     3.95949e+01
    1.28151e+00     3.89576e+01
    1.29040e+00     3.83304e+01
    1.29935e+00     3.77131e+01
    1.30837e+00     3.71054e+01
    1.31744e+00     3.65069e+01
    1.32658e+00     3.59174e+01
    1.33579e+00     3.53368e+01
    1.34505e+00     3.47649e+01
    1.35438e+00     3.42017e+01
    1.36378e+00     3.36473e+01
    1.37324e+00     3.31015e+01
    1.38277e+00     3.25645e+01
    1.39236e+00     3.20360e+01
    1.40202e+00     3.15161e+01
    1.41174e+00     3.10046e+01
    1.42154e+00     3.05012e+01
    1.43140e+00     3.00058e+01
    1.44133e+00     2.95182e+01
    1.45133e+00     2.90384e+01
    1.46140e+00     2.85660e+01
    1.47153e+00     2.81011e+01
    1.48174e+00     2.76435e+01
    1.49202e+00     2.71932e+01
    1.50237e+00     2.67500e+01
    1.51279e+00     2.63138e+01
    1.52329e+00     2.58845e+01
    1.53386e+00     2.54621e+01
    1.54450e+00     2.50463e+01
    1.55521e+00     2.46371e+01
    1.56600e+00     2.42344e+01
    1.57686e+00     2.38380e+01
    1.58780e+00     2.34478e+01
    1.59882e+00     2.30638e+01
    1.60991e+00     2.26858e+01
    1.62108e+00     2.23138e+01
    1.63232e+00     2.19477e+01
    1.64365e+00     2.15874e+01
    1.65505e+00     2.12329e+01
    1.66653e+00     2.08841e+01
    1.67809e+00     2.05409e+01
    1.68973e+00     2.02031e+01
    1.70145e+00     1.98708e+01
    1.71326e+00     1.95439e+01
    1.72514e+00     1.92221e+01
    1.73711e+00     1.89055e+01
    1.74916e+00     1.85940e+01
    1.76129e+00     1.82875e+01
    1.77351e+00     1.79858e+01
    1.78582e+00     1.76889e+01
    1.79820e+00     1.73968e+01
    1.81068e+00     1.71092e+01
    1.82324e+00     1.68262e+01
    1.83589e+00     1.65477e+01
    1.84862e+00     1.62737e+01
    1.86145e+00     1.60041e+01
    1.87436e+00     1.57388e+01
    1.88736e+00     1.54778e+01
    1.90046e+00     1.52211e+01
    1.91364e+00     1.49686e+01
    1.92692e+00     1.47202e+01
    1.94028e+00     1.44758e+01
    1.95374e+00     1.42354e+01
    1.96730e+00     1.39990e+01
    1.98094e+00     1.37664e+01
    1.99469e+00     1.35376e+01
    2.00852e+00     1.33125e+01
    2.02246e+00     1.30910e+01
    2.03649e+00     1.28732e+01
    2.05061e+00     1.26589e+01
    2.06484e+00     1.24481e+01
    2.07916e+00     1.22407e+01
    2.09359e+00     1.20366e+01
    2.10811e+00     1.18359e+01
    2.12274e+00     1.16384e+01
    2.13746e+00     1.14440e+01
    2.15229e+00     1.12528e+01
    2.16722e+00     1.10645e+01
    2.18225e+00     1.08793e+01
    2.19739e+00     1.06970e+01
    2.21264e+00     1.05177e+01
    2.22799e+00     1.03413e+01
    2.24344e+00     1.01679e+01
    2.25900e+00     9.99742e+00
    2.27468e+00     9.82983e+00
    2.29046e+00     9.66508e+00
    2.30634e+00     9.50307e+00
    2.32234e+00     9.34374e+00
    2.33845e+00     9.18700e+00
    2.35468e+00     9.03279e+00
    2.37101e+00     8.88104e+00
    2.38746e+00     8.73170e+00
    2.40402e+00     8.58476e+00
    2.42070e+00     8.44021e+00
    2.43749e+00     8.29803e+00
    2.45440e+00     8.15819e+00
    2.47143e+00     8.02069e+00
    2.48857e+00     7.88550e+00
    2.50584e+00     7.75258e+00
    2.52322e+00     7.62186e+00
    2.54072e+00     7.49330e+00
    2.55835e+00     7.36686e+00
    2.57610e+00     7.24248e+00
    2.59397e+00     7.12012e+00
    2.61196e+00     6.99976e+00
    2.63008e+00     6.88135e+00
    2.64833e+00     6.76489e+00
    2.66670e+00     6.65035e+00
    2.68520e+00     6.53770e+00
    2.70383e+00     6.42693e+00
    2.72258e+00     6.31801e+00
    2.74147e+00     6.21089e+00
    2.76049e+00     6.10557e+00
    2.77964e+00     6.00199e+00
    2.79892e+00     5.90014e+00
    2.81834e+00     5.79999e+00
    2.83789e+00     5.70149e+00
    2.85757e+00     5.60463e+00
    2.87740e+00     5.50939e+00
    2.89736e+00     5.41574e+00
    2.91746e+00     5.32365e+00
    2.93770e+00     5.23310e+00
    2.95808e+00     5.14407e+00
    2.97860e+00     5.05653e+00
    2.99926e+00     4.97046e+00
    3.02007e+00     4.88582e+00
    3.04102e+00     4.80259e+00
    3.06211e+00     4.72074e+00
    3.08336e+00     4.64024e+00
    3.10475e+00     4.56107e+00
    3.12628e+00     4.48321e+00
    3.14797e+00     4.40664e+00
    3.16981e+00     4.33135e+00
    3.19180e+00     4.25732e+00
    3.21394e+00     4.18452e+00
    3.23624e+00     4.11296e+00
    3.25869e+00     4.04259e+00
    3.28129e+00     3.97341e+00
    3.30406e+00     3.90540e+00
    3.32698e+00     3.83853e+00
    3.35006e+00     3.77278e+00
    3.37330e+00     3.70814e+00
    3.39670e+00     3.64459e+00
    3.42026e+00     3.58211e+00
    3.44399e+00     3.52068e+00
    3.46788e+00     3.46028e+00
    3.49194e+00     3.40091e+00
    3.51616e+00     3.34253e+00
    3.54055e+00     3.28514e+00
    3.56511e+00     3.22871e+00
    3.58985e+00     3.17324e+00
    3.61475e+00     3.11870e+00
    3.63982e+00     3.06508e+00
    3.66508e+00     3.01236e+00
    3.69050e+00     2.96053e+00
    3.71610e+00     2.90957e+00
    3.74188e+00     2.85947e+00
    3.76784e+00     2.81021e+00
    3.79398e+00     2.76178e+00
    3.82030e+00     2.71417e+00
    3.84680e+00     2.66736e+00
    3.87348e+00     2.62134e+00
    3.90036e+00     2.57610e+00
    3.92741e+00     2.53162e+00
    3.95466e+00     2.48789e+00
    3.98209e+00     2.44491e+00
    4.00972e+00     2.40266e+00
    4.03753e+00     2.36113e+00
    4.06554e+00     2.32030e+00
    4.09374e+00     2.28017e+00
    4.12214e+00     2.24073e+00
    4.15074e+00     2.20195e+00
    4.17953e+00     2.16384e+00
    4.20853e+00     2.12637e+00
    4.23772e+00     2.08954e+00
    4.26712e+00     2.05333e+00
    4.29672e+00     2.01774e+00
    4.32653e+00     1.98276e+00
    4.35654e+00     1.94838e+00
    4.38677e+00     1.91458e+00
    4.41720e+00     1.88136e+00
    4.44784e+00     1.84870e+00
    4.47870e+00     1.81661e+00
    4.50976e+00     1.78506e+00
    4.54105e+00     1.75405e+00
    4.57255e+00     1.72357e+00
    4.60427e+00     1.69362e+00
    4.63621e+00     1.66417e+00
    4.66837e+00     1.63523e+00
    4.70076e+00     1.60678e+00
    4.73337e+00     1.57881e+00
    4.76621e+00     1.55132e+00
    4.79927e+00     1.52431e+00
    4.83256e+00     1.49775e+00
    4.86609e+00     1.47164e+00
    4.89984e+00     1.44599e+00
    4.93384e+00     1.42077e+00
    4.96806e+00     1.39599e+00
    5.00253e+00     1.37164e+00
    5.03723e+00     1.34770e+00
    5.07217e+00     1.32418e+00
    5.10736e+00     1.30107e+00
    5.14279e+00     1.27835e+00
    5.17847e+00     1.25603e+00
    5.21439e+00     1.23408e+00
    5.25056e+00     1.21250e+00
    5.28699e+00     1.19129e+00
    5.32366e+00     1.17044e+00
    5.36060e+00     1.14995e+00
    5.39778e+00     1.12980e+00
    5.43523e+00     1.11001e+00
    5.47293e+00     1.09056e+00
    5.51090e+00     1.07145e+00
    5.54913e+00     1.05268e+00
    5.58763e+00     1.03424e+00
    5.62639e+00     1.01612e+00
    5.66542e+00     9.98307e-01
    5.70472e+00     9.80805e-01
    5.74430e+00     9.63603e-01
    5.78414e+00     9.46696e-01
    5.82427e+00     9.30078e-01
    5.86467e+00     9.13745e-01
    5.90536e+00     8.97693e-01
    5.94632e+00     8.81917e-01
    5.98758e+00     8.66413e-01
    6.02911e+00     8.51177e-01
    6.07094e+00     8.36205e-01
    6.11305e+00     8.21492e-01
    6.15546e+00     8.07034e-01
    6.19816e+00     7.92828e-01
    6.24116e+00     7.78869e-01
    6.28445e+00     7.65152e-01
    6.32805e+00     7.51675e-01
    6.37195e+00     7.38434e-01
    6.41615e+00     7.25423e-01
    6.46066e+00     7.12640e-01
    6.50548e+00     7.00080e-01
    6.55061e+00     6.87741e-01
    6.59605e+00     6.75617e-01
    6.64181e+00     6.63705e-01
    6.68789e+00     6.52000e-01
    6.73428e+00     6.40499e-01
    6.78100e+00     6.29197e-01
    6.82804e+00     6.18089e-01
    6.87541e+00     6.07172e-01
    6.92310e+00     5.96443e-01
    6.97113e+00     5.85898e-01
    7.01949e+00     5.75535e-01
    7.06818e+00     5.65353e-01
    7.11722e+00     5.55348e-01
    7.16659e+00     5.45518e-01
    7.21631e+00     5.35861e-01
    7.26637e+00     5.26374e-01
    7.31677e+00     5.17053e-01
    7.36753e+00     5.07896e-01
    7.41864e+00     4.98899e-01
    7.47011e+00     4.90059e-01
    7.52193e+00     4.81374e-01
    7.57411e+00     4.72840e-01
    7.62665e+00     4.64456e-01
    7.67956e+00     4.56218e-01
    7.73283e+00     4.48124e-01
    7.78648e+00     4.40172e-01
    7.84049e+00     4.32359e-01
    7.89488e+00     4.24683e-01
    7.94965e+00     4.17141e-01
    8.00480e+00     4.09732e-01
    8.06033e+00     4.02452e-01
    8.11624e+00     3.95299e-01
    8.17255e+00     3.88272e-01
    8.22924e+00     3.81368e-01
    8.28633e+00     3.74584e-01
    8.34381e+00     3.67920e-01
    8.40170e+00     3.61373e-01
    8.45998e+00     3.54940e-01
    8.51867e+00     3.48622e-01
    8.57776e+00     3.42414e-01
    8.63727e+00     3.36317e-01
    8.69719e+00     3.30327e-01
    8.75752e+00     3.24442e-01
    8.81827e+00     3.18661e-01
    8.87945e+00     3.12982e-01
    8.94105e+00     3.07403e-01
    9.00307e+00     3.01922e-01
    9.06553e+00     2.96537e-01
    9.12842e+00     2.91246e-01
    9.19174e+00     2.86049e-01
    9.25551e+00     2.80943e-01
    9.31971e+00     2.75927e-01
    9.38436e+00     2.71000e-01
    9.44947e+00     2.66159e-01
    9.51502e+00     2.61404e-01
    9.58102e+00     2.56732e-01
    9.64749e+00     2.52143e-01
    9.71442e+00     2.47635e-01
    9.78181e+00     2.43206e-01
    9.84966e+00     2.38855e-01
    9.91799e+00     2.34581e-01
    9.98680e+00     2.30382e-01
    1.00561e+01     2.26257e-01
    1.01258e+01     2.22206e-01
    1.01961e+01     2.18227e-01
    1.02668e+01     2.14319e-01
    1.03380e+01     2.10481e-01
    1.04098e+01     2.06712e-01
    1.04820e+01     2.03010e-01
    1.05547e+01     1.99374e-01
    1.06279e+01     1.95802e-01
    1.07016e+01     1.92295e-01
    1.07759e+01     1.88850e-01
    1.08506e+01     1.85466e-01
    1.09259e+01     1.82142e-01
    1.10017e+01     1.78875e-01
    1.10780e+01     1.75666e-01
    1.11549e+01     1.72511e-01
    1.12322e+01     1.69411e-01
    1.13102e+01     1.66364e-01
    1.13886e+01     1.63369e-01
    1.14676e+01     1.60427e-01
    1.15472e+01     1.57537e-01
    1.16273e+01     1.54699e-01
    1.17079e+01     1.51912e-01
    1.17892e+01     1.49177e-01
    1.18709e+01     1.46491e-01
    1.19533e+01     1.43854e-01
    1.20362e+01     1.41265e-01
    1.21197e+01     1.38724e-01
    1.22038e+01     1.36228e-01
    1.22885e+01     1.33779e-01
    1.23737e+01     1.31373e-01
    1.24595e+01     1.29011e-01
    1.25460e+01     1.26691e-01
    1.26330e+01     1.24411e-01
    1.27206e+01     1.22172e-01
    1.28089e+01     1.19971e-01
    1.28977e+01     1.17808e-01
    1.29872e+01     1.15682e-01
    1.30773e+01     1.13594e-01
    1.31680e+01     1.11543e-01
    1.32594e+01     1.09528e-01
    1.33514e+01     1.07549e-01
    1.34440e+01     1.05606e-01
    1.35372e+01     1.03698e-01
    1.36312e+01     1.01824e-01
    1.37257e+01     9.99849e-02
    1.38209e+01     9.81788e-02
    1.39168e+01     9.64055e-02
    1.40134e+01     9.46644e-02
    1.41106e+01     9.29548e-02
    1.42085e+01     9.12760e-02
    1.43070e+01     8.96271e-02
    1.44063e+01     8.80074e-02
    1.45062e+01     8.64163e-02
    1.46068e+01     8.48528e-02
    1.47082e+01     8.33166e-02
    1.48102e+01     8.18071e-02
    1.49129e+01     8.03243e-02
    1.50164e+01     7.88679e-02
    1.51206e+01     7.74377e-02
    1.52255e+01     7.60335e-02
    1.53311e+01     7.46550e-02
    1.54374e+01     7.33018e-02
    1.55445e+01     7.19733e-02
    1.56524e+01     7.06691e-02
    1.57610e+01     6.93884e-02
    1.58703e+01     6.81309e-02
    1.59804e+01     6.68960e-02
    1.60912e+01     6.56831e-02
    1.62029e+01     6.44919e-02
    1.63153e+01     6.33219e-02
    1.64285e+01     6.21727e-02
    1.65424e+01     6.10440e-02
    1.66572e+01     5.99352e-02
    1.67727e+01     5.88460e-02
    1.68891e+01     5.77761e-02
    1.70062e+01     5.67254e-02
    1.71242e+01     5.56936e-02
    1.72430e+01     5.46804e-02
    1.73626e+01     5.36858e-02
    1.74831e+01     5.27094e-02
    1.76044e+01     5.17510e-02
    1.77265e+01     5.08101e-02
    1.78495e+01     4.98862e-02
    1.79733e+01     4.89789e-02
    1.80980e+01     4.80879e-02
    1.82235e+01     4.72126e-02
    1.83499e+01     4.63526e-02
    1.84772e+01     4.55079e-02
    1.86054e+01     4.46781e-02
    1.87345e+01     4.38633e-02
    1.88644e+01     4.30633e-02
    1.89953e+01     4.22779e-02
    1.91271e+01     4.15070e-02
    1.92598e+01     4.07504e-02
    1.93934e+01     4.00077e-02
    1.95279e+01     3.92786e-02
    1.96634e+01     3.85628e-02
    1.97998e+01     3.78599e-02
    1.99371e+01     3.71697e-02
    2.00755e+01     3.64918e-02
    2.02147e+01     3.58260e-02
    2.03549e+01     3.51721e-02
    2.04962e+01     3.45301e-02
    2.06383e+01     3.38995e-02
    2.07815e+01     3.32803e-02
    2.09257e+01     3.26723e-02
    2.10708e+01     3.20753e-02
    2.12170e+01     3.14891e-02
    2.13642e+01     3.09135e-02
    2.15124e+01     3.03483e-02
    2.16616e+01     2.97934e-02
    2.18119e+01     2.92484e-02
    2.19632e+01     2.87134e-02
    2.21156e+01     2.81880e-02
    2.22690e+01     2.76721e-02
    2.24235e+01     2.71656e-02
    2.25790e+01     2.66683e-02
    2.27357e+01     2.61799e-02
    2.28934e+01     2.57004e-02
    2.30522e+01     2.52297e-02
    2.32121e+01     2.47675e-02
    2.33732e+01     2.43137e-02
    2.35353e+01     2.38682e-02
    2.36986e+01     2.34310e-02
    2.38630e+01     2.30017e-02
    2.40285e+01     2.25804e-02
    2.41952e+01     2.21668e-02
    2.43630e+01     2.17607e-02
    2.45321e+01     2.13620e-02
    2.47022e+01     2.09704e-02
    2.48736e+01     2.05858e-02
    2.50462e+01     2.02080e-02
    2.52199e+01     1.98370e-02
    2.53949e+01     1.94726e-02
    2.55710e+01     1.91148e-02
    2.57484e+01     1.87635e-02
    2.59270e+01     1.84187e-02
    2.61069e+01     1.80803e-02
    2.62880e+01     1.77481e-02
    2.64704e+01     1.74220e-02
    2.66540e+01     1.71020e-02
    2.68389e+01     1.67878e-02
    2.70251e+01     1.64794e-02
    2.72126e+01     1.61765e-02
    2.74013e+01     1.58792e-02
    2.75914e+01     1.55873e-02
    2.77828e+01     1.53007e-02
    2.79756e+01     1.50192e-02
    2.81696e+01     1.47429e-02
    2.83651e+01     1.44716e-02
    2.85618e+01     1.42053e-02
    2.87600e+01     1.39438e-02
    2.89595e+01     1.36870e-02
    2.91604e+01     1.34350e-02
    2.93627e+01     1.31875e-02
    2.95664e+01     1.29445e-02
    2.97715e+01     1.27060e-02
    2.99780e+01     1.24718e-02
    3.01860e+01     1.22419e-02
    3.03954e+01     1.20162e-02
    3.06062e+01     1.17946e-02
    3.08185e+01     1.15772e-02
    3.10323e+01     1.13637e-02
    3.12476e+01     1.11542e-02
    3.14644e+01     1.09486e-02
    3.16827e+01     1.07468e-02
    3.19024e+01     1.05487e-02
    3.21238e+01     1.03541e-02
    3.23466e+01     1.01631e-02
    3.25710e+01     9.97549e-03
    3.27969e+01     9.79124e-03
    3.30245e+01     9.61031e-03
    3.32536e+01     9.43265e-03
    3.34842e+01     9.25825e-03
    3.37165e+01     9.08706e-03
    3.39504e+01     8.91904e-03
    3.41859e+01     8.75417e-03
    3.44231e+01     8.59237e-03
    3.46619e+01     8.43357e-03
    3.49024e+01     8.27771e-03
    3.51445e+01     8.12471e-03
    3.53883e+01     7.97451e-03
    3.56338e+01     7.82704e-03
    3.58810e+01     7.68226e-03
    3.61299e+01     7.54010e-03
    3.63805e+01     7.40054e-03
    3.66329e+01     7.26353e-03
    3.68870e+01     7.12903e-03
    3.71429e+01     6.99700e-03
    3.74006e+01     6.86739e-03
    3.76600e+01     6.74017e-03
    3.79213e+01     6.61530e-03
    3.81844e+01     6.49272e-03
    3.84492e+01     6.37240e-03
    3.87160e+01     6.25430e-03
    3.89846e+01     6.13838e-03
    3.92550e+01     6.02459e-03
    3.95273e+01     5.91290e-03
    3.98015e+01     5.80327e-03
    4.00776e+01     5.69566e-03
    4.03557e+01     5.59003e-03
    4.06356e+01     5.48635e-03
    4.09175e+01     5.38457e-03
    4.12014e+01     5.28467e-03
    4.14872e+01     5.18660e-03
    4.17750e+01     5.09033e-03
    4.20648e+01     4.99581e-03
    4.23566e+01     4.90303e-03
    4.26504e+01     4.81195e-03
    4.29463e+01     4.72253e-03
    4.32442e+01     4.63475e-03
    4.35442e+01     4.54859e-03
    4.38463e+01     4.46403e-03
    4.41505e+01     4.38104e-03
    4.44567e+01     4.29959e-03
    4.47651e+01     4.21966e-03
    4.50757e+01     4.14122e-03
    4.53884e+01     4.06423e-03
    4.57032e+01     3.98867e-03
    4.60203e+01     3.91449e-03
    4.63395e+01     3.84167e-03
    4.66610e+01     3.77018e-03
    4.69847e+01     3.70000e-03
    4.73106e+01     3.63110e-03
    4.76388e+01     3.56347e-03
    4.79693e+01     3.49709e-03
    4.83021e+01     3.43194e-03
    4.86372e+01     3.36800e-03
    4.89746e+01     3.30524e-03
    4.93143e+01     3.24365e-03
    4.96564e+01     3.18320e-03
    5.00009e+01     3.12387e-03
    5.03478e+01     3.06564e-03
    5.06970e+01     3.00848e-03
    5.10487e+01     2.95237e-03
    5.14029e+01     2.89730e-03
    5.17595e+01     2.84324e-03
    5.21185e+01     2.79019e-03
    5.24801e+01     2.73812e-03
    5.28441e+01     2.68701e-03
    5.32107e+01     2.63685e-03
    5.35799e+01     2.58762e-03
    5.39515e+01     2.53931e-03
    5.43258e+01     2.49189e-03
    5.47027e+01     2.44534e-03
    5.50822e+01     2.39965e-03
    5.54643e+01     2.35480e-03
    5.58490e+01     2.31078e-03
    5.62365e+01     2.26756e-03
    5.66266e+01     2.22515e-03
    5.70194e+01     2.18352e-03
    5.74150e+01     2.14267e-03
    5.78133e+01     2.10259e-03
    5.82143e+01     2.06326e-03
    5.86182e+01     2.02467e-03
    5.90248e+01     1.98680e-03
    5.94343e+01     1.94963e-03
    5.98466e+01     1.91315e-03
    6.02618e+01     1.87734e-03
    6.06798e+01     1.84219e-03
    6.11007e+01     1.80768e-03
    6.15246e+01     1.77380e-03
    6.19514e+01     1.74054e-03
    6.23812e+01     1.70791e-03
    6.28139e+01     1.67588e-03
    6.32497e+01     1.64445e-03
    6.36885e+01     1.61362e-03
    6.41303e+01     1.58336e-03
    6.45752e+01     1.55367e-03
    6.50231e+01     1.52454e-03
    6.54742e+01     1.49595e-03
    6.59284e+01     1.46790e-03
    6.63858e+01     1.44036e-03
    6.68463e+01     1.41333e-03
    6.73100e+01     1.38680e-03
    6.77769e+01     1.36077e-03
    6.82471e+01     1.33521e-03
    6.87206e+01     1.31013e-03
    6.91973e+01     1.28551e-03
    6.96773e+01     1.26135e-03
    7.01607e+01     1.23763e-03
    7.06474e+01     1.21436e-03
    7.11375e+01     1.19152e-03
    7.16310e+01     1.16910e-03
    7.21279e+01     1.14711e-03
    7.26283e+01     1.12552e-03
    7.31321e+01     1.10433e-03
    7.36394e+01     1.08354e-03
    7.41503e+01     1.06314e-03
    7.46647e+01     1.04313e-03
    7.51826e+01     1.02349e-03
    7.57042e+01     1.00422e-03
    7.62294e+01     9.85311e-04
    7.67582e+01     9.66760e-04
    7.72907e+01     9.48557e-04
    7.78268e+01     9.30691e-04
    7.83667e+01     9.13156e-04
    7.89104e+01     8.95943e-04
    7.94578e+01     8.79045e-04
    8.00090e+01     8.62458e-04
    8.05640e+01     8.46176e-04
    8.11229e+01     8.30198e-04
    8.16857e+01     8.14518e-04
    8.22523e+01     7.99135e-04
    8.28229e+01     7.84043e-04
    8.33975e+01     7.69239e-04
    8.39760e+01     7.54716e-04
    8.45586e+01     7.40465e-04
    8.51452e+01     7.26482e-04
    8.57359e+01     7.12758e-04
    8.63306e+01     6.99288e-04
    8.69295e+01     6.86066e-04
    8.75326e+01     6.73087e-04
    8.81398e+01     6.60349e-04
    8.87512e+01     6.47847e-04
    8.93669e+01     6.35580e-04
    8.99869e+01     6.23544e-04
    9.06111e+01     6.11736e-04
    9.12397e+01     6.00152e-04
    9.18726e+01     5.88787e-04
    9.25100e+01     5.77636e-04
    9.31517e+01     5.66694e-04
    9.37979e+01     5.55957e-04
    9.44486e+01     5.45420e-04
    9.51038e+01     5.35079e-04
    9.57636e+01     5.24931e-04
    9.64279e+01     5.14972e-04
    9.70968e+01     5.05198e-04
    9.77704e+01     4.95608e-04
    9.84487e+01     4.86198e-04
    9.91316e+01     4.76964e-04
    9.98193e+01     4.67905e-04
    1.00512e+02     4.59017e-04
    1.01209e+02     4.50296e-04
    1.01911e+02     4.41741e-04
    1.02618e+02     4.33348e-04
    1.03330e+02     4.25115e-04
