# k, xm.power, xs.power, xd.power,  pm1.power, pm2.power, ps1.power, ps2.power, pd1.power, pd2.power
0.000000000000000000e+00 0.000000000000000000e+00 0.000000000000000000e+00 0.000000000000000000e+00 0.000000000000000000e+00 0.000000000000000000e+00 0.000000000000000000e+00 0.000000000000000000e+00 0.000000000000000000e+00 0.000000000000000000e+00
8.691056022563805813e-03 -1.397966317689189732e-04 3.166443990384615608e+04 2.046842848557692378e+03 5.811661835535959063e-11 1.559212019230769329e+04 3.166443990384615608e+04 3.166443990384615608e+04 2.046842848557692378e+03 2.046842848557692378e+03
1.503254434404273886e-02 -8.141188623590601514e-05 2.411289756944444161e+04 1.561972981770833258e+03 7.444673889701726433e-11 1.302900694444444343e+04 2.411289756944444161e+04 2.411289756944444161e+04 1.561972981770833258e+03 1.561972981770833258e+03
2.104537904654678673e-02 -1.551692778440682529e-05 2.311805427631578641e+04 1.483339432565789366e+03 1.076486268546336446e-10 1.270930756578947330e+04 2.311805427631578641e+04 2.311805427631578641e+04 1.483339432565789366e+03 1.483339432565789366e+03
2.718418752217394846e-02 -7.158710470056942629e-05 1.736164636752137085e+04 1.121970886752136948e+03 8.832666412138127824e-11 9.284895299145300669e+03 1.736164636752137085e+04 1.736164636752137085e+04 1.121970886752136948e+03 1.121970886752136948e+03
3.359305548768203725e-02 2.819205228365384755e+03 1.979568269230769511e+04 1.280895883413461661e+03 2.916673978365384755e+03 1.128857812500000000e+04 1.979568269230769511e+04 1.979568269230769511e+04 1.280895883413461661e+03 1.280895883413461661e+03
3.967812110980351720e-02 3.044901822916666788e+03 1.595317291666666642e+04 1.023644661458333303e+03 3.201385156249999909e+03 8.735764583333333576e+03 1.595317291666666642e+04 1.595317291666666642e+04 1.023644661458333303e+03 1.023644661458333303e+03
4.573133090443888549e-02 4.001565789473684163e+03 1.407315650969529088e+04 8.994242555401662003e+02 4.166379501385041294e+03 7.767428670360111028e+03 1.407315650969529088e+04 1.407315650969529088e+04 8.994242555401662003e+02 8.994242555401662003e+02
5.186912300623527233e-02 4.031713672768878951e+03 1.295331006864988558e+04 8.233877288329518933e+02 4.215642162471395750e+03 7.106197940503432619e+03 1.295331006864988558e+04 1.295331006864988558e+04 8.233877288329518933e+02 8.233877288329518933e+02
5.807971256735403043e-02 3.837867039586919418e+03 1.189996299483648909e+04 7.604155012908778417e+02 4.055175989672977721e+03 6.563966006884681519e+03 1.189996299483648909e+04 1.189996299483648909e+04 7.604155012908778417e+02 7.604155012908778417e+02
6.422094742881356844e-02 4.206698085419734525e+03 1.138430633284241594e+04 7.237586524300442079e+02 4.445436671575846958e+03 6.290008100147275400e+03 1.138430633284241594e+04 1.138430633284241594e+04 7.237586524300442079e+02 7.237586524300442079e+02
7.029194303550849454e-02 3.348946078431372371e+03 8.990158088235293690e+03 5.763788679534313815e+02 3.603543811274509608e+03 5.014466299019607504e+03 8.990158088235293690e+03 8.990158088235293690e+03 5.763788679534313815e+02 5.763788679534313815e+02
7.656976085866129544e-02 3.683140962671905527e+03 9.091929273084479064e+03 5.805507121807464728e+02 3.964362475442042978e+03 5.127474950884085956e+03 9.091929273084479064e+03 9.091929273084479064e+03 5.805507121807464728e+02 5.805507121807464728e+02
8.283279975513359317e-02 3.305127922077921994e+03 7.641761904761904589e+03 4.840359848484848726e+02 3.584085064935065020e+03 4.326288744588744521e+03 7.641761904761904589e+03 7.641761904761904589e+03 4.840359848484848726e+02 4.840359848484848726e+02
8.886264192081894109e-02 2.885775909810126450e+03 7.028919303797468274e+03 4.431965981012658062e+02 3.142976068037974528e+03 3.912809731012658176e+03 7.028919303797468274e+03 7.028919303797468274e+03 4.431965981012658062e+02 4.431965981012658062e+02
9.493524398572131262e-02 2.667107073011733974e+03 6.163104302477183410e+03 3.888318529986962062e+02 2.931865384615384755e+03 3.433776727509778084e+03 6.163104302477183410e+03 6.163104302477183410e+03 3.888318529986962062e+02 3.888318529986962062e+02
1.010510809291368245e-01 2.465517090139141146e+03 5.545301875378100704e+03 3.519304295220811127e+02 2.727893526920750446e+03 3.129465214761040897e+03 5.545301875378100704e+03 5.545301875378100704e+03 3.519304295220811127e+02 3.519304295220811127e+02
1.071918355362574127e-01 2.293344433146924075e+03 5.060448906964921662e+03 3.186601741230300036e+02 2.563657600406710571e+03 2.869331469242501498e+03 5.060448906964921662e+03 5.060448906964921662e+03 3.186601741230300036e+02 3.186601741230300036e+02
1.133640700251744293e-01 2.137090951711204980e+03 4.749401312705110286e+03 2.971420241443975669e+02 2.428415611814345993e+03 2.661496483825597807e+03 4.749401312705110286e+03 4.749401312705110286e+03 2.971420241443975669e+02 2.971420241443975669e+02
1.195184611122857843e-01 2.032428452231956499e+03 4.620261159783061885e+03 2.875108468919482902e+02 2.321621818940342109e+03 2.595413850646641549e+03 4.620261159783061885e+03 4.620261159783061885e+03 2.875108468919482902e+02 2.875108468919482902e+02
1.256657517103361710e-01 1.897422201138519995e+03 4.224255028462997871e+03 2.633370730550284406e+02 2.210828462998102623e+03 2.393533396584440197e+03 4.224255028462997871e+03 4.224255028462997871e+03 2.633370730550284406e+02 2.633370730550284406e+02
1.317871926578333408e-01 1.856763468891206230e+03 4.090077163712200218e+03 2.526323427181091574e+02 2.136723322905804707e+03 2.335945081682308228e+03 4.090077163712200218e+03 4.090077163712200218e+03 2.526323427181091574e+02 2.526323427181091574e+02
1.378887696062481294e-01 1.755421185372005084e+03 3.827851197982345639e+03 2.346983370113493095e+02 2.049114438839848845e+03 2.170121216897856357e+03 3.827851197982345639e+03 3.827851197982345639e+03 2.346983370113493095e+02 2.346983370113493095e+02
1.440612672229828750e-01 1.655326775021385856e+03 3.486080125463359309e+03 2.176596449957228572e+02 1.952732820074137635e+03 2.048619190191046528e+03 3.486080125463359309e+03 3.486080125463359309e+03 2.176596449957228572e+02 2.176596449957228572e+02
1.501845201433902877e-01 1.455233297121129681e+03 3.177390548614882846e+03 1.967097535306898237e+02 1.762561651276480006e+03 1.840210483432916817e+03 3.177390548614882846e+03 3.177390548614882846e+03 1.967097535306898237e+02 1.967097535306898237e+02
1.563418093457785985e-01 1.353123899071649703e+03 2.889947155439181188e+03 1.777940222566055581e+02 1.666152225660556951e+03 1.685798857414901249e+03 2.889947155439181188e+03 2.889947155439181188e+03 1.777940222566055581e+02 1.777940222566055581e+02
1.625438955957596576e-01 1.281421606775005785e+03 2.698965438315403844e+03 1.665686369878690698e+02 1.585840695811398518e+03 1.585819981689173801e+03 2.698965438315403844e+03 2.698965438315403844e+03 1.665686369878690698e+02 1.665686369878690698e+02
1.686940235306336466e-01 1.195261633919338010e+03 2.513955739400206767e+03 1.554039296794208838e+02 1.492444674250258458e+03 1.498983143743536630e+03 2.513955739400206767e+03 2.513955739400206767e+03 1.554039296794208838e+02 1.554039296794208838e+02
1.747987378343396903e-01 1.103612449392712506e+03 2.364508299595141580e+03 1.457786563765181995e+02 1.401840688259109356e+03 1.408112955465586992e+03 2.364508299595141580e+03 2.364508299595141580e+03 1.457786563765181995e+02 1.457786563765181995e+02
1.809057159377772395e-01 1.081098562443845367e+03 2.314580233602875069e+03 1.402518306379155320e+02 1.378000449236298209e+03 1.353763342318059358e+03 2.314580233602875069e+03 2.314580233602875069e+03 1.402518306379155320e+02 1.402518306379155320e+02
1.870079494254630881e-01 1.025813508771929719e+03 2.212809122807017502e+03 1.331067105263157657e+02 1.327330526315789484e+03 1.292958070175438479e+03 2.212809122807017502e+03 2.212809122807017502e+03 1.331067105263157657e+02 1.331067105263157657e+02
1.931644028143169878e-01 9.952153749410471164e+02 2.111757899701305178e+03 1.295143255777393563e+02 1.291284074831001590e+03 1.271616726929728202e+03 2.111757899701305178e+03 2.111757899701305178e+03 1.295143255777393563e+02 1.295143255777393563e+02
1.993257601852206906e-01 9.337920273348520368e+02 2.017917539863325828e+03 1.205772019741837511e+02 1.236965983295368233e+03 1.184675778283978843e+03 2.017917539863325828e+03 2.017917539863325828e+03 1.205772019741837511e+02 1.205772019741837511e+02
2.054762598507901550e-01 9.257875370083181679e+02 1.937086705202312260e+03 1.159662078810094528e+02 1.228470322853517700e+03 1.160642393909488419e+03 1.937086705202312260e+03 1.937086705202312260e+03 1.159662078810094528e+02 1.159662078810094528e+02
2.116257382464896697e-01 8.633478406204038720e+02 1.769727904800107126e+03 1.060050474662388069e+02 1.183218879529348897e+03 1.066606899318090655e+03 1.769727904800107126e+03 1.769727904800107126e+03 1.060050474662388069e+02 1.060050474662388069e+02
2.177578654451892970e-01 7.974177952157955360e+02 1.653966459941779704e+03 9.914344703202127107e+01 1.110885584103278006e+03 1.005753828629287455e+03 1.653966459941779704e+03 1.653966459941779704e+03 9.914344703202127107e+01 9.914344703202127107e+01
2.238991135097555263e-01 7.346609339543771284e+02 1.570648871372267877e+03 9.222858443807476192e+01 1.038947689000358196e+03 9.401516780126596586e+02 1.570648871372267877e+03 1.570648871372267877e+03 9.222858443807476192e+01 9.222858443807476192e+01
2.300081978121491233e-01 7.567758640355880289e+02 1.510435610813276980e+03 9.048248403102543591e+01 1.069569522071404208e+03 9.430052469487851567e+02 1.510435610813276980e+03 1.510435610813276980e+03 9.048248403102543591e+01 9.048248403102543591e+01
2.361454707693454169e-01 6.807168004280363220e+02 1.381014446227929284e+03 8.194175361155697601e+01 9.850225789192080583e+02 8.618256286784376243e+02 1.381014446227929284e+03 1.381014446227929284e+03 8.194175361155697601e+01 8.194175361155697601e+01
2.422857100963227428e-01 6.643447360359440381e+02 1.342310732155621281e+03 7.930020805677524720e+01 9.844899417951597798e+02 8.321540385989992501e+02 1.342310732155621281e+03 1.342310732155621281e+03 7.930020805677524720e+01 7.930020805677524720e+01
2.484099584913142256e-01 6.531019294484506190e+02 1.324678620152017174e+03 7.765772388423309280e+01 9.604321769635548662e+02 8.260333268368739255e+02 1.324678620152017174e+03 1.324678620152017174e+03 7.765772388423309280e+01 7.765772388423309280e+01
2.545441957051269855e-01 6.290389802327729285e+02 1.258945501570293800e+03 7.355798540550526354e+01 9.400051727323111663e+02 7.855613338259745433e+02 1.258945501570293800e+03 1.258945501570293800e+03 7.355798540550526354e+01 7.355798540550526354e+01
2.606917133414053955e-01 6.026500439367310946e+02 1.200754393673110826e+03 6.943739015817223503e+01 9.205282073813708621e+02 7.486267135325132358e+02 1.200754393673110826e+03 1.200754393673110826e+03 6.943739015817223503e+01 6.943739015817223503e+01
2.668580198415695381e-01 5.687972543110664674e+02 1.162394525364138644e+03 6.629230495563368208e+01 8.824324460070315581e+02 7.190940900719905358e+02 1.162394525364138644e+03 1.162394525364138644e+03 6.629230495563368208e+01 6.629230495563368208e+01
2.730019564931540632e-01 5.544986320109438793e+02 1.115917035487245357e+03 6.394816226764302769e+01 8.726492315120301555e+02 6.989931600547195103e+02 1.115917035487245357e+03 1.115917035487245357e+03 6.394816226764302769e+01 6.394816226764302769e+01
2.791389873202678173e-01 5.296568356374807536e+02 1.051874654377880233e+03 6.059112903225806690e+01 8.476437019969278026e+02 6.686043778801843018e+02 1.051874654377880233e+03 1.051874654377880233e+03 6.059112903225806690e+01 6.059112903225806690e+01
2.852424996643880273e-01 5.088876287121325390e+02 9.919861960901357634e+02 5.672180458140576320e+01 8.256587076555738349e+02 6.377701835546932898e+02 9.919861960901357634e+02 9.919861960901357634e+02 5.672180458140576320e+01 5.672180458140576320e+01
2.913531997893986092e-01 4.930064210526315378e+02 9.603939649122805804e+02 5.460618859649122214e+01 8.107866666666666333e+02 6.166095438596490794e+02 9.603939649122805804e+02 9.603939649122805804e+02 5.460618859649122214e+01 5.460618859649122214e+01
2.975143171497069416e-01 4.716088147747259995e+02 9.075947774320119379e+02 5.123367101880665331e+01 7.892577459071843577e+02 5.870363956162900649e+02 9.075947774320119379e+02 9.075947774320119379e+02 5.123367101880665331e+01 5.123367101880665331e+01
3.036544665973567314e-01 4.644019264448336344e+02 8.858801971849258052e+02 4.979526658883051482e+01 7.909046507102549413e+02 5.747906856067977515e+02 8.858801971849258052e+02 8.858801971849258052e+02 4.979526658883051482e+01 4.979526658883051482e+01
3.097883787544665757e-01 4.373714644089055810e+02 8.447121354656632093e+02 4.683047977422388897e+01 7.643402320476637897e+02 5.489132016306051582e+02 8.447121354656632093e+02 8.447121354656632093e+02 4.683047977422388897e+01 4.683047977422388897e+01
3.159486680635095190e-01 4.223823964935141930e+02 8.220055677308536133e+02 4.583957235088551130e+01 7.460197832138837839e+02 5.347113072321270693e+02 8.220055677308536133e+02 8.220055677308536133e+02 4.583957235088551130e+01 4.583957235088551130e+01
3.221066234444813769e-01 4.076705257660167376e+02 7.893171425255338818e+02 4.369601975974930497e+01 7.277588788300835176e+02 5.170080663881151395e+02 7.893171425255338818e+02 7.893171425255338818e+02 4.369601975974930497e+01 4.369601975974930497e+01
3.282572612915165555e-01 4.002039757040309382e+02 7.650260629486472226e+02 4.205071783545002972e+01 7.300865267807840837e+02 5.002070679182772324e+02 7.650260629486472226e+02 7.650260629486472226e+02 4.205071783545002972e+01 4.205071783545002972e+01
3.343544383171894174e-01 3.902500954458685669e+02 7.397901827106627479e+02 4.077553176983910532e+01 7.195361330788110763e+02 4.920889555494954948e+02 7.397901827106627479e+02 7.397901827106627479e+02 4.077553176983910532e+01 4.077553176983910532e+01
3.404813620364756654e-01 3.736866339418111238e+02 7.142978473180958190e+02 3.883647479163470706e+01 7.003218285013039122e+02 4.749948867413202152e+02 7.142978473180958190e+02 7.142978473180958190e+02 3.883647479163470706e+01 3.883647479163470706e+01
3.466259536752008263e-01 3.639637074540077037e+02 6.820678229485187103e+02 3.689029838588400168e+01 6.925623840794024773e+02 4.575322572560028220e+02 6.820678229485187103e+02 6.820678229485187103e+02 3.689029838588400168e+01 3.689029838588400168e+01
3.527314914776840671e-01 3.558333414113997719e+02 6.601308162078324813e+02 3.558750060585498431e+01 6.932142303218300867e+02 4.423256591702210017e+02 6.601308162078324813e+02 6.601308162078324813e+02 3.558750060585498431e+01 3.558750060585498431e+01
3.588700951741782830e-01 3.411216297322253013e+02 6.365514312096029244e+02 3.404536011080332258e+01 6.739057248384117429e+02 4.283866112650046034e+02 6.365514312096029244e+02 6.365514312096029244e+02 3.404536011080332258e+01 3.404536011080332258e+01
3.650083489029407047e-01 3.245667888828535297e+02 6.082938167662501883e+02 3.239461117146478131e+01 6.537343834872351636e+02 4.085400144848813966e+02 6.082938167662501883e+02 6.082938167662501883e+02 3.239461117146478131e+01 3.239461117146478131e+01
3.711704037116136945e-01 3.303782332216206896e+02 5.928883732920855891e+02 3.186193015811635121e+01 6.653549454326715704e+02 4.086058262438772886e+02 5.928883732920855891e+02 5.928883732920855891e+02 3.186193015811635121e+01 3.186193015811635121e+01
3.773137312255384068e-01 3.167347345226492621e+02 5.761492859866943945e+02 3.037443853553116568e+01 6.549633882791644055e+02 3.945495995593033740e+02 5.761492859866943945e+02 5.761492859866943945e+02 3.037443853553116568e+01 3.037443853553116568e+01
3.834202365329835160e-01 3.017406458751690366e+02 5.588322609729109445e+02 2.909430965944018865e+01 6.373121183558050689e+02 3.794278513175689795e+02 5.588322609729109445e+02 5.588322609729109445e+02 2.909430965944018865e+01 2.909430965944018865e+01
3.895813105051545988e-01 3.015120969310357850e+02 5.433902524407794772e+02 2.814901882609202843e+01 6.461905169395930670e+02 3.730846007234820263e+02 5.433902524407794772e+02 5.433902524407794772e+02 2.814901882609202843e+01 2.814901882609202843e+01
3.957247046642990429e-01 2.950192292781266588e+02 5.264351011863222993e+02 2.720814918198030341e+01 6.393656664340543330e+02 3.635815305885089401e+02 5.264351011863222993e+02 5.264351011863222993e+02 2.720814918198030341e+01 2.720814918198030341e+01
4.018641006880244171e-01 2.862179562257521184e+02 5.110806309933386729e+02 2.627615566210379683e+01 6.340065148964204127e+02 3.554307883756679303e+02 5.110806309933386729e+02 5.110806309933386729e+02 2.627615566210379683e+01 2.627615566210379683e+01
4.079986652309439688e-01 2.733112942635206650e+02 4.921442689909193859e+02 2.515331543342693621e+01 6.125677400532439378e+02 3.451869005506728740e+02 4.921442689909193859e+02 4.921442689909193859e+02 2.515331543342693621e+01 2.515331543342693621e+01
4.141066506702003602e-01 2.673246189263664405e+02 4.748348739056123122e+02 2.394440641459415886e+01 6.162955805922773607e+02 3.318693013359377346e+02 4.748348739056123122e+02 4.748348739056123122e+02 2.394440641459415886e+01 2.394440641459415886e+01
4.202576909860619159e-01 2.584098186239740471e+02 4.667286452528118730e+02 2.327410958557098297e+01 6.013158374708683596e+02 3.242101867801533785e+02 4.667286452528118730e+02 4.667286452528118730e+02 2.327410958557098297e+01 2.327410958557098297e+01
4.264066946730206698e-01 2.532023350153359047e+02 4.541479502654925682e+02 2.254619735496850197e+01 5.971113089937666700e+02 3.187870123017050901e+02 4.541479502654925682e+02 4.541479502654925682e+02 2.254619735496850197e+01 2.254619735496850197e+01
4.325254831734640648e-01 2.401101411530175653e+02 4.349274942927879692e+02 2.129572602167132800e+01 5.853883797948618621e+02 3.024552265200475745e+02 4.349274942927879692e+02 4.349274942927879692e+02 2.129572602167132800e+01 2.129572602167132800e+01
4.386395650806790836e-01 2.413548835755586879e+02 4.260467885607126277e+02 2.077615643069229634e+01 5.869552742616034493e+02 2.999905922800437565e+02 4.260467885607126277e+02 4.260467885607126277e+02 2.077615643069229634e+01 2.077615643069229634e+01
4.447681454847935978e-01 2.293751553924986979e+02 4.100718292350140928e+02 1.991710189199842418e+01 5.828575846699615113e+02 2.875454958915739212e+02 4.100718292350140928e+02 4.100718292350140928e+02 1.991710189199842418e+01 1.991710189199842418e+01
4.509437495939586094e-01 2.313655012331350633e+02 3.972542869577832221e+02 1.932247388655157394e+01 5.849966632815900311e+02 2.843056143914115523e+02 3.972542869577832221e+02 3.972542869577832221e+02 1.932247388655157394e+01 1.932247388655157394e+01
4.571038061189046653e-01 2.252773844953624973e+02 3.920682192493281946e+02 1.872612434626831046e+01 5.834825623392758871e+02 2.782766043514693024e+02 3.920682192493281946e+02 3.920682192493281946e+02 1.872612434626831046e+01 1.872612434626831046e+01
4.632394462505528554e-01 2.133959992231501417e+02 3.800659767499930695e+02 1.802301937962988632e+01 5.677888633021668738e+02 2.694057653358488551e+02 3.800659767499930695e+02 3.800659767499930695e+02 1.802301937962988632e+01 1.802301937962988632e+01
4.693790757792539181e-01 2.141221181162587470e+02 3.681182255244755197e+02 1.739825652862762340e+01 5.729273382867132796e+02 2.655849267919580257e+02 3.681182255244755197e+02 3.681182255244755197e+02 1.739825652862762340e+01 1.739825652862762340e+01
4.755007986458400504e-01 2.027831457990552622e+02 3.575447163101746355e+02 1.675502229181041258e+01 5.523289634308157474e+02 2.579587070749960276e+02 3.575447163101746355e+02 3.575447163101746355e+02 1.675502229181041258e+01 1.675502229181041258e+01
4.816148015649592273e-01 2.040704804127453258e+02 3.483672707474527783e+02 1.612097495527728341e+01 5.633825412874957692e+02 2.513915636099660560e+02 3.483672707474527783e+02 3.483672707474527783e+02 1.612097495527728341e+01 1.612097495527728341e+01
4.877448110253904678e-01 1.965731070825243876e+02 3.385983964095711372e+02 1.558530577897682790e+01 5.558089811149492334e+02 2.444315070220115444e+02 3.385983964095711372e+02 3.385983964095711372e+02 1.558530577897682790e+01 1.558530577897682790e+01
4.938644425720450370e-01 1.945127092527304455e+02 3.279619338773699155e+02 1.507678095954241826e+01 5.595270333571658057e+02 2.404404477207169464e+02 3.279619338773699155e+02 3.279619338773699155e+02 1.507678095954241826e+01 1.507678095954241826e+01
4.999990772533337013e-01 1.877106042512538977e+02 3.224819441127298774e+02 1.448015136135657954e+01 5.516043467876761497e+02 2.333019345593503715e+02 3.224819441127298774e+02 3.224819441127298774e+02 1.448015136135657954e+01 1.448015136135657954e+01
5.061739783630568867e-01 1.822533515795333301e+02 3.117862411281718096e+02 1.398519912325462577e+01 5.467435635756366992e+02 2.273637333580739437e+02 3.117862411281718096e+02 3.117862411281718096e+02 1.398519912325462577e+01 1.398519912325462577e+01
5.123176238977423802e-01 1.785471103367644048e+02 3.070013067100708213e+02 1.356438699250361068e+01 5.423195708489030267e+02 2.237387496847848354e+02 3.070013067100708213e+02 3.070013067100708213e+02 1.356438699250361068e+01 1.356438699250361068e+01
5.184419198367248294e-01 1.753932896853771979e+02 2.973552466928852027e+02 1.306918685198426822e+01 5.446755899177690026e+02 2.177543350017876378e+02 2.973552466928852027e+02 2.973552466928852027e+02 1.306918685198426822e+01 1.306918685198426822e+01
5.245811071337125320e-01 1.698355888530411448e+02 2.913283675811445619e+02 1.269752668730918188e+01 5.372295433384578018e+02 2.129594439512374606e+02 2.913283675811445619e+02 2.913283675811445619e+02 1.269752668730918188e+01 1.269752668730918188e+01
5.307339722686617023e-01 1.693149678408655063e+02 2.824710993738552247e+02 1.221779294628785451e+01 5.441096392213655690e+02 2.087500532436000924e+02 2.824710993738552247e+02 2.824710993738552247e+02 1.221779294628785451e+01 1.221779294628785451e+01
5.368662932732624071e-01 1.620156818323530103e+02 2.778777253548936983e+02 1.180774426870076788e+01 5.322878639868642949e+02 2.025646914555317721e+02 2.778777253548936983e+02 2.778777253548936983e+02 1.180774426870076788e+01 1.180774426870076788e+01
5.429628466927283181e-01 1.602983987156794115e+02 2.714721524719054742e+02 1.142476742271436230e+01 5.363239616350388133e+02 1.990512904952043698e+02 2.714721524719054742e+02 2.714721524719054742e+02 1.142476742271436230e+01 1.142476742271436230e+01
5.491073400914713298e-01 1.534328601121612792e+02 2.632935017059492679e+02 1.101183379740382051e+01 5.272449507823836257e+02 1.938686615161379052e+02 2.632935017059492679e+02 2.632935017059492679e+02 1.101183379740382051e+01 1.101183379740382051e+01
5.552762609626447077e-01 1.524168368438454308e+02 2.552955053775988574e+02 1.066905036272050111e+01 5.319257444036019251e+02 1.906614932804325520e+02 2.552955053775988574e+02 2.552955053775988574e+02 1.066905036272050111e+01 1.066905036272050111e+01
5.614082796802024600e-01 1.506491861706182931e+02 2.513715407486467939e+02 1.023616537699169093e+01 5.318048334222764879e+02 1.853163452008843421e+02 2.513715407486467939e+02 2.513715407486467939e+02 1.023616537699169093e+01 1.023616537699169093e+01
5.675371533509153688e-01 1.468170976370931839e+02 2.467646009808292433e+02 9.948764210878287884e+00 5.251879551196313969e+02 1.812952890474067544e+02 2.467646009808292433e+02 2.467646009808292433e+02 9.948764210878287884e+00 9.948764210878287884e+00
5.736740022558224350e-01 1.426986785746832993e+02 2.382930465688507979e+02 9.614776041192016010e+00 5.241738813451197530e+02 1.775311765241957289e+02 2.382930465688507979e+02 2.382930465688507979e+02 9.614776041192016010e+00 9.614776041192016010e+00
5.798103603643611770e-01 1.389456531423174965e+02 2.343259207783182774e+02 9.287747122289339075e+00 5.236893141604746233e+02 1.736898843570143072e+02 2.343259207783182774e+02 2.343259207783182774e+02 9.287747122289339075e+00 9.287747122289339075e+00
5.859425366486809006e-01 1.376006826832419563e+02 2.295004714180954579e+02 9.041556268987672951e+00 5.257524182002304087e+02 1.710455005761776590e+02 2.295004714180954579e+02 2.295004714180954579e+02 9.041556268987672951e+00 9.041556268987672951e+00
5.920586774162177601e-01 1.326974114488313603e+02 2.232208874049086091e+02 8.698943775601529538e+00 5.211197204915494012e+02 1.660571753123816734e+02 2.232208874049086091e+02 2.232208874049086091e+02 8.698943775601529538e+00 8.698943775601529538e+00
5.981941542880485629e-01 1.306473255136843932e+02 2.170028450212128917e+02 8.385052720239581703e+00 5.189673072123783868e+02 1.630601613842442532e+02 2.170028450212128917e+02 2.170028450212128917e+02 8.385052720239581703e+00 8.385052720239581703e+00
6.043590774859866066e-01 1.284685740934677085e+02 2.143464295064798932e+02 8.172679874656367360e+00 5.197471527686869877e+02 1.605500883623510902e+02 2.143464295064798932e+02 2.143464295064798932e+02 8.172679874656367360e+00 8.172679874656367360e+00
6.104910230252050818e-01 1.255527258064516190e+02 2.098353870967742125e+02 7.829950100806452262e+00 5.165910000000000082e+02 1.561865161290322703e+02 2.098353870967742125e+02 2.098353870967742125e+02 7.829950100806452262e+00 7.829950100806452262e+00
6.166050503334797872e-01 1.244813661158984814e+02 2.062763854850185794e+02 7.679354593248477912e+00 5.190494110206340110e+02 1.540154320499644314e+02 2.062763854850185794e+02 2.062763854850185794e+02 7.679354593248477912e+00 7.679354593248477912e+00
6.227565424953059869e-01 1.202337027429430947e+02 1.998265360941840925e+02 7.350359848194139012e+00 5.134047184147108283e+02 1.493031051896421957e+02 1.998265360941840925e+02 1.998265360941840925e+02 7.350359848194139012e+00 7.350359848194139012e+00
6.288977757446623240e-01 1.183341418534626968e+02 1.956321512211441984e+02 7.126952709176070044e+00 5.139513975485872379e+02 1.471627178442166723e+02 1.956321512211441984e+02 1.956321512211441984e+02 7.126952709176070044e+00 7.126952709176070044e+00
6.350332706002194127e-01 1.144190538258731635e+02 1.917585389696951950e+02 6.902866442515626311e+00 5.118534229937494615e+02 1.437365287199691863e+02 1.917585389696951950e+02 1.917585389696951950e+02 6.902866442515626311e+00 6.902866442515626311e+00
6.411743038514937654e-01 1.125574018126888234e+02 1.882316943240363685e+02 6.652941970605835031e+00 5.131410306931126115e+02 1.404019148532480870e+02 1.882316943240363685e+02 1.882316943240363685e+02 6.652941970605835031e+00 6.652941970605835031e+00
6.473071136295037720e-01 1.124335572388166327e+02 1.842982135200800258e+02 6.485373642275260586e+00 5.176963841646420406e+02 1.390502358153494242e+02 1.842982135200800258e+02 1.842982135200800258e+02 6.485373642275260586e+00 6.485373642275260586e+00
6.534392957951101755e-01 1.086502351384078082e+02 1.801489116048548169e+02 6.270764692630452330e+00 5.120916898989045194e+02 1.360444369350342129e+02 1.801489116048548169e+02 1.801489116048548169e+02 6.270764692630452330e+00 6.270764692630452330e+00
6.595783755518781488e-01 1.075748470204930953e+02 1.770080357020629833e+02 6.098676487700037008e+00 5.152741858204766459e+02 1.326933838930033289e+02 1.770080357020629833e+02 1.770080357020629833e+02 6.098676487700037008e+00 6.098676487700037008e+00
6.657085753353266799e-01 1.043266151033993623e+02 1.728555273639984762e+02 5.882284760871937301e+00 5.104220548916898679e+02 1.311378021498335897e+02 1.728555273639984762e+02 1.728555273639984762e+02 5.882284760871937301e+00 5.882284760871937301e+00
6.718369711955728407e-01 1.031881101261147080e+02 1.694889715582291103e+02 5.659356696216558014e+00 5.117358450741385809e+02 1.273854282095931580e+02 1.694889715582291103e+02 1.694889715582291103e+02 5.659356696216558014e+00 5.659356696216558014e+00
6.779675665423466890e-01 1.012461716418891484e+02 1.677063370006703735e+02 5.517393151018048059e+00 5.142075002957529932e+02 1.261102698581700139e+02 1.677063370006703735e+02 1.677063370006703735e+02 5.517393151018048059e+00 5.517393151018048059e+00
6.841025602423458363e-01 9.800452459933147509e+01 1.615891257101460212e+02 5.324953371843265337e+00 5.121811873260380708e+02 1.225481247060916843e+02 1.615891257101460212e+02 1.615891257101460212e+02 5.324953371843265337e+00 5.324953371843265337e+00
6.902473351098605825e-01 9.623649960904987211e+01 1.606726864579917731e+02 5.178075815950765382e+00 5.073543017126138466e+02 1.212074936312961881e+02 1.606726864579917731e+02 1.606726864579917731e+02 5.178075815950765382e+00 5.178075815950765382e+00
6.963896182979992799e-01 9.519486898217763837e+01 1.575480563019202691e+02 5.001282600389479249e+00 5.099623339167303584e+02 1.185446052209924375e+02 1.575480563019202691e+02 1.575480563019202691e+02 5.001282600389479249e+00 5.001282600389479249e+00
7.025354447064345864e-01 9.391143289912147907e+01 1.535315237806725293e+02 4.828521660102999213e+00 5.146924689488033664e+02 1.154186004241139045e+02 1.535315237806725293e+02 1.535315237806725293e+02 4.828521660102999213e+00 4.828521660102999213e+00
7.086795257259553837e-01 9.128525778604473828e+01 1.515876257929126609e+02 4.660065147016740461e+00 5.125509133400105384e+02 1.138005198645490452e+02 1.515876257929126609e+02 1.515876257929126609e+02 4.660065147016740461e+00 4.660065147016740461e+00
7.148105300560909647e-01 8.922030691859372098e+01 1.480665303628501590e+02 4.514144825742620881e+00 5.105116563263771354e+02 1.116240129723632322e+02 1.480665303628501590e+02 1.480665303628501590e+02 4.514144825742620881e+00 4.514144825742620881e+00
7.209489185367295994e-01 8.836125263073155622e+01 1.451474474716225984e+02 4.371707632284107525e+00 5.115004657688636485e+02 1.094976941566133490e+02 1.451474474716225984e+02 1.451474474716225984e+02 4.371707632284107525e+00 4.371707632284107525e+00
7.270775917581103753e-01 8.709204124651056134e+01 1.425174841907366101e+02 4.238208568335896764e+00 5.130829373896200423e+02 1.075869537970717289e+02 1.425174841907366101e+02 1.425174841907366101e+02 4.238208568335896764e+00 4.238208568335896764e+00
7.331906622449658739e-01 8.382631156137728112e+01 1.405324794144556222e+02 4.105847494030749445e+00 5.119260036150224096e+02 1.051354182937986650e+02 1.405324794144556222e+02 1.405324794144556222e+02 4.105847494030749445e+00 4.105847494030749445e+00
7.393386679216931157e-01 8.290163218039198512e+01 1.367017720191404351e+02 3.960136056001048566e+00 5.128248301177704889e+02 1.030691874057727233e+02 1.367017720191404351e+02 1.367017720191404351e+02 3.960136056001048566e+00 3.960136056001048566e+00
7.454822748005143218e-01 8.116280285957667218e+01 1.343321831768042216e+02 3.860474668701006085e+00 5.125481933556894774e+02 1.012852891385687002e+02 1.343321831768042216e+02 1.343321831768042216e+02 3.860474668701006085e+00 3.860474668701006085e+00
7.516118807450163919e-01 8.001879167508587898e+01 1.329602258829534946e+02 3.729914536163605909e+00 5.158800821005838770e+02 9.945132988057130774e+01 1.329602258829534946e+02 1.329602258829534946e+02 3.729914536163605909e+00 3.729914536163605909e+00
7.577553313207755492e-01 7.864967660219474510e+01 1.297365268217730261e+02 3.607279305655049395e+00 5.151419524298958095e+02 9.799711381733993676e+01 1.297365268217730261e+02 1.297365268217730261e+02 3.607279305655049395e+00 3.607279305655049395e+00
7.639042897236033580e-01 7.633606212188132645e+01 1.276021754984233354e+02 3.487189544665509899e+00 5.116016311102437726e+02 9.557300450917756507e+01 1.276021754984233354e+02 1.276021754984233354e+02 3.487189544665509899e+00 3.487189544665509899e+00
7.700556058884338029e-01 7.555646370046977722e+01 1.253345270548944370e+02 3.379136320655071746e+00 5.156921003128489929e+02 9.407726664587713117e+01 1.253345270548944370e+02 1.253345270548944370e+02 3.379136320655071746e+00 3.379136320655071746e+00
7.761646078124272430e-01 7.484096219308317188e+01 1.231223236046488267e+02 3.281307594114448278e+00 5.176266843918061795e+02 9.239125224082019372e+01 1.231223236046488267e+02 1.231223236046488267e+02 3.281307594114448278e+00 3.281307594114448278e+00
7.822760392858680856e-01 7.358235271158987700e+01 1.209886813808715402e+02 3.181787329488905858e+00 5.207923033389926104e+02 9.116960365318189474e+01 1.209886813808715402e+02 1.209886813808715402e+02 3.181787329488905858e+00 3.181787329488905858e+00
7.884165269731352454e-01 7.092517745907576909e+01 1.197886136462407762e+02 3.078801185474914437e+00 5.166924911874065174e+02 8.905049978270318434e+01 1.197886136462407762e+02 1.197886136462407762e+02 3.078801185474914437e+00 3.078801185474914437e+00
7.945591276009631443e-01 7.102095896107823592e+01 1.168056842025670505e+02 2.976549651707907085e+00 5.241339861250260128e+02 8.736845239220430415e+01 1.168056842025670505e+02 1.168056842025670505e+02 2.976549651707907085e+00 2.976549651707907085e+00
8.007019309919388705e-01 6.858665573770491619e+01 1.149892833723653354e+02 2.866628220140515104e+00 5.220354847775175813e+02 8.507477283372364241e+01 1.149892833723653354e+02 1.149892833723653354e+02 2.866628220140515104e+00 2.866628220140515104e+00
8.068322471611056868e-01 6.787641751510636823e+01 1.129796282500528832e+02 2.776646524846177133e+00 5.188073099173174114e+02 8.386866429379466581e+01 1.129796282500528832e+02 1.129796282500528832e+02 2.776646524846177133e+00 2.776646524846177133e+00
8.129795759107908415e-01 6.521653205018043309e+01 1.107640126265138605e+02 2.700204807753185943e+00 5.162539412631940650e+02 8.223218856558821699e+01 1.107640126265138605e+02 1.107640126265138605e+02 2.700204807753185943e+00 2.700204807753185943e+00
8.191384193203445907e-01 6.456823167861298884e+01 1.089120502367058521e+02 2.608279041985309465e+00 5.249411388526207247e+02 8.054897101796832715e+01 1.089120502367058521e+02 1.089120502367058521e+02 2.608279041985309465e+00 2.608279041985309465e+00
8.252636533623828319e-01 6.395526883055823930e+01 1.070358736438715823e+02 2.530378995200879721e+00 5.281135821305963418e+02 7.946077761711714516e+01 1.070358736438715823e+02 1.070358736438715823e+02 2.530378995200879721e+00 2.530378995200879721e+00
8.313801266770000087e-01 6.238238913587950663e+01 1.055056201197687926e+02 2.447995746994947819e+00 5.274789104680688752e+02 7.799295426773782935e+01 1.055056201197687926e+02 1.055056201197687926e+02 2.447995746994947819e+00 2.447995746994947819e+00
8.375206517277707929e-01 6.132525078623722692e+01 1.041871542900000804e+02 2.374057687226734714e+00 5.261653612429792020e+02 7.660930188952620767e+01 1.041871542900000804e+02 1.041871542900000804e+02 2.374057687226734714e+00 2.374057687226734714e+00
8.436596178727920892e-01 6.029341178455439376e+01 1.020285039436500938e+02 2.292861097051752672e+00 5.296067147496731877e+02 7.488347884769497398e+01 1.020285039436500938e+02 1.020285039436500938e+02 2.292861097051752672e+00 2.292861097051752672e+00
8.497926552975230141e-01 5.931787651662595096e+01 1.006591411652656518e+02 2.226834444490455311e+00 5.317197399478239959e+02 7.415967534887573720e+01 1.006591411652656518e+02 1.006591411652656518e+02 2.226834444490455311e+00 2.226834444490455311e+00
8.559261024612236923e-01 5.833113226905240367e+01 9.926522756186645324e+01 2.157505027291008126e+00 5.309826240407107889e+02 7.274049329010547638e+01 9.926522756186645324e+01 9.926522756186645324e+01 2.157505027291008126e+00 2.157505027291008126e+00
8.620635216668264267e-01 5.660089491568994902e+01 9.740828720848965361e+01 2.077335346358078816e+00 5.310622504639262615e+02 7.154688667346825071e+01 9.740828720848965361e+01 9.740828720848965361e+01 2.077335346358078816e+00 2.077335346358078816e+00
8.681991121454618598e-01 5.603537301656877645e+01 9.588249639376140010e+01 2.024302138041234489e+00 5.352513687767478814e+02 7.028381296970759706e+01 9.588249639376140010e+01 9.588249639376140010e+01 2.024302138041234489e+00 2.024302138041234489e+00
8.743258064632770665e-01 5.484464940592582138e+01 9.379406475526342035e+01 1.953812008701046654e+00 5.365071736518481202e+02 6.848048939461759232e+01 9.379406475526342035e+01 9.379406475526342035e+01 1.953812008701046654e+00 1.953812008701046654e+00
8.804649962982444844e-01 5.421821947445008050e+01 9.282497324515141202e+01 1.901902818305705845e+00 5.329191349137300904e+02 6.779456125897922902e+01 9.282497324515141202e+01 9.282497324515141202e+01 1.901902818305705845e+00 1.901902818305705845e+00
8.866060715851544760e-01 5.249361734674365465e+01 9.150648973192090807e+01 1.838560509006080368e+00 5.340691575203640014e+02 6.664492714826570818e+01 9.150648973192090807e+01 9.150648973192090807e+01 1.838560509006080368e+00 1.838560509006080368e+00
8.927497452568226022e-01 5.182614037839574195e+01 8.971169919555426020e+01 1.776227932828407408e+00 5.394021855229644871e+02 6.490245068381622673e+01 8.971169919555426020e+01 8.971169919555426020e+01 1.776227932828407408e+00 1.776227932828407408e+00
8.989002179133253057e-01 5.132606015138122046e+01 8.847104221292904924e+01 1.722168008646111081e+00 5.418098895466733893e+02 6.392412368989875660e+01 8.847104221292904924e+01 8.847104221292904924e+01 1.722168008646111081e+00 1.722168008646111081e+00
9.050334286265421246e-01 4.995080138404254200e+01 8.740530061960043895e+01 1.666458753959371153e+00 5.443897557442886637e+02 6.286558986400977034e+01 8.740530061960043895e+01 8.740530061960043895e+01 1.666458753959371153e+00 1.666458753959371153e+00
9.111662727418216035e-01 4.842540562788380498e+01 8.575004512993811545e+01 1.603108820917184651e+00 5.412818057751878769e+02 6.185692004419123435e+01 8.575004512993811545e+01 8.575004512993811545e+01 1.603108820917184651e+00 1.603108820917184651e+00
9.173141852908638372e-01 4.823314297875359102e+01 8.438032845032455498e+01 1.562267783669705201e+00 5.479704607526691689e+02 6.058964991309899517e+01 8.438032845032455498e+01 8.438032845032455498e+01 1.562267783669705201e+00 1.562267783669705201e+00
9.234386234055659282e-01 4.713288837956184096e+01 8.299225398442308688e+01 1.513724750288264920e+00 5.455681048081888775e+02 5.938014190417577254e+01 8.299225398442308688e+01 8.299225398442308688e+01 1.513724750288264920e+00 1.513724750288264920e+00
9.295586914769259357e-01 4.702362853995025205e+01 8.230482895293000922e+01 1.469619180346043885e+00 5.508061281761678174e+02 5.847902880464533126e+01 8.230482895293000922e+01 8.230482895293000922e+01 1.469619180346043885e+00 1.469619180346043885e+00
9.356866131768992734e-01 4.605634731484852296e+01 8.064242395104294303e+01 1.414423245327857126e+00 5.522965445716600925e+02 5.756047514715275781e+01 8.064242395104294303e+01 8.064242395104294303e+01 1.414423245327857126e+00 1.414423245327857126e+00
9.418341995598693561e-01 4.549988602689764861e+01 7.915453411818340612e+01 1.375840237365746344e+00 5.548882124994971718e+02 5.645667010820740472e+01 7.915453411818340612e+01 7.915453411818340612e+01 1.375840237365746344e+00 1.375840237365746344e+00
9.479856668247271800e-01 4.471959039302478089e+01 7.796028296714317207e+01 1.331026779744313160e+00 5.578831490124232459e+02 5.529740301421522020e+01 7.796028296714317207e+01 7.796028296714317207e+01 1.331026779744313160e+00 1.331026779744313160e+00
9.541104538204613350e-01 4.329128943261804352e+01 7.709141848781548845e+01 1.291045910892653747e+00 5.590351412035056455e+02 5.448394382148242698e+01 7.709141848781548845e+01 7.709141848781548845e+01 1.291045910892653747e+00 1.291045910892653747e+00
9.602408593380125090e-01 4.305617165369713462e+01 7.605804708104059841e+01 1.247922194998860368e+00 5.612577345098167143e+02 5.349910786963175724e+01 7.605804708104059841e+01 7.605804708104059841e+01 1.247922194998860368e+00 1.247922194998860368e+00
9.663673603621276698e-01 4.190734747346317590e+01 7.521698228309797685e+01 1.209880612385777710e+00 5.649609894237993331e+02 5.248367977293597164e+01 7.521698228309797685e+01 7.521698228309797685e+01 1.209880612385777710e+00 1.209880612385777710e+00
9.725109363121978712e-01 4.077986956823676934e+01 7.385217523059148448e+01 1.173249611735070808e+00 5.667204808171871946e+02 5.142313932713371827e+01 7.385217523059148448e+01 7.385217523059148448e+01 1.173249611735070808e+00 1.173249611735070808e+00
9.786539223807257937e-01 4.039912574812772306e+01 7.294768276251056704e+01 1.134904564754175338e+00 5.652305706138564574e+02 5.052542850875818203e+01 7.294768276251056704e+01 7.294768276251056704e+01 1.134904564754175338e+00 1.134904564754175338e+00
9.847742802912333726e-01 3.968226771926780572e+01 7.180234604469011117e+01 1.098915763765816900e+00 5.699608620753758714e+02 4.992179541201402770e+01 7.180234604469011117e+01 7.180234604469011117e+01 1.098915763765816900e+00 1.098915763765816900e+00
9.909163226000885505e-01 3.904697246033193636e+01 7.046954830080855459e+01 1.065289968235151097e+00 5.731923885950513977e+02 4.887825399720347264e+01 7.046954830080855459e+01 7.046954830080855459e+01 1.065289968235151097e+00 1.065289968235151097e+00
9.970641613013051519e-01 3.748811444811059346e+01 6.948872859516870903e+01 1.034267580712169732e+00 5.709760362226343204e+02 4.795363189711230234e+01 6.948872859516870903e+01 6.948872859516870903e+01 1.034267580712169732e+00 1.034267580712169732e+00
1.003199363263552968e+00 3.775993108012234245e+01 6.894606840715192675e+01 1.004192445791177501e+00 5.739493832386381200e+02 4.724104071400039118e+01 6.894606840715192675e+01 6.894606840715192675e+01 1.004192445791177501e+00 1.004192445791177501e+00
1.009337884460522083e+00 3.682257837183899341e+01 6.788044257038490059e+01 9.727000662152479604e-01 5.788535923607277027e+02 4.644246467541314871e+01 6.788044257038490059e+01 6.788044257038490059e+01 9.727000662152479604e-01 9.727000662152479604e-01
1.015478646350256975e+00 3.627129768864994475e+01 6.710262603273396564e+01 9.341409837897780566e-01 5.840585240105203866e+02 4.551010816491230315e+01 6.710262603273396564e+01 6.710262603273396564e+01 9.341409837897780566e-01 9.341409837897780566e-01
1.021609453879374962e+00 3.504030116421745333e+01 6.610307443272482431e+01 9.057495477928257932e-01 5.798284032190238122e+02 4.467572137125345222e+01 6.610307443272482431e+01 6.610307443272482431e+01 9.057495477928257932e-01 9.057495477928257932e-01
1.027737761654253790e+00 3.491891302747722392e+01 6.509588436125218891e+01 8.842685384924612313e-01 5.851726031740639655e+02 4.381725635407289587e+01 6.509588436125218891e+01 6.509588436125218891e+01 8.842685384924612313e-01 8.842685384924612313e-01
1.033868183565701315e+00 3.445841052815335104e+01 6.395255123014286625e+01 8.535994665814473636e-01 5.898508511608787330e+02 4.321056025137824008e+01 6.395255123014286625e+01 6.395255123014286625e+01 8.535994665814473636e-01 8.535994665814473636e-01
1.040006632801374398e+00 3.385186777807179936e+01 6.314401406897768254e+01 8.282463704297874374e-01 5.948037840698597165e+02 4.241786021434241860e+01 6.314401406897768254e+01 6.314401406897768254e+01 8.282463704297874374e-01 8.282463704297874374e-01
1.046156808389768100e+00 3.282783951934599287e+01 6.256747705894905920e+01 8.030667410848640886e-01 5.915928449091933317e+02 4.166639307035255513e+01 6.256747705894905920e+01 6.256747705894905920e+01 8.030667410848640886e-01 8.030667410848640886e-01
1.052295850575665437e+00 3.222851227367452509e+01 6.182168394273187317e+01 7.762913069365882102e-01 5.985836477306557981e+02 4.100767273809845648e+01 6.182168394273187317e+01 6.182168394273187317e+01 7.762913069365882102e-01 7.762913069365882102e-01
1.058425977651756611e+00 3.259872710338404289e+01 6.075190827436328078e+01 7.579350290121936728e-01 6.037913263175925067e+02 4.042464858846577869e+01 6.075190827436328078e+01 6.075190827436328078e+01 7.579350290121936728e-01 7.579350290121936728e-01
1.064562605041261323e+00 3.156296112165942702e+01 5.981093416967690501e+01 7.318086678972058889e-01 6.033151361614579855e+02 3.955261084108590808e+01 5.981093416967690501e+01 5.981093416967690501e+01 7.318086678972058889e-01 7.318086678972058889e-01
1.070698774491387617e+00 3.072241504391985245e+01 5.946164645953267325e+01 7.077817799153440781e-01 6.026541265872995154e+02 3.891278399156571766e+01 5.946164645953267325e+01 5.946164645953267325e+01 7.077817799153440781e-01 7.077817799153440781e-01
1.076840726399151738e+00 3.076255726629926812e+01 5.853243325603136071e+01 6.871859069380672480e-01 6.085529793970446235e+02 3.820271882569868893e+01 5.853243325603136071e+01 5.853243325603136071e+01 6.871859069380672480e-01 6.871859069380672480e-01
1.082972309238944275e+00 2.973076233505450361e+01 5.787099418080484980e+01 6.680746022995041056e-01 6.147408818949267015e+02 3.741580608146873033e+01 5.787099418080484980e+01 5.787099418080484980e+01 6.680746022995041056e-01 6.680746022995041056e-01
1.089087945679088287e+00 2.895342318551146477e+01 5.690587823830257719e+01 6.449950215295483513e-01 6.178920658735751203e+02 3.692844688195370395e+01 5.690587823830257719e+01 5.690587823830257719e+01 6.449950215295483513e-01 6.449950215295483513e-01
1.095217492047269259e+00 2.883584254626439503e+01 5.614790624282191089e+01 6.293338148899941809e-01 6.167306029101877130e+02 3.636701171465380611e+01 5.614790624282191089e+01 5.614790624282191089e+01 6.293338148899941809e-01 6.293338148899941809e-01
1.101360503814608816e+00 2.823105872153451301e+01 5.560284519405543335e+01 6.069653931599091612e-01 6.246852110004974747e+02 3.569636567836894159e+01 5.560284519405543335e+01 5.560284519405543335e+01 6.069653931599091612e-01 6.069653931599091612e-01
1.107509538678442151e+00 2.777206101281268857e+01 5.476259670530811263e+01 5.897573596705307786e-01 6.294736205003050600e+02 3.514839048200121852e+01 5.476259670530811263e+01 5.476259670530811263e+01 5.897573596705307786e-01 5.897573596705307786e-01
1.113637274621421813e+00 2.738821356012742569e+01 5.410083059780738068e+01 5.699931616901914300e-01 6.291337053971886917e+02 3.443920101630648389e+01 5.410083059780738068e+01 5.410083059780738068e+01 5.699931616901914300e-01 5.699931616901914300e-01
1.119766029293861820e+00 2.654508233879395362e+01 5.344995490573150221e+01 5.529773774103959871e-01 6.298118447611911961e+02 3.383971731381316062e+01 5.344995490573150221e+01 5.344995490573150221e+01 5.529773774103959871e-01 5.529773774103959871e-01
1.125921199838792353e+00 2.633256781431771287e+01 5.270325000470605659e+01 5.402012928722021989e-01 6.346788396739641485e+02 3.335893351279106867e+01 5.270325000470605659e+01 5.270325000470605659e+01 5.402012928722021989e-01 5.402012928722021989e-01
1.132060593734519616e+00 2.590627168551548465e+01 5.209223728877135784e+01 5.198226124833549289e-01 6.404742774620680166e+02 3.263592949980307623e+01 5.209223728877135784e+01 5.209223728877135784e+01 5.198226124833549289e-01 5.198226124833549289e-01
1.138193835500512563e+00 2.547329752993493557e+01 5.150952422732541436e+01 5.064002807626770686e-01 6.543500759629282584e+02 3.203410250608396126e+01 5.150952422732541436e+01 5.150952422732541436e+01 5.064002807626770686e-01 5.064002807626770686e-01
1.144331290643838761e+00 2.475006758459529621e+01 5.081856629017847382e+01 4.909572312653210924e-01 8.081819239845128777e+02 3.158491145272514800e+01 5.081856629017847382e+01 5.081856629017847382e+01 4.909572312653210924e-01 4.909572312653210924e-01
1.150477416657047947e+00 2.385820149425131831e+01 5.007314085502879664e+01 4.755800398894848291e-01 1.012619046975694687e+03 3.095994163502978580e+01 5.007314085502879664e+01 5.007314085502879664e+01 4.755800398894848291e-01 4.755800398894848291e-01
1.156613064375511923e+00 2.393045072973789189e+01 4.936875757562103928e+01 4.617147756151742666e-01 1.198738984089506175e+03 3.051486286154581151e+01 4.936875757562103928e+01 4.936875757562103928e+01 4.617147756151742666e-01 4.617147756151742666e-01
1.162735018537596643e+00 2.376570263107831238e+01 4.892831893252635922e+01 4.470316170712607673e-01 1.334103924717624750e+03 2.988207486649943334e+01 4.892831893252635922e+01 4.892831893252635922e+01 4.470316170712607673e-01 4.470316170712607673e-01
1.168863107201693285e+00 2.298875973774190129e+01 4.832183016673128861e+01 4.352846017549966695e-01 1.470662483696993149e+03 2.939707955867319811e+01 4.832183016673128861e+01 4.832183016673128861e+01 4.352846017549966695e-01 4.352846017549966695e-01
1.175003119642887395e+00 2.283749800466799584e+01 4.759722767493129680e+01 4.212797371878114205e-01 1.627497599130250819e+03 2.894029750939423806e+01 4.759722767493129680e+01 4.759722767493129680e+01 4.212797371878114205e-01 4.212797371878114205e-01
1.181141063188670737e+00 2.254161881158193736e+01 4.719577119368571516e+01 4.089741641911554537e-01 1.795904353157571904e+03 2.843441334703499734e+01 4.719577119368571516e+01 4.719577119368571516e+01 4.089741641911554537e-01 4.089741641911554537e-01
1.187270909488056914e+00 2.194135523822845357e+01 4.653185916101878661e+01 3.957619731465822910e-01 1.886623992811396874e+03 2.790827960954355191e+01 4.653185916101878661e+01 4.653185916101878661e+01 3.957619731465822910e-01 3.957619731465822910e-01
1.193410238621095854e+00 2.165639018883501876e+01 4.607483056237705910e+01 3.836702516396170437e-01 2.006012325033803336e+03 2.752088431906926402e+01 4.607483056237705910e+01 4.607483056237705910e+01 3.836702516396170437e-01 3.836702516396170437e-01
1.199554515593299175e+00 2.138537734869718676e+01 4.536825495691891774e+01 3.747114411398317912e-01 2.134780757811689000e+03 2.707448354614346187e+01 4.536825495691891774e+01 4.536825495691891774e+01 3.747114411398317912e-01 3.747114411398317912e-01
1.205699244952225024e+00 2.102928266428392234e+01 4.482941401730236208e+01 3.627062427683780954e-01 2.280280757812210595e+03 2.654729738076316536e+01 4.482941401730236208e+01 4.482941401730236208e+01 3.627062427683780954e-01 3.627062427683780954e-01
1.211823614414484052e+00 2.023181124708816014e+01 4.443552938088520676e+01 3.523204181054989115e-01 2.320981921979067920e+03 2.609039420584664981e+01 4.443552938088520676e+01 4.443552938088520676e+01 3.523204181054989115e-01 3.523204181054989115e-01
1.217948190684038368e+00 2.068383124324149591e+01 4.414795671331041405e+01 3.417597410686905590e-01 2.487592375603221171e+03 2.563596491228069851e+01 4.414795671331041405e+01 4.414795671331041405e+01 3.417597410686905590e-01 3.417597410686905590e-01
1.224088465910863066e+00 2.021342806323320573e+01 4.328111597417910161e+01 3.319795538801286749e-01 2.569469088874232966e+03 2.510094330195655132e+01 4.328111597417910161e+01 4.328111597417910161e+01 3.319795538801286749e-01 3.319795538801286749e-01
1.230226458808759915e+00 1.922818928818928796e+01 4.290002970002969818e+01 3.235545985545985603e-01 2.690756669636669812e+03 2.483664389664389560e+01 4.290002970002969818e+01 4.290002970002969818e+01 3.235545985545985603e-01 3.235545985545985603e-01
1.236361550594031522e+00 1.940459674671282997e+01 4.223642929603502694e+01 3.141856586183125466e-01 2.733079076107178935e+03 2.433036179404725985e+01 4.223642929603502694e+01 4.223642929603502694e+01 3.141856586183125466e-01 3.141856586183125466e-01
1.242496792651986093e+00 1.871827849499589647e+01 4.200299118204201676e+01 3.057616355620038084e-01 2.858751140655570907e+03 2.390945353554605646e+01 4.200299118204201676e+01 4.200299118204201676e+01 3.057616355620038084e-01 3.057616355620038084e-01
1.248637470443478836e+00 1.904935254332007588e+01 4.131131891308424997e+01 2.965505120993826016e-01 2.971538669412408581e+03 2.357188816970522893e+01 4.131131891308424997e+01 4.131131891308424997e+01 2.965505120993826016e-01 2.965505120993826016e-01
1.254772466883479876e+00 1.803018135952758527e+01 4.091366598505551622e+01 2.874223333556290005e-01 3.041743497620730977e+03 2.312918187551359495e+01 4.091366598505551622e+01 4.091366598505551622e+01 2.874223333556290005e-01 2.874223333556290005e-01
1.260914491442226115e+00 1.790613435116791052e+01 4.047628590264147164e+01 2.802116771609007850e-01 3.102211168212396842e+03 2.275864135564778223e+01 4.047628590264147164e+01 4.047628590264147164e+01 2.802116771609007850e-01 2.802116771609007850e-01
1.267057912247927520e+00 1.743187248608687412e+01 3.998106091815410679e+01 2.724577994974046180e-01 3.192922019070161241e+03 2.241733954024882536e+01 3.998106091815410679e+01 3.998106091815410679e+01 2.724577994974046180e-01 2.724577994974046180e-01
1.273186365191749214e+00 1.759074529225879147e+01 3.963846765102655212e+01 2.641739277068356762e-01 3.291171821928187455e+03 2.202015227394526420e+01 3.963846765102655212e+01 3.963846765102655212e+01 2.641739277068356762e-01 2.641739277068356762e-01
1.279317993167675471e+00 1.771513598276537849e+01 3.916636318005122064e+01 2.567600670387888973e-01 3.347367492370090076e+03 2.166647309472079641e+01 3.916636318005122064e+01 3.916636318005122064e+01 2.567600670387888973e-01 2.567600670387888973e-01
1.285454867222016517e+00 1.716316264438009398e+01 3.869023742303050284e+01 2.500773545688802502e-01 3.416053725522885088e+03 2.130581035876210905e+01 3.869023742303050284e+01 3.869023742303050284e+01 2.500773545688802502e-01 2.500773545688802502e-01
1.291590440177868837e+00 1.535144824661345098e+01 3.827347223370340856e+01 2.426547062174508607e-01 3.483307184985246295e+03 2.091564803599860767e+01 3.827347223370340856e+01 3.827347223370340856e+01 2.426547062174508607e-01 2.426547062174508607e-01
1.297722286883003173e+00 1.635707060993938455e+01 3.777007429251162307e+01 2.363921342892350563e-01 3.568535988774208818e+03 2.055716178387503490e+01 3.777007429251162307e+01 3.777007429251162307e+01 2.363921342892350563e-01 2.363921342892350563e-01
1.303853449480362636e+00 1.577309064878093459e+01 3.729323854459796195e+01 2.302715076407549355e-01 3.615352502662407005e+03 2.026019296278272819e+01 3.729323854459796195e+01 3.729323854459796195e+01 2.302715076407549355e-01 2.302715076407549355e-01
1.310000794114592582e+00 1.557609319008873427e+01 3.699144286146263738e+01 2.230196085161254282e-01 3.686706794618247841e+03 1.991917640148342272e+01 3.699144286146263738e+01 3.699144286146263738e+01 2.230196085161254282e-01 2.230196085161254282e-01
1.316143719180109750e+00 1.588410354792491219e+01 3.657822815373994274e+01 2.180774544193815889e-01 3.758405456317887456e+03 1.953303695017918074e+01 3.657822815373994274e+01 3.657822815373994274e+01 2.180774544193815889e-01 2.180774544193815889e-01
1.322267763843804511e+00 1.520113678852097294e+01 3.610521639802005467e+01 2.118666183714492390e-01 3.816246128092809158e+03 1.932256288526119548e+01 3.610521639802005467e+01 3.610521639802005467e+01 2.118666183714492390e-01 2.118666183714492390e-01
1.328401901823275777e+00 1.462584443124947065e+01 3.570228857409449574e+01 2.057175916108236469e-01 3.892660561540419167e+03 1.896795656968360433e+01 3.570228857409449574e+01 3.570228857409449574e+01 2.057175916108236469e-01 2.057175916108236469e-01
1.334537614144214679e+00 1.482710425230810714e+01 3.540382438169687873e+01 2.006593425685693211e-01 3.916984594649235078e+03 1.868120156344767224e+01 3.540382438169687873e+01 3.540382438169687873e+01 2.006593425685693211e-01 2.006593425685693211e-01
1.340678552423816727e+00 1.474761888942411403e+01 3.498496420444163846e+01 1.955008471338637588e-01 4.019332245901367060e+03 1.839178446256831023e+01 3.498496420444163846e+01 3.498496420444163846e+01 1.955008471338637588e-01 1.955008471338637588e-01
1.346815149096061148e+00 1.386595723520636447e+01 3.460047737444057958e+01 1.906462114619592307e-01 4.065414089176197649e+03 1.801083706282114960e+01 3.460047737444057958e+01 3.460047737444057958e+01 1.906462114619592307e-01 1.906462114619592307e-01
1.352940200955950356e+00 1.393356921455480979e+01 3.433797022135958343e+01 1.849659449555022539e-01 4.089141263611993963e+03 1.777235443717453123e+01 3.433797022135958343e+01 3.433797022135958343e+01 1.849659449555022539e-01 1.849659449555022539e-01
1.359082410299650379e+00 1.365955328318724504e+01 3.384313103283025725e+01 1.803916927866697495e-01 4.151863407494714011e+03 1.746736240856649758e+01 3.384313103283025725e+01 3.384313103283025725e+01 1.803916927866697495e-01 1.803916927866697495e-01
1.365220173749337018e+00 1.374625455201125668e+01 3.360505768295784890e+01 1.753665103581398543e-01 4.233152306835341733e+03 1.715228590655457452e+01 3.360505768295784890e+01 3.360505768295784890e+01 1.753665103581398543e-01 1.753665103581398543e-01
1.371355627496639196e+00 1.377439049596631904e+01 3.324803403746538066e+01 1.711446330931991888e-01 4.309406869182802438e+03 1.695920369375184933e+01 3.324803403746538066e+01 3.324803403746538066e+01 1.711446330931991888e-01 1.711446330931991888e-01
1.377497312851453160e+00 1.286478788645128724e+01 3.283030916102927677e+01 1.671766582237466103e-01 4.314702611114623323e+03 1.669971233482961281e+01 3.283030916102927677e+01 3.283030916102927677e+01 1.671766582237466103e-01 1.671766582237466103e-01
1.383633079758801232e+00 1.251581857266498155e+01 3.246074219421279849e+01 1.629943230727290415e-01 4.376500495233572110e+03 1.642204367428940870e+01 3.246074219421279849e+01 3.246074219421279849e+01 1.629943230727290415e-01 1.629943230727290415e-01
1.389766479619330530e+00 1.267029580808882372e+01 3.213932168896274533e+01 1.582893742395529157e-01 4.416550266526013729e+03 1.605821874115080661e+01 3.213932168896274533e+01 3.213932168896274533e+01 1.582893742395529157e-01 1.582893742395529157e-01
1.395898899779254521e+00 1.255550006444129529e+01 3.181609989014294015e+01 1.549950489523686803e-01 4.502467696499917110e+03 1.592074334566923888e+01 3.181609989014294015e+01 3.181609989014294015e+01 1.549950489523686803e-01 1.549950489523686803e-01
1.402038197914537321e+00 1.195261297301585834e+01 3.150683071364708354e+01 1.512239085085639312e-01 4.519822404496644594e+03 1.565471253635062610e+01 3.150683071364708354e+01 3.150683071364708354e+01 1.512239085085639312e-01 1.512239085085639312e-01
1.408181749899602986e+00 1.187567824873991107e+01 3.120181910755872678e+01 1.474856427621331623e-01 4.561244199674019001e+03 1.542918043751374668e+01 3.120181910755872678e+01 3.120181910755872678e+01 1.474856427621331623e-01 1.474856427621331623e-01
1.414313666006327352e+00 1.174860971247350960e+01 3.091005666361053628e+01 1.437494833390948745e-01 4.635362638089369284e+03 1.518500293087640607e+01 3.091005666361053628e+01 3.091005666361053628e+01 1.437494833390948745e-01 1.437494833390948745e-01
1.420444380108462745e+00 1.129027540462290524e+01 3.059589918838103273e+01 1.400470881204316786e-01 4.676781622288670405e+03 1.492643219896530482e+01 3.059589918838103273e+01 3.059589918838103273e+01 1.400470881204316786e-01 1.400470881204316786e-01
1.426582768631972087e+00 1.182599044369404417e+01 3.019711721047719521e+01 1.368070017568470687e-01 4.694659290902078283e+03 1.472695343435265158e+01 3.019711721047719521e+01 3.019711721047719521e+01 1.368070017568470687e-01 1.368070017568470687e-01
1.432726168338077644e+00 1.130647069450838949e+01 3.000259923421664610e+01 1.337284332037601553e-01 4.745034425283672135e+03 1.450757624323237494e+01 3.000259923421664610e+01 3.000259923421664610e+01 1.337284332037601553e-01 1.337284332037601553e-01
1.438861657952483553e+00 1.101311360387812321e+01 2.961511297182735092e+01 1.306221464393506615e-01 4.814134742787227879e+03 1.430610537852012953e+01 2.961511297182735092e+01 2.961511297182735092e+01 1.306221464393506615e-01 1.306221464393506615e-01
1.444991779317132963e+00 1.048110593129168677e+01 2.927376317865595468e+01 1.274971311769346749e-01 4.856748349709531794e+03 1.403696048196227508e+01 2.927376317865595468e+01 2.927376317865595468e+01 1.274971311769346749e-01 1.274971311769346749e-01
1.451129573505090198e+00 1.078004606156535239e+01 2.900910698069001370e+01 1.243095902819491561e-01 4.860737224178620636e+03 1.382771465742778361e+01 2.900910698069001370e+01 2.900910698069001370e+01 1.243095902819491561e-01 1.243095902819491561e-01
1.457259699941714226e+00 1.047888944126046162e+01 2.869393185304028648e+01 1.217844817267794422e-01 4.925179711266590857e+03 1.364251092424631828e+01 2.869393185304028648e+01 2.869393185304028648e+01 1.217844817267794422e-01 1.217844817267794422e-01
1.463381498859491758e+00 1.020852790124981979e+01 2.851162353179026709e+01 1.196485633095686618e-01 4.974924395798175283e+03 1.346059034456421877e+01 2.851162353179026709e+01 2.851162353179026709e+01 1.196485633095686618e-01 1.196485633095686618e-01
1.469517533590522174e+00 9.985670084278982728e+00 2.823522629238834725e+01 1.160447639642367273e-01 4.975976994713208114e+03 1.324867277191585302e+01 2.823522629238834725e+01 2.823522629238834725e+01 1.160447639642367273e-01 1.160447639642367273e-01
1.475660550406120208e+00 1.011902984046510490e+01 2.797524315983798715e+01 1.139176933224037708e-01 5.015283564323699466e+03 1.310058137932934841e+01 2.797524315983798715e+01 2.797524315983798715e+01 1.139176933224037708e-01 1.139176933224037708e-01
1.481800492405727532e+00 9.815371116139379737e+00 2.762578793596854609e+01 1.112908501403649247e-01 5.081837383630536351e+03 1.291251630329714573e+01 2.762578793596854609e+01 2.762578793596854609e+01 1.112908501403649247e-01 1.112908501403649247e-01
1.487943725053375577e+00 9.708652153098400461e+00 2.739101705871692971e+01 1.093210956242916948e-01 5.116671583861431827e+03 1.272308457953657168e+01 2.739101705871692971e+01 2.739101705871692971e+01 1.093210956242916948e-01 1.093210956242916948e-01
1.494084839802395370e+00 9.658915061321804885e+00 2.716297144573563571e+01 1.069027426522451696e-01 5.150078209773406343e+03 1.254920226674783912e+01 2.716297144573563571e+01 2.716297144573563571e+01 1.069027426522451696e-01 1.069027426522451696e-01
1.500230994160872244e+00 9.163777053603915590e+00 2.687221961059276865e+01 1.044218296423041481e-01 5.151977138061356527e+03 1.235336408859001267e+01 2.687221961059276865e+01 2.687221961059276865e+01 1.044218296423041481e-01 1.044218296423041481e-01
1.506363835328208056e+00 9.053133818210723049e+00 2.658453691559688892e+01 1.024129398341348252e-01 5.217248323463561064e+03 1.218221453837287704e+01 2.658453691559688892e+01 2.658453691559688892e+01 1.024129398341348252e-01 1.024129398341348252e-01
1.512486114839888929e+00 9.273236111839688434e+00 2.626151445207994328e+01 1.001905072981692235e-01 5.251465393694591512e+03 1.200088915700571768e+01 2.626151445207994328e+01 2.626151445207994328e+01 1.001905072981692235e-01 1.001905072981692235e-01
1.518627690030334820e+00 8.542393876166858746e+00 2.605699286036024631e+01 9.830687369917731622e-02 5.247344913459696727e+03 1.184853505361201620e+01 2.605699286036024631e+01 2.605699286036024631e+01 9.830687369917731622e-02 9.830687369917731622e-02
1.524765346634578744e+00 8.789742057795814745e+00 2.583952389450569953e+01 9.628640486748553384e-02 5.317940373011378142e+03 1.170114603620450211e+01 2.583952389450569953e+01 2.583952389450569953e+01 9.628640486748553384e-02 9.628640486748553384e-02
1.530890949051883609e+00 9.166997926801522922e+00 2.561929071559858073e+01 9.463172047992883529e-02 5.342442713512601586e+03 1.155901585702855172e+01 2.561929071559858073e+01 2.561929071559858073e+01 9.463172047992883529e-02 9.463172047992883529e-02
1.537028126588163568e+00 8.890782785066868144e+00 2.541328009127210308e+01 9.293812789186790824e-02 5.383926150725739717e+03 1.143527666856816793e+01 2.541328009127210308e+01 2.541328009127210308e+01 9.293812789186790824e-02 9.293812789186790824e-02
1.543169805434377873e+00 8.146948085405854911e+00 2.511128146481847168e+01 9.071958688876881338e-02 5.388214313900443813e+03 1.126272353687808803e+01 2.511128146481847168e+01 2.511128146481847168e+01 9.071958688876881338e-02 9.071958688876881338e-02
1.549306732909000672e+00 8.064692330744449578e+00 2.490245735833978458e+01 8.967028413205803405e-02 5.425776889843417848e+03 1.115293434557850283e+01 2.490245735833978458e+01 2.490245735833978458e+01 8.967028413205803405e-02 8.967028413205803405e-02
1.555434294201658130e+00 8.439086666352054067e+00 2.461116754799273565e+01 8.761649291627443548e-02 5.464845536532600818e+03 1.102055571976066339e+01 2.461116754799273565e+01 2.461116754799273565e+01 8.761649291627443548e-02 8.761649291627443548e-02
1.561571446339652391e+00 8.332769037931424094e+00 2.440234629376655917e+01 8.637552512522217452e-02 5.509757703060660788e+03 1.086691441805353620e+01 2.440234629376655917e+01 2.440234629376655917e+01 8.637552512522217452e-02 8.637552512522217452e-02
1.567719175442112256e+00 7.974417524151437675e+00 2.418097054512373845e+01 8.478968173880595260e-02 5.516026818400212505e+03 1.075626986198133217e+01 2.418097054512373845e+01 2.418097054512373845e+01 8.478968173880595260e-02 8.478968173880595260e-02
