# k, xm.power, xs.power, xd.power,  pm1.power, pm2.power, ps1.power, ps2.power, pd1.power, pd2.power
0.000000000000000000e+00 0.000000000000000000e+00 0.000000000000000000e+00 0.000000000000000000e+00 0.000000000000000000e+00 0.000000000000000000e+00 0.000000000000000000e+00 0.000000000000000000e+00 0.000000000000000000e+00 0.000000000000000000e+00
8.691056022563805813e-03 -2.864304786691298935e-04 3.166443990384615608e+04 5.559418870192307622e+03 2.987191904092211653e-11 2.439096634615384755e+04 3.166443990384615608e+04 3.166443990384615608e+04 5.559418870192307622e+03 5.559418870192307622e+03
1.503254434404273886e-02 -1.356619112710985797e-05 2.411289756944444161e+04 4.247944010416666060e+03 3.544356474982635063e-11 2.091827256944444161e+04 2.411289756944444161e+04 2.411289756944444161e+04 4.247944010416666060e+03 4.247944010416666060e+03
2.104537904654678673e-02 7.868266517394466905e-05 2.311805427631578641e+04 4.011683388157894569e+03 3.490845039933494940e-11 2.024950000000000000e+04 2.311805427631578641e+04 2.311805427631578641e+04 4.011683388157894569e+03 4.011683388157894569e+03
2.718418752217394846e-02 2.999110226957207458e-05 1.736164636752137085e+04 3.046501335470085905e+03 3.375227542850801868e-11 1.477692094017094132e+04 1.736164636752137085e+04 1.736164636752137085e+04 3.046501335470085905e+03 3.046501335470085905e+03
3.359305548768203725e-02 4.887484675480769511e+03 1.979568269230769511e+04 3.481398437500000000e+03 4.957723858173077133e+03 1.810223918269230853e+04 1.979568269230769511e+04 1.979568269230769511e+04 3.481398437500000000e+03 3.481398437500000000e+03
3.967812110980351720e-02 5.110838541666666970e+03 1.595317291666666642e+04 2.770398437500000000e+03 5.219072916666666970e+03 1.374389999999999964e+04 1.595317291666666642e+04 1.595317291666666642e+04 2.770398437500000000e+03 2.770398437500000000e+03
4.573133090443888549e-02 6.610844875346260778e+03 1.407315650969529088e+04 2.429164300554016791e+03 6.723476454293629104e+03 1.231829085872576252e+04 1.407315650969529088e+04 1.407315650969529088e+04 2.429164300554016791e+03 2.429164300554016791e+03
5.186912300623527233e-02 6.645997711670480385e+03 1.295331006864988558e+04 2.219731979405034508e+03 6.764386155606407556e+03 1.124574141876430258e+04 1.295331006864988558e+04 1.295331006864988558e+04 2.219731979405034508e+03 2.219731979405034508e+03
5.807971256735403043e-02 6.240927280550774412e+03 1.189996299483648909e+04 2.057796686746988144e+03 6.380230636833046447e+03 1.036407659208261612e+04 1.189996299483648909e+04 1.189996299483648909e+04 2.057796686746988144e+03 2.057796686746988144e+03
6.422094742881356844e-02 6.854851988217967119e+03 1.138430633284241594e+04 1.953914764359351921e+03 7.011399852724594894e+03 9.976249631811488143e+03 1.138430633284241594e+04 1.138430633284241594e+04 1.953914764359351921e+03 1.953914764359351921e+03
7.029194303550849454e-02 5.448770833333333030e+03 8.990158088235293690e+03 1.564607843137254804e+03 5.615773284313725526e+03 7.969425245098039341e+03 8.990158088235293690e+03 8.990158088235293690e+03 1.564607843137254804e+03 1.564607843137254804e+03
7.656976085866129544e-02 5.970405697445971782e+03 9.091929273084479064e+03 1.572798624754420416e+03 6.159143418467582705e+03 8.149600687622789337e+03 9.091929273084479064e+03 9.091929273084479064e+03 1.572798624754420416e+03 1.572798624754420416e+03
8.283279975513359317e-02 5.310119047619047706e+03 7.641761904761904589e+03 1.309508658008657903e+03 5.486244588744588327e+03 6.844412121212120837e+03 7.641761904761904589e+03 7.641761904761904589e+03 1.309508658008657903e+03 1.309508658008657903e+03
8.886264192081894109e-02 4.636737341772151922e+03 7.028919303797468274e+03 1.197947092563291108e+03 4.797553006329113487e+03 6.162880933544303844e+03 7.028919303797468274e+03 7.028919303797468274e+03 1.197947092563291108e+03 1.197947092563291108e+03
9.493524398572131262e-02 4.338756192959582222e+03 6.163104302477183410e+03 1.054007496740547595e+03 4.501646675358540051e+03 5.480374185136896813e+03 6.163104302477183410e+03 6.163104302477183410e+03 1.054007496740547595e+03 1.054007496740547595e+03
1.010510809291368245e-01 3.990374773139746139e+03 5.545301875378100704e+03 9.576361161524501995e+02 4.146287961282517244e+03 4.979554748941319303e+03 5.545301875378100704e+03 5.545301875378100704e+03 9.576361161524501995e+02 9.576361161524501995e+02
1.071918355362574127e-01 3.703557956278596976e+03 5.060448906964921662e+03 8.667894636502287540e+02 3.866241992882562499e+03 4.574662938485002996e+03 5.060448906964921662e+03 5.060448906964921662e+03 8.667894636502287540e+02 8.667894636502287540e+02
1.133640700251744293e-01 3.433481715893108685e+03 4.749401312705110286e+03 8.042719174871074301e+02 3.611674871073605573e+03 4.212181434599156091e+03 4.749401312705110286e+03 4.749401312705110286e+03 8.042719174871074301e+02 8.042719174871074301e+02
1.195184611122857843e-01 3.393191489361702224e+03 4.620261159783061885e+03 7.794760116812682327e+02 3.582571964956195188e+03 4.118774718397997276e+03 4.620261159783061885e+03 4.620261159783061885e+03 7.794760116812682327e+02 7.794760116812682327e+02
1.256657517103361710e-01 3.195540417457305466e+03 4.224255028462997871e+03 7.166241935483870975e+02 3.403327514231499208e+03 3.816589373814041664e+03 4.224255028462997871e+03 4.224255028462997871e+03 7.166241935483870975e+02 7.166241935483870975e+02
1.317871926578333408e-01 3.116542926659715249e+03 4.090077163712200218e+03 6.841281717066389092e+02 3.301898852971845827e+03 3.675715676051442642e+03 4.090077163712200218e+03 4.090077163712200218e+03 6.841281717066389092e+02 6.841281717066389092e+02
1.378887696062481294e-01 2.914911097099621657e+03 3.827851197982345639e+03 6.354213824085750275e+02 3.105505989911727738e+03 3.422533417402270061e+03 3.827851197982345639e+03 3.827851197982345639e+03 6.354213824085750275e+02 6.354213824085750275e+02
1.440612672229828750e-01 2.843502994011976170e+03 3.486080125463359309e+03 5.971232534930139764e+02 3.045705731394354189e+03 3.267267179925862820e+03 3.486080125463359309e+03 3.486080125463359309e+03 5.971232534930139764e+02 5.971232534930139764e+02
1.501845201433902877e-01 2.526143671917435768e+03 3.177390548614882846e+03 5.375117463335143384e+02 2.738263986963606385e+03 2.917535306898424551e+03 3.177390548614882846e+03 3.177390548614882846e+03 5.375117463335143384e+02 5.375117463335143384e+02
1.563418093457785985e-01 2.348419185908117015e+03 2.889947155439181188e+03 4.888645858129016801e+02 2.556793144489407496e+03 2.703037134015710762e+03 2.889947155439181188e+03 2.889947155439181188e+03 4.888645858129016801e+02 4.888645858129016801e+02
1.625438955957596576e-01 2.248347676813916223e+03 2.698965438315403844e+03 4.584739929045547910e+02 2.456723735408560515e+03 2.545389791714351304e+03 2.698965438315403844e+03 2.698965438315403844e+03 4.584739929045547910e+02 4.584739929045547910e+02
1.686940235306336466e-01 2.142229782833505396e+03 2.513955739400206767e+03 4.293459410548086908e+02 2.348307342295760009e+03 2.420743743536711463e+03 2.513955739400206767e+03 2.513955739400206767e+03 4.293459410548086908e+02 4.293459410548086908e+02
1.747987378343396903e-01 2.004959514170040393e+03 2.364508299595141580e+03 4.040485829959513921e+02 2.208132793522267093e+03 2.280502024291497946e+03 2.364508299595141580e+03 2.364508299595141580e+03 4.040485829959513921e+02 4.040485829959513921e+02
1.809057159377772395e-01 1.927923270440251599e+03 2.314580233602875069e+03 3.856346361185983938e+02 2.128067565139263024e+03 2.169874034141958873e+03 2.314580233602875069e+03 2.314580233602875069e+03 3.856346361185983938e+02 3.856346361185983938e+02
1.870079494254630881e-01 1.831042456140350851e+03 2.212809122807017502e+03 3.662081140350877035e+02 2.038817192982455936e+03 2.075969473684210243e+03 2.212809122807017502e+03 2.212809122807017502e+03 3.662081140350877035e+02 3.662081140350877035e+02
1.931644028143169878e-01 1.829092281087879428e+03 2.111757899701305178e+03 3.596324477283446299e+02 2.041297280301839464e+03 2.041732117591573797e+03 2.111757899701305178e+03 2.111757899701305178e+03 3.596324477283446299e+02 3.596324477283446299e+02
1.993257601852206906e-01 1.697598633257403208e+03 2.017917539863325828e+03 3.323648063781321298e+02 1.912841609719058624e+03 1.892016249050873284e+03 2.017917539863325828e+03 2.017917539863325828e+03 3.323648063781321298e+02 3.323648063781321298e+02
2.054762598507901550e-01 1.687450585083885699e+03 1.937086705202312260e+03 3.211781686169463228e+02 1.899305089524883897e+03 1.864284364866770147e+03 1.937086705202312260e+03 1.937086705202312260e+03 3.211781686169463228e+02 3.211781686169463228e+02
2.116257382464896697e-01 1.562375852386682936e+03 1.769727904800107126e+03 2.957228239069394817e+02 1.785503409546731064e+03 1.727525471319695271e+03 1.769727904800107126e+03 1.769727904800107126e+03 2.957228239069394817e+02 2.957228239069394817e+02
2.177578654451892970e-01 1.498875711935198069e+03 1.653966459941779704e+03 2.781053031261865840e+02 1.727644855081635342e+03 1.643556005568915452e+03 1.653966459941779704e+03 1.653966459941779704e+03 2.781053031261865840e+02 2.781053031261865840e+02
2.238991135097555263e-01 1.373389705004180087e+03 1.570648871372267877e+03 2.574668577570762977e+02 1.586557983996178109e+03 1.526731517974441658e+03 1.570648871372267877e+03 1.570648871372267877e+03 2.574668577570762977e+02 2.574668577570762977e+02
2.300081978121491233e-01 1.403767195163681890e+03 1.510435610813276980e+03 2.553265655298277466e+02 1.625479639557431256e+03 1.531105053039808354e+03 1.510435610813276980e+03 1.510435610813276980e+03 2.553265655298277466e+02 2.553265655298277466e+02
2.361454707693454169e-01 1.284581487426431295e+03 1.381014446227929284e+03 2.324797752808988776e+02 1.499355698234349802e+03 1.408435848047083937e+03 1.381014446227929284e+03 1.381014446227929284e+03 2.324797752808988776e+02 2.324797752808988776e+02
2.422857100963227428e-01 1.249902889819258689e+03 1.342310732155621281e+03 2.245375012764219207e+02 1.476180741345859133e+03 1.359568467272541511e+03 1.342310732155621281e+03 1.342310732155621281e+03 2.245375012764219207e+02 2.245375012764219207e+02
2.484099584913142256e-01 1.233883063730266940e+03 1.324678620152017174e+03 2.197382576495809587e+02 1.453281426622490699e+03 1.343270707464431780e+03 1.324678620152017174e+03 1.324678620152017174e+03 2.197382576495809587e+02 2.197382576495809587e+02
2.545441957051269855e-01 1.183421485313135008e+03 1.258945501570293800e+03 2.093868002955846919e+02 1.399122482911509451e+03 1.293610382412710123e+03 1.258945501570293800e+03 1.258945501570293800e+03 2.093868002955846919e+02 2.093868002955846919e+02
2.606917133414053955e-01 1.141417750439367410e+03 1.200754393673110826e+03 1.979515817223198724e+02 1.367447188049209217e+03 1.230447012302284747e+03 1.200754393673110826e+03 1.200754393673110826e+03 1.979515817223198724e+02 1.979515817223198724e+02
2.668580198415695381e-01 1.079880964339527736e+03 1.162394525364138644e+03 1.879882596685082774e+02 1.305137117026619762e+03 1.172712372342206436e+03 1.162394525364138644e+03 1.162394525364138644e+03 1.879882596685082774e+02 1.879882596685082774e+02
2.730019564931540632e-01 1.049528365655427706e+03 1.115917035487245357e+03 1.819351814597247881e+02 1.274577774201335615e+03 1.139255250663876950e+03 1.115917035487245357e+03 1.115917035487245357e+03 1.819351814597247881e+02 1.819351814597247881e+02
2.791389873202678173e-01 1.017248310291858729e+03 1.051874654377880233e+03 1.742128456221198292e+02 1.240713364055299508e+03 1.102385867895545289e+03 1.051874654377880233e+03 1.051874654377880233e+03 1.742128456221198292e+02 1.742128456221198292e+02
2.852424996643880273e-01 9.764421728100284099e+02 9.919861960901357634e+02 1.639572824951499683e+02 1.203977913744217403e+03 1.052019847783912837e+03 9.919861960901357634e+02 9.919861960901357634e+02 1.639572824951499683e+02 1.639572824951499683e+02
2.913531997893986092e-01 9.372383157894736314e+02 9.603939649122805804e+02 1.575976315789473574e+02 1.165548070175438397e+03 1.008154736842105194e+03 9.603939649122805804e+02 9.603939649122805804e+02 1.575976315789473574e+02 1.575976315789473574e+02
2.975143171497069416e-01 9.042520633202543650e+02 9.075947774320119379e+02 1.491025909890407206e+02 1.129322148559058405e+03 9.734784196996346282e+02 9.075947774320119379e+02 9.075947774320119379e+02 1.491025909890407206e+02 1.491025909890407206e+02
3.036544665973567314e-01 8.881674125964844961e+02 8.858801971849258052e+02 1.450039566712071064e+02 1.116763053771810519e+03 9.498658623597328869e+02 8.858801971849258052e+02 8.858801971849258052e+02 1.450039566712071064e+02 1.450039566712071064e+02
3.097883787544665757e-01 8.558401379742865629e+02 8.447121354656632093e+02 1.367896205707118042e+02 1.093848730009407291e+03 9.095084352461585695e+02 8.447121354656632093e+02 8.447121354656632093e+02 1.367896205707118042e+02 1.367896205707118042e+02
3.159486680635095190e-01 8.266882070722028857e+02 8.220055677308536133e+02 1.339146034472546489e+02 1.060271871112953932e+03 8.844841556595391694e+02 8.220055677308536133e+02 8.220055677308536133e+02 1.339146034472546489e+02 1.339146034472546489e+02
3.221066234444813769e-01 7.964243848653667328e+02 7.893171425255338818e+02 1.277991527390900615e+02 1.026539925719591565e+03 8.546120589600742505e+02 7.893171425255338818e+02 7.893171425255338818e+02 1.277991527390900615e+02 1.277991527390900615e+02
3.282572612915165555e-01 7.758101601325234924e+02 7.650260629486472226e+02 1.237984262838211009e+02 1.010019215902816200e+03 8.277336830480397794e+02 7.650260629486472226e+02 7.650260629486472226e+02 1.237984262838211009e+02 1.237984262838211009e+02
3.343544383171894174e-01 7.665022088901009738e+02 7.397901827106627479e+02 1.200837605672211623e+02 1.003947859285519485e+03 8.163767657485683458e+02 7.397901827106627479e+02 7.397901827106627479e+02 1.200837605672211623e+02 1.200837605672211623e+02
3.404813620364756654e-01 7.384906683029093983e+02 7.142978473180958190e+02 1.147643554737434215e+02 9.714887763971979666e+02 7.908474203609960114e+02 7.142978473180958190e+02 7.142978473180958190e+02 1.147643554737434215e+02 1.147643554737434215e+02
3.466259536752008263e-01 7.163734021755476533e+02 6.820678229485187103e+02 1.097536718632512844e+02 9.529199458619480083e+02 7.618511704847360306e+02 6.820678229485187103e+02 6.820678229485187103e+02 1.097536718632512844e+02 1.097536718632512844e+02
3.527314914776840671e-01 6.882730709577355128e+02 6.601308162078324813e+02 1.058423201822411812e+02 9.257474796432725270e+02 7.364747479643272072e+02 6.601308162078324813e+02 6.601308162078324813e+02 1.058423201822411812e+02 1.058423201822411812e+02
3.588700951741782830e-01 6.635033240997229314e+02 6.365514312096029244e+02 1.017767774699907619e+02 8.963678670360110345e+02 7.131998153277930896e+02 6.365514312096029244e+02 6.365514312096029244e+02 1.017767774699907619e+02 1.017767774699907619e+02
3.650083489029407047e-01 6.374106916530870421e+02 6.082938167662501883e+02 9.711052643490856440e+01 8.687702335687125696e+02 6.845041191381495764e+02 6.082938167662501883e+02 6.082938167662501883e+02 9.711052643490856440e+01 9.711052643490856440e+01
3.711704037116136945e-01 6.361087909254962369e+02 5.928883732920855891e+02 9.616662370026638484e+01 8.679824697086877450e+02 6.829118329466357409e+02 5.928883732920855891e+02 5.928883732920855891e+02 9.616662370026638484e+01 9.616662370026638484e+01
3.773137312255384068e-01 6.063563286579940268e+02 5.761492859866943945e+02 9.108523666257045193e+01 8.414031103012839594e+02 6.515651086910462482e+02 5.761492859866943945e+02 5.761492859866943945e+02 9.108523666257045193e+01 9.108523666257045193e+01
3.834202365329835160e-01 5.956590713495348837e+02 5.588322609729109445e+02 8.805715954264169909e+01 8.342295807548871380e+02 6.371648702922011580e+02 5.588322609729109445e+02 5.588322609729109445e+02 8.805715954264169909e+01 8.805715954264169909e+01
3.895813105051545988e-01 5.832778793418647183e+02 5.433902524407794772e+02 8.504458555369714645e+01 8.225853981096113330e+02 6.208548368275700113e+02 5.433902524407794772e+02 5.433902524407794772e+02 8.504458555369714645e+01 8.504458555369714645e+01
3.957247046642990429e-01 5.740783127859191382e+02 5.264351011863222993e+02 8.302208847018685844e+01 8.157002403659764695e+02 6.090212840195393937e+02 5.264351011863222993e+02 5.264351011863222993e+02 8.302208847018685844e+01 8.302208847018685844e+01
4.018641006880244171e-01 5.561217334016542964e+02 5.110806309933386729e+02 8.022890893785228172e+01 7.969608374203937728e+02 5.925192518849278258e+02 5.110806309933386729e+02 5.110806309933386729e+02 8.022890893785228172e+01 8.022890893785228172e+01
4.079986652309439688e-01 5.379512782174246013e+02 4.921442689909193859e+02 7.726641989715911052e+01 7.767510302323037195e+02 5.742393785784618103e+02 4.921442689909193859e+02 4.921442689909193859e+02 7.726641989715911052e+01 7.726641989715911052e+01
4.141066506702003602e-01 5.244454288604415524e+02 4.748348739056123122e+02 7.382149708744636030e+01 7.665943702256793131e+02 5.571402560256723291e+02 4.748348739056123122e+02 4.748348739056123122e+02 7.382149708744636030e+01 7.382149708744636030e+01
4.202576909860619159e-01 5.052781099064411023e+02 4.667286452528118730e+02 7.169644847502280527e+01 7.418743540378965236e+02 5.414492518661128315e+02 4.667286452528118730e+02 4.667286452528118730e+02 7.169644847502280527e+01 7.169644847502280527e+01
4.264066946730206698e-01 4.973849477259984724e+02 4.541479502654925682e+02 6.965895748820949507e+01 7.325621186636324182e+02 5.347452260809340032e+02 4.541479502654925682e+02 4.541479502654925682e+02 6.965895748820949507e+01 6.965895748820949507e+01
4.325254831734640648e-01 4.718998746021027841e+02 4.349274942927879692e+02 6.608485257708754546e+01 7.087206199157583342e+02 5.103528182373556774e+02 4.349274942927879692e+02 4.349274942927879692e+02 6.608485257708754546e+01 6.608485257708754546e+01
4.386395650806790836e-01 4.718182841068917242e+02 4.260467885607126277e+02 6.470511798718550267e+01 7.099987498046569954e+02 5.035197374589779997e+02 4.260467885607126277e+02 4.260467885607126277e+02 6.470511798718550267e+01 6.470511798718550267e+01
4.447681454847935978e-01 4.581479033382856869e+02 4.100718292350140928e+02 6.233612534489554236e+01 6.982628786270882983e+02 4.911549073709105073e+02 4.100718292350140928e+02 4.100718292350140928e+02 6.233612534489554236e+01 6.233612534489554236e+01
4.509437495939586094e-01 4.437171913535470935e+02 3.972542869577832221e+02 6.083050558537646424e+01 6.816710866096038899e+02 4.763100826925866613e+02 3.972542869577832221e+02 3.972542869577832221e+02 6.083050558537646424e+01 6.083050558537646424e+01
4.571038061189046653e-01 4.384813198878904359e+02 3.920682192493281946e+02 5.889801785662689326e+01 6.826148111762836379e+02 4.668555000144471023e+02 3.920682192493281946e+02 3.920682192493281946e+02 5.889801785662689326e+01 5.889801785662689326e+01
4.632394462505528554e-01 4.258398024581749723e+02 3.800659767499930695e+02 5.703703562411563865e+01 6.674650278833615857e+02 4.568544793718613732e+02 3.800659767499930695e+02 3.800659767499930695e+02 5.703703562411563865e+01 5.703703562411563865e+01
4.693790757792539181e-01 4.166343695367132796e+02 3.681182255244755197e+02 5.498827783544580683e+01 6.580792722902098149e+02 4.457834626311188799e+02 3.681182255244755197e+02 3.681182255244755197e+02 5.498827783544580683e+01 5.498827783544580683e+01
4.755007986458400504e-01 4.059943739716575806e+02 3.575447163101746355e+02 5.339926224722679393e+01 6.462163897882278434e+02 4.351197919431028254e+02 3.575447163101746355e+02 3.575447163101746355e+02 5.339926224722679393e+01 5.339926224722679393e+01
4.816148015649592273e-01 3.981202198542947031e+02 3.483672707474527783e+02 5.184183389074693338e+01 6.417851753908377077e+02 4.247535454097638308e+02 3.483672707474527783e+02 3.483672707474527783e+02 5.184183389074693338e+01 5.184183389074693338e+01
4.877448110253904678e-01 3.884520813897783569e+02 3.385983964095711372e+02 4.996985703840044124e+01 6.331294218501802789e+02 4.116968558533571922e+02 3.385983964095711372e+02 3.385983964095711372e+02 4.996985703840044124e+01 4.996985703840044124e+01
4.938644425720450370e-01 3.771019452183131762e+02 3.279619338773699155e+02 4.868421328369615964e+01 6.183489558935923469e+02 4.056176622864327896e+02 3.279619338773699155e+02 3.279619338773699155e+02 4.868421328369615964e+01 4.868421328369615964e+01
4.999990772533337013e-01 3.681082636732744504e+02 3.224819441127298774e+02 4.667107714353952730e+01 6.113440649629807240e+02 3.943016718414139063e+02 3.224819441127298774e+02 3.224819441127298774e+02 4.667107714353952730e+01 4.667107714353952730e+01
5.061739783630568867e-01 3.567761979867328250e+02 3.117862411281718096e+02 4.547873660527902473e+01 5.977719998144453939e+02 3.853590017163797938e+02 3.117862411281718096e+02 3.117862411281718096e+02 4.547873660527902473e+01 4.547873660527902473e+01
5.123176238977423802e-01 3.474140666192888602e+02 3.070013067100708213e+02 4.393612881410329862e+01 5.865642695032208849e+02 3.754979482359414078e+02 3.070013067100708213e+02 3.070013067100708213e+02 4.393612881410329862e+01 4.393612881410329862e+01
5.184419198367248294e-01 3.412909814086521010e+02 2.973552466928852027e+02 4.270624217912048692e+01 5.830352163031819828e+02 3.678334152663567806e+02 2.973552466928852027e+02 2.973552466928852027e+02 4.270624217912048692e+01 4.270624217912048692e+01
5.245811071337125320e-01 3.368208864733776409e+02 2.913283675811445619e+02 4.170664259576034283e+01 5.791942056600913702e+02 3.628389234133771879e+02 2.913283675811445619e+02 2.913283675811445619e+02 4.170664259576034283e+01 4.170664259576034283e+01
5.307339722686617023e-01 3.302200451505729006e+02 2.824710993738552247e+02 4.044655407420027871e+01 5.777124845593559712e+02 3.533949823231247365e+02 2.824710993738552247e+02 2.824710993738552247e+02 4.044655407420027871e+01 4.044655407420027871e+01
5.368662932732624071e-01 3.212227256666597555e+02 2.778777253548936983e+02 3.884233211398166929e+01 5.667655727142353044e+02 3.430768815081163439e+02 2.778777253548936983e+02 2.778777253548936983e+02 3.884233211398166929e+01 3.884233211398166929e+01
5.429628466927283181e-01 3.152682254147284766e+02 2.714721524719054742e+02 3.782026715514756887e+01 5.606041658090807687e+02 3.372074260074918470e+02 2.714721524719054742e+02 2.714721524719054742e+02 3.782026715514756887e+01 3.782026715514756887e+01
5.491073400914713298e-01 3.065711204360955549e+02 2.632935017059492679e+02 3.675822091062394747e+01 5.535278246205733694e+02 3.288754068787011420e+02 2.632935017059492679e+02 2.632935017059492679e+02 3.675822091062394747e+01 3.675822091062394747e+01
5.552762609626447077e-01 3.001063461501059919e+02 2.552955053775988574e+02 3.573391582550518564e+01 5.486507964291965891e+02 3.219667619658867466e+02 2.552955053775988574e+02 2.552955053775988574e+02 3.573391582550518564e+01 3.573391582550518564e+01
5.614082796802024600e-01 2.938716741632995308e+02 2.513715407486467939e+02 3.422872036288785580e+01 5.417213158496607548e+02 3.131615460852328852e+02 2.513715407486467939e+02 2.513715407486467939e+02 3.422872036288785580e+01 3.422872036288785580e+01
5.675371533509153688e-01 2.848656189626987612e+02 2.467646009808292433e+02 3.341915124832813433e+01 5.278681081884381001e+02 3.076008693713775983e+02 2.467646009808292433e+02 2.467646009808292433e+02 3.341915124832813433e+01 3.341915124832813433e+01
5.736740022558224350e-01 2.810034812722136053e+02 2.382930465688507979e+02 3.247729654606762040e+01 5.284991889182538216e+02 3.008558097147544004e+02 2.382930465688507979e+02 2.382930465688507979e+02 3.247729654606762040e+01 3.247729654606762040e+01
5.798103603643611770e-01 2.754526291406069163e+02 2.343259207783182774e+02 3.154994788047255128e+01 5.228344113611660759e+02 2.965784643894442070e+02 2.343259207783182774e+02 2.343259207783182774e+02 3.154994788047255128e+01 3.154994788047255128e+01
5.859425366486809006e-01 2.696798547333868896e+02 2.295004714180954579e+02 3.079262841778119153e+01 5.189962984949540896e+02 2.883488144707895344e+02 2.295004714180954579e+02 2.295004714180954579e+02 3.079262841778119153e+01 3.079262841778119153e+01
5.920586774162177601e-01 2.610964510688100404e+02 2.232208874049086091e+02 2.964322226429382923e+01 5.095657980792399826e+02 2.810254208116760424e+02 2.232208874049086091e+02 2.232208874049086091e+02 2.964322226429382923e+01 2.964322226429382923e+01
5.981941542880485629e-01 2.600074536228267448e+02 2.170028450212128917e+02 2.878769237168289052e+01 5.099625322352549688e+02 2.781726811413359997e+02 2.170028450212128917e+02 2.170028450212128917e+02 2.878769237168289052e+01 2.878769237168289052e+01
6.043590774859866066e-01 2.524304391936117042e+02 2.143464295064798932e+02 2.813328601583976862e+01 5.031183728236679826e+02 2.711829918837544255e+02 2.143464295064798932e+02 2.143464295064798932e+02 2.813328601583976862e+01 2.813328601583976862e+01
6.104910230252050818e-01 2.483135483870967732e+02 2.098353870967742125e+02 2.719309475806451815e+01 4.982058387096774368e+02 2.663890161290322567e+02 2.098353870967742125e+02 2.098353870967742125e+02 2.719309475806451815e+01 2.719309475806451815e+01
6.166050503334797872e-01 2.447660052178037802e+02 2.062763854850185794e+02 2.657076053442959918e+01 4.976549608664716402e+02 2.613253695944343349e+02 2.062763854850185794e+02 2.062763854850185794e+02 2.657076053442959918e+01 2.657076053442959918e+01
6.227565424953059869e-01 2.396017743940812466e+02 1.998265360941840925e+02 2.576118589694392469e+01 4.912655911832874835e+02 2.557294969991864662e+02 1.998265360941840925e+02 1.998265360941840925e+02 2.576118589694392469e+01 2.576118589694392469e+01
6.288977757446623240e-01 2.324168770339730656e+02 1.956321512211441984e+02 2.501691619270659217e+01 4.831726938167219600e+02 2.495108123726390943e+02 1.956321512211441984e+02 1.956321512211441984e+02 2.501691619270659217e+01 2.501691619270659217e+01
6.350332706002194127e-01 2.261765855970613757e+02 1.917585389696951950e+02 2.421597742690405042e+01 4.750923956512723407e+02 2.443362413721598614e+02 1.917585389696951950e+02 1.917585389696951950e+02 2.421597742690405042e+01 2.421597742690405042e+01
6.411743038514937654e-01 2.206065064144664802e+02 1.882316943240363685e+02 2.346556693959163198e+01 4.712600084650524650e+02 2.383176000116759212e+02 1.882316943240363685e+02 1.882316943240363685e+02 2.346556693959163198e+01 2.346556693959163198e+01
6.473071136295037720e-01 2.183406745748177684e+02 1.842982135200800258e+02 2.291370587394597536e+01 4.724342146634271558e+02 2.343842361011862181e+02 1.842982135200800258e+02 1.842982135200800258e+02 2.291370587394597536e+01 2.291370587394597536e+01
6.534392957951101755e-01 2.146189490580383392e+02 1.801489116048548169e+02 2.242840246684125916e+01 4.659457632846160209e+02 2.314439751063050892e+02 1.801489116048548169e+02 1.801489116048548169e+02 2.242840246684125916e+01 2.242840246684125916e+01
6.595783755518781488e-01 2.102683541184684088e+02 1.770080357020629833e+02 2.173924009911155508e+01 4.622840559076784075e+02 2.265593916412271085e+02 1.770080357020629833e+02 1.770080357020629833e+02 2.173924009911155508e+01 2.173924009911155508e+01
6.657085753353266799e-01 2.051317318710099755e+02 1.728555273639984762e+02 2.112810504992634009e+01 4.581023626343646242e+02 2.211584274567577779e+02 1.728555273639984762e+02 1.728555273639984762e+02 2.112810504992634009e+01 2.112810504992634009e+01
6.718369711955728407e-01 2.019460054878370556e+02 1.694889715582291103e+02 2.060718761542926458e+01 4.553450477547359014e+02 2.166968629623766560e+02 1.694889715582291103e+02 1.694889715582291103e+02 2.060718761542926458e+01 2.060718761542926458e+01
6.779675665423466890e-01 2.009028878636118804e+02 1.677063370006703735e+02 2.000989622356296849e+01 4.558116119195026386e+02 2.157838505724463403e+02 1.677063370006703735e+02 1.677063370006703735e+02 2.000989622356296849e+01 2.000989622356296849e+01
6.841025602423458363e-01 1.919363124515448362e+02 1.615891257101460212e+02 1.936920285710654355e+01 4.447456946403833058e+02 2.084602000482962865e+02 1.615891257101460212e+02 1.615891257101460212e+02 1.936920285710654355e+01 1.936920285710654355e+01
6.902473351098605825e-01 1.899488107549121025e+02 1.606726864579917731e+02 1.892952177970590455e+01 4.441536055691477713e+02 2.054075087648498084e+02 1.606726864579917731e+02 1.606726864579917731e+02 1.892952177970590455e+01 1.892952177970590455e+01
6.963896182979992799e-01 1.874100870165405297e+02 1.575480563019202691e+02 1.840577778736411219e+01 4.436319175684669744e+02 2.013056548426060601e+02 1.575480563019202691e+02 1.575480563019202691e+02 1.840577778736411219e+01 1.840577778736411219e+01
7.025354447064345864e-01 1.835207028173281003e+02 1.535315237806725293e+02 1.791442441684338149e+01 4.389378249015450137e+02 1.973694759163889785e+02 1.535315237806725293e+02 1.535315237806725293e+02 1.791442441684338149e+01 1.791442441684338149e+01
7.086795257259553837e-01 1.782041422234940455e+02 1.515876257929126609e+02 1.735070587113082397e+01 4.325807220870892138e+02 1.928366361425096613e+02 1.515876257929126609e+02 1.515876257929126609e+02 1.735070587113082397e+01 1.735070587113082397e+01
7.148105300560909647e-01 1.761026978755405139e+02 1.480665303628501590e+02 1.698093362239142934e+01 4.317956852791878646e+02 1.903317587892460949e+02 1.480665303628501590e+02 1.480665303628501590e+02 1.698093362239142934e+01 1.698093362239142934e+01
7.209489185367295994e-01 1.727543845525743791e+02 1.451474474716225984e+02 1.647658361413637351e+01 4.288166250733154925e+02 1.867298885604866996e+02 1.451474474716225984e+02 1.451474474716225984e+02 1.647658361413637351e+01 1.647658361413637351e+01
7.270775917581103753e-01 1.694399020110522258e+02 1.425174841907366101e+02 1.602727738848060213e+01 4.251336637611804008e+02 1.829919216088417784e+02 1.425174841907366101e+02 1.425174841907366101e+02 1.602727738848060213e+01 1.602727738848060213e+01
7.331906622449658739e-01 1.651769910517037374e+02 1.405324794144556222e+02 1.558794602012808639e+01 4.214452502622006591e+02 1.790838819092674044e+02 1.405324794144556222e+02 1.405324794144556222e+02 1.558794602012808639e+01 1.558794602012808639e+01
7.393386679216931157e-01 1.627361636113356838e+02 1.367017720191404351e+02 1.514293049577206318e+01 4.203739812528677930e+02 1.759783031441868673e+02 1.367017720191404351e+02 1.367017720191404351e+02 1.514293049577206318e+01 1.514293049577206318e+01
7.454822748005143218e-01 1.603666339590903647e+02 1.343321831768042216e+02 1.481829773239451775e+01 4.190888172437217349e+02 1.727085323643264587e+02 1.343321831768042216e+02 1.343321831768042216e+02 1.481829773239451775e+01 1.481829773239451775e+01
7.516118807450163919e-01 1.576079590773255745e+02 1.329602258829534946e+02 1.432794503940190012e+01 4.175226467866980329e+02 1.696364071423254245e+02 1.329602258829534946e+02 1.329602258829534946e+02 1.432794503940190012e+01 1.432794503940190012e+01
7.577553313207755492e-01 1.547256672999657496e+02 1.297365268217730261e+02 1.393417453099531755e+01 4.128758629997611820e+02 1.671368548914566929e+02 1.297365268217730261e+02 1.297365268217730261e+02 1.393417453099531755e+01 1.393417453099531755e+01
7.639042897236033580e-01 1.524738539601672187e+02 1.276021754984233354e+02 1.363292444302926398e+01 4.126391322657847240e+02 1.638191809525766018e+02 1.276021754984233354e+02 1.276021754984233354e+02 1.363292444302926398e+01 1.363292444302926398e+01
7.700556058884338029e-01 1.477119476103773366e+02 1.253345270548944370e+02 1.317613722097596884e+01 4.082275045519017453e+02 1.597765896448007936e+02 1.253345270548944370e+02 1.253345270548944370e+02 1.317613722097596884e+01 1.317613722097596884e+01
7.761646078124272430e-01 1.470523093036840123e+02 1.231223236046488267e+02 1.291494576711583875e+01 4.063217918504643080e+02 1.585461659314762244e+02 1.231223236046488267e+02 1.231223236046488267e+02 1.291494576711583875e+01 1.291494576711583875e+01
7.822760392858680856e-01 1.434397673828620441e+02 1.209886813808715402e+02 1.254725157582499051e+01 4.052615967058915203e+02 1.543173116328083836e+02 1.209886813808715402e+02 1.209886813808715402e+02 1.254725157582499051e+01 1.254725157582499051e+01
7.884165269731352454e-01 1.402758897097880322e+02 1.197886136462407762e+02 1.225242648124004141e+01 4.006376744410642914e+02 1.522100342846105718e+02 1.197886136462407762e+02 1.197886136462407762e+02 1.225242648124004141e+01 1.225242648124004141e+01
7.945591276009631443e-01 1.386281166707623527e+02 1.168056842025670505e+02 1.184423971191470848e+01 4.017138050320409661e+02 1.493258728568457911e+02 1.168056842025670505e+02 1.168056842025670505e+02 1.184423971191470848e+01 1.184423971191470848e+01
8.007019309919388705e-01 1.342947072599531566e+02 1.149892833723653354e+02 1.154245081967212982e+01 3.955899953161592180e+02 1.457203091334894509e+02 1.149892833723653354e+02 1.149892833723653354e+02 1.154245081967212982e+01 1.154245081967212982e+01
8.068322471611056868e-01 1.328940485059183914e+02 1.129796282500528832e+02 1.126764478657947777e+01 3.934614316327750316e+02 1.434376109409633102e+02 1.129796282500528832e+02 1.129796282500528832e+02 1.126764478657947777e+01 1.126764478657947777e+01
8.129795759107908415e-01 1.308634780799739303e+02 1.107640126265138605e+02 1.100797071300006280e+01 3.919506154973272487e+02 1.421092609509682347e+02 1.107640126265138605e+02 1.107640126265138605e+02 1.100797071300006280e+01 1.100797071300006280e+01
8.191384193203445907e-01 1.273805412703065230e+02 1.089120502367058521e+02 1.069001194631707108e+01 3.911254052421683127e+02 1.381576380932079360e+02 1.089120502367058521e+02 1.089120502367058521e+02 1.069001194631707108e+01 1.069001194631707108e+01
8.252636533623828319e-01 1.247909677190430102e+02 1.070358736438715823e+02 1.044179958129673658e+01 3.893497857694115396e+02 1.355882248578449207e+02 1.070358736438715823e+02 1.070358736438715823e+02 1.044179958129673658e+01 1.044179958129673658e+01
8.313801266770000087e-01 1.233929057362486930e+02 1.055056201197687926e+02 1.016537104923346213e+01 3.891974104984010978e+02 1.335737548639818328e+02 1.055056201197687926e+02 1.055056201197687926e+02 1.016537104923346213e+01 1.016537104923346213e+01
8.375206517277707929e-01 1.206796072649171947e+02 1.041871542900000804e+02 9.887617083294269804e+00 3.860698025244819860e+02 1.304294005846707023e+02 1.041871542900000804e+02 1.041871542900000804e+02 9.887617083294269804e+00 9.887617083294269804e+00
8.436596178727920892e-01 1.179631785397950239e+02 1.020285039436500938e+02 9.617144333375511778e+00 3.837644776245307980e+02 1.276691973512168516e+02 1.020285039436500938e+02 1.020285039436500938e+02 9.617144333375511778e+00 9.617144333375511778e+00
8.497926552975230141e-01 1.158414758375088098e+02 1.006591411652656518e+02 9.403251687440475237e+00 3.797578698910928097e+02 1.267216530705205315e+02 1.006591411652656518e+02 1.006591411652656518e+02 9.403251687440475237e+00 9.403251687440475237e+00
8.559261024612236923e-01 1.142605901424057180e+02 9.926522756186645324e+01 9.152244839331883597e+00 3.800699634751918552e+02 1.239182336766938874e+02 9.926522756186645324e+01 9.926522756186645324e+01 9.152244839331883597e+00 9.152244839331883597e+00
8.620635216668264267e-01 1.125574746346832171e+02 9.740828720848965361e+01 8.913001783404697065e+00 3.779520408737076878e+02 1.224203051068034540e+02 9.740828720848965361e+01 9.740828720848965361e+01 8.913001783404697065e+00 8.913001783404697065e+00
8.681991121454618598e-01 1.100084796416873161e+02 9.588249639376140010e+01 8.718322879890338939e+00 3.764057157885508786e+02 1.201780405970815337e+02 9.588249639376140010e+01 9.588249639376140010e+01 8.718322879890338939e+00 8.718322879890338939e+00
8.743258064632770665e-01 1.079864144305447553e+02 9.379406475526342035e+01 8.462179305958017039e+00 3.740805867709535733e+02 1.180279799907335416e+02 9.379406475526342035e+01 9.379406475526342035e+01 8.462179305958017039e+00 8.462179305958017039e+00
8.804649962982444844e-01 1.072790434467944181e+02 9.282497324515141202e+01 8.286063226134290360e+00 3.743927072827082725e+02 1.161981398643394385e+02 9.282497324515141202e+01 9.282497324515141202e+01 8.286063226134290360e+00 8.286063226134290360e+00
8.866060715851544760e-01 1.053785307277524907e+02 9.150648973192090807e+01 8.052979081418026652e+00 3.731453439902099376e+02 1.143682205820490196e+02 9.150648973192090807e+01 9.150648973192090807e+01 8.052979081418026652e+00 8.052979081418026652e+00
8.927497452568226022e-01 1.031752227724621207e+02 8.971169919555426020e+01 7.823309039370784923e+00 3.719985061360462169e+02 1.119342027621544560e+02 8.971169919555426020e+01 8.971169919555426020e+01 7.823309039370784923e+00 7.823309039370784923e+00
8.989002179133253057e-01 1.015801065165234291e+02 8.847104221292904924e+01 7.628734392061027769e+00 3.710111344678259115e+02 1.098527338498221013e+02 8.847104221292904924e+01 8.847104221292904924e+01 7.628734392061027769e+00 7.628734392061027769e+00
9.050334286265421246e-01 9.953460472125294700e+01 8.740530061960043895e+01 7.434262093912992420e+00 3.714741516155697241e+02 1.080598093649644085e+02 8.740530061960043895e+01 8.740530061960043895e+01 7.434262093912992420e+00 7.434262093912992420e+00
9.111662727418216035e-01 9.735497404125959520e+01 8.575004512993811545e+01 7.236674031872567525e+00 3.673227765382088137e+02 1.060856674537327820e+02 8.575004512993811545e+01 8.575004512993811545e+01 7.236674031872567525e+00 7.236674031872567525e+00
9.173141852908638372e-01 9.593440215656369219e+01 8.438032845032455498e+01 7.070414198559926255e+00 3.658009009328556544e+02 1.048161245699287036e+02 8.438032845032455498e+01 8.438032845032455498e+01 7.070414198559926255e+00 7.070414198559926255e+00
9.234386234055659282e-01 9.434081761139761113e+01 8.299225398442308688e+01 6.889891626521791324e+00 3.639776179056754586e+02 1.030243698846232832e+02 8.299225398442308688e+01 8.299225398442308688e+01 6.889891626521791324e+00 6.889891626521791324e+00
9.295586914769259357e-01 9.322845541412307568e+01 8.230482895293000922e+01 6.734853222420089658e+00 3.650662084161949110e+02 1.012069264189250077e+02 8.230482895293000922e+01 8.230482895293000922e+01 6.734853222420089658e+00 6.734853222420089658e+00
9.356866131768992734e-01 9.119953707837386503e+01 8.064242395104294303e+01 6.526879846425407194e+00 3.623269984958481587e+02 9.948771609305137531e+01 8.064242395104294303e+01 8.064242395104294303e+01 6.526879846425407194e+00 6.526879846425407194e+00
9.418341995598693561e-01 8.993377492323575950e+01 7.915453411818340612e+01 6.381801512490111072e+00 3.618412689899301427e+02 9.728288124002735060e+01 7.915453411818340612e+01 7.915453411818340612e+01 6.381801512490111072e+00 6.381801512490111072e+00
9.479856668247271800e-01 8.833624413271104459e+01 7.796028296714317207e+01 6.257491240856389858e+00 3.608804878374944565e+02 9.569984888805680612e+01 7.796028296714317207e+01 7.796028296714317207e+01 6.257491240856389858e+00 6.257491240856389858e+00
9.541104538204613350e-01 8.578886964766614653e+01 7.709141848781548845e+01 6.063551454175528654e+00 3.606833341015190513e+02 9.336730689457640153e+01 7.709141848781548845e+01 7.709141848781548845e+01 6.063551454175528654e+00 6.063551454175528654e+00
9.602408593380125090e-01 8.486360824406602887e+01 7.605804708104059841e+01 5.934662032364145468e+00 3.591358968514961134e+02 9.242542897144531366e+01 7.605804708104059841e+01 7.605804708104059841e+01 5.934662032364145468e+00 5.934662032364145468e+00
9.663673603621276698e-01 8.320282288877329790e+01 7.521698228309797685e+01 5.739242392134953796e+00 3.589457191110083727e+02 9.050631553937338936e+01 7.521698228309797685e+01 7.521698228309797685e+01 5.739242392134953796e+00 5.739242392134953796e+00
9.725109363121978712e-01 8.159294683611432220e+01 7.385217523059148448e+01 5.606202690076201200e+00 3.578613231311198888e+02 8.921217573565155590e+01 7.385217523059148448e+01 7.385217523059148448e+01 5.606202690076201200e+00 5.606202690076201200e+00
9.786539223807257937e-01 8.053737348416005659e+01 7.294768276251056704e+01 5.494574703099050161e+00 3.559858866292733524e+02 8.779947983580359505e+01 7.294768276251056704e+01 7.294768276251056704e+01 5.494574703099050161e+00 5.494574703099050161e+00
9.847742802912333726e-01 7.961200411456331949e+01 7.180234604469011117e+01 5.356859361251223639e+00 3.569687070108689113e+02 8.639347370769249324e+01 7.180234604469011117e+01 7.180234604469011117e+01 5.356859361251223639e+00 5.356859361251223639e+00
9.909163226000885505e-01 7.762742415952337183e+01 7.046954830080855459e+01 5.213650525867834062e+00 3.527775791841449404e+02 8.508379840719800313e+01 7.046954830080855459e+01 7.046954830080855459e+01 5.213650525867834062e+00 5.213650525867834062e+00
9.970641613013051519e-01 7.599544808651043581e+01 6.948872859516870903e+01 5.096542638062667052e+00 3.512340261554394374e+02 8.356206497916716103e+01 6.948872859516870903e+01 6.948872859516870903e+01 5.096542638062667052e+00 5.096542638062667052e+00
1.003199363263552968e+00 7.497510299229122666e+01 6.894606840715192675e+01 4.980138584996214313e+00 3.508472494649170699e+02 8.233218069408755468e+01 6.894606840715192675e+01 6.894606840715192675e+01 4.980138584996214313e+00 4.980138584996214313e+00
1.009337884460522083e+00 7.395888488236883518e+01 6.788044257038490059e+01 4.859374816476584868e+00 3.516360539823112390e+02 8.098664536816264103e+01 6.788044257038490059e+01 6.788044257038490059e+01 4.859374816476584868e+00 4.859374816476584868e+00
1.015478646350256975e+00 7.267818761357897017e+01 6.710262603273396564e+01 4.705680980277176850e+00 3.512129681775692802e+02 7.924657884194454027e+01 6.710262603273396564e+01 6.710262603273396564e+01 4.705680980277176850e+00 4.705680980277176850e+00
1.021609453879374962e+00 7.147088304251899160e+01 6.610307443272482431e+01 4.603065431785844375e+00 3.494470629576077272e+02 7.819909212929093201e+01 6.610307443272482431e+01 6.610307443272482431e+01 4.603065431785844375e+00 4.603065431785844375e+00
1.027737761654253790e+00 7.052845956550541473e+01 6.509588436125218891e+01 4.494949580735934980e+00 3.494200737180031524e+02 7.689437150023496770e+01 6.509588436125218891e+01 6.509588436125218891e+01 4.494949580735934980e+00 4.494949580735934980e+00
1.033868183565701315e+00 6.933097009252115583e+01 6.395255123014286625e+01 4.371683555673185673e+00 3.491388155264357920e+02 7.542169488852974268e+01 6.395255123014286625e+01 6.395255123014286625e+01 4.371683555673185673e+00 4.371683555673185673e+00
1.040006632801374398e+00 6.809111757960660327e+01 6.314401406897768254e+01 4.287471677361735622e+00 3.488777013319220259e+02 7.428531026726646758e+01 6.314401406897768254e+01 6.314401406897768254e+01 4.287471677361735622e+00 4.287471677361735622e+00
1.046156808389768100e+00 6.704298745287303518e+01 6.256747705894905920e+01 4.156322674020935359e+00 3.488197383324852012e+02 7.311189542054489721e+01 6.256747705894905920e+01 6.256747705894905920e+01 4.156322674020935359e+00 4.156322674020935359e+00
1.052295850575665437e+00 6.534533004952771762e+01 6.182168394273187317e+01 4.069658177487888828e+00 3.479097133887249811e+02 7.167362039568052978e+01 6.182168394273187317e+01 6.182168394273187317e+01 4.069658177487888828e+00 4.069658177487888828e+00
1.058425977651756611e+00 6.442772109753877885e+01 6.075190827436328078e+01 3.966697534498817124e+00 3.459129205965164147e+02 7.058903317667461863e+01 6.075190827436328078e+01 6.075190827436328078e+01 3.966697534498817124e+00 3.966697534498817124e+00
1.064562605041261323e+00 6.306372536056738909e+01 5.981093416967690501e+01 3.879160011529694252e+00 3.439575622629933491e+02 6.937350920524441733e+01 5.981093416967690501e+01 5.981093416967690501e+01 3.879160011529694252e+00 3.879160011529694252e+00
1.070698774491387617e+00 6.210661329130110175e+01 5.946164645953267325e+01 3.790834959994572095e+00 3.435465320800212794e+02 6.859639664090104816e+01 5.946164645953267325e+01 5.946164645953267325e+01 3.790834959994572095e+00 3.790834959994572095e+00
1.076840726399151738e+00 6.181329249585513708e+01 5.853243325603136071e+01 3.691596767779023125e+00 3.446498530573877019e+02 6.725527727993471672e+01 5.853243325603136071e+01 5.853243325603136071e+01 3.691596767779023125e+00 3.691596767779023125e+00
1.082972309238944275e+00 6.038330874518482005e+01 5.787099418080484980e+01 3.599969392877632846e+00 3.448587410867961580e+02 6.615284095565937150e+01 5.787099418080484980e+01 5.787099418080484980e+01 3.599969392877632846e+00 3.599969392877632846e+00
1.089087945679088287e+00 5.918832462351802803e+01 5.690587823830257719e+01 3.507602186155195589e+00 3.444983197068230538e+02 6.508463304728644516e+01 5.690587823830257719e+01 5.690587823830257719e+01 3.507602186155195589e+00 3.507602186155195589e+00
1.095217492047269259e+00 5.875679859384207049e+01 5.614790624282191089e+01 3.425772550458899168e+00 3.438765217564990166e+02 6.422781156684743564e+01 5.614790624282191089e+01 5.614790624282191089e+01 3.425772550458899168e+00 3.425772550458899168e+00
1.101360503814608816e+00 5.725995399218753334e+01 5.560284519405543335e+01 3.336843748306725033e+00 3.444700875330649978e+02 6.295713983123900448e+01 5.560284519405543335e+01 5.560284519405543335e+01 3.336843748306725033e+00 3.336843748306725033e+00
1.107509538678442151e+00 5.642568395363026212e+01 5.476259670530811263e+01 3.267982001220255839e+00 4.337931714460036119e+02 6.199627089688834047e+01 5.476259670530811263e+01 5.476259670530811263e+01 3.267982001220255839e+00 3.267982001220255839e+00
1.113637274621421813e+00 5.599186857838312648e+01 5.410083059780738068e+01 3.188288231500652437e+00 5.635702613982941784e+02 6.074013877238323289e+01 5.410083059780738068e+01 5.410083059780738068e+01 3.188288231500652437e+00 3.188288231500652437e+00
1.119766029293861820e+00 5.471982859406091393e+01 5.344995490573150221e+01 3.114997840724180733e+00 6.560515363068509487e+02 5.995761138761506004e+01 5.344995490573150221e+01 5.344995490573150221e+01 3.114997840724180733e+00 3.114997840724180733e+00
1.125921199838792353e+00 5.381174820699131800e+01 5.270325000470605659e+01 3.042598074280443043e+00 7.310173747717560673e+02 5.929195452064077188e+01 5.270325000470605659e+01 5.270325000470605659e+01 3.042598074280443043e+00 3.042598074280443043e+00
1.132060593734519616e+00 5.329223166225923336e+01 5.209223728877135784e+01 2.952322928974662197e+00 7.919364579230668824e+02 5.829404152365948732e+01 5.209223728877135784e+01 5.209223728877135784e+01 2.952322928974662197e+00 2.952322928974662197e+00
1.138193835500512563e+00 5.257401190470693564e+01 5.150952422732541436e+01 2.884714423258971649e+00 8.649195716522052635e+02 5.723596994731082788e+01 5.150952422732541436e+01 5.150952422732541436e+01 2.884714423258971649e+00 2.884714423258971649e+00
1.144331290643838761e+00 5.129283603289880489e+01 5.081856629017847382e+01 2.820480137001993182e+00 9.126384017961465815e+02 5.633337304405599610e+01 5.081856629017847382e+01 5.081856629017847382e+01 2.820480137001993182e+00 2.820480137001993182e+00
1.150477416657047947e+00 5.063622320998328519e+01 5.007314085502879664e+01 2.758378705792813079e+00 9.699340061517398226e+02 5.551049533665688784e+01 5.007314085502879664e+01 5.007314085502879664e+01 2.758378705792813079e+00 2.758378705792813079e+00
1.156613064375511923e+00 4.902088956377941287e+01 4.936875757562103928e+01 2.690769345150926917e+00 1.017498677504967873e+03 5.453379684493690149e+01 4.936875757562103928e+01 4.936875757562103928e+01 2.690769345150926917e+00 2.690769345150926917e+00
1.162735018537596643e+00 4.912249313141234097e+01 4.892831893252635922e+01 2.617329247574426532e+00 1.073263271527104962e+03 5.360927137668175391e+01 4.892831893252635922e+01 4.892831893252635922e+01 2.617329247574426532e+00 2.617329247574426532e+00
1.168863107201693285e+00 4.775501427614649685e+01 4.832183016673128861e+01 2.564561008495188421e+00 1.114062321548168711e+03 5.283175737600902266e+01 4.832183016673128861e+01 4.832183016673128861e+01 2.564561008495188421e+00 2.564561008495188421e+00
1.175003119642887395e+00 4.755734260605458985e+01 4.759722767493129680e+01 2.501005215905708123e+00 1.151080827124435245e+03 5.204416478638083277e+01 4.759722767493129680e+01 4.759722767493129680e+01 2.501005215905708123e+00 2.501005215905708123e+00
1.181141063188670737e+00 4.670026165577153421e+01 4.719577119368571516e+01 2.435712720529183528e+00 1.202743879586531875e+03 5.127545962470099283e+01 4.719577119368571516e+01 4.719577119368571516e+01 2.435712720529183528e+00 2.435712720529183528e+00
1.187270909488056914e+00 4.527923654997902503e+01 4.653185916101878661e+01 2.383604813312479642e+00 1.237947891102831818e+03 5.039292753328331997e+01 4.653185916101878661e+01 4.653185916101878661e+01 2.383604813312479642e+00 2.383604813312479642e+00
1.193410238621095854e+00 4.560176998605746235e+01 4.607483056237705910e+01 2.325261001335282351e+00 1.278540203788494637e+03 4.939478018390668979e+01 4.607483056237705910e+01 4.607483056237705910e+01 2.325261001335282351e+00 2.325261001335282351e+00
1.199554515593299175e+00 4.413891414927851997e+01 4.536825495691891774e+01 2.279497560469220030e+00 1.286104216754904883e+03 4.894326170455724423e+01 4.536825495691891774e+01 4.536825495691891774e+01 2.279497560469220030e+00 2.279497560469220030e+00
1.205699244952225024e+00 4.337767904569356148e+01 4.482941401730236208e+01 2.212823286954874735e+00 1.322829484017343702e+03 4.812752360442565447e+01 4.482941401730236208e+01 4.482941401730236208e+01 2.212823286954874735e+00 2.212823286954874735e+00
1.211823614414484052e+00 4.358226565832212884e+01 4.443552938088520676e+01 2.171804510892746176e+00 1.353922766494963980e+03 4.740246973325896818e+01 4.443552938088520676e+01 4.443552938088520676e+01 2.171804510892746176e+00 2.171804510892746176e+00
1.217948190684038368e+00 4.255416081602349720e+01 4.414795671331041405e+01 2.114361034111266857e+00 1.398122500363143217e+03 4.664562049096983287e+01 4.414795671331041405e+01 4.414795671331041405e+01 2.114361034111266857e+00 2.114361034111266857e+00
1.224088465910863066e+00 4.191401962547714533e+01 4.328111597417910161e+01 2.055342046885304530e+00 1.413470639726602258e+03 4.570642124827627129e+01 4.328111597417910161e+01 4.328111597417910161e+01 2.055342046885304530e+00 2.055342046885304530e+00
1.230226458808759915e+00 4.114309474309474268e+01 4.290002970002969818e+01 2.015378922878922729e+00 1.446659522819522863e+03 4.505222453222453538e+01 4.290002970002969818e+01 4.290002970002969818e+01 2.015378922878922729e+00 2.015378922878922729e+00
1.236361550594031522e+00 4.060559866202395796e+01 4.223642929603502694e+01 1.966790380163800034e+00 1.473678768247353219e+03 4.440087971141078782e+01 4.223642929603502694e+01 4.223642929603502694e+01 1.966790380163800034e+00 1.966790380163800034e+00
1.242496792651986093e+00 3.946172726176538248e+01 4.200299118204201676e+01 1.923219682677983267e+00 1.508551513289172362e+03 4.380094053032218682e+01 4.200299118204201676e+01 4.200299118204201676e+01 1.923219682677983267e+00 1.923219682677983267e+00
1.248637470443478836e+00 3.907474746701473123e+01 4.131131891308424997e+01 1.878538834960746806e+00 1.530812078712971697e+03 4.314605765292647277e+01 4.131131891308424997e+01 4.131131891308424997e+01 1.878538834960746806e+00 1.878538834960746806e+00
1.254772466883479876e+00 3.838416114052019168e+01 4.091366598505551622e+01 1.832484783190322375e+00 1.551102077321459092e+03 4.247192462782120259e+01 4.091366598505551622e+01 4.091366598505551622e+01 1.832484783190322375e+00 1.832484783190322375e+00
1.260914491442226115e+00 3.858745486418051485e+01 4.047628590264147164e+01 1.794292215101209065e+00 1.575441079963441780e+03 4.183918912844792715e+01 4.047628590264147164e+01 4.047628590264147164e+01 1.794292215101209065e+00 1.794292215101209065e+00
1.267057912247927520e+00 3.708413791037174434e+01 3.998106091815410679e+01 1.749994031211846712e+00 1.597081681110353884e+03 4.118299789524144927e+01 3.998106091815410679e+01 3.998106091815410679e+01 1.749994031211846712e+00 1.749994031211846712e+00
1.273186365191749214e+00 3.649585497015504387e+01 3.963846765102655212e+01 1.709765791029881798e+00 1.617168576866926514e+03 4.051260880010348586e+01 3.963846765102655212e+01 3.963846765102655212e+01 1.709765791029881798e+00 1.709765791029881798e+00
1.279317993167675471e+00 3.639897193145721133e+01 3.916636318005122064e+01 1.673707884362440002e+00 1.633361183268056266e+03 4.003461212945016712e+01 3.916636318005122064e+01 3.916636318005122064e+01 1.673707884362440002e+00 1.673707884362440002e+00
1.285454867222016517e+00 3.576269656894545790e+01 3.869023742303050284e+01 1.636225133280902799e+00 1.659186564270207782e+03 3.933550545264768061e+01 3.869023742303050284e+01 3.869023742303050284e+01 1.636225133280902799e+00 1.636225133280902799e+00
1.291590440177868837e+00 3.489099783275168676e+01 3.827347223370340856e+01 1.596934156803829996e+00 1.676384670402145048e+03 3.887707784482789464e+01 3.827347223370340856e+01 3.827347223370340856e+01 1.596934156803829996e+00 1.596934156803829996e+00
1.297722286883003173e+00 3.529345185944967511e+01 3.777007429251162307e+01 1.556043033385330787e+00 1.698320718564580375e+03 3.821243527006716789e+01 3.777007429251162307e+01 3.777007429251162307e+01 1.556043033385330787e+00 1.556043033385330787e+00
1.303853449480362636e+00 3.408911833781181855e+01 3.729323854459796195e+01 1.523151478605533571e+00 1.715942534329179352e+03 3.778467300002115792e+01 3.729323854459796195e+01 3.729323854459796195e+01 1.523151478605533571e+00 1.523151478605533571e+00
1.310000794114592582e+00 3.357876425465654791e+01 3.699144286146263738e+01 1.487550419167712246e+00 1.740621132865042455e+03 3.722202333575472721e+01 3.699144286146263738e+01 3.699144286146263738e+01 1.487550419167712246e+00 1.487550419167712246e+00
1.316143719180109750e+00 3.299115707382056684e+01 3.657822815373994274e+01 1.453921880257967869e+00 1.754177115242512627e+03 3.653827020013668658e+01 3.657822815373994274e+01 3.657822815373994274e+01 1.453921880257967869e+00 1.453921880257967869e+00
1.322267763843804511e+00 3.282306713363954032e+01 3.610521639802005467e+01 1.422945938227858420e+00 1.775392596810543182e+03 3.602379915135340838e+01 3.610521639802005467e+01 3.610521639802005467e+01 1.422945938227858420e+00 1.422945938227858420e+00
1.328401901823275777e+00 3.227102213928238683e+01 3.570228857409449574e+01 1.391154147934515306e+00 1.803538457884468698e+03 3.545114598354398083e+01 3.570228857409449574e+01 3.570228857409449574e+01 1.391154147934515306e+00 1.391154147934515306e+00
1.334537614144214679e+00 3.130193072309455005e+01 3.540382438169687873e+01 1.363721443493496777e+00 1.806251526383179453e+03 3.500198126558393596e+01 3.540382438169687873e+01 3.540382438169687873e+01 1.363721443493496777e+00 1.363721443493496777e+00
1.340678552423816727e+00 3.065633606298689173e+01 3.498496420444163846e+01 1.328671847748450929e+00 1.820403740677374799e+03 3.458865505041276833e+01 3.498496420444163846e+01 3.498496420444163846e+01 1.328671847748450929e+00 1.328671847748450929e+00
1.346815149096061148e+00 3.075717553455992004e+01 3.460047737444057958e+01 1.300957235206364970e+00 1.839026262224432230e+03 3.407174540029836152e+01 3.460047737444057958e+01 3.460047737444057958e+01 1.300957235206364970e+00 1.300957235206364970e+00
1.352940200955950356e+00 3.021442715885324048e+01 3.433797022135958343e+01 1.266149462721056773e+00 1.844287652894563735e+03 3.364251557176102381e+01 3.433797022135958343e+01 3.433797022135958343e+01 1.266149462721056773e+00 1.266149462721056773e+00
1.359082410299650379e+00 2.965190346823991163e+01 3.384313103283025725e+01 1.241857298166311185e+00 1.867493353970294493e+03 3.308490404136890817e+01 3.384313103283025725e+01 3.384313103283025725e+01 1.241857298166311185e+00 1.241857298166311185e+00
1.365220173749337018e+00 2.937071000106253749e+01 3.360505768295784890e+01 1.212293469091400899e+00 1.879552548965313008e+03 3.267789952250166863e+01 3.360505768295784890e+01 3.360505768295784890e+01 1.212293469091400899e+00 1.212293469091400899e+00
1.371355627496639196e+00 2.903706153391186007e+01 3.324803403746538066e+01 1.187933358401409345e+00 1.906179669737373615e+03 3.219616696928551391e+01 3.324803403746538066e+01 3.324803403746538066e+01 1.187933358401409345e+00 1.187933358401409345e+00
1.377497312851453160e+00 2.888911297970538072e+01 3.283030916102927677e+01 1.165604254915597160e+00 1.913121729784409354e+03 3.180397041158247617e+01 3.283030916102927677e+01 3.283030916102927677e+01 1.165604254915597160e+00 1.165604254915597160e+00
1.383633079758801232e+00 2.778260027308147784e+01 3.246074219421279849e+01 1.139542018303332904e+00 1.935968455027479877e+03 3.131486544331997024e+01 3.246074219421279849e+01 3.246074219421279849e+01 1.139542018303332904e+00 1.139542018303332904e+00
1.389766479619330530e+00 2.775912769910100053e+01 3.213932168896274533e+01 1.108680143889817282e+00 1.940932234244158508e+03 3.088528645711778609e+01 3.213932168896274533e+01 3.213932168896274533e+01 1.108680143889817282e+00 1.108680143889817282e+00
1.395898899779254521e+00 2.769740209526264607e+01 3.181609989014294015e+01 1.088494294644007931e+00 1.967482211134228237e+03 3.057277570133608435e+01 3.181609989014294015e+01 3.181609989014294015e+01 1.088494294644007931e+00 1.088494294644007931e+00
1.402038197914537321e+00 2.765506192956598852e+01 3.150683071364708354e+01 1.063779328432673976e+00 1.985043455971877620e+03 3.000160812423141010e+01 3.150683071364708354e+01 3.150683071364708354e+01 1.063779328432673976e+00 1.063779328432673976e+00
1.408181749899602986e+00 2.644983595494108641e+01 3.120181910755872678e+01 1.041275069971469236e+00 1.979513920481078458e+03 2.961185643571813841e+01 3.120181910755872678e+01 3.120181910755872678e+01 1.041275069971469236e+00 1.041275069971469236e+00
1.414313666006327352e+00 2.618772037936061636e+01 3.091005666361053628e+01 1.023983868907158756e+00 1.992118870335021711e+03 2.925824478078547486e+01 3.091005666361053628e+01 3.091005666361053628e+01 1.023983868907158756e+00 1.023983868907158756e+00
1.420444380108462745e+00 2.560615121742844735e+01 3.059589918838103273e+01 1.001598356886895358e+00 1.999001756134605330e+03 2.887220561013811704e+01 3.059589918838103273e+01 3.059589918838103273e+01 1.001598356886895358e+00 1.001598356886895358e+00
1.426582768631972087e+00 2.555555817246688477e+01 3.019711721047719521e+01 9.776542043624565359e-01 2.017771408215596693e+03 2.847040813022012173e+01 3.019711721047719521e+01 3.019711721047719521e+01 9.776542043624565359e-01 9.776542043624565359e-01
1.432726168338077644e+00 2.583869012582391633e+01 3.000259923421664610e+01 9.569137590404979132e-01 2.027980814620983892e+03 2.811654884637126983e+01 3.000259923421664610e+01 3.000259923421664610e+01 9.569137590404979132e-01 9.569137590404979132e-01
1.438861657952483553e+00 2.466856765117755401e+01 2.961511297182735092e+01 9.378115858095903423e-01 2.045874824953828238e+03 2.776954501042303747e+01 2.961511297182735092e+01 2.961511297182735092e+01 9.378115858095903423e-01 9.378115858095903423e-01
1.444991779317132963e+00 2.460690812594133092e+01 2.927376317865595468e+01 9.229517499820698578e-01 2.063695629348059811e+03 2.747783116976260587e+01 2.927376317865595468e+01 2.927376317865595468e+01 9.229517499820698578e-01 9.229517499820698578e-01
1.451129573505090198e+00 2.415174979858740656e+01 2.900910698069001370e+01 9.003307472336016248e-01 2.063787331076753162e+03 2.701187978443870819e+01 2.900910698069001370e+01 2.900910698069001370e+01 9.003307472336016248e-01 9.003307472336016248e-01
1.457259699941714226e+00 2.394343683709526616e+01 2.869393185304028648e+01 8.822977778656551084e-01 2.084879419482584581e+03 2.674208045103649667e+01 2.869393185304028648e+01 2.869393185304028648e+01 8.822977778656551084e-01 8.822977778656551084e-01
1.463381498859491758e+00 2.358520881361071986e+01 2.851162353179026709e+01 8.656582830475302304e-01 2.094713237544611275e+03 2.638644206766610978e+01 2.851162353179026709e+01 2.851162353179026709e+01 8.656582830475302304e-01 8.656582830475302304e-01
1.469517533590522174e+00 2.395606598535625054e+01 2.823522629238834725e+01 8.479265344692192841e-01 2.102019775698453486e+03 2.601646315836043044e+01 2.823522629238834725e+01 2.823522629238834725e+01 8.479265344692192841e-01 8.479265344692192841e-01
1.475660550406120208e+00 2.293615573251040374e+01 2.797524315983798715e+01 8.328045353098394443e-01 2.118918447083459796e+03 2.566399856721681871e+01 2.797524315983798715e+01 2.797524315983798715e+01 8.328045353098394443e-01 8.328045353098394443e-01
1.481800492405727532e+00 2.281228540232044466e+01 2.762578793596854609e+01 8.151335440849323266e-01 2.119804627277356303e+03 2.543814004906645820e+01 2.762578793596854609e+01 2.762578793596854609e+01 8.151335440849323266e-01 8.151335440849323266e-01
1.487943725053375577e+00 2.252332016130995385e+01 2.739101705871692971e+01 8.005980997936292809e-01 2.129795463089934856e+03 2.514571719909229230e+01 2.739101705871692971e+01 2.739101705871692971e+01 8.005980997936292809e-01 8.005980997936292809e-01
1.494084839802395370e+00 2.161509940488482684e+01 2.716297144573563571e+01 7.860991393760274892e-01 2.142549538846082669e+03 2.481530778906264700e+01 2.716297144573563571e+01 2.716297144573563571e+01 7.860991393760274892e-01 7.860991393760274892e-01
1.500230994160872244e+00 2.217068237893769478e+01 2.687221961059276865e+01 7.708311754191665699e-01 2.150651974259071721e+03 2.452726673943817204e+01 2.687221961059276865e+01 2.687221961059276865e+01 7.708311754191665699e-01 7.708311754191665699e-01
1.506363835328208056e+00 2.191466290423009156e+01 2.658453691559688892e+01 7.571447378880011847e-01 2.165372420280063125e+03 2.427401666600426466e+01 2.658453691559688892e+01 2.658453691559688892e+01 7.571447378880011847e-01 7.571447378880011847e-01
1.512486114839888929e+00 2.165856764412736624e+01 2.626151445207994328e+01 7.408377813040969428e-01 2.169519425064260304e+03 2.393395845354875817e+01 2.626151445207994328e+01 2.626151445207994328e+01 7.408377813040969428e-01 7.408377813040969428e-01
1.518627690030334820e+00 2.092642132676148492e+01 2.605699286036024631e+01 7.286477398043977871e-01 2.173653683463890502e+03 2.372027781948464309e+01 2.605699286036024631e+01 2.605699286036024631e+01 7.286477398043977871e-01 7.286477398043977871e-01
1.524765346634578744e+00 2.130817795503275747e+01 2.583952389450569953e+01 7.162112006869493230e-01 2.197194950302221514e+03 2.347725644467549699e+01 2.583952389450569953e+01 2.583952389450569953e+01 7.162112006869493230e-01 7.162112006869493230e-01
1.530890949051883609e+00 2.066777313942579397e+01 2.561929071559858073e+01 7.036902325765690414e-01 2.202562299486429765e+03 2.320158851483832407e+01 2.561929071559858073e+01 2.561929071559858073e+01 7.036902325765690414e-01 7.036902325765690414e-01
1.537028126588163568e+00 2.082987893769411158e+01 2.541328009127210308e+01 6.927002915636686353e-01 2.214093163465804537e+03 2.290458008493376241e+01 2.541328009127210308e+01 2.541328009127210308e+01 6.927002915636686353e-01 6.927002915636686353e-01
1.543169805434377873e+00 2.059286692722405832e+01 2.511128146481847168e+01 6.782128517210611607e-01 2.223413228105010603e+03 2.266075930277858319e+01 2.511128146481847168e+01 2.511128146481847168e+01 6.782128517210611607e-01 6.782128517210611607e-01
1.549306732909000672e+00 2.025646804684963698e+01 2.490245735833978458e+01 6.702802300027470572e-01 2.230091451689433597e+03 2.247876282995779462e+01 2.490245735833978458e+01 2.490245735833978458e+01 6.702802300027470572e-01 6.702802300027470572e-01
1.555434294201658130e+00 1.998072714989332255e+01 2.461116754799273565e+01 6.596970136334395773e-01 2.221560615280679031e+03 2.221644854984811701e+01 2.461116754799273565e+01 2.461116754799273565e+01 6.596970136334395773e-01 6.596970136334395773e-01
1.561571446339652391e+00 1.949772690550683762e+01 2.440234629376655917e+01 6.451000400270274771e-01 2.237648849131156567e+03 2.201881392695741013e+01 2.440234629376655917e+01 2.440234629376655917e+01 6.451000400270274771e-01 6.451000400270274771e-01
1.567719175442112256e+00 1.956192304221532297e+01 2.418097054512373845e+01 6.377879987293210151e-01 2.251773794745095984e+03 2.177502884026759844e+01 2.418097054512373845e+01 2.418097054512373845e+01 6.377879987293210151e-01 6.377879987293210151e-01
