# k, xm.power, xs.power, xd.power,  pm1.power, pm2.power, ps1.power, ps2.power, pd1.power, pd2.power
0.000000000000000000e+00 0.000000000000000000e+00 0.000000000000000000e+00 0.000000000000000000e+00 0.000000000000000000e+00 0.000000000000000000e+00 0.000000000000000000e+00 0.000000000000000000e+00 0.000000000000000000e+00 0.000000000000000000e+00
8.691056022563805813e-03 7.595509014423077133e+03 3.497431490384615699e+03 1.157973445012019340e+02 3.870943509615384755e+03 1.583738581730769329e+04 1.089595252403846189e+03 3.166443990384615608e+04 3.601671189528245520e+01 1.048979417067307850e+03
1.503254434404273886e-02 6.754593750000000000e+03 5.207783854166666060e+03 1.721557617187500000e+02 3.952033854166666515e+03 1.286450000000000000e+04 4.780220920138888687e+03 2.411289756944444161e+04 1.574454345703125000e+02 7.999781901041666288e+02
2.104537904654678673e-02 6.985482730263157464e+03 6.357915296052631675e+03 2.092958213404605203e+02 4.189578947368420813e+03 1.257740625000000000e+04 4.221564967105263349e+03 2.311805427631578641e+04 1.390249794407894797e+02 7.615695415296052033e+02
2.718418752217394846e-02 5.295927884615384755e+03 5.285637286324787055e+03 1.745507311698718240e+02 3.326518429487179674e+03 9.291579059829060498e+03 4.248012286324787055e+03 1.736164636752137085e+04 1.394740251068376153e+02 5.750043402777778283e+02
3.359305548768203725e-02 7.233051081730769511e+03 1.050228004807692378e+04 3.474737830528846416e+02 5.204740985576923777e+03 1.120564543269230853e+04 1.153946995192307804e+04 1.979568269230769511e+04 3.803959960937500000e+02 6.560812049278846416e+02
3.967812110980351720e-02 6.173056249999999636e+03 9.704658333333332848e+03 3.196997395833333258e+02 4.812422916666666424e+03 8.809635416666666060e+03 1.130640104166666606e+04 1.595317291666666642e+04 3.715455729166666856e+02 5.253522786458332803e+02
4.573133090443888549e-02 5.939414819944598094e+03 1.054203531855955771e+04 3.466576134002770004e+02 4.987545360110802903e+03 7.740554016620498260e+03 1.237876592797783997e+04 1.407315650969529088e+04 4.077305228531856187e+02 4.619481907894736992e+02
5.186912300623527233e-02 5.632970251716246821e+03 1.024645995423340901e+04 3.367595108695651902e+02 4.855245995423340901e+03 7.103853546910755540e+03 1.195155377574370686e+04 1.295331006864988558e+04 3.936325800915331570e+02 4.232872926201372934e+02
5.807971256735403043e-02 5.251727194492254966e+03 9.217141996557658786e+03 3.030350957401032588e+02 4.561146299483649273e+03 6.583965146299483422e+03 1.062047074010327015e+04 1.189996299483648909e+04 3.497097676419965637e+02 3.902746073580034363e+02
6.422094742881356844e-02 5.210100883652429729e+03 9.555804860088364876e+03 3.139076076951399159e+02 4.647681516936671869e+03 6.272233431516936434e+03 1.108807069219440382e+04 1.138430633284241594e+04 3.652416006995581483e+02 3.718615150957290325e+02
7.029194303550849454e-02 4.006205269607843093e+03 6.794499387254902103e+03 2.239064223345588118e+02 3.494419424019607959e+03 5.036273284313725526e+03 7.779236519607842638e+03 8.990158088235293690e+03 2.561596583946078454e+02 2.953780254289215463e+02
7.656976085866129544e-02 4.272719056974459818e+03 7.464047151277013654e+03 2.460702664538310103e+02 3.835146365422396684e+03 5.132205304518663979e+03 8.580685658153241093e+03 9.091929273084479064e+03 2.834149066797642149e+02 2.977732686640471229e+02
8.283279975513359317e-02 3.631407142857142844e+03 6.207308658008658313e+03 2.038942099567099433e+02 3.282614502164502028e+03 4.345875324675324919e+03 7.179677922077921721e+03 7.641761904761904589e+03 2.363725919913419773e+02 2.484969155844155750e+02
8.886264192081894109e-02 3.263734572784810098e+03 5.489273338607595178e+03 1.796308222903481067e+02 2.925748813291139413e+03 3.959310126582278372e+03 6.191629746835443257e+03 7.028919303797468274e+03 2.035751705893987378e+02 2.276525415348101262e+02
9.493524398572131262e-02 2.817188070404171867e+03 4.816391134289438924e+03 1.579045897164276369e+02 2.533279661016948921e+03 3.432065840938721976e+03 5.558787483702737518e+03 6.163104302477183410e+03 1.829304514341590675e+02 1.995971316818774426e+02
1.010510809291368245e-01 2.616292196007259918e+03 4.374270417422867467e+03 1.435556658348457404e+02 2.373934815486993557e+03 3.157042347247429007e+03 5.119250453720508631e+03 5.545301875378100704e+03 1.681650219298245759e+02 1.803885549001815036e+02
1.071918355362574127e-01 2.428529994916115811e+03 4.042703863751906283e+03 1.323561022496187149e+02 2.231130655821047185e+03 2.885660650737162996e+03 4.748778851042196038e+03 5.060448906964921662e+03 1.558115944331469223e+02 1.634269032791052325e+02
1.133640700251744293e-01 2.240706985466479182e+03 3.699086263478668570e+03 1.208353844350679793e+02 2.060852086263478668e+03 2.686132208157524929e+03 4.335789029535865666e+03 4.749401312705110286e+03 1.421643958040318978e+02 1.526461409985935518e+02
1.195184611122857843e-01 2.182361702127659555e+03 3.541031289111389015e+03 1.155230757196495546e+02 1.993823738005840596e+03 2.626386316228618853e+03 4.157060909470171282e+03 4.620261159783061885e+03 1.361430042761785444e+02 1.476418309345014563e+02
1.256657517103361710e-01 1.999001328273244781e+03 3.172759013282732212e+03 1.031114089184060703e+02 1.828353320683111860e+03 2.416607779886147910e+03 3.753920303605313165e+03 4.224255028462997871e+03 1.223915678368121434e+02 1.350675996204933540e+02
1.317871926578333408e-01 1.985868265554396885e+03 3.118390337156760779e+03 1.014452446124435170e+02 1.834630344108446252e+03 2.370980361487660957e+03 3.744075425790754252e+03 4.090077163712200218e+03 1.224139837504344825e+02 1.297794251824817593e+02
1.378887696062481294e-01 1.834144073139974807e+03 2.877041929382093258e+03 9.338530501261034544e+01 1.696166456494325303e+03 2.203779949558638236e+03 3.480325977301386956e+03 3.827851197982345639e+03 1.136548805958385913e+02 1.206527033417402208e+02
1.440612672229828750e-01 1.766088252067294206e+03 2.736960364984317494e+03 8.947210044197319689e+01 1.655177502138580167e+03 2.077801824921585649e+03 3.390859424009124723e+03 3.486080125463359309e+03 1.109341406472768767e+02 1.113106109210151260e+02
1.501845201433902877e-01 1.562886882129277410e+03 2.368590439978272570e+03 7.693300176534491186e+01 1.455516431287343721e+03 1.878110401955458883e+03 2.973419337316675410e+03 3.177390548614882846e+03 9.695090983161324516e+01 1.007487778381314456e+02
1.563418093457785985e-01 1.431337895739109626e+03 2.155155201142585156e+03 6.991658236134253457e+01 1.346818852654130069e+03 1.714224946441323482e+03 2.797622232801713835e+03 2.889947155439181188e+03 9.107643269459651947e+01 9.095647613663413722e+01
1.625438955957596576e-01 1.357440260929274473e+03 2.019679331654841008e+03 6.587658789196612474e+01 1.279847447928587826e+03 1.614011902037079381e+03 2.610301441977569084e+03 2.698965438315403844e+03 8.514796721217669528e+01 8.517428902494850718e+01
1.686940235306336466e-01 1.282140330920372207e+03 1.897023578076525382e+03 6.180316701137538615e+01 1.220660186142709335e+03 1.518551913133402195e+03 2.510316442605997963e+03 2.513955739400206767e+03 8.156224146845914902e+01 7.930352895553257042e+01
1.747987378343396903e-01 1.202922773279352214e+03 1.740442914979757006e+03 5.657439903846153584e+01 1.142012044534413008e+03 1.432961437246963442e+03 2.339572064777327796e+03 2.364508299595141580e+03 7.575892586032388465e+01 7.438124999999999432e+01
1.809057159377772395e-01 1.151598113207547158e+03 1.696109973045822017e+03 5.441237646001796691e+01 1.095670889487870681e+03 1.378264420485175151e+03 2.275078167115902943e+03 2.314580233602875069e+03 7.328159254267744416e+01 7.184086365678346908e+01
1.870079494254630881e-01 1.109824736842105267e+03 1.611236666666666451e+03 5.214641447368421012e+01 1.062669122807017402e+03 1.317947982456140153e+03 2.171544736842105067e+03 2.212809122807017502e+03 7.063253289473684049e+01 6.819083333333333030e+01
1.931644028143169878e-01 1.080843656657758174e+03 1.516060839490646231e+03 4.936490921238799245e+01 1.030970837918566303e+03 1.296194151862914623e+03 2.092360635120264305e+03 2.111757899701305178e+03 6.775439691086307903e+01 6.605797535764817496e+01
1.993257601852206906e-01 1.025060592255125357e+03 1.461973272589217913e+03 4.693801727410782121e+01 9.869497342444950618e+02 1.217953530751708513e+03 2.024616400911161918e+03 2.017917539863325828e+03 6.540869400151861157e+01 6.174766989369780390e+01
2.054762598507901550e-01 9.968584519949246214e+02 1.397807556746087812e+03 4.501849094177358523e+01 9.585140279148456557e+02 1.187566896940645847e+03 1.953225715494149199e+03 1.937086705202312260e+03 6.283544075144509122e+01 5.928216639644720232e+01
2.116257382464896697e-01 9.215627089183046792e+02 1.253385746757588095e+03 4.052123863484423083e+01 8.980097606631903773e+02 1.091380732718277841e+03 1.813993715737398134e+03 1.769727904800107126e+03 5.839353523198288798e+01 5.408216756919375001e+01
2.177578654451892970e-01 8.621714972788255409e+02 1.157314517149727862e+03 3.743537210479686195e+01 8.404407669915201495e+02 1.027232755347424472e+03 1.706553094544994337e+03 1.653966459941779704e+03 5.490119130489811994e+01 5.048842314264017261e+01
2.238991135097555263e-01 8.133181655320673826e+02 1.104035829451809377e+03 3.510740624626776452e+01 7.961711453481427725e+02 9.652177833512480447e+02 1.641050877821569202e+03 1.570648871372267877e+03 5.226098023408574988e+01 4.714022378478442477e+01
2.300081978121491233e-01 8.187599520930763219e+02 1.067703091137219189e+03 3.468795982091935315e+01 8.049010493897570768e+02 9.640489335006272995e+02 1.633565757955971321e+03 1.510435610813276980e+03 5.242135280027375188e+01 4.595774994296795057e+01
2.361454707693454169e-01 7.421092027822364798e+02 9.587534510433386004e+02 3.087823702514713631e+01 7.324081861958266018e+02 8.817078116639913787e+02 1.516068164794007316e+03 1.381014446227929284e+03 4.840352461209202772e+01 4.163197231139646703e+01
2.422857100963227428e-01 7.165618809353619554e+02 9.212324109057489068e+02 2.975373672521188340e+01 7.109543551516388789e+02 8.530425814357193985e+02 1.479859083018482579e+03 1.342310732155621281e+03 4.711266657306239125e+01 4.031958414173389116e+01
2.484099584913142256e-01 7.136660007795751426e+02 9.182301695575911253e+02 2.951719328590917968e+01 7.081114792438121412e+02 8.491853439875267213e+02 1.481216624439680345e+03 1.324678620152017174e+03 4.706833767784057443e+01 3.952293351685830913e+01
2.545441957051269855e-01 6.803203861075189707e+02 8.718782560502494334e+02 2.815703514686865105e+01 6.810333456493626727e+02 8.041258082394235771e+02 1.443087289857749965e+03 1.258945501570293800e+03 4.576308193238499911e+01 3.736534442545723067e+01
2.606917133414053955e-01 6.520739015817223390e+02 8.320862038664323563e+02 2.666744288224956350e+01 6.536289982425307699e+02 7.706033391915641459e+02 1.382827152899824341e+03 1.200754393673110826e+03 4.377906414762741605e+01 3.531299978031634623e+01
2.668580198415695381e-01 6.258189352084378925e+02 8.049113510798592870e+02 2.549869203080528735e+01 6.281172777498743471e+02 7.402516323455549809e+02 1.335418382722250044e+03 1.162394525364138644e+03 4.202489588565209999e+01 3.378169470952619946e+01
2.730019564931540632e-01 6.076413856924438051e+02 7.595187092620905105e+02 2.427348465035808900e+01 6.098004747726723735e+02 7.214738875030175222e+02 1.291954856361149041e+03 1.115917035487245357e+03 4.054799026313671817e+01 3.252380904482175339e+01
2.791389873202678173e-01 5.813495391705068869e+02 7.257169738863286739e+02 2.315285618279569846e+01 5.855390552995392000e+02 6.883799539170506705e+02 1.253322811059907735e+03 1.051874654377880233e+03 3.934013056835637201e+01 3.070720286098310225e+01
2.852424996643880273e-01 5.535152962244441142e+02 6.750107446649753911e+02 2.157027635800626797e+01 5.616568049544844143e+02 6.559155349947768627e+02 1.203137889867183958e+03 9.919861960901357634e+02 3.767371008058498916e+01 2.872958093941202762e+01
2.913531997893986092e-01 5.399794035087718385e+02 6.483127719298245211e+02 2.085659649122806769e+01 5.505973333333332675e+02 6.380054035087719058e+02 1.183514807017543717e+03 9.603939649122805804e+02 3.691356578947367950e+01 2.770110526315789201e+01
2.975143171497069416e-01 5.133656474090109896e+02 6.142158030036530363e+02 1.964385316601271825e+01 5.263065890948450942e+02 6.044726018130157854e+02 1.135025165742118816e+03 9.075947774320119379e+02 3.525601872209443854e+01 2.593541131105398279e+01
3.036544665973567314e-01 5.022444379580982172e+02 5.899295582798209807e+02 1.876501183758189129e+01 5.136199974054615041e+02 5.937583187390542889e+02 1.092837646753583840e+03 8.858801971849258052e+02 3.379397134656548474e+01 2.517045915223454955e+01
3.097883787544665757e-01 4.828846033239259441e+02 5.606790216368767688e+02 1.769650164628410138e+01 4.979666353088742312e+02 5.691136406396989287e+02 1.055358670429601716e+03 8.447121354656632093e+02 3.257322828472874932e+01 2.369999412041392262e+01
3.159486680635095190e-01 4.659304625955102779e+02 5.346317005271574772e+02 1.700535301782858610e+01 4.781054611147308151e+02 5.552186815139489227e+02 1.017886986909909410e+03 8.220055677308536133e+02 3.138990034354084102e+01 2.322273329680744069e+01
3.221066234444813769e-01 4.532785225162488132e+02 5.130482242339833192e+02 1.638215783136026005e+01 4.691238103528319243e+02 5.367393802228411914e+02 9.902799442896936171e+02 7.893171425255338818e+02 3.036323953980965484e+01 2.212915288416898818e+01
3.282572612915165555e-01 4.362431253451131852e+02 4.941024848150193520e+02 1.564321162341247984e+01 4.515491993373826745e+02 5.188122032026504939e+02 9.600024295969078594e+02 7.650260629486472226e+02 2.943854224185533042e+01 2.124564467145223645e+01
3.343544383171894174e-01 4.299388873738751045e+02 4.685792746113990006e+02 1.492867296154895129e+01 4.447715025906736059e+02 5.089961276247614137e+02 9.195600763566949354e+02 7.397901827106627479e+02 2.813533712844287038e+01 2.059546632124352428e+01
3.404813620364756654e-01 4.148342281536022824e+02 4.521191900598251436e+02 1.441678171498696059e+01 4.316073017333947064e+02 4.916477987421383773e+02 9.012194099299483696e+02 7.142978473180958190e+02 2.759073797105895665e+01 1.961826008590274384e+01
3.466259536752008263e-01 4.023811218607448836e+02 4.264177653015188980e+02 1.360582297358263659e+01 4.216593814226276891e+02 4.750675221815629925e+02 8.582019148829515416e+02 6.820678229485187103e+02 2.623270433355055431e+01 1.863531380019048456e+01
3.527314914776840671e-01 3.878652578518805853e+02 4.097205796820472870e+02 1.292398791925164758e+01 4.057698720434276538e+02 4.600050407134548323e+02 8.319166343544009123e+02 6.601308162078324813e+02 2.522324695860798727e+01 1.793872685633966668e+01
3.588700951741782830e-01 3.758332409972298933e+02 3.913916435826407678e+02 1.232366689750692501e+01 3.945096029547552803e+02 4.452803324099722886e+02 8.049133887349953511e+02 6.365514312096029244e+02 2.433929189750692501e+01 1.716315068097876306e+01
3.650083489029407047e-01 3.595009505703421837e+02 3.721955458989679641e+02 1.177183411981712702e+01 3.785630092341118598e+02 4.255540467137425367e+02 7.843814955640050357e+02 6.082938167662501883e+02 2.350428181015752216e+01 1.634565962791960914e+01
3.711704037116136945e-01 3.578337200309358082e+02 3.616885365644066042e+02 1.152630080776832422e+01 3.770985649222308211e+02 4.230215691329379979e+02 7.633375440405602603e+02 5.928883732920855891e+02 2.299285146515424927e+01 1.601312623528400536e+01
3.773137312255384068e-01 3.482563879825416393e+02 3.472256027797787965e+02 1.094784471799652614e+01 3.686285859570321009e+02 4.125091317428704656e+02 7.372592906479088697e+02 5.761492859866943945e+02 2.205559690029238595e+01 1.530572270011441205e+01
3.834202365329835160e-01 3.354215605917790413e+02 3.268734683004794874e+02 1.041021692246219388e+01 3.557428384082619459e+02 3.966493996147698908e+02 7.063158067292324631e+02 5.588322609729109445e+02 2.118817748248022781e+01 1.464219576041965531e+01
3.895813105051545988e-01 3.278660002333812713e+02 3.160657551830097987e+02 9.979526868022871255e+00 3.488362052199618688e+02 3.889014741919172025e+02 6.910127970749542783e+02 5.433902524407794772e+02 2.058826432377766480e+01 1.417417417052394057e+01
3.957247046642990429e-01 3.183694851515855930e+02 3.052592269520043260e+02 9.634776377258276625e+00 3.389343645809102554e+02 3.783270915716832974e+02 6.758314336667441466e+02 5.264351011863222993e+02 2.005056287314879171e+01 1.366884740637357432e+01
4.018641006880244171e-01 3.135148232193836293e+02 2.904007942317546167e+02 9.200503486201595749e+00 3.336851621403996546e+02 3.710849132567161632e+02 6.520651489642045817e+02 5.110806309933386729e+02 1.925391625796061845e+01 1.319282309128175079e+01
4.079986652309439688e-01 3.038165821815397294e+02 2.813189343933481723e+02 8.936137563363844905e+00 3.253673826629225800e+02 3.600359578425294558e+02 6.374917034389701485e+02 4.921442689909193859e+02 1.891916323255899002e+01 1.260254686189416873e+01
4.141066506702003602e-01 2.931020265792319037e+02 2.688923924796818596e+02 8.519662462067040920e+00 3.147812968711849066e+02 3.465450486588300691e+02 6.154862743730161583e+02 4.748348739056123122e+02 1.822767950573790330e+01 1.201865909170183677e+01
4.202576909860619159e-01 2.862059648056202832e+02 2.619275678049110070e+02 8.187939613098254910e+00 3.068296011078461447e+02 3.394780288445300016e+02 6.017677576248860305e+02 4.667286452528118730e+02 1.759864326848380500e+01 1.168268272705779154e+01
4.264066946730206698e-01 2.799920187328913812e+02 2.524646119850928301e+02 7.899486432670426161e+00 3.011285577652452048e+02 3.324014709277398651e+02 5.846281455097126809e+02 4.541479502654925682e+02 1.707531290194914320e+01 1.132066162890405892e+01
4.325254831734640648e-01 2.669583936207839088e+02 2.367134336516510587e+02 7.422379907398475751e+00 2.885131346258962708e+02 3.169064660300311971e+02 5.611844635220732016e+02 4.349274942927879692e+02 1.636921541911835476e+01 1.068389983441046809e+01
4.386395650806790836e-01 2.644252539459290574e+02 2.308842475386779256e+02 7.217623359118612747e+00 2.857739334270979725e+02 3.140892326926082205e+02 5.522232223784966436e+02 4.260467885607126277e+02 1.605982868416940335e+01 1.041173132520706446e+01
4.447681454847935978e-01 2.545566538309936107e+02 2.210972074830963265e+02 6.965527500682211048e+00 2.765179952093629367e+02 3.013893757011612706e+02 5.371359873866771295e+02 4.100718292350140928e+02 1.555798319486977377e+01 9.980646053788545302e+00
4.509437495939586094e-01 2.503334397214565570e+02 2.121086899753372847e+02 6.698137603365733383e+00 2.715133613811112809e+02 2.977715653561584190e+02 5.212766574786014644e+02 3.972542869577832221e+02 1.511436239663426662e+01 9.650616567532278367e+00
4.571038061189046653e-01 2.454893524805686411e+02 2.070848045306134395e+02 6.496959786471727227e+00 2.656356439076540710e+02 2.912441850385737894e+02 5.045622236990378155e+02 3.920682192493281946e+02 1.458902128059175318e+01 9.379026228726631942e+00
4.632394462505528554e-01 2.370162028687956024e+02 1.976753322420442203e+02 6.178796420248037435e+00 2.580152595510917308e+02 2.826428987598146705e+02 4.904960186443969974e+02 3.800659767499930695e+02 1.411187331798130096e+01 9.013685909885415626e+00
4.693790757792539181e-01 2.344417067307692264e+02 1.923694411057692264e+02 6.008879121366914156e+00 2.552881610576923208e+02 2.786595279720279450e+02 4.820039335664335454e+02 3.681182255244755197e+02 1.386362355905813004e+01 8.700887613363200046e+00
4.755007986458400504e-01 2.268004352210604679e+02 1.825185234329387924e+02 5.731492323921235865e+00 2.479139111512127727e+02 2.710242025370203578e+02 4.638246377580807689e+02 3.575447163101746355e+02 1.333355945809670473e+01 8.362004737009712585e+00
4.816148015649592273e-01 2.222859661403645362e+02 1.772001374089341823e+02 5.559669586606518443e+00 2.427871717093152881e+02 2.639283917969459026e+02 4.510799305177465044e+02 3.483672707474527783e+02 1.295093464001451977e+01 8.040939922480619728e+00
4.877448110253904678e-01 2.160406948891858576e+02 1.716678096870981562e+02 5.345234849726431925e+00 2.373854164040241130e+02 2.569924611078893690e+02 4.399763495625425662e+02 3.385983964095711372e+02 1.260723301858248746e+01 7.774989914525604284e+00
4.938644425720450370e-01 2.113482162668573210e+02 1.620340598111486372e+02 5.114241127560957167e+00 2.318095954241759387e+02 2.517094253100268588e+02 4.267602869751731873e+02 3.279619338773699155e+02 1.216796923152782206e+01 7.482164209462291105e+00
4.999990772533337013e-01 2.056278242178170501e+02 1.586339861475997282e+02 4.910890852639121285e+00 2.254838309051827139e+02 2.455885598280391662e+02 4.138598519226176222e+02 3.224819441127298774e+02 1.171248283377119748e+01 7.226609147360878893e+00
5.061739783630568867e-01 2.007829707287655765e+02 1.521131650971842078e+02 4.702616899383031068e+00 2.207411049775014931e+02 2.397277914366563039e+02 4.026472143619241706e+02 3.117862411281718096e+02 1.134584546203089417e+01 6.970185148675604125e+00
5.123176238977423802e-01 1.975734623231929561e+02 1.475219389743472220e+02 4.569726307283189293e+00 2.174903601476353003e+02 2.357027349212535228e+02 3.921576763485477386e+02 3.070013067100708213e+02 1.108622352192751137e+01 6.778062745008138101e+00
5.184419198367248294e-01 1.920173623525205642e+02 1.400048154272434715e+02 4.382635831918126890e+00 2.115916383625312847e+02 2.301524848051483616e+02 3.781287987129067005e+02 2.973552466928852027e+02 1.070951507753843401e+01 6.511171288434036697e+00
5.245811071337125320e-01 1.871072689084728040e+02 1.352612757941233781e+02 4.227585096247536534e+00 2.062490959877010823e+02 2.245289175670701241e+02 3.672859277223220715e+02 2.913283675811445619e+02 1.038678869930493853e+01 6.318081734620964340e+00
5.307339722686617023e-01 1.835274098053413923e+02 1.316174660305831026e+02 4.076405564488648103e+00 2.029145120756485028e+02 2.195415726029731047e+02 3.590432338032968005e+02 2.824710993738552247e+02 1.010947815947523054e+01 6.069522830855730966e+00
5.368662932732624071e-01 1.787589840583626142e+02 1.269205412258641132e+02 3.935945716334462663e+00 1.981948953505289808e+02 2.141217966038284999e+02 3.513136990002702191e+02 2.778777253548936983e+02 9.850549097956893263e+00 5.875032475630287188e+00
5.429628466927283181e-01 1.750248013831144647e+02 1.201763470958712361e+02 3.722505582883957942e+00 1.946313752932943544e+02 2.102819330671386808e+02 3.358805211377762703e+02 2.714721524719054742e+02 9.408458712386282841e+00 5.694880598320503751e+00
5.491073400914713298e-01 1.710736499470567651e+02 1.170711792619318459e+02 3.628293327679517066e+00 1.899513706419859602e+02 2.052866386917134207e+02 3.270569434095455108e+02 2.632935017059492679e+02 9.170212557355190697e+00 5.462977102043217847e+00
5.552762609626447077e-01 1.689956629130443275e+02 1.107852655736429597e+02 3.493302616352568446e+00 1.873246980570628466e+02 2.022584942723223946e+02 3.182202578913588695e+02 2.552955053775988574e+02 8.856095746542973046e+00 5.278478543088861663e+00
5.614082796802024600e-01 1.639489593657086175e+02 1.082741671113821695e+02 3.352371326332240553e+00 1.820667263856064721e+02 1.969621864755660567e+02 3.088462682015704672e+02 2.513715407486467939e+02 8.595748837386597785e+00 5.089737435198597559e+00
5.675371533509153688e-01 1.596810075791350698e+02 1.059893557735176017e+02 3.255381905743795379e+00 1.777272068658047317e+02 1.920093253083667548e+02 3.028751300341804154e+02 2.467646009808292433e+02 8.426337958834894337e+00 4.942189357631148638e+00
5.736740022558224350e-01 1.564773717306114804e+02 1.003691788936480407e+02 3.124175533126765547e+00 1.743005923630729797e+02 1.884192290166772921e+02 2.907394149275494328e+02 2.382930465688507979e+02 8.065381504602205709e+00 4.760165861660438757e+00
5.798103603643611770e-01 1.522638762673508950e+02 9.856848595000089119e+01 3.014415281267261548e+00 1.695814044653516532e+02 1.837610520126156075e+02 2.857850537232052375e+02 2.343259207783182774e+02 7.864326633523992527e+00 4.601907596977958370e+00
5.859425366486809006e-01 1.497722003003107716e+02 9.390279184272095847e+01 2.914907669710514515e+00 1.668251038865803082e+02 1.808743408876628109e+02 2.764254111813388022e+02 2.295004714180954579e+02 7.637490942661591120e+00 4.469857887086636339e+00
5.920586774162177601e-01 1.466017004578155820e+02 9.032771677394926257e+01 2.796618984716533252e+00 1.639141165536470339e+02 1.771598912257753682e+02 2.691236962583043919e+02 2.232208874049086091e+02 7.435479845788441011e+00 4.311792730887060721e+00
5.981941542880485629e-01 1.435516346393810920e+02 8.527971050661342645e+01 2.675779625239164794e+00 1.603736960319440925e+02 1.738716080192995719e+02 2.605259961733632963e+02 2.170028450212128917e+02 7.186765868064220797e+00 4.142257819648947681e+00
6.043590774859866066e-01 1.416215145961513144e+02 8.498960106034820683e+01 2.605529345709516775e+00 1.586774774185102785e+02 1.717179113758345181e+02 2.552145405157743028e+02 2.143464295064798932e+02 7.015728805308286020e+00 4.033956608358423956e+00
6.104910230252050818e-01 1.371028709677419499e+02 8.039766129032258846e+01 2.488217741935483840e+00 1.534848387096774331e+02 1.663099677419354805e+02 2.463891935483871123e+02 2.098353870967742125e+02 6.763169354838709957e+00 3.869649193548387434e+00
6.166050503334797872e-01 1.351116926239228349e+02 7.854647007668590675e+01 2.409785605581468815e+00 1.513655308720056780e+02 1.643674440667246301e+02 2.407390623764724467e+02 2.062763854850185794e+02 6.577572831844414658e+00 3.794528223574986203e+00
6.227565424953059869e-01 1.308035272989608302e+02 7.436953752168106746e+01 2.287042491058957072e+00 1.470284578427911413e+02 1.591907013154461197e+02 2.342345085880059230e+02 1.998265360941840925e+02 6.364214627239097588e+00 3.611142342936959793e+00
6.288977757446623240e-01 1.285379573588004689e+02 7.105634295446941451e+01 2.188100212141488754e+00 1.444270811156057164e+02 1.570501231789287999e+02 2.267511481492746270e+02 1.956321512211441984e+02 6.179716726481949252e+00 3.507133400118616962e+00
6.350332706002194127e-01 1.258875492490446533e+02 7.012210800722813531e+01 2.157100286607222195e+00 1.412206209082560804e+02 1.542172734543946433e+02 2.224766122581983154e+02 1.917585389696951950e+02 6.022264826554493133e+00 3.400387558506384078e+00
6.411743038514937654e-01 1.229268648656537835e+02 6.768942014390589179e+01 2.071214078257950675e+00 1.381866544069355029e+02 1.504668038588963270e+02 2.160107710495205424e+02 1.882316943240363685e+02 5.832587624239240043e+00 3.279157909715836983e+00
6.473071136295037720e-01 1.218115049306845776e+02 6.451927254537659451e+01 2.000507360297270054e+00 1.370990567386022576e+02 1.489466914391882142e+02 2.095975132199513951e+02 1.842982135200800258e+02 5.704891382020866430e+00 3.196290151136201185e+00
6.534392957951101755e-01 1.187923741939117406e+02 6.191491368871616885e+01 1.911134930021683331e+00 1.339053955112500205e+02 1.457485004646447635e+02 2.053644786122609958e+02 1.801489116048548169e+02 5.549021781983046964e+00 3.072955827067668899e+00
6.595783755518781488e-01 1.158315924927103708e+02 5.970010540869827054e+01 1.853754842639871780e+00 1.303223315856479871e+02 1.426182425495215398e+02 1.987632958698955576e+02 1.770080357020629833e+02 5.334809511423838302e+00 2.991499498624210940e+00
6.657085753353266799e-01 1.145580837016423885e+02 5.804914879685709650e+01 1.797641031674578560e+00 1.291756152125279584e+02 1.407626179953074654e+02 1.938151361379385662e+02 1.728555273639984762e+02 5.227181890107491569e+00 2.883219387720303395e+00
6.718369711955728407e-01 1.113547833887393779e+02 5.637903013033612609e+01 1.711214736359558897e+00 1.254252150282306957e+02 1.371735528468154541e+02 1.892786528415387011e+02 1.694889715582291103e+02 5.042635860244842227e+00 2.770260515606036478e+00
6.779675665423466890e-01 1.093034885707901225e+02 5.510417406049134570e+01 1.671957872451595106e+00 1.230674053919055808e+02 1.353178227322318321e+02 1.850831657399739925e+02 1.677063370006703735e+02 4.933279769181224239e+00 2.702725322699370381e+00
6.841025602423458363e-01 1.066693610909876639e+02 5.147764708125214383e+01 1.613579080400604937e+00 1.207805950610693770e+02 1.318427701732311448e+02 1.805530305918836689e+02 1.615891257101460212e+02 4.823639919421461641e+00 2.599925450553500994e+00
6.902473351098605825e-01 1.051468333039069876e+02 5.062590170756930519e+01 1.550465376478674440e+00 1.184087825056120380e+02 1.303025575705601966e+02 1.741091633667112433e+02 1.606726864579917731e+02 4.641973226221404403e+00 2.530392826065023915e+00
6.963896182979992799e-01 1.026578992777380677e+02 4.867773683042867106e+01 1.491865309241501736e+00 1.159925062242709544e+02 1.276374392979515306e+02 1.702126112357334762e+02 1.575480563019202691e+02 4.527320543791751639e+00 2.443141901052579890e+00
7.025354447064345864e-01 1.002665798242956754e+02 4.684744319903060017e+01 1.428622008482278272e+00 1.133785761890336374e+02 1.247650530142381200e+02 1.673914571342017723e+02 1.535315237806725293e+02 4.376133368676159208e+00 2.357247046349591368e+00
7.086795257259553837e-01 9.851896432489149902e+01 4.515139862641293433e+01 1.383423579315114171e+00 1.114776315161921048e+02 1.229625959841655884e+02 1.630815209615109325e+02 1.515876257929126609e+02 4.287895114942529062e+00 2.276659080340535102e+00
7.148105300560909647e-01 9.606529657830419922e+01 4.384914340101523322e+01 1.337363696183493156e+00 1.091060819702951790e+02 1.201110876104530973e+02 1.591707322805038700e+02 1.480665303628501590e+02 4.171280873989472227e+00 2.196855465078022096e+00
7.209489185367295994e-01 9.431216864283004497e+01 4.208067001713569510e+01 1.278569672696744375e+00 1.068629719503639990e+02 1.180730969604269092e+02 1.554170758915736315e+02 1.451474474716225984e+02 4.066740437362713401e+00 2.126111412199694239e+00
7.270775917581103753e-01 9.303487153193185577e+01 4.120935452629179707e+01 1.242806073035948256e+00 1.055996923602802866e+02 1.165227824303537858e+02 1.512578704494958117e+02 1.425174841907366101e+02 3.942301173588560026e+00 2.060223323648378901e+00
7.331906622449658739e-01 9.060840604288934230e+01 3.980128534130720652e+01 1.202963129421150024e+00 1.028279405529645345e+02 1.139472586079932057e+02 1.472661727623680576e+02 1.405324794144556222e+02 3.827955197152611788e+00 1.993395645515809944e+00
7.393386679216931157e-01 8.850551707562216563e+01 3.808109828042039169e+01 1.152687457666003779e+00 1.005825813358970464e+02 1.115234339152664518e+02 1.440668276268927457e+02 1.367017720191404351e+02 3.718958255948609182e+00 1.921074580210632154e+00
7.454822748005143218e-01 8.687576692077936968e+01 3.614110803204623323e+01 1.113063616011257251e+00 9.861843197722690491e+01 1.098303770716295844e+02 1.400102327988699642e+02 1.343321831768042216e+02 3.613684211945094482e+00 1.864483817836771085e+00
7.516118807450163919e-01 8.559090619051164595e+01 3.586972647318437879e+01 1.087358324648254326e+00 9.723932532888090918e+01 1.083548510597568963e+02 1.375560081249800817e+02 1.329602258829534946e+02 3.543873496506471543e+00 1.811254067807425372e+00
7.577553313207755492e-01 8.395189522534026594e+01 3.423551198596359768e+01 1.035580896170097853e+00 9.550219578285108923e+01 1.062993116765814250e+02 1.335703844436831105e+02 1.297365268217730261e+02 3.426472744780473700e+00 1.747690988984748950e+00
7.639042897236033580e-01 8.153019300101688316e+01 3.287568690489641199e+01 9.972044736125805775e-01 9.293824789177975276e+01 1.036925644791848669e+02 1.299077416107727458e+02 1.276021754984233354e+02 3.327927434596382739e+00 1.682634209661349578e+00
7.700556058884338029e-01 8.047804524741221144e+01 3.167129736744158208e+01 9.653080172569888928e-01 9.150968222193162660e+01 1.025196712571296445e+02 1.273902865937691757e+02 1.253345270548944370e+02 3.246145343982939302e+00 1.630014793680652829e+00
7.761646078124272430e-01 7.851457288456502681e+01 3.055031018994098346e+01 9.214346253298286715e-01 8.955414224424437464e+01 1.004382238604548121e+02 1.244058654097931509e+02 1.231223236046488267e+02 3.149648392652124151e+00 1.578296208733659611e+00
7.822760392858680856e-01 7.778406806783365823e+01 2.967424087192397053e+01 9.040137189469781287e-01 8.844840270866264120e+01 9.931657006810686994e+01 1.213225221005795902e+02 1.209886813808715402e+02 3.070850530804207335e+00 1.532346186308373825e+00
7.884165269731352454e-01 7.574330484330485547e+01 2.879424646289053413e+01 8.694854894007436608e-01 8.664016611135255630e+01 9.723256555120963185e+01 1.180659230286348986e+02 1.197886136462407762e+02 2.984170529721377640e+00 1.484493758752233550e+00
7.945591276009631443e-01 7.407204022608267735e+01 2.743352913933573944e+01 8.393463586463393300e-01 8.488342375380426574e+01 9.519517589459556461e+01 1.162151377100621801e+02 1.168056842025670505e+02 2.926688236044687308e+00 1.434645906977183749e+00
8.007019309919388705e-01 7.225308665105386297e+01 2.649924355971896617e+01 8.020201258782201359e-01 8.309969086651052805e+01 9.314177049180327117e+01 1.126631850117095865e+02 1.149892833723653354e+02 2.850757903981264274e+00 1.376931645199063192e+00
8.068322471611056868e-01 7.109167747335116871e+01 2.623042150668175054e+01 7.822065065437923126e-01 8.149230656034728781e+01 9.170823791260841062e+01 1.106210578594487259e+02 1.129796282500528832e+02 2.769161458764450856e+00 1.334911224236404292e+00
8.129795759107908415e-01 6.950268629987066049e+01 2.473912365119707601e+01 7.494893232016713869e-01 7.990430622009569106e+01 9.000367218096796762e+01 1.083089968433715171e+02 1.107640126265138605e+02 2.703910906648818280e+00 1.292641759978654159e+00
8.191384193203445907e-01 6.848947924715997715e+01 2.408460346221144732e+01 7.281734070096903544e-01 7.873846891737056808e+01 8.882399388917015415e+01 1.063146633270271053e+02 1.089120502367058521e+02 2.648729704584011024e+00 1.247289596045724647e+00
8.252636533623828319e-01 6.677348330952993649e+01 2.336542504590655156e+01 6.996159622856584770e-01 7.695427973281053369e+01 8.692078347186614451e+01 1.036489545724702594e+02 1.070358736438715823e+02 2.562488634246733010e+00 1.208371126773057469e+00
8.313801266770000087e-01 6.565380582204542748e+01 2.269258768166809759e+01 6.756466170952171169e-01 7.581000788636698928e+01 8.556069469360164703e+01 1.018480011092911894e+02 1.055056201197687926e+02 2.518223140853980802e+00 1.171985631212680623e+00
8.375206517277707929e-01 6.446523936555556133e+01 2.182787157699158698e+01 6.526378232308597260e-01 7.451018912307914377e+01 8.404584466168361701e+01 1.002747014855409020e+02 1.041871542900000804e+02 2.457411084879528751e+00 1.129617945172205040e+00
8.436596178727920892e-01 6.359589185541356215e+01 2.130946686912143306e+01 6.363194092960479109e-01 7.346472647517821031e+01 8.275978742249779430e+01 9.795314859336117763e+01 1.020285039436500938e+02 2.401230545362520896e+00 1.092309816419924973e+00
8.497926552975230141e-01 6.214493353762060934e+01 2.039280922605491142e+01 6.051968378607810450e-01 7.193176529048822943e+01 8.152985216779163125e+01 9.529634353389374724e+01 1.006591411652656518e+02 2.335326255745579616e+00 1.060411339496459604e+00
8.559261024612236923e-01 6.118367053802273858e+01 1.965018877990724988e+01 5.892714788443386142e-01 7.065802930192472786e+01 8.046937251200394314e+01 9.393193253170271362e+01 9.926522756186645324e+01 2.283088808634628819e+00 1.026730696228505657e+00
8.620635216668264267e-01 5.964815915681911918e+01 1.896996730424723765e+01 5.685539484941477539e-01 6.907728087017297014e+01 7.869450759553667751e+01 9.174317365702397353e+01 9.740828720848965361e+01 2.219602790787349456e+00 9.872510036672264011e-01
8.681991121454618598e-01 5.875692357962017098e+01 1.869401962112578275e+01 5.466402707269061301e-01 6.825813495700407429e+01 7.755914629772786384e+01 9.025732205902276917e+01 9.588249639376140010e+01 2.184197103851702071e+00 9.587311070953242753e-01
8.743258064632770665e-01 5.720937090175198847e+01 1.758734421749475629e+01 5.275635400224593097e-01 6.657049968195632061e+01 7.573822256775115136e+01 8.806529711561869078e+01 9.379406475526342035e+01 2.117472720883297299e+00 9.255420117047925554e-01
8.804649962982444844e-01 5.625914476875341563e+01 1.740880061285926672e+01 5.105947516226142513e-01 6.556720279020349551e+01 7.472897915816542991e+01 8.658630459721442207e+01 9.282497324515141202e+01 2.071193882186275204e+00 8.990857396656991574e-01
8.866060715851544760e-01 5.546457990745343380e+01 1.665611304447588736e+01 4.903980852518260436e-01 6.468774331714405434e+01 7.372289571302917466e+01 8.463450227542161031e+01 9.150648973192090807e+01 2.022593359210677288e+00 8.680967723431105565e-01
8.927497452568226022e-01 5.394632546813961937e+01 1.582849321412299126e+01 4.739741181067515519e-01 6.326802907059254721e+01 7.186350565054040374e+01 8.272199938751577974e+01 8.971169919555426020e+01 1.968839165004743208e+00 8.361639721095600608e-01
8.989002179133253057e-01 5.294146790762625443e+01 1.525146330230934311e+01 4.600775719673616537e-01 6.205712449954318544e+01 7.086670578710065627e+01 8.111750243264724247e+01 8.847104221292904924e+01 1.931360931499624956e+00 8.104805894248553466e-01
9.050334286265421246e-01 5.181553536550573824e+01 1.482449378570749232e+01 4.427726273948252023e-01 6.079411269851720334e+01 6.941859240239647022e+01 7.955619198103890710e+01 8.740530061960043895e+01 1.872696500940007613e+00 7.835533847594384760e-01
9.111662727418216035e-01 5.106709558159853657e+01 1.426164171883687537e+01 4.215035806092902737e-01 6.014010137989298954e+01 6.858131692769822507e+01 7.810792192881744711e+01 8.575004512993811545e+01 1.839824485157665945e+00 7.529565750709442673e-01
9.173141852908638372e-01 4.995102685063668702e+01 1.371473060688823509e+01 4.138685522558791519e-01 5.885823076650232366e+01 6.735920263895293658e+01 7.635157663249742654e+01 8.438032845032455498e+01 1.791187528819210506e+00 7.332417399709147965e-01
9.234386234055659282e-01 4.879856115107913439e+01 1.335738930979110606e+01 3.991474132640789874e-01 5.770084463402729114e+01 6.592744919108960744e+01 7.492714500965598745e+01 8.299225398442308688e+01 1.754101807049935235e+00 7.082046751978947619e-01
9.295586914769259357e-01 4.811185792387591675e+01 1.319735200981173406e+01 3.891952860283265370e-01 5.685026365570237772e+01 6.508829867583168038e+01 7.382516959193996797e+01 8.230482895293000922e+01 1.720978059584109987e+00 6.876410739898972668e-01
9.356866131768992734e-01 4.696046621839735735e+01 1.250505075654031373e+01 3.710373282073119450e-01 5.562219688592485056e+01 6.388157036202669303e+01 7.216326572662897831e+01 8.064242395104294303e+01 1.669568440627210659e+00 6.626724258569888226e-01
9.418341995598693561e-01 4.621179554566298719e+01 1.185577458131645656e+01 3.580471295538958376e-01 5.482079070515828789e+01 6.289846337440834390e+01 7.061115729628983217e+01 7.915453411818340612e+01 1.632710154668204128e+00 6.422489595764222514e-01
9.479856668247271800e-01 4.509860388611775761e+01 1.125934754409660421e+01 3.453833546182751846e-01 5.372896802578263475e+01 6.156051832733788842e+01 6.883938672621992794e+01 7.796028296714317207e+01 1.587528960336457962e+00 6.210210879725590605e-01
9.541104538204613350e-01 4.457620511875053637e+01 1.098408127185214056e+01 3.354757912449876089e-01 5.303873302035253801e+01 6.101432117624594298e+01 6.787598190593456593e+01 7.709141848781548845e+01 1.562238062394237348e+00 6.021330322045393979e-01
9.602408593380125090e-01 4.343930257545665086e+01 1.078942141764073881e+01 3.200130288884185936e-01 5.191084557027969026e+01 5.967603946211702493e+01 6.636422361866310382e+01 7.605804708104059841e+01 1.518622814443395308e+00 5.793198828671898282e-01
9.663673603621276698e-01 4.261131980966691657e+01 1.038437056515568813e+01 3.127014242071060046e-01 5.098946553905231127e+01 5.882940016824314000e+01 6.505920617490865254e+01 7.521698228309797685e+01 1.487969230608693350e+00 5.634964854360515751e-01
9.725109363121978712e-01 4.190646603155362726e+01 1.001631975353068604e+01 3.010429046557068777e-01 5.023966678661843588e+01 5.782313427653301829e+01 6.390480248994614954e+01 7.385217523059148448e+01 1.458997112476877689e+00 5.453314594815558136e-01
9.786539223807257937e-01 4.100025068154043595e+01 9.369402751229905846e+00 2.869578277269451139e-01 4.925882555698304799e+01 5.669456961113025528e+01 6.238621878231441542e+01 7.294768276251056704e+01 1.418907851032494616e+00 5.257563042490520644e-01
9.847742802912333726e-01 4.022946746148793551e+01 9.433596122147999807e+00 2.768174236110250708e-01 4.846406883218282502e+01 5.579509598582210828e+01 6.122042657611322625e+01 7.180234604469011117e+01 1.381464732646333404e+00 5.084792672328322105e-01
9.909163226000885505e-01 3.918125113988692476e+01 8.835866922001336832e+00 2.680237020487567512e-01 4.743408413885342156e+01 5.474393580156848316e+01 5.986678217520821477e+01 7.046954830080855459e+01 1.355569487506839366e+00 4.929535990029789150e-01
9.970641613013051519e-01 3.862733917776547088e+01 8.668879904144890958e+00 2.603491493762192799e-01 4.674740793815178108e+01 5.393709207389031945e+01 5.880062498494737611e+01 6.948872859516870903e+01 1.325936254395366110e+00 4.770835559867295794e-01
1.003199363263552968e+00 3.780350084361268870e+01 8.202138394214546935e+00 2.499744289219047177e-01 4.586323637252505847e+01 5.301711669279978167e+01 5.768476310282535735e+01 6.894606840715192675e+01 1.295996733609171780e+00 4.614975019525311417e-01
1.009337884460522083e+00 3.725471875403751199e+01 7.965635607653366534e+00 2.443049013965397642e-01 4.520790119686629538e+01 5.238095937232055377e+01 5.656092977366424179e+01 6.788044257038490059e+01 1.272794709240183675e+00 4.467506812389151483e-01
1.015478646350256975e+00 3.614606617625713625e+01 7.422023142530351336e+00 2.330885050468250175e-01 4.412850026417088145e+01 5.118853091960496471e+01 5.517157172965158907e+01 6.710262603273396564e+01 1.237650283475675961e+00 4.317647612737101070e-01
1.021609453879374962e+00 3.529794692182288429e+01 7.355113685459667039e+00 2.241492132459258213e-01 4.315460876878675833e+01 5.025686519617726589e+01 5.416490872327801043e+01 6.610307443272482431e+01 1.210428361886711990e+00 4.182713840707862896e-01
1.027737761654253790e+00 3.481851046603140531e+01 7.246093993284980606e+00 2.172484893329709732e-01 4.266247402601079131e+01 4.955470249520153914e+01 5.320166573245234076e+01 6.509588436125218891e+01 1.182088103488299735e+00 4.066303207752280380e-01
1.033868183565701315e+00 3.421366869203349381e+01 6.726076410201542011e+00 2.084511786170817893e-01 4.202753391410116990e+01 4.888329832583441004e+01 5.180048541229072612e+01 6.395255123014286625e+01 1.158453483903120196e+00 3.926394856431713043e-01
1.040006632801374398e+00 3.346521621681220893e+01 6.612812307047719607e+00 2.009484293684396239e-01 4.122776087148275792e+01 4.789688078856840292e+01 5.076024300961453406e+01 6.314401406897768254e+01 1.128027025034180175e+00 3.787123932560421680e-01
1.046156808389768100e+00 3.275417644773489911e+01 6.263856285328124329e+00 1.929595289492259946e-01 4.035882703788214343e+01 4.728101624614912879e+01 4.959413628379598293e+01 6.256747705894905920e+01 1.097978516533425264e+00 3.671171344479647325e-01
1.052295850575665437e+00 3.218229180762672570e+01 5.956095564155998723e+00 1.875808758356112271e-01 3.980048986440769454e+01 4.640418414571436045e+01 4.880768627026441919e+01 6.182168394273187317e+01 1.079151922244174333e+00 3.551109722184632722e-01
1.058425977651756611e+00 3.168956417475832055e+01 5.814655172413792705e+00 1.825858547824620870e-01 3.916385733708743544e+01 4.581596527101243055e+01 4.767886392103544324e+01 6.075190827436328078e+01 1.059032554411245108e+00 3.461602042161354698e-01
1.064562605041261323e+00 3.100152583339062673e+01 5.560691543656816727e+00 1.758399231860564571e-01 3.846786229948644831e+01 4.499301871724217960e+01 4.669253796072499085e+01 5.981093416967690501e+01 1.038812973682679441e+00 3.327912743551568742e-01
1.070698774491387617e+00 3.034233216248519227e+01 5.362918778281724030e+00 1.678190028392632649e-01 3.776313028773636660e+01 4.415308013089838823e+01 4.581528087307345487e+01 5.946164645953267325e+01 1.010490252428248636e+00 3.213712909187939615e-01
1.076840726399151738e+00 2.963766121076580617e+01 4.996555951821417096e+00 1.610080821664867656e-01 3.703211302960028917e+01 4.336966009513824361e+01 4.473402095933641220e+01 5.853243325603136071e+01 9.868431968669459931e-01 3.109304829414863969e-01
1.082972309238944275e+00 2.912292025243832327e+01 4.932599338681255219e+00 1.570931165670334528e-01 3.642997756331448045e+01 4.270853311203999425e+01 4.376376424063601434e+01 5.787099418080484980e+01 9.660564291605195919e-01 3.027574864188898318e-01
1.089087945679088287e+00 2.847489444312093809e+01 4.595016397431153976e+00 1.485975123646008089e-01 3.569772970342698670e+01 4.204966115354788059e+01 4.255530268086594958e+01 5.690587823830257719e+01 9.372034776746567264e-01 2.917337353069386352e-01
1.095217492047269259e+00 2.794863229169787644e+01 4.395941004783733952e+00 1.438634919505447918e-01 3.515753862440203648e+01 4.146957236020813298e+01 4.192390967832140092e+01 5.614790624282191089e+01 9.164340807292448154e-01 2.838940948295233246e-01
1.101360503814608816e+00 2.732289455147308743e+01 4.223904789935421178e+00 1.380769006084705541e-01 3.444141146451634938e+01 4.064704274194740208e+01 4.069852075523745327e+01 5.560284519405543335e+01 8.981268225792944371e-01 2.737999569908230457e-01
1.107509538678442151e+00 2.685782306284319532e+01 4.173247406955460370e+00 1.352358717205613126e-01 3.387000610128126965e+01 4.002704331909701096e+01 3.977269554606466784e+01 5.476259670530811263e+01 8.793133770591823328e-01 2.651223116229408094e-01
1.113637274621421813e+00 2.625706832430650195e+01 3.984229915097678987e+00 1.289495197727614506e-01 3.326261534060328984e+01 3.937015666442005823e+01 3.899765076101766681e+01 5.410083059780738068e+01 8.576754989405392937e-01 2.566842470676939936e-01
1.119766029293861820e+00 2.576141553056150713e+01 3.736296651094430654e+00 1.230178056747200099e-01 3.265029991267459053e+01 3.876573885408067355e+01 3.802301000663291575e+01 5.344995490573150221e+01 8.368433743635504962e-01 2.486460348955673860e-01
1.125921199838792353e+00 2.514580313611806517e+01 3.592346711876211351e+00 1.184579430490324270e-01 3.199549159497768969e+01 3.818330101839127622e+01 3.703736611260659117e+01 5.270325000470605659e+01 8.154093742352652718e-01 2.420259681835080778e-01
1.132060593734519616e+00 2.470489412779684812e+01 3.530121474052401620e+00 1.157251837847437237e-01 3.148710122095313224e+01 3.752275455278606131e+01 3.625432303681614599e+01 5.209223728877135784e+01 7.994564554849116211e-01 2.336657884032896371e-01
1.138193835500512563e+00 2.412605690062017416e+01 3.415025421028570651e+00 1.112113810620263959e-01 3.089893236297811896e+01 3.677002627532290546e+01 3.544125456585685896e+01 5.150952422732541436e+01 7.819666259530000385e-01 2.270037891994107770e-01
1.144331290643838761e+00 2.368975005154757341e+01 3.209634527709684271e+00 1.065710536753419341e-01 3.032802813351966975e+01 3.625244335494512882e+01 3.455394625306421830e+01 5.081856629017847382e+01 7.615372058924603227e-01 2.196705000400925589e-01
1.150477416657047947e+00 2.310213419439677907e+01 3.093978691832056427e+00 1.018245456561780726e-01 2.973044255598938790e+01 3.553206020238593510e+01 3.368383614575029839e+01 5.007314085502879664e+01 7.444136566599564020e-01 2.117063795310536456e-01
1.156613064375511923e+00 2.270566487480230222e+01 2.940116546282820487e+00 9.894758184205310059e-02 2.922858436707235441e+01 3.508559944847225864e+01 3.278831968782809270e+01 4.936875757562103928e+01 7.272900342001271667e-01 2.057307742566316378e-01
1.162735018537596643e+00 2.217380070698892780e+01 2.763822341380973491e+00 9.490929019340439698e-02 2.872630945586628570e+01 3.448076574244898040e+01 3.199821925505134601e+01 4.892831893252635922e+01 7.093453716116073782e-01 1.994913574419654168e-01
1.168863107201693285e+00 2.184408817723571516e+01 2.682619287338291691e+00 9.147733813207198361e-02 2.832690833303958655e+01 3.400841807959392327e+01 3.105205065388275898e+01 4.832183016673128861e+01 6.934950727466601128e-01 1.930701136694102649e-01
1.175003119642887395e+00 2.130386641414032312e+01 2.626950841490825805e+00 8.766952064305774672e-02 2.765556039708185310e+01 3.336917740550754274e+01 3.030292806882061640e+01 4.759722767493129680e+01 6.767089614135147757e-01 1.868809920628928534e-01
1.181141063188670737e+00 2.084286621013635354e+01 2.526601670106475517e+00 8.400619145398138810e-02 2.717624200136440749e+01 3.287442897729725644e+01 2.968328857263754017e+01 4.719577119368571516e+01 6.603826283883558190e-01 1.818816938649061576e-01
1.187270909488056914e+00 2.038515824676068178e+01 2.300386186098360319e+00 8.055861416464275837e-02 2.662297131764217539e+01 3.223641010643032701e+01 2.877544727439187611e+01 4.653185916101878661e+01 6.433174148790526958e-01 1.749675617452708387e-01
1.193410238621095854e+00 2.001251669102749275e+01 2.208479094619697491e+00 7.807662497946529778e-02 2.618448798035408132e+01 3.178252802197107840e+01 2.801075807803608342e+01 4.607483056237705910e+01 6.273374678289659334e-01 1.703446545799758294e-01
1.199554515593299175e+00 1.964584449288902590e+01 2.129996107131734373e+00 7.528757753295961530e-02 2.578158206166303046e+01 3.133900134952766336e+01 2.729714315374234346e+01 4.536825495691891774e+01 6.138379788227965594e-01 1.658210707982974985e-01
1.205699244952225024e+00 1.911359359623152798e+01 1.955261095006526562e+00 7.236730359841388183e-02 2.523214484243814226e+01 3.071038512375595531e+01 2.643859761093977312e+01 4.482941401730236208e+01 6.006044709438064233e-01 1.600025136963315886e-01
1.211823614414484052e+00 1.873867457921847901e+01 1.978028032620821053e+00 6.948688832115965108e-02 2.483872912497129448e+01 3.020613373142163738e+01 2.577713958791299120e+01 4.443552938088520676e+01 5.865835006274813246e-01 1.557689278632419239e-01
1.217948190684038368e+00 1.842038888619893555e+01 1.852943075259445571e+00 6.738021186389385464e-02 2.436421665940379810e+01 2.986100889297761185e+01 2.508125534627737352e+01 4.414795671331041405e+01 5.704343043383527379e-01 1.506520125708129543e-01
1.224088465910863066e+00 1.791918780102723829e+01 1.853824669744388975e+00 6.477938747202069414e-02 2.384480284589403709e+01 2.918541079601094879e+01 2.431998521094389787e+01 4.328111597417910161e+01 5.591226867118331834e-01 1.461369211783280220e-01
1.230226458808759915e+00 1.758420948420948449e+01 1.743849371349371458e+00 6.181902627215127288e-02 2.349840213840213821e+01 2.882321354321354434e+01 2.367334917334917321e+01 4.290002970002969818e+01 5.437141743391743498e-01 1.418560043560043449e-01
1.236361550594031522e+00 1.724474464476657687e+01 1.535236069930398628e+00 5.982721425413514704e-02 2.302848878426702939e+01 2.834159319418278145e+01 2.299176102870616489e+01 4.223642929603502694e+01 5.307133383402986571e-01 1.382104509304338535e-01
1.242496792651986093e+00 1.685400581121712804e+01 1.532777924181898177e+00 5.706396833270774294e-02 2.257473092975584450e+01 2.786563991458211120e+01 2.232917783335732054e+01 4.200299118204201676e+01 5.151734297266705731e-01 1.334460962448801857e-01
1.248637470443478836e+00 1.653294124852154923e+01 1.502727719873073298e+00 5.463421861423600756e-02 2.221712669328199041e+01 2.758207752638247356e+01 2.154527220740049032e+01 4.131131891308424997e+01 5.053417448794845779e-01 1.299193364525957628e-01
1.254772466883479876e+00 1.618601677910065462e+01 1.340075869054216717e+00 5.292386847373248965e-02 2.181402335314464835e+01 2.706449060714353649e+01 2.102820150209261030e+01 4.091366598505551622e+01 4.951757398188315618e-01 1.255459060332141941e-01
1.260914491442226115e+00 1.588365071992568467e+01 1.410828780733559995e+00 5.028590164652098349e-02 2.145137505056710125e+01 2.666427003580899679e+01 2.036374413796203342e+01 4.047628590264147164e+01 4.801151607191015969e-01 1.223070824140733842e-01
1.267057912247927520e+00 1.542623888635052865e+01 1.323054221876006631e+00 4.909116130146733842e-02 2.093167773974398571e+01 2.610943620933733911e+01 1.981004179556128264e+01 3.998106091815410679e+01 4.692029549480551953e-01 1.185866541642011385e-01
1.273186365191749214e+00 1.520230905697336965e+01 1.226512806534474143e+00 4.671046799636870833e-02 2.066765102655553932e+01 2.583306968750577326e+01 1.925375418106554903e+01 3.963846765102655212e+01 4.577855598469868781e-01 1.148025168397612400e-01
1.279317993167675471e+00 1.496017516734508490e+01 1.183069179377076896e+00 4.542880990006008257e-02 2.036705271141170570e+01 2.547995156426893715e+01 1.866006506948438926e+01 3.916636318005122064e+01 4.488685544205848199e-01 1.118069193116410648e-01
1.285454867222016517e+00 1.455799576690429475e+01 1.068623129446472086e+00 4.369843335479176721e-02 1.986748562088423853e+01 2.498751635431881013e+01 1.803286991566426778e+01 3.869023742303050284e+01 4.346050080910840441e-01 1.088985912747670592e-01
1.291590440177868837e+00 1.420913227402932044e+01 1.116529918269939303e+00 4.148873833374366188e-02 1.943930806194807914e+01 2.454666232977396589e+01 1.748942433140569364e+01 3.827347223370340856e+01 4.249690232646738397e-01 1.052705966087775363e-01
1.297722286883003173e+00 1.390172535988774172e+01 9.363388456168841856e-01 3.998968867528901461e-02 1.917380031483499536e+01 2.411123220149439561e+01 1.692653909438639204e+01 3.777007429251162307e+01 4.154313611182340327e-01 1.024014167908733480e-01
1.303853449480362636e+00 1.363494788030101112e+01 9.769166243502669378e-01 3.925640195334264421e-02 1.877876809907679601e+01 2.379179449745748798e+01 1.639839479790392929e+01 3.729323854459796195e+01 4.076522541857972026e-01 9.975364609781083025e-02
1.310000794114592582e+00 1.339517418399585580e+01 9.239839266908341786e-01 3.677423606597546996e-02 1.848549770083381460e+01 2.345242655006899213e+01 1.593370824397924324e+01 3.699144286146263738e+01 3.957733053424766778e-01 9.653704521736938826e-02
1.316143719180109750e+00 1.308072856136796425e+01 8.823596913995690461e-01 3.560248952851314402e-02 1.816593756179467434e+01 2.307460460081941989e+01 1.549099055343743103e+01 3.657822815373994274e+01 3.872849979011493415e-01 9.399780883676839283e-02
1.322267763843804511e+00 1.284784133670413553e+01 8.518155085533559712e-01 3.426087816184314461e-02 1.782678896690827131e+01 2.278131056554714107e+01 1.504462255122237302e+01 3.610521639802005467e+01 3.776761396184863395e-01 9.134014109735766329e-02
1.328401901823275777e+00 1.252221223174145415e+01 8.208128870133175603e-01 3.326371180231572217e-02 1.744096869963525265e+01 2.233823903638985442e+01 1.454299601323267588e+01 3.570228857409449574e+01 3.693789496564594543e-01 8.880995392951056278e-02
1.334537614144214679e+00 1.225978081407102849e+01 7.136941716085989373e-01 3.177609927281993540e-02 1.713048891434732823e+01 2.199823438237077866e+01 1.410397516679021557e+01 3.540382438169687873e+01 3.598182997506570446e-01 8.640021385790822017e-02
1.340678552423816727e+00 1.205055063701144391e+01 6.779223522914140654e-01 3.061816310545155406e-02 1.687544308423168360e+01 2.170469744032689263e+01 1.370450641994584906e+01 3.498496420444163846e+01 3.516855472318655140e-01 8.405105694483663847e-02
1.346815149096061148e+00 1.182379661859771325e+01 7.107119177855130143e-01 2.953912660057185502e-02 1.658095806398143424e+01 2.145169567379413422e+01 1.333964362671970783e+01 3.460047737444057958e+01 3.454939758412067241e-01 8.185927917288247924e-02
1.352940200955950356e+00 1.155621217526782196e+01 6.435441426284936872e-01 2.818252916227526397e-02 1.625248509922395002e+01 2.103989414802910574e+01 1.289375362086403243e+01 3.433797022135958343e+01 3.372444120044121307e-01 7.934507263821471978e-02
1.359082410299650379e+00 1.126185276089511866e+01 5.879425154858158864e-01 2.703418736197953087e-02 1.593266058135355578e+01 2.064547762368415107e+01 1.253225793395093213e+01 3.384313103283025725e+01 3.284527227269931071e-01 7.727257307597035219e-02
1.365220173749337018e+00 1.112860256876716569e+01 6.023105783750889453e-01 2.599937726795609541e-02 1.572700811714969227e+01 2.045606725546321769e+01 1.217003593311803478e+01 3.360505768295784890e+01 3.222128942661562356e-01 7.540213834854157804e-02
1.371355627496639196e+00 1.087185628837721119e+01 6.065252784782353412e-01 2.533684336910966770e-02 1.542003548749193165e+01 2.014462265920878181e+01 1.178766809655396131e+01 3.324803403746538066e+01 3.149175555764014978e-01 7.326722597161318407e-02
1.377497312851453160e+00 1.067086995005374028e+01 5.442355831542011746e-01 2.451808582389596730e-02 1.516099608016691036e+01 1.984675507365492919e+01 1.147559745843080314e+01 3.283030916102927677e+01 3.080394117089207962e-01 7.146610574263451143e-02
1.383633079758801232e+00 1.041134537933016979e+01 4.890162036675404500e-01 2.349090335407481855e-02 1.489607906239942992e+01 1.948226220196156078e+01 1.115444022983836980e+01 3.246074219421279849e+01 3.029228154262914030e-01 6.938083696035944603e-02
1.389766479619330530e+00 1.018536238513553549e+01 4.641686465519656024e-01 2.241940069037316741e-02 1.459057527920661457e+01 1.915408719897186174e+01 1.082710583556605322e+01 3.213932168896274533e+01 2.951362552006024376e-01 6.747133177626440936e-02
1.395898899779254521e+00 1.004040775995924939e+01 4.864943705926758066e-01 2.186863138774326754e-02 1.439365652176581456e+01 1.894597057794634765e+01 1.050246564665304305e+01 3.181609989014294015e+01 2.890037164981987261e-01 6.608837078216388272e-02
1.402038197914537321e+00 9.812278196337626213e+00 4.203952758680666868e-01 2.131436734415002865e-02 1.410420461931396829e+01 1.865125064462285209e+01 1.013481543188968281e+01 3.150683071364708354e+01 2.837044301228826559e-01 6.441737751593629158e-02
1.408181749899602986e+00 9.626299631538829615e+00 4.270339365391162545e-01 2.034776523913069818e-02 1.386884981667324546e+01 1.834629625724193502e+01 9.857989551730684141e+00 3.120181910755872678e+01 2.763238466382060832e-01 6.273647263769090154e-02
1.414313666006327352e+00 9.487089865179685333e+00 4.044297096929342916e-01 1.991657482236258714e-02 1.368246434100371189e+01 1.815411900861226613e+01 9.551859979258413347e+00 3.091005666361053628e+01 2.718204453053371661e-01 6.112248221747102611e-02
1.420444380108462745e+00 9.257735743272105466e+00 3.951581429618159502e-01 1.859016170408464563e-02 1.340055739475058161e+01 1.782214835777682893e+01 9.272627290094451524e+00 3.059589918838103273e+01 2.655958454215909814e-01 5.942451063877912665e-02
1.426582768631972087e+00 9.112150433802119309e+00 3.311139906335836547e-01 1.840976613215434751e-02 1.320930989104162556e+01 1.759961256627736859e+01 9.003310556391330266e+00 3.019711721047719521e+01 2.607563182461852813e-01 5.818143696400340098e-02
1.432726168338077644e+00 8.927453100140452236e+00 3.327712540940852559e-01 1.750114463194027414e-02 1.297750147153955069e+01 1.737210718635810025e+01 8.777755275687836090e+00 3.000259923421664610e+01 2.562425694537528442e-01 5.667583131057352119e-02
1.438861657952483553e+00 8.762509821431159196e+00 2.992638094395912995e-01 1.725972551591506768e-02 1.276050059580932938e+01 1.710408977440426170e+01 8.559423645077396614e+00 2.961511297182735092e+01 2.518881338990864305e-01 5.532597796628965781e-02
1.444991779317132963e+00 8.621755002510219867e+00 3.315040477300437716e-01 1.638897542673743019e-02 1.258870400918023336e+01 1.689903033780391439e+01 8.377821846087641688e+00 2.927376317865595468e+01 2.468301074015634977e-01 5.408768624937244224e-02
1.451129573505090198e+00 8.419565205013821441e+00 3.222001425545664710e-01 1.575376861287218488e-02 1.236628623647404090e+01 1.660104649143533706e+01 8.129051382273983606e+00 2.900910698069001370e+01 2.427018405054246208e-01 5.265867847184067113e-02
1.457259699941714226e+00 8.322720737566696059e+00 3.030426621124258091e-01 1.539373639324038458e-02 1.219229074454352713e+01 1.641718757502916404e+01 7.947028350784822948e+00 2.869393185304028648e+01 2.384647294077603952e-01 5.154681228444562419e-02
1.463381498859491758e+00 8.122645178319213954e+00 2.652429864291510619e-01 1.474052006801921180e-02 1.196760461740202253e+01 1.615120840364921762e+01 7.745627311298370010e+00 2.851162353179026709e+01 2.344589754191575559e-01 5.038117666848715426e-02
1.469517533590522174e+00 7.971150762050124960e+00 2.441543206804255850e-01 1.450837675555292743e-02 1.173534795496272665e+01 1.592133823301701057e+01 7.568863090893002799e+00 2.823522629238834725e+01 2.306109992990576507e-01 4.914225616849989681e-02
1.475660550406120208e+00 7.828679084120905074e+00 2.188081637643622956e-01 1.382771654055189869e-02 1.158034607224533730e+01 1.571723059543162648e+01 7.385886396825834588e+00 2.797524315983798715e+01 2.260587871628137735e-01 4.809662740576695766e-02
1.481800492405727532e+00 7.693898278317363726e+00 2.386917148617997697e-01 1.351756245243453461e-02 1.140346746283937307e+01 1.553801969737813060e+01 7.215334901717326055e+00 2.762578793596854609e+01 2.227512213858415246e-01 4.686095478608984927e-02
1.487943725053375577e+00 7.611770163068026562e+00 2.346709141032611023e-01 1.306897563556027111e-02 1.127274743524206002e+01 1.536344777035780851e+01 7.060472975714250587e+00 2.739101705871692971e+01 2.180706484990114213e-01 4.613041279383484072e-02
1.494084839802395370e+00 7.418478741863764547e+00 2.104105471693812068e-01 1.268952439982272591e-02 1.105722116882873074e+01 1.509067795928328870e+01 6.944277346735717060e+00 2.716297144573563571e+01 2.157884203299282044e-01 4.505163844406481072e-02
1.500230994160872244e+00 7.315247356721139127e+00 1.899828047439585110e-01 1.228492624539866303e-02 1.089574220295813589e+01 1.493097861739451560e+01 6.770793660911343714e+00 2.687221961059276865e+01 2.115626311347839905e-01 4.400551882398325704e-02
1.506363835328208056e+00 7.161303207344699828e+00 1.818985938886901466e-01 1.188387927579719928e-02 1.069838109243140778e+01 1.470941404024747179e+01 6.637618404143979411e+00 2.658453691559688892e+01 2.091029602691996669e-01 4.315485098879880133e-02
1.512486114839888929e+00 7.010529559880396278e+00 1.492545892238892058e-01 1.145521183050936254e-02 1.053864554372344209e+01 1.452657110633163562e+01 6.500149504275297474e+00 2.626151445207994328e+01 2.060163380960499113e-01 4.215698338240308346e-02
1.518627690030334820e+00 6.947571021035791716e+00 1.856570869596732287e-01 1.091940613682519136e-02 1.044443157284348267e+01 1.434917446297379762e+01 6.394108502850161635e+00 2.605699286036024631e+01 2.013264791518895036e-01 4.135644883657266235e-02
1.524765346634578744e+00 6.830241932355154866e+00 1.497835421209041118e-01 1.072616769936982246e-02 1.029595266360953687e+01 1.418528490547981846e+01 6.239161668438354624e+00 2.583952389450569953e+01 1.982668821142311855e-01 4.055586114204021153e-02
1.530890949051883609e+00 6.706301142943328131e+00 1.619719163569224574e-01 1.052683013369062545e-02 1.010903592436276632e+01 1.398551189596684985e+01 6.158783101515147962e+00 2.561929071559858073e+01 1.946376440182727707e-01 3.965317123795001480e-02
1.537028126588163568e+00 6.585528300690878467e+00 1.369086328199277391e-01 1.032189609478988308e-02 9.965480129302147105e+00 1.381890473474044434e+01 6.030860746656524718e+00 2.541328009127210308e+01 1.917314365849020485e-01 3.905242798060467452e-02
1.543169805434377873e+00 6.468896484988627016e+00 1.508864010876805051e-01 9.615247776609214814e-03 9.815307956216305030e+00 1.363839116283161523e+01 5.929373656893670130e+00 2.511128146481847168e+01 1.890603989418521425e-01 3.813422011077878537e-02
1.549306732909000672e+00 6.391275004370301716e+00 1.367937475026846095e-01 9.707361827246647340e-03 9.695411807307143803e+00 1.349218839747271659e+01 5.837154433983467783e+00 2.490245735833978458e+01 1.875496146330195013e-01 3.768527446276502546e-02
1.555434294201658130e+00 6.298525507124707268e+00 1.088128907288140185e-01 9.409149355856306560e-03 9.570649730634629648e+00 1.336448897576580919e+01 5.752992327619823598e+00 2.461116754799273565e+01 1.862957185311949482e-01 3.689492142578604944e-02
1.561571446339652391e+00 6.202553895719189470e+00 1.296320650151539799e-01 9.201408493104825531e-03 9.462547187825908424e+00 1.318448297810876646e+01 5.629778149894486106e+00 2.440234629376655917e+01 1.831868429814382526e-01 3.622103147170933901e-02
1.567719175442112256e+00 6.091279751815169341e+00 1.259860299999756295e-01 8.720916149703853912e-03 9.328608935727055851e+00 1.301670418543621466e+01 5.545504210801015965e+00 2.418097054512373845e+01 1.819522879539141047e-01 3.557173153414980304e-02
