nan nan nan nan nan nan nan 0.000000000000000000e+00
1.738093185424804688e+01 nan nan nan 4.060369110107421875e+01 7.203032493591308594e+00 nan 7.101298809051513672e+00
1.809924316406250000e+01 nan nan 6.881984965006509469e+01 nan 1.226325073242187500e+02 1.100356292724609375e+02 3.079926961263020644e+02
3.154286956787109375e+01 nan 5.994793192545572680e+01 nan 1.330293731689453125e+02 1.586119384765625000e+02 2.837517903645833144e+02 1.792731018066406250e+02
6.449245707194009469e+01 5.606355794270832860e+01 nan 1.117998657226562500e+02 nan 1.982574055989583144e+02 1.301788126627604072e+02 1.194259972205528868e+02
6.746951016512784349e+01 6.773430175781250284e+01 9.503526960100445820e+01 nan 1.347628284801136260e+02 2.195595906575520644e+02 6.818828822544642208e+02 1.796925603693181756e+03
6.043630218505859375e+01 8.388869900173610006e+01 9.475092773437501137e+01 1.380587768554687500e+02 1.704492797851562500e+02 5.431639404296875000e+02 7.034196777343750000e+02 9.652006293402777146e+02
4.574918619791666430e+01 6.977474975585937500e+01 6.897930908203125000e+01 1.088542218889508888e+02 1.115524014559659065e+02 7.320588942307692832e+02 8.458205788352272521e+02 9.597970486111111086e+02
7.418517423930920529e+01 1.018119942801339164e+02 1.047391967773437500e+02 1.176170184795673208e+02 6.149158761160714448e+02 7.242217610677082575e+02 7.100471754807692832e+02 6.640430484693877133e+02
6.724321182914401618e+01 8.879618013822116041e+01 8.953952205882352189e+01 1.311811676025390625e+02 4.591941406250000455e+02 5.472352539062500227e+02 5.355144314236110858e+02 6.591818279109588730e+02
6.728077129289215463e+01 6.606096733940971433e+01 9.711049582741478048e+01 3.495122707201086882e+02 5.790104549632352473e+02 4.872282492897727479e+02 5.528530910326086314e+02 6.289247159090909918e+02
5.374852519132652873e+01 7.356149631076388573e+01 7.606922433035714448e+01 8.799240722656250568e+01 3.173881983901515014e+02 3.750633835565475920e+02 4.965370744977678328e+02 4.495960618622448806e+02
8.239741290983606348e+01 6.524566501524390105e+01 9.695980557528409349e+01 2.375153082770270316e+02 3.188272569444444002e+02 4.207485747466216708e+02 3.830653935185184764e+02 5.313355232007576205e+02
6.272195662313432507e+01 6.720316072789634632e+01 7.296514533547794201e+01 1.139978953394396513e+02 2.975935546874999886e+02 3.514630089962121247e+02 3.650733213682432847e+02 4.527982219827586050e+02
6.514354011194029681e+01 6.738440522693451840e+01 7.454337022569444571e+01 1.731634043817934696e+02 2.753182942708333485e+02 2.929311290922618696e+02 3.058958509290540633e+02 3.326666666666666288e+02
5.561218089788732755e+01 5.178781014901620239e+01 7.538924326795212494e+01 1.098857218424479072e+02 2.368375076593137294e+02 2.483317187499999932e+02 2.705134375000000091e+02 3.012458902994791288e+02
5.043048306169180961e+01 5.580170714180424341e+01 7.448592574508101904e+01 1.427217793367346701e+02 2.260317758413461604e+02 2.342955452127659441e+02 2.550994944852941160e+02 2.416989808058375502e+02
4.860571457435344911e+01 5.933934674944195820e+01 6.663685890480323337e+01 1.035026555646929722e+02 2.084871978759765625e+02 2.121194365530303116e+02 2.040469075520833258e+02 2.563062248995983623e+02
5.085514768835616195e+01 4.926593017578125000e+01 5.520965479290673983e+01 1.066086455195783174e+02 1.893294759114583314e+02 1.973880363343253919e+02 2.115329861111110858e+02 2.119248548666007821e+02
4.564078987418831446e+01 4.948605957031249858e+01 5.998230997721353930e+01 1.130395250822368354e+02 1.673306004723837077e+02 1.741995535714285666e+02 1.954585658482143060e+02 2.043871285860655860e+02
4.296524604461477992e+01 4.872273936170212494e+01 5.345339543269231086e+01 8.415332031250000000e+01 1.686273009417808169e+02 1.613322310014204675e+02 1.794106621799698758e+02 1.816510957468051117e+02
4.073375011625743980e+01 4.969812481219952360e+01 5.704010489817415674e+01 9.092813913445722562e+01 1.435689975247524899e+02 1.544896666061046631e+02 1.764143497242646959e+02 1.931226997679044928e+02
4.108318925034153324e+01 4.116263149752474959e+01 5.535867482311320487e+01 8.375132597477065133e+01 1.462740652901785552e+02 1.400991257440476261e+02 1.546902465820312500e+02 1.814359647077114346e+02
3.773280412946428442e+01 3.961587989936440835e+01 4.465282763231981988e+01 8.657922585227272805e+01 1.304114036239495817e+02 1.423688089622641542e+02 1.469331825657894797e+02 1.610996488764045012e+02
3.581563237028301927e+01 4.072142269736841769e+01 4.803264182973130403e+01 7.843362831858406992e+01 1.121301705496651664e+02 1.187981059611344534e+02 1.415516207510964932e+02 1.373784762041284466e+02
3.396229574713908761e+01 3.986542968750000426e+01 4.402415314885495690e+01 7.159310689786586579e+01 1.031726519730839442e+02 1.068922677446705478e+02 1.197915496826171875e+02 1.225346291589648757e+02
3.171185980902777501e+01 3.739614179057459609e+01 3.855454903218283391e+01 6.128957988410596158e+01 9.999282304067459393e+01 1.092628892398049629e+02 1.092061552159926521e+02 1.200634317660550465e+02
3.136658845846645249e+01 3.262386322021484375e+01 3.571382202854046284e+01 5.730148613721804196e+01 9.665026927699703663e+01 1.004336844308035666e+02 9.997498082822086474e+01 1.117270165598290532e+02
2.868535090928093467e+01 3.176821428571428640e+01 4.046964285714285836e+01 5.698463384789157260e+01 8.683342633928570820e+01 8.704304153726707227e+01 9.519987858952703164e+01 9.806871734324758449e+01
2.744843044051204828e+01 3.161937957114361453e+01 3.648703835227272663e+01 5.134899536863773051e+01 7.857986415905898525e+01 8.441016704074584709e+01 9.133583470394736992e+01 1.012679876961483671e+02
2.693708317454268553e+01 2.935114324280104725e+01 3.566752533783783718e+01 5.432797108525814878e+01 7.379144531250000227e+01 8.347962318978659368e+01 8.142653537326388857e+01 9.549350746909341581e+01
2.529752238412921272e+01 2.925049575494259813e+01 3.347410175587871350e+01 4.705514705882352899e+01 7.077442835365853568e+01 7.922250381097560989e+01 7.786597158394607732e+01 8.891324641719744193e+01
2.507845474837662181e+01 2.937032948369565233e+01 3.089019568991545839e+01 4.934875118371212466e+01 6.968784179687500568e+01 7.368144333964647785e+01 7.805519995358910990e+01 8.416030519680197131e+01
2.302444365530303116e+01 2.741209574854651265e+01 3.050378943630382622e+01 4.083758630087208985e+01 6.585839016154660897e+01 6.965899053350224790e+01 7.911656800660793465e+01 7.708354810996563344e+01
2.314649207963510946e+01 2.434465126679322111e+01 2.753472819727423015e+01 4.704378579432270868e+01 6.004122910610465169e+01 6.721552414190574609e+01 6.765847368777056658e+01 6.918296424759871854e+01
2.153012335105020725e+01 2.419301313920454533e+01 2.793553500705294823e+01 3.961046304223744130e+01 5.746738210740072361e+01 5.829465036434977776e+01 6.524950980392156907e+01 6.239259575601805352e+01
2.070359270234674298e+01 2.291437615288628393e+01 2.600731549944196175e+01 3.825029230442176953e+01 5.521978200054584818e+01 5.521856431558098421e+01 5.441859192607004303e+01 6.290040777439024566e+01
1.836411425592359947e+01 2.183938802083333641e+01 2.581513419626383765e+01 3.459290256973140743e+01 5.285617602782392055e+01 5.736874999999999858e+01 5.969297173187023020e+01 6.118132889990982903e+01
1.823256010167738950e+01 2.128530598958333542e+01 2.484060992765273213e+01 3.226453710301303346e+01 4.766784408244680549e+01 4.702750829899267160e+01 5.139552774234693544e+01 5.654653989697224148e+01
1.724872018914473770e+01 1.915511924342105132e+01 2.338321070995145590e+01 3.062135140981270354e+01 4.607174712438925468e+01 4.911494915674602879e+01 5.029370117187500000e+01 5.151495237974938846e+01
1.709725871128318531e+01 1.955086616847825809e+01 2.411527122641509635e+01 3.388054184240797895e+01 4.488942067691693438e+01 4.732079435649670529e+01 4.955941105769230859e+01 5.212274332810047639e+01
1.687955905361975795e+01 1.970537754274764097e+01 2.228048881231117662e+01 3.169977411142172485e+01 4.265756407135269512e+01 4.396731404049295833e+01 4.695879255022320820e+01 5.069511187688821963e+01
1.455294197989510430e+01 1.732145087663517558e+01 2.189610616871387094e+01 2.965018476863752994e+01 4.156768745444606594e+01 4.383463541666667140e+01 4.498950604486731919e+01 4.658297904978962123e+01
1.477275659403669650e+01 1.598983977561773173e+01 2.066972798123486754e+01 2.860653954221491091e+01 3.959207237877833307e+01 4.099806356837606813e+01 4.316416317654638846e+01 4.456042018581081265e+01
1.474194680680359326e+01 1.699238708941605935e+01 1.961883151698179262e+01 2.752638381995133798e+01 3.828922797309027715e+01 3.910343940548780495e+01 4.002689938822751259e+01 4.388116591928250898e+01
1.416398796288809869e+01 1.574086183922312898e+01 1.945253098388078072e+01 2.544127366187989736e+01 3.472385868409863718e+01 3.783298088972431117e+01 4.039159418293450443e+01 4.038747710622710940e+01
1.295779066381987654e+01 1.492486725901029665e+01 1.719960684146521146e+01 2.503955309537914786e+01 3.224900886194029681e+01 3.606390933149651801e+01 3.827224127062958559e+01 4.019182180851063890e+01
1.248312423029556584e+01 1.458729600694444528e+01 1.673219816905286450e+01 2.352314055808351156e+01 3.291199940174549710e+01 3.396488854644495348e+01 3.598101941079295329e+01 3.773040818798449436e+01
1.189528063632930532e+01 1.354423278544372344e+01 1.694441964285714164e+01 2.429073878696986455e+01 3.163079568614130466e+01 3.127361391129032242e+01 3.419687844162995560e+01 3.637051854395604522e+01
1.191682877863545720e+01 1.323921870772456622e+01 1.572814600134408636e+01 2.109669204905063111e+01 3.108376154823908522e+01 3.120229304006085158e+01 3.380220759854771728e+01 3.378818984912652468e+01
1.128196048736572266e+01 1.305800374348958393e+01 1.453800101902173836e+01 2.116274149103682234e+01 2.813145513954402688e+01 2.967283163265306456e+01 3.141649708395708274e+01 3.284313414105106688e+01
1.065904030786608025e+01 1.267852406442901270e+01 1.461436069732297049e+01 1.995325151821862519e+01 2.684086379580241299e+01 2.802133008188824803e+01 3.086450195312500000e+01 3.247625931732134319e+01
1.052544441476733184e+01 1.196782769097222143e+01 1.381010190902217616e+01 1.972531990840517224e+01 2.620770002431906676e+01 2.770377604166666785e+01 2.861886292078625260e+01 3.086148952530176359e+01
9.884889128839205341e+00 1.119576296822390482e+01 1.351842005112591849e+01 1.852242801966292163e+01 2.572370768229166771e+01 2.640862691627358316e+01 2.870077078683035765e+01 2.801392693425760427e+01
9.568651180109991827e+00 1.129868647344283339e+01 1.341307862546797125e+01 1.897566131539451106e+01 2.503335013440860379e+01 2.636986551440562465e+01 2.597318222019725553e+01 2.734818838123644014e+01
9.502635521563046694e+00 1.070969935825892883e+01 1.255488786096526788e+01 1.725750937500000148e+01 2.352251752638658999e+01 2.493698262630837448e+01 2.576666858149510020e+01 2.619936493963782809e+01
9.115102009600903443e+00 1.041938335259244397e+01 1.224374258714933994e+01 1.734560706967213051e+01 2.304279870956469622e+01 2.347896107456140413e+01 2.447483933971774306e+01 2.506152383625969904e+01
8.757934843400446923e+00 9.963775440386147153e+00 1.155064389731452756e+01 1.617721810310509767e+01 2.132531261730480310e+01 2.200240669431279628e+01 2.373241255961844232e+01 2.471529298362528593e+01
8.372005583573486120e+00 9.699535677892079377e+00 1.138798338403392307e+01 1.533875561971085943e+01 2.114762167604813570e+01 2.148214445839311537e+01 2.262644991812227246e+01 2.281236280919561921e+01
8.197565196841637203e+00 9.165987079326923137e+00 1.131757020692567650e+01 1.553466341954580621e+01 1.977921549479166785e+01 2.037383860376304057e+01 2.140036284228307295e+01 2.207868484882671467e+01
7.998849566766361718e+00 8.716460460752951889e+00 1.093049108394058244e+01 1.472091612523915671e+01 1.978416990790415042e+01 2.069505293996710549e+01 2.064437147390691152e+01 2.134071928879310320e+01
7.741849074034518274e+00 8.696341763857281748e+00 1.019544614879742461e+01 1.433515176005747094e+01 1.806548887310606233e+01 1.979643293467077925e+01 2.122468909438775242e+01 2.111779402787133719e+01
7.559892211404728002e+00 8.648594732704401267e+00 9.875198070442873899e+00 1.397873813291139200e+01 1.790191995872641684e+01 1.889487700591216424e+01 1.848562840336476043e+01 2.014312933319738974e+01
7.032264220792483478e+00 7.923419699984394882e+00 9.817505179820559036e+00 1.335297581658291399e+01 1.725909084324783649e+01 1.802083571810134188e+01 1.874397927989130608e+01 1.961840119754705469e+01
6.885867680344625263e+00 7.721877955548549721e+00 9.301777491341310267e+00 1.305948396637609044e+01 1.702360744102328383e+01 1.720186745724105037e+01 1.798495289091760441e+01 1.881192147635345435e+01
6.934752903916339584e+00 7.617993947867121918e+00 9.256206531059451237e+00 1.232568646937573575e+01 1.607728908064750328e+01 1.664717266161327203e+01 1.732667214912280684e+01 1.803559337797619122e+01
6.710226162997158461e+00 7.322588377126366233e+00 8.692454268292683750e+00 1.190265784258210680e+01 1.594853527490886869e+01 1.558596726626611861e+01 1.631187562215585629e+01 1.790522107566657084e+01
6.341961476597851366e+00 7.136727286385489144e+00 8.609602528994845017e+00 1.140109759145438417e+01 1.517122534205632256e+01 1.558646609805045991e+01 1.590029958032741497e+01 1.685267483978824288e+01
5.960285066475146110e+00 7.039327070802823272e+00 8.307388040447566624e+00 1.174102127453512345e+01 1.467508778089887755e+01 1.461638470668574463e+01 1.563533708690541957e+01 1.577645197964565860e+01
5.828717837126358603e+00 6.691845455266498099e+00 8.016118459205992863e+00 1.093038759755112999e+01 1.391589256224593640e+01 1.487918496391612422e+01 1.501243461996821971e+01 1.555734199529903528e+01
5.701024351728723794e+00 6.322640546482412915e+00 7.677388732240777003e+00 1.048187967312116697e+01 1.381168114973262107e+01 1.387176458016717362e+01 1.439381584937565250e+01 1.486291013124199623e+01
5.560092044775623243e+00 6.191612380707335106e+00 7.603623484141790456e+00 1.006973220962113658e+01 1.336455931432038824e+01 1.377271068774975049e+01 1.378448928265655482e+01 1.458093903224792598e+01
5.320150340175276327e+00 6.179079882241967248e+00 7.382212501540927008e+00 9.984980620155038622e+00 1.289415381146037198e+01 1.349870676577669926e+01 1.359576893892467808e+01 1.382057202938671203e+01
5.106248431924621300e+00 5.844258145104068269e+00 7.249627046130952657e+00 9.678509366163995153e+00 1.251972782490766356e+01 1.273550367223502278e+01 1.334273278503700411e+01 1.387755858016461907e+01
5.003734439095259390e+00 5.580743197737068506e+00 6.872680439255295148e+00 9.660785532252672780e+00 1.149219672155335203e+01 1.250307076688555341e+01 1.274231100383920534e+01 1.341732879959159952e+01
4.898261831247230802e+00 5.510984526349169244e+00 6.673843294106842627e+00 9.321575471558656290e+00 1.159938018176020336e+01 1.198095311106155236e+01 1.238542989454505339e+01 1.247551909141583160e+01
4.700120258289415709e+00 5.503393077607264594e+00 6.345875799005681550e+00 8.950684815471225519e+00 1.148054203633589410e+01 1.166295948846238062e+01 1.188717729479258622e+01 1.238917473496321975e+01
4.545030243011097149e+00 5.167466905381944642e+00 6.099911924483649273e+00 8.665882299977836212e+00 1.092592712655601694e+01 1.129058848218062572e+01 1.167968079399141601e+01 1.203616830885460587e+01
4.357523696682464198e+00 5.021568285853110325e+00 6.052514909228635887e+00 8.523322331886106440e+00 1.064037197025825598e+01 1.077566412685337660e+01 1.122213040865384670e+01 1.146042208636836612e+01
4.263986545138888751e+00 4.921051775624504465e+00 5.876677862727632373e+00 7.923447202005293732e+00 1.024794069320436485e+01 1.063341091097413127e+01 1.093055009117705723e+01 1.159057935780967696e+01
4.246783327226739679e+00 4.855534113545816766e+00 5.681497920369273480e+00 7.754270262333593955e+00 9.977122784045125314e+00 1.030890899393251736e+01 1.069761199584667644e+01 1.094455877077973405e+01
4.042021671345729317e+00 4.552932275428682729e+00 5.660257641734972367e+00 7.588501734763198669e+00 9.720971142911295715e+00 9.958756884578544799e+00 1.011947008557110550e+01 1.069347330108654148e+01
3.939341031374863800e+00 4.473652328737509620e+00 5.378898233442164667e+00 7.396952122683535968e+00 9.435042938931298195e+00 9.576595409798533964e+00 1.002792196821401838e+01 1.053537164679582716e+01
3.875455347324046951e+00 4.468628957058148110e+00 5.293632879617698350e+00 7.306630783672480867e+00 9.329230672028833382e+00 9.221758908263836929e+00 9.783816561371841303e+00 1.032130177769117907e+01
3.742319885495325238e+00 4.276775763031549715e+00 5.193614553400383471e+00 7.063745981990803280e+00 8.974159099332839062e+00 9.145274462620855971e+00 9.431630739334778468e+00 9.820275170167688472e+00
3.616197129617356065e+00 4.035647149380026555e+00 4.927124874694909451e+00 6.838067296563390407e+00 8.574752983243060456e+00 8.896069165209789631e+00 9.042961982415107514e+00 9.286181093884582793e+00
3.458023866518013190e+00 3.944928192385444898e+00 4.905705341220139459e+00 6.578584869756427977e+00 8.332407828553082041e+00 8.567147803458009747e+00 8.774562267107045344e+00 9.377402330615332460e+00
3.324836222330729285e+00 3.783397214382827833e+00 4.709950534703728486e+00 6.377289202101257715e+00 8.288716311177248386e+00 8.259437995871113714e+00 8.434505467712483551e+00 9.014801978905596869e+00
3.280215066117172729e+00 3.825460186594798806e+00 4.594234105160361459e+00 6.354612549966688562e+00 8.043658049655808995e+00 8.204050436961564330e+00 8.443685542992048099e+00 8.647357718348699152e+00
3.197069894783073352e+00 3.717780664313867334e+00 4.357404436383927937e+00 5.994204823798988890e+00 7.694723681430546414e+00 7.881763961000936014e+00 7.995639906722291634e+00 8.486157701663527675e+00
3.085383137821494426e+00 3.564884622104632861e+00 4.317484336324257654e+00 5.972867559978606522e+00 7.487201956590620711e+00 7.689354140914709035e+00 7.905564831149193949e+00 8.103850577525451016e+00
3.077257042818827504e+00 3.443443626222738807e+00 4.286203056469298112e+00 5.778391975668531799e+00 7.279595669669226332e+00 7.378708348129735306e+00 7.718441366651759061e+00 8.008518809377873637e+00
2.995190619850958580e+00 3.341770406902879298e+00 4.077938526813390752e+00 5.802857730263157876e+00 7.008302603194962899e+00 7.073436158414423858e+00 7.436822506064281413e+00 7.887560753622117282e+00
2.863626740247171121e+00 3.245233060289503424e+00 3.938889066146440854e+00 5.375077050956365454e+00 6.788016693338492225e+00 7.033473557692308198e+00 7.200679008949530946e+00 7.612732508146270227e+00
2.752904763631090379e+00 3.140336219667042794e+00 3.828057964777542566e+00 5.307606257869334598e+00 6.563630637325985617e+00 6.752695446352084296e+00 7.063367433739254686e+00 7.317515493846919128e+00
2.675741790061773262e+00 3.072534220219977463e+00 3.790663846685083271e+00 5.044848523332398749e+00 6.614175935244309024e+00 6.695374521239554788e+00 6.881915601588512565e+00 7.034799162961933305e+00
2.650322003094224499e+00 2.970248117209141725e+00 3.732731477506868067e+00 5.018403198580332791e+00 6.304459092881944393e+00 6.368394925776915017e+00 6.659827325261419517e+00 7.077206010150166371e+00
2.593618695352978953e+00 2.921067589261699737e+00 3.626462165301015173e+00 4.812871922606094088e+00 6.041008574007220133e+00 6.244100534539473557e+00 6.454693750000000563e+00 6.851812638441401759e+00
2.479826536016949134e+00 2.860724984895273604e+00 3.440735876312889019e+00 4.853897102329346680e+00 5.968933736065795692e+00 6.149200228090037079e+00 6.433503402741684418e+00 6.633921318559916180e+00
2.426088282834685472e+00 2.729643272383565300e+00 3.301156067682472717e+00 4.560833664311790159e+00 5.813492329402119019e+00 5.925218971488401820e+00 6.119434047496128848e+00 6.517943958010835814e+00
2.401509831460674427e+00 2.619463447708434867e+00 3.285546770999733912e+00 4.436844213131680981e+00 5.638403218161610830e+00 5.818076609141790811e+00 5.988806900975671255e+00 6.501636314996829036e+00
2.294168498939620715e+00 2.528416606541606715e+00 3.167211260644768878e+00 4.356805441865691186e+00 5.497291901054002672e+00 5.585663125611845636e+00 5.751916758471946167e+00 6.096275116750645040e+00
2.221926740339214668e+00 2.514115980660490912e+00 3.028486595869408493e+00 4.241234767494018953e+00 5.323099932332676865e+00 5.405587418451502479e+00 5.670976410357838837e+00 6.010862630997092282e+00
2.159385292261758238e+00 2.408368399973665586e+00 3.065952302825625253e+00 4.092668756611423930e+00 5.236098945961995099e+00 5.287524540918753679e+00 5.494619186907582886e+00 5.897365294780928302e+00
2.082030589863113956e+00 2.396819334556223424e+00 2.888052636214185398e+00 4.078544382668711776e+00 5.065888521213183893e+00 5.185623592017098105e+00 5.333703647796889769e+00 5.713411381423508573e+00
2.079127920462213286e+00 2.320774497897331923e+00 2.878121897660566475e+00 3.967013287742382044e+00 4.925390273560504184e+00 5.025562906220984338e+00 5.257221203047683922e+00 5.546684757638410623e+00
1.990218217447054849e+00 2.258880756388760513e+00 2.720371586874436254e+00 3.899851206915598834e+00 4.779598672451568220e+00 4.852722059558170820e+00 5.122030506963315410e+00 5.431990215002254097e+00
1.919818203227391828e+00 2.177878414665087803e+00 2.656544865788640131e+00 3.710905955585464433e+00 4.623867204344545456e+00 4.761172014074321446e+00 4.943399148342720650e+00 5.315806274614374161e+00
1.890917647159714665e+00 2.101927017654476870e+00 2.605416346919053883e+00 3.639798260550213715e+00 4.657018755553087530e+00 4.610071163366336933e+00 4.851601458610372397e+00 5.128909220209645348e+00
1.852701822916666741e+00 2.080568439907851008e+00 2.487037901048284372e+00 3.501399360581069597e+00 4.453297687269750504e+00 4.554893525843882074e+00 4.644478027962611222e+00 5.056608252762431199e+00
1.761547060610151094e+00 2.021361092068501453e+00 2.434273863253729520e+00 3.527341327769739632e+00 4.317345526329900984e+00 4.386078517454236270e+00 4.601118198837452766e+00 4.852923576959296881e+00
1.733104777306330835e+00 1.943326137054294911e+00 2.307935571457571999e+00 3.339508265580950486e+00 4.150895229312835610e+00 4.285074673694778902e+00 4.455092013536163797e+00 4.749968513853904284e+00
1.681590933509331975e+00 1.905243772782503120e+00 2.361475121695923995e+00 3.335094321646341342e+00 4.121169443398594368e+00 4.267574927087597558e+00 4.322062651637686770e+00 4.558954588952545350e+00
1.639939155408677074e+00 1.849151720362743001e+00 2.237357389624446302e+00 3.152746323345661850e+00 3.919879579949729465e+00 4.145945318608287522e+00 4.195112485817876546e+00 4.560006879710432059e+00
1.580000988829939113e+00 1.795913281250000049e+00 2.156330471457450937e+00 3.114230376803341027e+00 3.926394132525917069e+00 3.938249097635264651e+00 4.114315968194122597e+00 4.307098877878169141e+00
1.555915508266628500e+00 1.734304973694466012e+00 2.157405066200809074e+00 3.018772210213950924e+00 3.804197025870134752e+00 3.859692363694205319e+00 3.964559227996965252e+00 4.236818350118483067e+00
1.500260637858625845e+00 1.678765409977064138e+00 2.073256995556813642e+00 2.936281429107532759e+00 3.658723165890072515e+00 3.831655371021465584e+00 3.880169624740467782e+00 4.139018026565464581e+00
1.462057267374067271e+00 1.652852068709503186e+00 1.991287481771782719e+00 2.810639818615951580e+00 3.564518229166666607e+00 3.654396730227943646e+00 3.790206163194444144e+00 4.105405370565588186e+00
1.422561702316409216e+00 1.599691284797541524e+00 1.950140981133345441e+00 2.780363808061334652e+00 3.503870758594042734e+00 3.625356595961887418e+00 3.660469205207574905e+00 4.018290470471724163e+00
1.390227524433686579e+00 1.533083178026269033e+00 1.888858560499374173e+00 2.672980890107689689e+00 3.415005447680092399e+00 3.463946707589285801e+00 3.663857641366393025e+00 3.857812638200955213e+00
1.341658516067748552e+00 1.513244243421052460e+00 1.873147639581147272e+00 2.701492638743911101e+00 3.330431684392507030e+00 3.370072062389771084e+00 3.558902732458829377e+00 3.738137031909282815e+00
1.305738136891452905e+00 1.426584584443813197e+00 1.772022216711719445e+00 2.485672654869699461e+00 3.271041117301803247e+00 3.276546312415081541e+00 3.460696556254307499e+00 3.666392954436919371e+00
1.275534629660873831e+00 1.397243652343749920e+00 1.734559458106034624e+00 2.559353298611111160e+00 3.196641719570928242e+00 3.241269209747942082e+00 3.318855698529411757e+00 3.548965504838434537e+00
1.221624062551296630e+00 1.396310276783410798e+00 1.675642683699324342e+00 2.407644707592339284e+00 3.093869100713590559e+00 3.118992443390708580e+00 3.258956741946197333e+00 3.514101702043698428e+00
1.213372615213082151e+00 1.351234591737085378e+00 1.641909601249150086e+00 2.373661886930542142e+00 3.015148675989600680e+00 3.066597469507203577e+00 3.134383027427908530e+00 3.390848014028220003e+00
1.157621463139851814e+00 1.344952230946563576e+00 1.609280759188795429e+00 2.278676842968492711e+00 2.945513846744955977e+00 2.978390408545425139e+00 3.078411633951509074e+00 3.262064041649818336e+00
1.138207062648663115e+00 1.264621837916135805e+00 1.544354853739265288e+00 2.198045968169628495e+00 2.833403240266393563e+00 2.887669720258069894e+00 2.959933253910068451e+00 3.228039466702707028e+00
1.118556110829959538e+00 1.240576095937014012e+00 1.519226756599378891e+00 2.160375404593095183e+00 2.719747654562635120e+00 2.803549724235582907e+00 2.902141578096118391e+00 3.159041959351649886e+00
1.065835739567809304e+00 1.218120798227350532e+00 1.488361695964551590e+00 2.145931407571249672e+00 2.721492073537399303e+00 2.772231774827454309e+00 2.912505922260862690e+00 3.054966323027387798e+00
1.069517800336826419e+00 1.179070896055640194e+00 1.440531885901162656e+00 2.046908133898818427e+00 2.628348297924160359e+00 2.683264182364311967e+00 2.772552407779195427e+00 2.986009664606400715e+00
1.039930331532959773e+00 1.143649502297090281e+00 1.384953783409023309e+00 1.963498423692930706e+00 2.542097688711911108e+00 2.637710767206629114e+00 2.683460010394815853e+00 2.908104709460974657e+00
1.006172954043042855e+00 1.123628183397903380e+00 1.327636158633854313e+00 1.942458969143671110e+00 2.472728183666523361e+00 2.539080530635795530e+00 2.612168641847984585e+00 2.833566519277732620e+00
9.885391630243166583e-01 1.071984397990821236e+00 1.320900256817157503e+00 1.899929854499929238e+00 2.400294546163729947e+00 2.476939622053080381e+00 2.555316405114792300e+00 2.740518458234276977e+00
9.741220006875982440e-01 1.065584371495654548e+00 1.311780676994149575e+00 1.849586204739810835e+00 2.373934484918021059e+00 2.432009201242628649e+00 2.464626302455038775e+00 2.690367978378570779e+00
9.543917243808359707e-01 1.039705172297414881e+00 1.248628447974860167e+00 1.782264606835061604e+00 2.316290453183319276e+00 2.358527162352177520e+00 2.424487942058030754e+00 2.584932909791270106e+00
9.176926864962335895e-01 1.036718073710180210e+00 1.199951982973421982e+00 1.720316450626905080e+00 2.277981548927982658e+00 2.306663123971475660e+00 2.384034624514832501e+00 2.529765630414443134e+00
9.085771000697119293e-01 1.001888732574429230e+00 1.188673921687874335e+00 1.724886655676997949e+00 2.185023448231456111e+00 2.240916763117283939e+00 2.317515127879868686e+00 2.507010454251481057e+00
8.769265360659529440e-01 9.698628394146906473e-01 1.167390277518022268e+00 1.628102866371909263e+00 2.137585671640541030e+00 2.186854551174496564e+00 2.254570050335570119e+00 2.426200089013224925e+00
8.575388630449725103e-01 9.638952890688327058e-01 1.118849606774300787e+00 1.613303702612373991e+00 2.102644913680069561e+00 2.117565724206349476e+00 2.184717494050766984e+00 2.375549020178179482e+00
8.408011591746741287e-01 9.063199979026844710e-01 1.103180194856671736e+00 1.555250322970143095e+00 2.037613824503311299e+00 2.073890068770226414e+00 2.176065562451260593e+00 2.346860138570022958e+00
8.256225742880560770e-01 8.976964729670191545e-01 1.056537507281957389e+00 1.535324631271896889e+00 2.007762525553943522e+00 2.033040772708751387e+00 2.089084936262698644e+00 2.232853266981556395e+00
8.055357265201832373e-01 8.782117974032681573e-01 1.051050492669459269e+00 1.450019182025783948e+00 1.935947601519031336e+00 1.971131890316268898e+00 2.061321174555171609e+00 2.230682668996006424e+00
7.789515601047523052e-01 8.645131968431043479e-01 1.020106628417968730e+00 1.446371228114946783e+00 1.837668091937945114e+00 1.910079275922311526e+00 1.982988634401682715e+00 2.119213162979953768e+00
7.711681335518814073e-01 8.280253824929586504e-01 1.001874435540656361e+00 1.410319816959861194e+00 1.826435217696629199e+00 1.862351264218406799e+00 1.924908153192600890e+00 2.109332438827331568e+00
7.524135011283477059e-01 8.322102944211716702e-01 9.823031071307796180e-01 1.377414805406441900e+00 1.766274045096295264e+00 1.814116656156576912e+00 1.862057205752077227e+00 2.042709653469126252e+00
7.305085921951826045e-01 8.054983216294263615e-01 9.656443824269774767e-01 1.334460764181938819e+00 1.681658047023667946e+00 1.788135804035697607e+00 1.830168844565414288e+00 1.975963446504522825e+00
7.185116865997942526e-01 7.842326536016949179e-01 9.265852402851654235e-01 1.309549616834536634e+00 1.689380595159151177e+00 1.741014617026224176e+00 1.814925164764685128e+00 1.964695343669981664e+00
6.945582002917349840e-01 7.783575582481468969e-01 9.019650012098611169e-01 1.290690573216858761e+00 1.646500147658934710e+00 1.669708396039896181e+00 1.726814856078846772e+00 1.889127531475877086e+00
6.881422854493766117e-01 7.587880675868802216e-01 8.846084823553915788e-01 1.255461139272768589e+00 1.589414835650329927e+00 1.651179113730673054e+00 1.705805250612316470e+00 1.888358287988568751e+00
6.674718017015329741e-01 7.389967857541276386e-01 8.713215332585736439e-01 1.243573725989105538e+00 1.534384284990212510e+00 1.593882640257310968e+00 1.632698299789951957e+00 1.863066449166150162e+00
6.513617355730887404e-01 7.097300486521678220e-01 8.486383574073813607e-01 1.232618182863816525e+00 1.494090459118150527e+00 1.527138152123568515e+00 1.647539728338068166e+00 1.768098324572697999e+00
6.517757687937313360e-01 7.026253459061195805e-01 8.343757204325864540e-01 1.192809414989290273e+00 1.469197689842888677e+00 1.535128582551791743e+00 1.600325578118125813e+00 1.761437330134926205e+00
6.174369207541487992e-01 6.942581753898473540e-01 8.094174695130335051e-01 1.169640078695507901e+00 1.423879471605435709e+00 1.490664215786461577e+00 1.536352124351974435e+00 1.708314090899673898e+00
6.118038094404207872e-01 6.828470786721789754e-01 7.932777901059735459e-01 1.136583216244582806e+00 1.385122743128824663e+00 1.452220689643550555e+00 1.503691013199796700e+00 1.712160952751260234e+00
5.988324629825488854e-01 6.566297448199728271e-01 7.788421925241156840e-01 1.104993676609352216e+00 1.359372241348870025e+00 1.390377352960878721e+00 1.471033191050681976e+00 1.655085443990899297e+00
5.867174292140647784e-01 6.403462609196101107e-01 7.586563287454184401e-01 1.085333416625870351e+00 1.302883386710662617e+00 1.387791110597251576e+00 1.441926932945716278e+00 1.638115957849986870e+00
5.750551281966954642e-01 6.285493029946591648e-01 7.465328887808475589e-01 1.069251400726010104e+00 1.278664117144446832e+00 1.325940567863079123e+00 1.385164396506777917e+00 1.598461071670929545e+00
5.520657303767863011e-01 6.218666068945905012e-01 7.429879660342953995e-01 1.049133158988912351e+00 1.239808696442113334e+00 1.299477709011805482e+00 1.360831006539941601e+00 1.588403843265937310e+00
5.441159592461340955e-01 5.994244244244244513e-01 7.233516143804923360e-01 1.029012762948997795e+00 1.212529989867964897e+00 1.274731139948995340e+00 1.333532459302033013e+00 1.554104919941271312e+00
5.390535820785450349e-01 5.881449137564948026e-01 7.142054452596077185e-01 9.850524865523828666e-01 1.170520340575436746e+00 1.237414410359232386e+00 1.306415279444111066e+00 1.505855171788198721e+00
5.216433745449029491e-01 5.746141178592755194e-01 7.083518843106378915e-01 9.734802064765299967e-01 1.152922403478972457e+00 1.193667210820895441e+00 1.272595535890844509e+00 1.488782281765883120e+00
5.105993842950713457e-01 5.616341139436775709e-01 6.956223139285016011e-01 9.506382012517198277e-01 1.102809632167706333e+00 1.148386734781121632e+00 1.248712217924413004e+00 1.443408486460348028e+00
4.949385400795162093e-01 5.539522581765122800e-01 6.812410749365328533e-01 9.379285314100739290e-01 1.070485600490196143e+00 1.150844321210967358e+00 1.231312589548015923e+00 1.428837946256155345e+00
4.841410077106915177e-01 5.356429141096824553e-01 6.649416958163454350e-01 9.065225864982493498e-01 1.047578605126430862e+00 1.114884470345198553e+00 1.196281643482695500e+00 1.384215973283810186e+00
4.714619684232834174e-01 5.276496892821007645e-01 6.586499929059601577e-01 8.935228802881066690e-01 1.033634373207799717e+00 1.086072998721669514e+00 1.155808717097441596e+00 1.366688286394637908e+00
4.585996255074385464e-01 5.168641878028986669e-01 6.468196754291846151e-01 8.593312211574685167e-01 9.850957281192870285e-01 1.045570366419511288e+00 1.129508114660997320e+00 1.353490669558122139e+00
4.513136664699420320e-01 5.001635613153818660e-01 6.417132818210891099e-01 8.430461582568807843e-01 9.494643884202453865e-01 1.016974331494303385e+00 1.089878376038781127e+00 1.325509782022755489e+00
4.376960881938671832e-01 4.933358864842191105e-01 6.243611933050234875e-01 8.135064662187948548e-01 9.345182883522726858e-01 9.878982290915644393e-01 1.083727079203460120e+00 1.295315820409639551e+00
4.322932549957860249e-01 4.840314501398159663e-01 6.220812841261459392e-01 8.068421153540265012e-01 9.025423625234668679e-01 9.725873989590934077e-01 1.045884184966216157e+00 1.276687025080284199e+00
4.203807234011501803e-01 4.768626104868703974e-01 5.911180385940846271e-01 7.793988066437532725e-01 8.717728075701138835e-01 9.405183428620929043e-01 1.022601410263507482e+00 1.234419998892335002e+00
4.125548580149484001e-01 4.624356923021915033e-01 5.847059881192901987e-01 7.528673751072040288e-01 8.515213301625580433e-01 9.189744905969063904e-01 1.009290175247459675e+00 1.225965010526831156e+00
4.061900118859383402e-01 4.510788855702611011e-01 5.754096598320990186e-01 7.433381849503253314e-01 8.227230034277976944e-01 8.883865736176832506e-01 9.856014274559301569e-01 1.210146785555048066e+00
3.942941734593671810e-01 4.410367287508422107e-01 5.686371459319138344e-01 7.245453489354510834e-01 8.035871585828149311e-01 8.712090031582165883e-01 9.678244620458477110e-01 1.185032612427051157e+00
3.859212768116561110e-01 4.333201245749004893e-01 5.532153511241925115e-01 6.957769472736957672e-01 7.800968424479166607e-01 8.439157842594170456e-01 9.402274691782270821e-01 1.163085731378487919e+00
3.778306553456930450e-01 4.220244721950864308e-01 5.478345604999170781e-01 6.811668304196885071e-01 7.520570923681971776e-01 8.145879805286857511e-01 9.149886634969839339e-01 1.143865439595537881e+00
3.689938274128545248e-01 4.132049189482008278e-01 5.311154209997940301e-01 6.682731772559661332e-01 7.287903931583687989e-01 7.885340016294420940e-01 8.848944914754065527e-01 1.117134428136193236e+00
3.572710009188961311e-01 4.050638299239309181e-01 5.136048891170537090e-01 6.444996421511389739e-01 7.156624078003955836e-01 7.659187679009820116e-01 8.630980541385552263e-01 1.106169832621449078e+00
3.511297773334134953e-01 3.898100461226005065e-01 5.021724053524804221e-01 6.280593859490931630e-01 6.848628413569819440e-01 7.525653020230342882e-01 8.421808131693169219e-01 1.064340986891595175e+00
3.436862724716876483e-01 3.806956075993161992e-01 4.962546387108688895e-01 6.070737527667753319e-01 6.712476992066406245e-01 7.336583620637664449e-01 8.333674438708782439e-01 1.055688726322730364e+00
3.346385324317432963e-01 3.786376757028112605e-01 4.882650216518545916e-01 5.972547813207127465e-01 6.511526510914841248e-01 7.166663466683843575e-01 8.081027803995595171e-01 1.038502582079174674e+00
3.247321360779645838e-01 3.690451390557712985e-01 4.679039627304101834e-01 5.768481054836251953e-01 6.333978030670653903e-01 6.898178081488579583e-01 7.964345444483623693e-01 1.027852692300206261e+00
3.162334412289710128e-01 3.566627863747899307e-01 4.593192960623350141e-01 5.572034606885206687e-01 6.106078539026498220e-01 6.760016002657948109e-01 7.728341674804687367e-01 9.989850403978531856e-01
3.135376165467347320e-01 3.446710491324697090e-01 4.479973060447010602e-01 5.377021930280465600e-01 5.917233763781085676e-01 6.464261533881375810e-01 7.544398679295624133e-01 9.834990692399863121e-01
3.022908195197020476e-01 3.463768472007758281e-01 4.329891081483117632e-01 5.267242958200487601e-01 5.668981392395320285e-01 6.317687766871976640e-01 7.357209025071204112e-01 9.603637979559452864e-01
2.984368938876163502e-01 3.431750173402819404e-01 4.294305656605592603e-01 5.131674357575929379e-01 5.506611360608180128e-01 6.103702500769360162e-01 7.250454036615779918e-01 9.533257419233659435e-01
2.892005467951175857e-01 3.282715714902988413e-01 4.123492055421528746e-01 4.946151396025003644e-01 5.365352780712621117e-01 5.979964287041165116e-01 7.104516572873824654e-01 9.281331521990954236e-01
2.831178279709698486e-01 3.219088319501112738e-01 4.074782590100365365e-01 4.860234312161816339e-01 5.242450476400222215e-01 5.780578328070239413e-01 6.887369505996782104e-01 9.006663037792297377e-01
2.791780288548039168e-01 3.149247676648473382e-01 3.935228370887925986e-01 4.719395459417235483e-01 5.042086892447324997e-01 5.630406557111281574e-01 6.611495118731139931e-01 8.890873588477847811e-01
2.689634647424351543e-01 3.062200105274822670e-01 3.793437993257088858e-01 4.513258788784514919e-01 4.902588962984992804e-01 5.496609123341492653e-01 6.555971128161796058e-01 8.683345924001153460e-01
2.627001136063983888e-01 2.947947964999651504e-01 3.703443344977140339e-01 4.392469108198063799e-01 4.699073946502891896e-01 5.328862844152284506e-01 6.410614424610204809e-01 8.487977917743706469e-01
2.549636332740332634e-01 2.890903920434706453e-01 3.597248439682262378e-01 4.259962487163846956e-01 4.628484057113591565e-01 5.171085276271337738e-01 6.181214091512519104e-01 8.460782708480099057e-01
2.482901773592425254e-01 2.846560265389664335e-01 3.495892435147617827e-01 4.157007633694677629e-01 4.401150798496846206e-01 5.003297740376372316e-01 6.065071493069956743e-01 8.256806538147255514e-01
2.451552530606436742e-01 2.794420634114943569e-01 3.444819159190211089e-01 4.009107110444613542e-01 4.277860945319015840e-01 4.852945431496904494e-01 5.964492565698478188e-01 8.025134729956419077e-01
2.372298507517196231e-01 2.727336257500512784e-01 3.325758893190107757e-01 3.872107206948069424e-01 4.155129322144542336e-01 4.724311572042305674e-01 5.774917923667685082e-01 7.951287780564531005e-01
2.343209069008229672e-01 2.651737580291598229e-01 3.227923037216254287e-01 3.760774588379229844e-01 4.051447885479042554e-01 4.552184795511179938e-01 5.726077040426353904e-01 7.709811384569277282e-01
2.293661373343865439e-01 2.566734201082530031e-01 3.135726188686451810e-01 3.639839179587109341e-01 3.914190793504902510e-01 4.436896501162537199e-01 5.501556598694672395e-01 7.556943094091015389e-01
2.228880996078244914e-01 2.534634977629360852e-01 3.051772274249461292e-01 3.534110426856738596e-01 3.787882065121347397e-01 4.294173660089646294e-01 5.411133264971372814e-01 7.386946401053170463e-01
2.152986784409508525e-01 2.467380415253552783e-01 2.974819349986920769e-01 3.426169781898861233e-01 3.650579303483791893e-01 4.137717192264350752e-01 5.293377788126969463e-01 7.305160864827957568e-01
2.105250959846220182e-01 2.380940891173210228e-01 2.891080620086351471e-01 3.348945703927929118e-01 3.517323973693571304e-01 4.042737653621082394e-01 5.156386317371074446e-01 7.170122039984472284e-01
2.077025173073317188e-01 2.304417301163436960e-01 2.764792662922597732e-01 3.230510695139243160e-01 3.433139965861007892e-01 3.970242749111032587e-01 4.966935580614203483e-01 6.937939606540988180e-01
2.003758539763546842e-01 2.256984885679472752e-01 2.738081628769765130e-01 3.117142089967146479e-01 3.318031282846540808e-01 3.802872778119055219e-01 4.890574332225992582e-01 6.832618236799440359e-01
1.958412626353825403e-01 2.219469817879681783e-01 2.645710082853877654e-01 2.972856015476567637e-01 3.254252705560393144e-01 3.701923964095909514e-01 4.736412649350852933e-01 6.727285752310085964e-01
1.906121629578099719e-01 2.141584951375376522e-01 2.545925607940110469e-01 2.916424197894882386e-01 3.102314172011889637e-01 3.594371515597594713e-01 4.620600882816361388e-01 6.564191207478211609e-01
1.864763591883532301e-01 2.093701910308086167e-01 2.459306574989498229e-01 2.834646283550136259e-01 3.002368947796789644e-01 3.488938764409166837e-01 4.511805113480422125e-01 6.378706466613550674e-01
1.846058611471936284e-01 2.062363385326233256e-01 2.387963577089196321e-01 2.742871117199693898e-01 2.900471974740265746e-01 3.378283901719091320e-01 4.409697315037640619e-01 6.366985540661780352e-01
1.801499447098039719e-01 1.985262469217557724e-01 2.326269894284386519e-01 2.663213387585220415e-01 2.812768103054671953e-01 3.284054926610415759e-01 4.309057091996154054e-01 6.177544114999099500e-01
1.744099947267406525e-01 1.907008070665048016e-01 2.258374064069558484e-01 2.552938370130258261e-01 2.752297797584027372e-01 3.200510319398081061e-01 4.200906729575505927e-01 6.123540300975813810e-01
1.733197050969957631e-01 1.874046019643700045e-01 2.191095316185141528e-01 2.474881101164259078e-01 2.653191319485467825e-01 3.069657619191532016e-01 4.113668970553522874e-01 5.922751172531783848e-01
1.671042423978727764e-01 1.863349187771292659e-01 2.135237154323125497e-01 2.421895697191805141e-01 2.548649633451141594e-01 2.992384720160983780e-01 4.024238572966893912e-01 5.847142544149138699e-01
1.662062957654793505e-01 1.782694053672213286e-01 2.058829407193767391e-01 2.320240508724729922e-01 2.475386046490851699e-01 2.936899007732147182e-01 3.858178335249624058e-01 5.691778387162299557e-01
1.608751687062563995e-01 1.731600157660526940e-01 1.969840226773016401e-01 2.241781482010279936e-01 2.389009282511047605e-01 2.829871491003302930e-01 3.829933355662448191e-01 5.559925356900435878e-01
1.569656167044451711e-01 1.689616017619372246e-01 1.953716543309878817e-01 2.165853653588123151e-01 2.324444999823844504e-01 2.736440653504214060e-01 3.673205015692303510e-01 5.503913805179475593e-01
1.539857923685175878e-01 1.660095079510809368e-01 1.889700169376082595e-01 2.113921719996951776e-01 2.273534814009895988e-01 2.672031527736955514e-01 3.586979111305980683e-01 5.415934446454719886e-01
1.494464972342736953e-01 1.619937308589007863e-01 1.820983512603783494e-01 2.050424182957787389e-01 2.169009640009076645e-01 2.583652783848096601e-01 3.540015038822263427e-01 5.309867146860830500e-01
1.480332859106910925e-01 1.562537336942320387e-01 1.758298950666418725e-01 1.999348287985653339e-01 2.104317528434495876e-01 2.469886595697888820e-01 3.437082600902447438e-01 5.190694220019972382e-01
1.437649110128169372e-01 1.530470466072500479e-01 1.701603317302437246e-01 1.904468159164042773e-01 2.045145172062136085e-01 2.429057399820168384e-01 3.356022453329035593e-01 5.037493105799007997e-01
1.414086783506015854e-01 1.477092617990765355e-01 1.659500647776520899e-01 1.846681669160917250e-01 1.967886546696574201e-01 2.336515153201720874e-01 3.243545664911685056e-01 4.949818520611070083e-01
1.376178763981619479e-01 1.447694981245923052e-01 1.611730478921422349e-01 1.792709895364190953e-01 1.912748679136618557e-01 2.272905300102393278e-01 3.120760245887802542e-01 4.824035397558672500e-01
1.373440414340705851e-01 1.412673964976186580e-01 1.550133420028378950e-01 1.734855282485783523e-01 1.862600046069830817e-01 2.203820882585628971e-01 3.055128180691100148e-01 4.749925505193233755e-01
1.323908166285266974e-01 1.388618468416944751e-01 1.521428180890357640e-01 1.672840052409980682e-01 1.785901618532106383e-01 2.147678999765163521e-01 2.965043211966238990e-01 4.701105119215051587e-01
1.309761802376298578e-01 1.360230624798647037e-01 1.478530934668105257e-01 1.638829522962796104e-01 1.740412898637396788e-01 2.087230246689276425e-01 2.915229576116471488e-01 4.567147056942513217e-01
1.288854207192877965e-01 1.321061447005636158e-01 1.436530019537302638e-01 1.575351586026696726e-01 1.673782877704050320e-01 2.020043251254490801e-01 2.837750667256901393e-01 4.539421644323499705e-01
1.258276950285565909e-01 1.279778905849974502e-01 1.403795353748849006e-01 1.532201208281057936e-01 1.628939492191569527e-01 1.961062600605735229e-01 2.772655626512460225e-01 4.452120773621490724e-01
1.226966466072904743e-01 1.254811973641318246e-01 1.362389543226353028e-01 1.483169764476685304e-01 1.566640192188296088e-01 1.902534157977339158e-01 2.694245252446562655e-01 4.367823694480461594e-01
1.215419874707463904e-01 1.224045464442773262e-01 1.325192257046073907e-01 1.438060306839460400e-01 1.537225445893569131e-01 1.852933395839679032e-01 2.624690472964836263e-01 4.287146536797909468e-01
1.188474727128567277e-01 1.189207190126975733e-01 1.274793491869764817e-01 1.423216893475295342e-01 1.479914561446646626e-01 1.796832123306627282e-01 2.567737992620444110e-01 4.232432575582268375e-01
1.177849537495053445e-01 1.175968616587142190e-01 1.242059352909697378e-01 1.347649762010949825e-01 1.453918371014319699e-01 1.737490680836993318e-01 2.467142256479414597e-01 4.135720910833893260e-01
1.153268632136200816e-01 1.146425768588872490e-01 1.208425314674333173e-01 1.304397362921826675e-01 1.406429651095767452e-01 1.685058834045890797e-01 2.425657702069504151e-01 4.080680797518980718e-01
1.140679665308658580e-01 1.117801495977128745e-01 1.178689663634502754e-01 1.273334741246371637e-01 1.345933088167445835e-01 1.633596996980118676e-01 2.357318156535010423e-01 4.021698275756910301e-01
1.122406230688372392e-01 1.092762491168087768e-01 1.143954366284198609e-01 1.231467679420613220e-01 1.305365772137906388e-01 1.604618424235049468e-01 2.314818084781715135e-01 3.932891630246861947e-01
1.116190154538127810e-01 1.079781671854130876e-01 1.123298806850754755e-01 1.200273258056991088e-01 1.283643224351644629e-01 1.564784169518897150e-01 2.229526560239874777e-01 3.864915271174159672e-01
1.097687264722410211e-01 1.062356292579976214e-01 1.088906115479644360e-01 1.158555168610847924e-01 1.230418598332133073e-01 1.496128043068376545e-01 2.173973545883641223e-01 3.805374950121186983e-01
1.082247868246028477e-01 1.029369349218308555e-01 1.054748384965632640e-01 1.122028044066343405e-01 1.203663942387049601e-01 1.470718691859270733e-01 2.129572842416446454e-01 3.765461950488454557e-01
1.085832364329901711e-01 1.006963782416768483e-01 1.033335955448823201e-01 1.093313952849592208e-01 1.157401753396112148e-01 1.422016748750819237e-01 2.069566923557335514e-01 3.704127525683931221e-01
1.064261703687339328e-01 9.820765759571489784e-02 1.012483496247567755e-01 1.061179018830312043e-01 1.125448996365390059e-01 1.360916940789473617e-01 2.014434013815820101e-01 3.674860834691073275e-01
1.042708073597354013e-01 9.741093507914393157e-02 9.806565742272171926e-02 1.035511073781483216e-01 1.100210084480139627e-01 1.339767306042478068e-01 1.966203003712332920e-01 3.577852803985930863e-01
1.043572958957570962e-01 9.500627765050881357e-02 9.602792084261320416e-02 1.009509896113200689e-01 1.062552256473152656e-01 1.310406222297350876e-01 1.920662423763109805e-01 3.549605518826695061e-01
1.026243434375283398e-01 9.422401754008843944e-02 9.401125009172085767e-02 9.698769547401911439e-02 1.039237383825608041e-01 1.265305510858980853e-01 1.871129775845501442e-01 3.507513427871937761e-01
1.024628720441303625e-01 9.188060376468121238e-02 9.133006837765128560e-02 9.420955755025933742e-02 1.008820163498346384e-01 1.210696418614648495e-01 1.810922378411584099e-01 3.478875405425844169e-01
1.008658670577637639e-01 8.967811239641264309e-02 8.907233088237334617e-02 9.205324209763758592e-02 9.715688416727276400e-02 1.196061611593448731e-01 1.759011375911469777e-01 3.442403333056845982e-01
1.012306335094409759e-01 8.861850279333270686e-02 8.725641604743485102e-02 9.019500893890543269e-02 9.501316142849274005e-02 1.154195672331709555e-01 1.720478467348605101e-01 3.400852998153962026e-01
9.985011252903976120e-02 8.771642316851699372e-02 8.517142357418466814e-02 8.630210333428306457e-02 9.260689803538103837e-02 1.124835832819829351e-01 1.680388496780162721e-01 3.378856061905228803e-01
9.902017281061270548e-02 8.537094604545704402e-02 8.378380588367224935e-02 8.438893453950874202e-02 8.943810572679695980e-02 1.092533927926689907e-01 1.632720369071178346e-01 3.330458680818801920e-01
9.848701270992817058e-02 8.568825546359949696e-02 8.120173187769623435e-02 8.249553206699346275e-02 8.713427829331191199e-02 1.062180603722190780e-01 1.579447850611709059e-01 3.321582464477829677e-01
9.813050256847492825e-02 8.320387475221303897e-02 7.933588137571839782e-02 7.995651591034319550e-02 8.374844609071797896e-02 1.039391039963413893e-01 1.558045480625106782e-01 3.239598802943526867e-01
9.730333694816017953e-02 8.097623853160035301e-02 7.827453691178581918e-02 7.809754955443866387e-02 8.193883397142302794e-02 1.002173622313619894e-01 1.510728428727489414e-01 3.211970955057071864e-01
9.686156510954829768e-02 8.041062667826252841e-02 7.561319244199070366e-02 7.560591916822440028e-02 8.057129482587366276e-02 9.713835484648938867e-02 1.476317454541147267e-01 3.163761855837202708e-01
9.646053667792886532e-02 7.925915410085086765e-02 7.398800437949974718e-02 7.408417947866116626e-02 7.804939395608870290e-02 9.474047295548652936e-02 1.441104517434387278e-01 3.103194142886683271e-01
9.498120872713725071e-02 7.824384996601575770e-02 7.271927927425816951e-02 7.209403588677711083e-02 7.607126682194616241e-02 9.295147316612729915e-02 1.406359896675267451e-01 3.108692238392283813e-01
9.278593900453577237e-02 7.679521971731398389e-02 7.111256602962763573e-02 7.050646383931317984e-02 7.383155651551662202e-02 9.027045069430340851e-02 1.366727990471252874e-01 3.022773015388874329e-01
9.392081168101881761e-02 7.622385901103181927e-02 7.028679787231356668e-02 6.861601155109305072e-02 7.194970380314183456e-02 8.681726151970541039e-02 1.339263248397241091e-01 2.991356766563429415e-01
9.257038452803416362e-02 7.456592975375081478e-02 6.840206133218723616e-02 6.689490957736930754e-02 7.005152913119773450e-02 8.489035516449751351e-02 1.303344971192384738e-01 2.972628920348004966e-01
9.246984354940623874e-02 7.389139446178095982e-02 6.756796025884352630e-02 6.504178392279441612e-02 6.758070913583023864e-02 8.324015584296949599e-02 1.281724500694305380e-01 2.984702992320179549e-01
9.347228906374839552e-02 7.368273138013652079e-02 6.600207120633971858e-02 6.376554066015341360e-02 6.676971433145995061e-02 8.012399948276376083e-02 1.243604469223296149e-01 3.001628399586784846e-01
9.275485707388271550e-02 7.247813840335079472e-02 6.503323778164529778e-02 6.235938712179983634e-02 6.418567103321805301e-02 7.836065019537388765e-02 1.204710114406073451e-01 2.937515500992063378e-01
9.354101840987404104e-02 7.213844273827792197e-02 6.388479951178713256e-02 6.072583337294738121e-02 6.278562497569795120e-02 7.652871648467450549e-02 1.180540792993723803e-01 2.968619121467417910e-01
