nan nan nan nan nan nan nan 0.000000000000000000e+00
3.994767822265625000e+03 nan nan nan 5.400256347656250000e+03 1.044909286499023438e+02 nan -4.260119018554687500e+02
3.187512890625000182e+03 nan nan 4.735977864583333030e+03 nan 7.618440429687500000e+03 4.956122070312500000e+03 8.949785807291666060e+03
4.058193115234375000e+03 nan 4.384070638020833030e+03 nan 7.318457031250000000e+03 8.647570312500000000e+03 1.277282682291666606e+04 8.130990234375000000e+03
6.442973958333333030e+03 3.920860026041666515e+03 nan 6.561042480468750000e+03 nan 8.526986979166666060e+03 3.983585611979166515e+03 4.664185096153846644e+03
5.498874289772727025e+03 5.098755468750000546e+03 5.602738839285713766e+03 nan 7.627465909090909008e+03 1.000741080729166606e+04 1.744282589285714130e+04 3.504583522727272793e+04
4.326265625000000000e+03 6.174910590277777374e+03 5.556874218750000182e+03 6.651689453125000000e+03 6.938587890625000000e+03 1.498832421875000000e+04 1.553634960937500000e+04 1.971345659722222263e+04
3.099223307291666515e+03 5.228010416666666060e+03 4.437416666666666060e+03 5.111789062500000000e+03 5.485539772727272975e+03 1.836322596153846098e+04 1.971311789772727207e+04 2.098085833333333358e+04
4.597032072368420813e+03 5.396630022321428442e+03 4.405237630208333030e+03 5.898926682692307622e+03 1.607025892857142753e+04 1.781185807291666424e+04 1.717768389423076951e+04 1.468076275510203959e+04
4.013903872282608518e+03 4.925318209134615245e+03 4.424085477941176578e+03 6.248778320312500000e+03 1.248720781250000073e+04 1.400003593750000073e+04 1.294944618055555475e+04 1.532536815068492979e+04
4.006946691176470722e+03 3.476982421875000000e+03 4.778007812500000000e+03 1.025831725543478206e+04 1.589695036764705947e+04 1.235711221590909190e+04 1.348208695652173810e+04 1.467454220779220850e+04
3.254689094387754722e+03 4.024927951388888687e+03 3.706129241071428623e+03 3.894050000000000182e+03 8.353035984848485896e+03 9.800769345238095411e+03 1.193957142857142753e+04 1.047630676020408100e+04
4.268342469262295708e+03 3.262176067073170998e+03 4.129163707386363967e+03 7.444413006756757568e+03 8.716267939814813872e+03 1.089208952702702845e+04 9.669805555555554747e+03 1.250068276515151592e+04
3.180993236940298630e+03 3.053139100609756042e+03 3.067476562500000000e+03 4.136356950431034420e+03 8.082025000000000546e+03 9.152842803030303912e+03 9.178256756756756658e+03 1.086146293103448261e+04
3.090198227611940183e+03 3.323586681547618809e+03 3.068315277777777737e+03 5.621264945652173992e+03 7.623657291666666424e+03 7.749495535714285325e+03 7.592173986486486683e+03 8.042365740740739966e+03
2.433000440140845058e+03 2.492951388888888687e+03 3.021550531914893327e+03 3.793313151041666515e+03 6.525712009803921319e+03 6.639954999999999927e+03 6.958009375000000546e+03 7.381839843750000000e+03
2.289335398706896740e+03 2.263824882075471578e+03 2.973519675925925640e+03 4.309193877551019796e+03 6.311373798076923777e+03 6.129509308510638220e+03 6.617575980392156453e+03 5.969763959390862510e+03
2.087389655172413768e+03 2.318581473214285779e+03 2.512546875000000000e+03 3.270918859649122624e+03 5.911140625000000000e+03 5.680072916666666970e+03 5.230280729166666788e+03 6.408563755020079952e+03
2.240401541095890479e+03 2.001065848214285552e+03 2.025101066468253748e+03 3.330755271084337437e+03 5.175172916666666424e+03 5.370934523809523853e+03 5.562901041666666060e+03 5.316070652173913004e+03
1.965994115259740283e+03 2.126974739583333303e+03 2.125165201822916515e+03 3.554155153508771946e+03 4.685773982558139323e+03 4.699295535714285506e+03 5.192242288961038867e+03 5.159137295081966840e+03
1.818575471698113233e+03 2.014854222074467998e+03 2.035260096153846234e+03 2.722624681122448692e+03 4.723570205479451943e+03 4.368699218750000000e+03 4.660963855421687185e+03 4.635163338658147040e+03
1.725622023809523625e+03 1.925312199519230944e+03 2.100150280898876190e+03 2.817717310855262895e+03 4.051142945544554550e+03 4.242359375000000000e+03 4.662329411764705583e+03 4.858423076923076223e+03
1.626189036885245969e+03 1.640995668316831598e+03 1.994385318396226239e+03 2.600591743119266084e+03 4.082025669642856883e+03 3.895886309523809814e+03 4.110590169270833030e+03 4.630878731343283107e+03
1.457036964285714248e+03 1.484085937500000000e+03 1.593832207207207148e+03 2.722433238636363512e+03 3.635920168067226768e+03 3.807539504716980900e+03 3.772110745614034840e+03 4.130541573033708119e+03
1.429006132075471669e+03 1.523745202850877149e+03 1.602866238317756824e+03 2.403797842920354014e+03 3.115637276785714221e+03 3.199682773109243499e+03 3.693276864035087328e+03 3.473217603211009191e+03
1.316653058978873332e+03 1.326918249999999944e+03 1.465673664122137325e+03 2.140585873983739930e+03 2.910690921532846460e+03 2.916836240310077301e+03 3.157887207031250000e+03 3.135831561922365836e+03
1.155937500000000000e+03 1.295390372983870975e+03 1.350077891791044749e+03 1.836032077814569448e+03 2.772954861111110858e+03 2.982222074468084884e+03 2.859668658088235134e+03 3.083546330275229593e+03
1.138346545527156422e+03 1.180640502929687500e+03 1.159727601156069341e+03 1.718303101503759308e+03 2.645888313609467332e+03 2.680799553571428532e+03 2.615943634969325103e+03 2.836571581196581064e+03
1.044546404682274215e+03 1.084641964285714266e+03 1.232409486607142753e+03 1.668394390060240994e+03 2.392297991071428442e+03 2.374080745341614602e+03 2.544357685810810835e+03 2.514638263665594877e+03
9.680395331325302095e+02 1.113742021276595779e+03 1.171316761363636260e+03 1.582001122754491007e+03 2.236297401685393197e+03 2.318345303867403345e+03 2.399487938596490949e+03 2.652046540656205707e+03
9.984502667682927495e+02 9.956750654450262346e+02 1.084663344594594719e+03 1.627600543478260761e+03 2.121693928571428387e+03 2.291088033536585499e+03 2.197937152777778010e+03 2.477764766483516723e+03
8.751864466292134921e+02 1.001687499999999886e+03 1.066054610148514939e+03 1.417269607843137237e+03 1.986318597560975604e+03 2.146153810975609758e+03 2.111212316176470722e+03 2.280985668789808642e+03
8.702094155844156376e+02 9.591035628019322985e+02 9.657733997584540475e+02 1.461545770202020321e+03 1.963286875000000009e+03 2.034482323232323324e+03 2.075347772277227705e+03 2.179437730627306337e+03
7.842056953463203399e+02 9.394684593023255275e+02 9.707183014354067154e+02 1.178640697674418561e+03 1.858572828389830420e+03 1.906188063063063055e+03 2.122549972466960753e+03 2.051594501718212996e+03
7.808270463510848458e+02 7.651112003504672430e+02 8.675353799559471781e+02 1.344267928286852566e+03 1.650872238372093079e+03 1.831494620901639337e+03 1.823988771645021643e+03 1.770900346851654376e+03
6.958370901639344765e+02 7.430036931818181074e+02 8.353120659722221717e+02 1.174419805936073089e+03 1.583891358303249262e+03 1.576301289237668243e+03 1.732770833333333258e+03 1.617947718154463473e+03
6.925149664750957754e+02 7.218489583333332575e+02 8.084995814732142208e+02 1.109720131802720971e+03 1.543800081877729099e+03 1.526679687500000000e+03 1.443382417315175189e+03 1.672857926829268308e+03
5.904477756286266867e+02 6.809183333333334076e+02 7.456337638376382984e+02 9.739714617768595417e+02 1.452688122923588026e+03 1.544491741071428578e+03 1.606541746183205987e+03 1.577280658250676197e+03
5.844677159926470722e+02 6.518872916666666697e+02 7.121480606913182783e+02 8.922917345276873675e+02 1.304492464539006960e+03 1.276177197802197725e+03 1.382261798469387713e+03 1.465193965517241395e+03
5.324910087719298417e+02 5.877072368421052033e+02 6.734520631067961176e+02 8.498989210097720388e+02 1.276315350162866480e+03 1.325177380952380872e+03 1.317917968750000000e+03 1.346168249797898170e+03
5.373261430678466013e+02 5.934848117236024336e+02 6.836913816823899879e+02 9.411376533742331958e+02 1.215005591054313072e+03 1.304303248355263122e+03 1.316051538461538485e+03 1.352501275510204096e+03
5.137861975642761081e+02 5.680130699685535092e+02 6.198060800604229144e+02 8.634053514376996645e+02 1.167855435552407926e+03 1.187363380281690297e+03 1.255301432291666515e+03 1.297207703927492503e+03
4.764967657342657503e+02 5.040954760174418539e+02 6.261259934971097891e+02 7.968607005141387845e+02 1.119432397959183618e+03 1.190025641025641107e+03 1.173919518156424601e+03 1.207660326086956502e+03
4.647960353866317291e+02 4.663724109738371908e+02 5.881880296610170262e+02 7.865977704678361988e+02 1.114778494962216655e+03 1.112129273504273669e+03 1.138612516108247291e+03 1.143004560810810972e+03
4.442207958921694058e+02 4.895365343673965981e+02 5.533521533613445627e+02 7.330831812652068038e+02 1.055136371527777783e+03 1.038044969512195166e+03 1.080242063492063380e+03 1.145433696348494550e+03
4.270810963777490770e+02 4.432198817172896952e+02 5.252456660583941357e+02 6.787840241514360287e+02 9.390381235827665023e+02 1.017693452380952294e+03 1.078172229219143446e+03 1.032572573260073341e+03
3.765513975155279809e+02 4.209069651029748229e+02 4.503747051886792292e+02 6.658529324644550798e+02 8.739856965174129755e+02 9.486440690255219579e+02 1.000544773838630817e+03 1.038552009456264841e+03
3.673783866995074163e+02 4.042702430555555679e+02 4.555501789647577766e+02 6.277237687366167620e+02 8.695598254504504894e+02 8.968172305045872008e+02 9.353680479074890854e+02 9.688054401993355214e+02
3.452168932527694096e+02 3.529304653679653825e+02 4.425968406593406712e+02 6.404497767857142208e+02 8.479940217391304031e+02 8.299655241935483900e+02 8.886793777533040384e+02 9.137611950549450057e+02
3.378182893426294982e+02 3.675844155844155807e+02 4.160868951612903288e+02 5.405218881856540065e+02 8.285667782738095184e+02 8.259877028397565937e+02 8.997271135892116263e+02 8.508133933298041711e+02
3.157980346679687500e+02 3.507474609375000227e+02 3.710784029150197512e+02 5.507202034883721353e+02 7.647701781970649790e+02 7.942634566326531740e+02 8.184108033932135413e+02 8.483590109072879386e+02
2.989025718257645963e+02 3.405378729423868549e+02 3.809756044905008707e+02 5.130228681680162026e+02 7.290793715213358155e+02 7.421630539499036558e+02 7.950560284514924660e+02 8.253883104590629500e+02
2.923572827635327940e+02 3.124242078993055429e+02 3.439592363911290249e+02 5.219813577586206748e+02 7.101361867704280257e+02 7.275603823260073568e+02 7.275610875706214529e+02 7.887595171773444918e+02
2.772378613369467075e+02 2.865953282828282909e+02 3.296776194852940876e+02 4.892120201310861489e+02 6.929071875000000773e+02 6.909348198970840258e+02 7.335926339285714448e+02 7.212480992844365346e+02
2.618470153528872402e+02 3.006351322525597425e+02 3.405110752911813847e+02 4.849095197255574590e+02 6.643813844086021163e+02 6.915321007259527732e+02 6.678521119210977304e+02 6.969960412147505622e+02
2.555049802977233071e+02 2.698090249594155807e+02 3.168360258481421852e+02 4.415553000000000452e+02 6.071750827814569220e+02 6.572916666666666288e+02 6.663184742647058556e+02 6.688866197183098166e+02
2.373201713102409656e+02 2.657884344855305585e+02 2.907217409240923871e+02 4.369747438524590279e+02 6.144226238019168704e+02 6.096567982456140271e+02 6.304321572580645352e+02 6.363101776235198486e+02
2.298992822520506820e+02 2.368663913216560672e+02 2.894962809119010672e+02 4.011960091560509909e+02 5.609240803303302982e+02 5.849201224328594435e+02 6.238271065182830171e+02 6.335129474485910350e+02
2.162963346541786507e+02 2.374589479813664354e+02 2.698796091445427692e+02 3.877370416078984476e+02 5.585009704968944106e+02 5.601457137733142417e+02 5.915854257641922231e+02 5.886578549848942430e+02
2.108262010676156706e+02 2.217040384615384596e+02 2.645693623310810949e+02 3.901896350931676807e+02 5.078860243055555657e+02 5.446509873323398097e+02 5.520904160739687541e+02 5.629841606498195006e+02
2.059255805770584118e+02 2.139597481955380545e+02 2.459533819133034456e+02 3.648766741071428328e+02 5.243351216022889503e+02 5.419303453947368325e+02 5.341649330042313295e+02 5.382062068965516346e+02
1.920713858509911347e+02 2.099853299739922079e+02 2.422719766260162544e+02 3.601824263649425006e+02 4.803069416996047494e+02 5.182263374485596614e+02 5.371607142857142208e+02 5.378367716402829046e+02
1.868297983310152972e+02 2.010699292452830207e+02 2.355113125802310492e+02 3.314982990506329088e+02 4.653558793800539206e+02 4.955274070945946505e+02 4.775117847854356228e+02 5.265873980424144065e+02
1.639076286764705799e+02 1.893333138264669060e+02 2.311131767031630204e+02 3.332672346105527481e+02 4.538015296662546234e+02 4.649335317460317469e+02 4.840660326086956502e+02 4.925107605677259812e+02
1.671415011682242948e+02 1.920546579445145028e+02 2.116592805415617136e+02 3.166106008717309805e+02 4.416492034313725412e+02 4.459952845268542774e+02 4.679511548064918998e+02 4.813829729309271670e+02
1.704079519932622304e+02 1.808536340665873752e+02 2.148713033536585328e+02 2.954031949352178685e+02 4.195281649245063704e+02 4.227249713958810275e+02 4.408946271929824547e+02 4.597525297619047819e+02
1.528556995738636317e+02 1.746302589611178462e+02 2.003389227642276467e+02 2.897810730464326525e+02 4.047344319562575379e+02 4.069647201055099117e+02 4.217650028441410655e+02 4.445084969235276731e+02
1.443582614536199173e+02 1.586278773310023382e+02 1.884860824742268051e+02 2.778313277547393341e+02 3.871083953241232507e+02 4.015632884174312380e+02 4.137064372918978847e+02 4.228681387573140569e+02
1.409584780865847051e+02 1.651843782688284250e+02 1.923103635573580448e+02 2.838089165805785115e+02 3.740563553370786849e+02 3.892198231009365372e+02 4.046091675884955521e+02 3.995670814173654435e+02
1.311064707880434810e+02 1.577722081218274184e+02 1.787937433722163405e+02 2.620977025026910496e+02 3.612546366869918870e+02 3.860682189542483798e+02 3.910404528601694665e+02 3.904214220423087340e+02
1.269824634308510696e+02 1.428184987437186066e+02 1.671661889332003739e+02 2.554284253578732375e+02 3.496670454545454731e+02 3.678547365754812972e+02 3.689233870967742064e+02 3.718506722151088297e+02
1.255343866171003668e+02 1.373994510978043877e+02 1.656281094527363109e+02 2.364791718594217116e+02 3.427844963592232830e+02 3.543148101898102027e+02 3.464152091487279677e+02 3.682775961780236571e+02
1.145244464944649394e+02 1.299349744401168607e+02 1.654672244822485254e+02 2.307071220930232585e+02 3.334044459393346074e+02 3.492498179611650357e+02 3.420590312190287250e+02 3.439915125334630943e+02
1.189055948929527204e+02 1.249642857142857082e+02 1.490414583333333383e+02 2.282034637134778450e+02 3.203193674976915872e+02 3.212595334101382605e+02 3.341322271045328307e+02 3.372991827034546759e+02
1.130325888787602509e+02 1.259888948754789197e+02 1.506857734806629878e+02 2.242777963458110264e+02 2.967671742209631702e+02 3.244977720450281140e+02 3.120286246612466243e+02 3.344764585764294225e+02
1.064209542534337629e+02 1.202122491928044212e+02 1.456414252728799283e+02 2.127825804162724808e+02 2.965355017006802427e+02 3.085017841213202701e+02 3.132704008392225887e+02 3.129166387959866142e+02
1.041236962011418541e+02 1.144342475573491953e+02 1.322309090909090799e+02 2.106386832777314453e+02 2.914139918625677979e+02 2.974867672790901452e+02 3.028702007943512626e+02 2.986450129813933358e+02
1.006786171574904074e+02 1.096832873774509807e+02 1.274137263339070643e+02 1.977723986037233885e+02 2.724142116182572408e+02 2.834036590524534631e+02 2.932848175965664836e+02 2.935947802197802048e+02
9.173965289745798657e+01 1.024426784983633496e+02 1.222686293138866063e+02 1.975785414983845101e+02 2.694856848010160775e+02 2.733138642915980085e+02 2.785978598014888235e+02 2.827470863683662969e+02
8.902668269230768772e+01 1.013036962232355336e+02 1.197867676167854256e+02 1.806037637418566817e+02 2.564128968253968424e+02 2.668946544058205177e+02 2.806415617505995215e+02 2.767336629190925805e+02
8.504893154311649539e+01 9.678693974103586584e+01 1.166872284755134217e+02 1.775796789350039262e+02 2.498662117244157912e+02 2.550765588003156950e+02 2.707520766613290562e+02 2.633386849396397906e+02
8.482960925994109402e+01 9.318159952260327827e+01 1.130532664910226401e+02 1.748733744177018536e+02 2.399587755875663220e+02 2.569004789272030962e+02 2.509356089258699001e+02 2.494981176134197369e+02
8.337316109698511468e+01 8.677694441775557266e+01 1.082395755597014926e+02 1.679929615110477528e+02 2.349560114503816806e+02 2.435306776556776640e+02 2.461657578299776219e+02 2.516970240312965643e+02
7.704713847140762084e+01 9.054346786534047453e+01 1.052100085910653036e+02 1.638727955426356573e+02 2.338528481012658347e+02 2.344462424184988549e+02 2.472477888086642395e+02 2.438683293599853243e+02
7.240138439410283411e+01 8.433491941015088855e+01 1.040792265325670485e+02 1.496912998126702803e+02 2.255817735359525500e+02 2.284739943024861759e+02 2.318008857556037583e+02 2.358649702488280013e+02
7.205617598974903615e+01 7.976276600201072142e+01 9.911899625174336848e+01 1.541665553774928981e+02 2.183677640487474605e+02 2.193211101398601386e+02 2.253530838530838594e+02 2.157461670973298737e+02
6.658518057012942393e+01 7.939995367250674008e+01 9.702444840743198995e+01 1.469109015561569720e+02 2.018555008561643831e+02 2.119093154551870271e+02 2.133244198848238398e+02 2.230907027572293089e+02
6.545743272569444571e+01 7.374059616018456609e+01 8.899637982689748128e+01 1.407637016048974203e+02 2.024530629960317469e+02 2.051507448186528677e+02 2.038658698539176441e+02 2.150862155388471137e+02
5.952763282732448147e+01 7.214007467906516524e+01 8.691473067434210975e+01 1.398921968687541550e+02 1.967818376427132421e+02 2.048629266070245194e+02 2.061136100066269137e+02 2.024035437932169827e+02
6.104081691109074370e+01 7.013230976512225823e+01 8.404441366390305745e+01 1.302872748103666254e+02 1.924366164720344159e+02 1.960024398813241646e+02 1.952555887909319949e+02 1.969322622410546160e+02
5.956661436007348698e+01 6.213434504792332547e+01 8.194606667698019464e+01 1.308120797677261749e+02 1.808860701837769227e+02 1.867161619283065477e+02 1.880816726116625262e+02 1.845989428347689909e+02
5.512798900725294970e+01 6.602442972257857434e+01 8.126935307017544119e+01 1.241614777674129328e+02 1.771159923213230911e+02 1.857594105113636545e+02 1.881312611806797861e+02 1.847257125344774806e+02
5.519382863990413313e+01 5.883817846555617592e+01 7.534916498760074433e+01 1.260429641812865498e+02 1.719845110385572013e+02 1.755931954779622117e+02 1.795214902971497963e+02 1.822511827321112037e+02
5.399621240321620519e+01 5.976051768397033470e+01 7.175297184947490337e+01 1.169215948147041075e+02 1.646102279122115988e+02 1.694334504437869953e+02 1.696433392018779500e+02 1.753651158580738354e+02
5.199841846722737415e+01 5.576424943566590997e+01 7.471794668079095914e+01 1.174401405987688918e+02 1.615354734628770359e+02 1.621242861222158922e+02 1.673814111747850859e+02 1.694549189073836715e+02
4.846635174418604919e+01 5.412858847537354023e+01 6.989316298342542666e+01 1.055089510930493191e+02 1.593098625763464895e+02 1.611544394150417929e+02 1.654068743063263014e+02 1.594847179772158938e+02
4.692547245142401380e+01 5.331607513850416069e+01 6.794936899038461320e+01 1.081032029085872637e+02 1.518194097222222183e+02 1.517168423973363076e+02 1.583134975233901969e+02 1.594682981090100213e+02
4.442292746113989210e+01 5.227732904115115531e+01 6.453363703373560156e+01 9.877911622687703641e+01 1.430677862300154857e+02 1.480595065789473779e+02 1.512289000000000101e+02 1.514323566921734425e+02
4.252819426336375130e+01 5.080299241407089283e+01 6.027292693205394158e+01 1.007191937593423035e+02 1.431433523654159785e+02 1.485880727224293878e+02 1.504134290540540633e+02 1.485254256563555941e+02
4.186276622718052920e+01 4.592862520074946531e+01 5.898212512413108044e+01 9.621014737696052066e+01 1.375940022704339185e+02 1.420145135309278430e+02 1.488453794527620175e+02 1.441080688854489154e+02
4.156942671092951969e+01 4.704425051803998059e+01 5.949482078674122221e+01 9.229728498542273485e+01 1.349656854733263458e+02 1.383135416666666515e+02 1.408453022047643231e+02 1.414741280913126218e+02
3.895763161177644207e+01 4.511773238335738512e+01 5.554533150851581524e+01 8.908320493066256063e+01 1.292455737801989528e+02 1.349606124571708392e+02 1.355533142999007055e+02 1.323406353693007134e+02
3.704150875994035630e+01 4.139868563522617961e+01 5.325791020322270697e+01 8.944940191387560446e+01 1.255139948326771702e+02 1.285522833579517510e+02 1.303826375365141246e+02 1.300194905500363518e+02
3.512596189362226085e+01 4.023971134714419406e+01 5.357539670835299717e+01 8.479275387870239911e+01 1.225534887173396612e+02 1.256771669815777130e+02 1.275263181279620852e+02 1.284887242268041234e+02
3.443425740761604459e+01 4.021852899575672069e+01 5.026301961014561215e+01 8.347048283388390644e+01 1.173319088943431581e+02 1.221188770794824450e+02 1.241167825164938705e+02 1.275064382752510284e+02
3.301594832433648463e+01 3.810942575406032518e+01 4.772364180478821538e+01 8.016509406740534871e+01 1.149292200854700923e+02 1.175523734911791962e+02 1.203335582546108924e+02 1.169548515391683878e+02
3.203152575557026438e+01 3.668786135522664438e+01 4.690876845694319286e+01 7.901618426866991740e+01 1.121301170433579273e+02 1.131513793294849108e+02 1.178734997735507193e+02 1.139067008566275803e+02
2.936115661861074599e+01 3.352248956923770606e+01 4.546522315772804035e+01 7.596776861821444982e+01 1.081429158581285037e+02 1.103777049955496210e+02 1.112930432192374326e+02 1.126323227765014678e+02
2.976384467618002105e+01 3.398138332807902628e+01 4.395358330491131937e+01 7.376471688034187935e+01 1.061085003887161236e+02 1.079343655832974633e+02 1.080189009862588563e+02 1.061011704323267395e+02
2.760853090233204910e+01 3.162525054664723001e+01 4.180455844980939872e+01 7.184110877533419171e+01 1.020276555464592718e+02 1.050264965717299646e+02 1.056309146599070488e+02 1.078032299192520185e+02
2.732296166306695540e+01 3.010610254552980081e+01 4.084849642561127325e+01 6.945160706903678260e+01 1.015540741634491582e+02 1.022963029480630013e+02 1.048831496124842886e+02 1.026972114680338990e+02
2.626731049562682330e+01 2.832216749392220123e+01 3.877030679049939010e+01 6.730609393878373226e+01 9.388357666116385758e+01 9.723997238955823263e+01 9.881008101381551967e+01 9.718087531486146702e+01
2.597647040766208093e+01 2.873601407452409973e+01 3.762964714487489459e+01 6.557010289634146716e+01 9.369590863453815643e+01 9.712570354072860823e+01 9.754358319854426895e+01 9.629877940580004747e+01
2.423041654561301428e+01 2.898691817189360620e+01 3.788980064438180051e+01 6.275356107556977037e+01 8.953934648105182248e+01 9.256988491985926260e+01 9.374131807419099971e+01 9.436797773700912728e+01
2.292734999524172324e+01 2.684881250000000108e+01 3.396544089333846728e+01 6.118785592255125749e+01 8.778269537480063889e+01 9.025383130276284760e+01 9.217373598221190889e+01 8.876417225298746416e+01
2.285388525586049013e+01 2.475177805923616603e+01 3.444449935638102289e+01 5.850917106291520753e+01 8.624113491766468087e+01 8.717456685591228904e+01 8.726289833080424785e+01 8.490454383886255130e+01
2.110623997263117957e+01 2.517446961009174444e+01 3.273152569909412790e+01 5.750761917758369890e+01 8.360718191327501359e+01 8.648883928571427759e+01 8.478818657984145091e+01 8.324870137571157613e+01
2.045355935167910388e+01 2.397910479661626937e+01 3.095442376048122313e+01 5.508796318460360197e+01 8.092347670250896385e+01 8.188113695090439137e+01 8.160296296296296248e+01 8.041183311944266165e+01
1.893999267032762646e+01 2.236889065889370798e+01 3.098385902727925512e+01 5.343502286585366079e+01 7.751652070063694566e+01 8.166054900181487142e+01 8.104385924981792755e+01 7.829701302249340245e+01
1.902846124862988475e+01 2.249608958998934938e+01 2.940583925697425016e+01 5.239267199181203694e+01 7.649401171043292891e+01 7.768454241071428612e+01 7.875331675882982552e+01 7.778876260392711117e+01
1.852750139532886919e+01 2.162303728070175168e+01 2.854927422175585860e+01 5.261438761308281187e+01 7.268425026260504751e+01 7.476739969135803676e+01 7.523301725648212823e+01 7.520275140646975842e+01
1.715775950261559046e+01 2.102938630505067863e+01 2.687206792814788869e+01 4.782173696996466106e+01 7.050463061415447896e+01 7.146272609544837451e+01 7.355085932115781588e+01 7.274507792827994024e+01
1.710354231693942850e+01 1.906396012931034178e+01 2.689221786566655226e+01 4.788483452851961886e+01 6.876040389667249997e+01 7.196269504458160782e+01 7.131591386554622147e+01 6.916849262511722429e+01
1.607334413985554633e+01 1.885294655142758913e+01 2.575051781692406649e+01 4.573413987688098103e+01 6.693223929614012491e+01 6.820951704545454675e+01 7.075350797077383902e+01 6.820494620752678827e+01
1.598360071853320008e+01 1.816275335817920933e+01 2.520489622280761211e+01 4.444757078119987170e+01 6.454029688024152733e+01 6.673854985265225537e+01 6.726698189426582530e+01 6.518169398907105005e+01
1.578218205769856652e+01 1.760882452908259665e+01 2.371417837192357680e+01 4.229502920368542362e+01 6.299240424022698903e+01 6.476568540592784018e+01 6.382203355812459478e+01 6.354891326324302980e+01
1.404890117495078705e+01 1.609271214956992679e+01 2.300766340648855035e+01 4.163821095501120340e+01 6.194162397540983278e+01 6.248824005273250037e+01 6.256490306288693404e+01 6.204694758129104315e+01
1.431244939271255134e+01 1.637076812791601910e+01 2.218820846273291991e+01 4.057825986436498056e+01 5.883699089787102565e+01 6.137866860741444697e+01 6.070404440080098851e+01 5.880970773661270101e+01
1.288956431631892663e+01 1.643577064523661235e+01 2.188476138302823415e+01 4.064639445662386663e+01 5.857091868404717871e+01 5.993961848159509742e+01 5.946351398874647742e+01 5.778585906587012033e+01
1.376575715755988050e+01 1.537073647103658480e+01 2.074641648179314402e+01 3.733408910178733464e+01 5.576071642685850804e+01 5.598676281079442418e+01 5.599531859801861344e+01 5.593883664492643959e+01
1.225194707638991254e+01 1.474017993874425692e+01 1.973555455256105162e+01 3.599362113402061425e+01 5.376688981224992148e+01 5.474984137055837863e+01 5.502587466287084794e+01 5.401869019138755590e+01
1.189161155363928657e+01 1.373130792312366921e+01 1.927387215012905131e+01 3.469363236727654254e+01 5.192461127830323875e+01 5.472880062537225143e+01 5.426373576226635009e+01 5.293522903870346852e+01
1.087023276206746125e+01 1.349920079526345340e+01 1.902487886868990330e+01 3.327865320639864422e+01 5.147810205580029219e+01 5.221753868961526734e+01 5.078031458878233195e+01 5.140116886391469819e+01
1.093174471353050414e+01 1.300929965657415188e+01 1.840745955515125587e+01 3.279183497088791910e+01 4.800454561378924012e+01 5.076123718758775993e+01 5.065946599343420331e+01 5.074553857661893375e+01
1.016471449153778828e+01 1.283917093436454770e+01 1.820279438722067056e+01 3.223574788046524731e+01 4.755359065460810086e+01 4.919907340640322246e+01 4.953550209279227801e+01 4.822052394048374424e+01
1.039349417282546817e+01 1.182139456371191244e+01 1.569379412375415228e+01 2.988412215987808551e+01 4.778815626717977239e+01 4.820836190345584527e+01 4.715394112143054883e+01 4.658819044978861967e+01
9.702550292125879494e+00 1.176061649133663245e+01 1.534551387282253820e+01 3.064254712301587347e+01 4.408549107142857082e+01 4.690163751714678142e+01 4.613785226961053354e+01 4.600170620872762584e+01
9.575491921094368308e+00 1.123116716918779012e+01 1.509796016390098039e+01 2.846969866071428612e+01 4.253333500803858414e+01 4.560862416107381989e+01 4.508658137583892511e+01 4.564922007460155839e+01
8.957019998690757490e+00 1.026452099094839099e+01 1.414674496504660439e+01 2.842376001033324684e+01 4.213498520710059125e+01 4.376885747354497624e+01 4.297269549841353609e+01 4.428241971943354827e+01
8.697425793076213552e+00 9.588248741610737369e+00 1.423656297564687812e+01 2.762728823291002200e+01 4.051310573739174714e+01 4.313571163700107292e+01 4.270706475825318194e+01 4.265502213840603929e+01
8.357136113075339878e+00 9.704488057024169834e+00 1.371944074567243632e+01 2.644101914414414267e+01 4.045453458849907946e+01 4.146529823846539387e+01 4.089493520448033337e+01 4.112347776492513418e+01
7.911078153211246189e+00 9.640492932945152305e+00 1.253605174219345209e+01 2.454934892459186457e+01 3.880545808042488432e+01 4.075051321529381454e+01 4.010779089861750890e+01 3.975784765798313458e+01
7.576487249297394477e+00 9.271736720500372897e+00 1.257504492187499956e+01 2.427640319537243130e+01 3.708199548575788640e+01 3.748503604255854782e+01 3.842313457433451163e+01 3.865640121284484820e+01
7.539121888065374755e+00 9.048142641746265369e+00 1.179635837619397520e+01 2.301098318260654096e+01 3.582842650830483677e+01 3.732239570626982328e+01 3.798604197394297444e+01 3.749882656201908304e+01
7.509127660210426214e+00 8.550494587818002756e+00 1.165266174526561649e+01 2.309266679447852866e+01 3.460320320166830044e+01 3.610239162929745760e+01 3.602043621700880038e+01 3.611549883955292728e+01
6.690579910296183819e+00 8.206253410744603016e+00 1.159603667755200718e+01 2.191375165782493539e+01 3.305605524500475667e+01 3.473299106099555900e+01 3.474147589997583907e+01 3.462349113400826894e+01
6.371407444150499977e+00 8.365036697941889088e+00 1.114409906914893611e+01 2.130564996215649742e+01 3.233500120569086533e+01 3.387344725156025049e+01 3.367660415192262491e+01 3.434223337104746321e+01
6.084920266436594005e+00 7.514847859875658287e+00 1.007268952117968652e+01 2.030716033261287023e+01 3.238637600229095170e+01 3.275339353163361977e+01 3.295654081573451322e+01 3.385417523652817806e+01
5.498284983981759133e+00 6.906423778158251814e+00 1.029324863127826717e+01 1.997474300521069424e+01 3.020290962240810373e+01 3.205671256821282356e+01 3.123940838581759039e+01 3.251055799318746153e+01
6.121140574573535886e+00 6.605593380466309839e+00 9.263978395412218347e+00 1.923059776376146957e+01 2.859528278803131940e+01 3.100197409755540434e+01 3.111118255601280325e+01 3.129916474167558604e+01
5.679174796342714160e+00 6.631228885135135087e+00 9.017228960535192073e+00 1.880754176104190378e+01 2.755887913812785328e+01 2.976183892881203619e+01 3.026233664772727394e+01 2.939287735582092864e+01
5.184682105270703723e+00 6.519533824983520631e+00 8.424530493008147047e+00 1.763857747967925960e+01 2.716009337100330967e+01 2.907896836506159133e+01 3.049299177848658360e+01 2.931671472324926953e+01
5.125552061027836892e+00 6.017150001382438163e+00 8.496210610976683952e+00 1.785360249778712216e+01 2.672807706202756606e+01 2.797771385164595515e+01 2.849589124200308632e+01 2.782080582564498883e+01
4.813611823324169592e+00 5.707692424610894655e+00 8.336713329358195423e+00 1.621309757583965450e+01 2.575323281546739906e+01 2.762453657517256289e+01 2.708678213979876048e+01 2.761924809610640352e+01
4.756476814516129359e+00 5.403575067934783149e+00 7.619625870846730820e+00 1.536522167907318170e+01 2.451842269665363006e+01 2.580032154340835859e+01 2.652657016094649123e+01 2.622368843683083384e+01
4.554227170266303304e+00 5.021745551144955577e+00 7.719568475106902916e+00 1.572948283833768457e+01 2.351019668737060186e+01 2.525598242600422694e+01 2.532647128307434059e+01 2.545999209069338320e+01
4.011663662913070638e+00 5.509518851729399813e+00 7.874552373927038218e+00 1.484938131313131393e+01 2.291425292761763544e+01 2.451530360482027859e+01 2.475009124087591061e+01 2.487618103043273976e+01
4.059863572401562593e+00 5.020150562436804798e+00 6.926924917235671053e+00 1.460531612988384254e+01 2.214237866531850329e+01 2.332405098717687864e+01 2.398346161847305780e+01 2.407894694800879165e+01
4.235272229381443765e+00 4.627744150400400436e+00 7.221869850958658077e+00 1.368730309833300396e+01 2.120304375254893969e+01 2.268848677465655328e+01 2.356833421396940409e+01 2.390320329434894475e+01
3.779938564539297996e+00 4.626132687599920246e+00 6.488803172291915722e+00 1.259875515282525704e+01 2.048200348825536921e+01 2.229998326556921739e+01 2.280466094281143796e+01 2.237430402632500659e+01
3.486296268203883830e+00 4.273781162917994259e+00 6.334040223205358977e+00 1.252321700460487186e+01 1.987001896945050561e+01 2.097831156716417667e+01 2.257413918825390553e+01 2.286854989994997567e+01
3.441650601111217789e+00 4.327250718461387535e+00 6.067363162971282975e+00 1.189785018057193433e+01 1.875228826775432012e+01 2.034097279900332111e+01 2.164881512964775112e+01 2.116094958897485512e+01
3.260230424483382183e+00 4.198444841425215124e+00 5.503027532640231811e+00 1.173247041595522688e+01 1.783317401960784210e+01 1.996633425361767067e+01 2.106365885667501558e+01 2.065403229699720100e+01
3.406126640825644536e+00 3.794209952756672166e+00 5.645129566461267068e+00 1.060639953316475292e+01 1.753969729311315362e+01 1.912057194895364631e+01 2.069784485790658479e+01 2.012585092915492169e+01
3.142403545022134370e+00 3.874578188235834997e+00 5.431070083075733912e+00 1.052797737128621591e+01 1.692777731313324452e+01 1.894882934862723545e+01 1.927354301407646986e+01 1.926446672154280293e+01
3.034345594964332538e+00 3.428466618279078393e+00 5.284120827696399125e+00 9.699521890892823350e+00 1.586098891681901435e+01 1.787640190729341683e+01 1.842012173811742670e+01 1.889944186611730714e+01
2.799769627664547400e+00 3.195469120193183965e+00 5.106016638683296804e+00 9.708156536697247319e+00 1.559615373443019060e+01 1.759258347999259087e+01 1.831389946906740462e+01 1.890503567004633823e+01
2.730510240602197936e+00 3.284256034033194105e+00 5.000844213046621078e+00 9.503791195222701660e+00 1.539400284090909032e+01 1.661766064347512639e+01 1.793855311767886107e+01 1.718565328706424822e+01
2.552060345879169745e+00 3.187208246887966556e+00 4.606793420254359006e+00 8.938801609934555970e+00 1.406642231360629403e+01 1.639416641964611543e+01 1.684660191441441413e+01 1.693765265276584131e+01
2.473750121616362208e+00 3.262297790822727972e+00 4.181613440176659147e+00 8.536024537284212954e+00 1.376204261612620527e+01 1.574855444386694359e+01 1.642180026572187757e+01 1.609260079751883055e+01
2.385712949101796543e+00 2.833175414759725452e+00 3.981589429242796907e+00 7.991605247641508925e+00 1.337109514558770940e+01 1.490871507579763744e+01 1.601705391555711344e+01 1.626124222048134982e+01
2.405775510093571601e+00 2.807649976683247228e+00 4.284219302306008892e+00 7.960519880868647924e+00 1.266734769489935353e+01 1.449148100683491158e+01 1.550224360345712782e+01 1.520809680716864598e+01
2.439653518609942395e+00 2.625846946321795716e+00 3.783531041885734414e+00 7.997928723808718665e+00 1.175350462242958471e+01 1.381620655474945103e+01 1.528290981833909967e+01 1.486947653836251426e+01
2.032653672983250726e+00 2.594455691149634813e+00 3.666815536275926490e+00 7.232065416236226341e+00 1.167726041666666603e+01 1.311170263763422561e+01 1.454811210032143620e+01 1.465938304698383199e+01
1.905631419788239134e+00 2.277150191220485453e+00 3.432429517803846863e+00 7.093769315559584676e+00 1.122712053571428470e+01 1.297812083055370103e+01 1.408473316018766752e+01 1.419531866716523361e+01
1.739541022218940025e+00 2.197992190067367790e+00 3.576964386841021248e+00 6.408752744862445283e+00 1.053759109891909596e+01 1.236137547741614107e+01 1.353020816225981271e+01 1.359319419284449637e+01
1.860058523138105713e+00 2.335826994243420884e+00 3.410441884881422858e+00 6.396002335299901809e+00 1.054430924983517492e+01 1.176336052577741498e+01 1.283945357495474759e+01 1.320271845409633649e+01
1.725898772652553870e+00 2.010075417886774130e+00 3.214470845912206443e+00 5.693230884171476269e+00 9.518739442567566655e+00 1.185863759245859406e+01 1.220535859159500269e+01 1.274928714471597679e+01
1.502106411360576654e+00 1.936352992205307766e+00 2.898675518587286337e+00 5.687512134979806788e+00 9.153017417196933181e+00 1.125958155757478352e+01 1.224656190551680446e+01 1.235286624840153635e+01
1.536933155499764725e+00 2.021274159136546178e+00 2.997448948854873674e+00 5.050082329885243304e+00 8.628019178108608855e+00 1.097081120183922742e+01 1.210236746893188631e+01 1.190327157876050279e+01
1.647339623011207843e+00 1.723694842692633067e+00 2.487226761989307366e+00 4.947561048172124387e+00 8.757214585644113924e+00 1.075029700211201522e+01 1.125383952358564521e+01 1.152280402117638047e+01
1.418285406885758881e+00 1.851566975538496695e+00 2.593759703462195088e+00 4.833315475364674541e+00 8.370683323732718506e+00 9.975171380220285045e+00 1.099346679687499950e+01 1.104427599852214748e+01
1.305506742542943410e+00 1.470687612282526313e+00 2.521452667463207398e+00 4.590684178447233421e+00 7.663588850594686974e+00 9.615618517593729209e+00 1.059326998208568504e+01 1.108034134999429376e+01
1.287207652025733395e+00 1.568167975811614934e+00 2.169357880414347850e+00 4.353877531882971219e+00 7.158512464546946674e+00 9.374201155343106606e+00 1.055915295682806310e+01 1.010618967362728249e+01
1.439453413624944389e+00 1.490307309631823562e+00 2.406855764102036499e+00 4.229528192524176333e+00 6.970426722671605901e+00 8.821757964040585875e+00 9.959390587212816115e+00 1.031346027422990375e+01
1.244489397321428603e+00 1.484936458101025814e+00 2.028178883340813865e+00 4.253656131751744063e+00 6.819498460725736066e+00 8.736793984061524299e+00 9.658540503819036616e+00 9.700851651406752651e+00
1.176012719945998874e+00 1.260287955535979165e+00 1.945802919708029322e+00 3.708457391141415371e+00 6.423662370178041314e+00 8.039608393874123848e+00 9.229711724806200834e+00 9.311011549686133648e+00
1.114638668360921292e+00 1.360223783928308228e+00 1.927599268720061820e+00 3.533726815688126521e+00 6.133839497907207949e+00 7.806308682230016061e+00 9.110263013723237435e+00 9.182814015954580356e+00
1.127465749954971175e+00 1.150805352393617031e+00 1.714815193010633454e+00 3.348589168801594074e+00 5.754692075402635609e+00 7.480043036930609013e+00 8.579499200465184217e+00 8.510357184674136377e+00
1.075025126372103790e+00 1.130891945253628350e+00 1.771478698920825101e+00 3.343147348444397426e+00 5.710586995626409923e+00 7.063510132267648345e+00 8.274217088944011422e+00 8.547914601111859412e+00
9.012637620837808949e-01 1.232524441340782095e+00 1.711685197712988771e+00 3.198205022995366242e+00 5.410585617406047376e+00 6.895575324502134507e+00 7.857272141827261080e+00 8.137772433075026512e+00
9.226581112921309336e-01 1.114206940030399329e+00 1.541470994475138134e+00 2.956260555976836901e+00 4.975509478266831209e+00 6.696510095164609488e+00 7.497441198327111422e+00 8.159208347669016703e+00
8.976043719839598145e-01 1.137393326003939720e+00 1.483317079778599057e+00 2.817898306769464956e+00 4.896241659716430661e+00 6.094139049241896977e+00 7.572112724757952940e+00 7.949884023070005412e+00
7.602023194370240988e-01 1.029532468032002157e+00 1.258305175381783325e+00 2.544353298014836895e+00 4.303350583305256549e+00 6.009093565039009377e+00 7.123705341989138518e+00 7.252010181091651297e+00
8.667155877351360171e-01 1.051287453481851486e+00 1.356000112949263592e+00 2.664060426343729304e+00 4.312089865014289813e+00 5.730958083580279805e+00 6.893856672490256798e+00 7.090846925336845352e+00
8.490994381929777290e-01 9.141965834761435206e-01 1.277484818903588559e+00 2.252837354592181818e+00 4.056916360294118284e+00 5.765399417472468535e+00 6.575587438709249888e+00 7.185004063153007436e+00
5.837909489530960228e-01 9.560245459003371415e-01 1.158311193709612219e+00 2.214658468351782705e+00 3.855315697791840357e+00 5.333283507418976832e+00 6.437281779520783509e+00 6.574195186570854332e+00
7.479668670030746869e-01 8.414861792433784293e-01 1.224803640179505493e+00 1.887937196500334647e+00 3.654734518274570299e+00 5.043813386583587466e+00 6.205650521927521091e+00 6.346006308464708034e+00
7.940918032552592987e-01 9.276737555825086412e-01 1.188612367492589472e+00 1.968742472539825261e+00 3.644720726620100493e+00 5.009582503853069468e+00 6.033416941320925986e+00 6.499058820199275388e+00
6.549705464572191937e-01 7.584941083624523461e-01 9.684866831032346024e-01 1.700606798049961954e+00 3.462234741633543056e+00 4.790166200826498688e+00 5.720617402431222409e+00 6.174385195499698220e+00
5.302833293523179226e-01 7.376483757804537245e-01 1.016137066437133418e+00 1.651776371382992048e+00 3.151648000541470207e+00 4.577920894102726734e+00 5.551882809526829554e+00 5.887039251994786504e+00
4.953907650176132549e-01 6.773593443549917881e-01 9.194610557219420333e-01 1.500586061193793785e+00 3.002381456804328774e+00 4.247436948346593688e+00 5.239076513892372944e+00 5.504408511959015371e+00
5.127034495087675614e-01 7.867317937170474895e-01 9.563226400808649830e-01 1.430987220714417640e+00 2.746535464252190195e+00 4.129823841925582606e+00 5.065701464409293031e+00 5.290134086152500359e+00
5.141552758181984206e-01 6.887385536768840799e-01 7.210629481967114618e-01 1.329627422525798686e+00 2.480819862961841427e+00 3.968351776040384138e+00 4.731763368352036814e+00 5.155770711396439054e+00
5.595423525534916065e-01 8.033360291806369569e-01 8.021629729518449103e-01 1.320326569816304474e+00 2.537465485773118701e+00 3.609541828439699174e+00 4.411413982475626661e+00 5.208567447766187186e+00
6.289259797216042447e-01 5.805999362929183949e-01 7.625761552456828962e-01 9.952824446067689568e-01 2.316623494020266349e+00 3.542318332235266265e+00 4.540347370358129631e+00 4.753708135766160581e+00
5.041636776945880305e-01 6.823572874718701886e-01 7.301955864761650039e-01 1.135624551864244713e+00 2.314955902652063635e+00 3.414562000030073374e+00 4.282726120318296026e+00 4.802066496048849942e+00
4.910360879944142276e-01 5.936151984279141036e-01 8.009556032576651274e-01 1.116641065451021930e+00 2.152031536138350631e+00 3.205332660101427145e+00 4.185475185884574678e+00 4.478325676233739117e+00
4.229527118799161767e-01 6.061593552029563847e-01 5.481857951028649145e-01 1.003601656327269609e+00 1.999115513722938609e+00 3.107015897327173093e+00 3.962804488121839608e+00 4.521293525770776256e+00
4.341979622223501312e-01 4.643127462824599427e-01 6.023691661322294610e-01 8.320741951500232325e-01 1.827695066823899372e+00 3.021767664869682068e+00 3.984782663716301965e+00 4.418274009024694138e+00
4.720323258080118545e-01 5.234979592858182151e-01 6.387528990996372835e-01 1.016937865862364454e+00 1.713289017981741935e+00 2.760572587475800255e+00 3.694100764391069713e+00 4.203539759105745510e+00
4.125575684816955024e-01 5.164839398642376844e-01 5.223012371022917044e-01 8.946864021561922176e-01 1.688358868552705783e+00 2.615608718320632686e+00 3.576929480276581419e+00 3.734622543233403480e+00
3.535438676658342882e-01 4.130215190202328190e-01 6.185995687788683473e-01 8.428049360244401766e-01 1.564483646084683377e+00 2.534343596041876534e+00 3.492939298115079527e+00 3.709170491664789182e+00
3.834280094630281854e-01 4.054848679695259861e-01 5.473260057951632174e-01 7.218400021890182261e-01 1.373050500586918465e+00 2.509269810051060201e+00 3.154130893226545940e+00 3.682232120504047579e+00
3.270624825830369953e-01 4.573982802013422666e-01 4.654610873924909242e-01 6.342049998283909584e-01 1.321549850317180974e+00 2.419488138125558407e+00 3.234432527544015112e+00 3.444495686426807701e+00
3.329664534863471803e-01 3.224415490783944516e-01 4.892349701811672946e-01 6.540188282026847544e-01 1.229697886908032167e+00 2.120288324511400813e+00 3.165597695256776145e+00 3.333984428526405086e+00
2.933785406918448802e-01 3.330606728899194735e-01 4.847528696372110923e-01 6.569093910646645051e-01 1.266441404125883574e+00 2.084902283811924661e+00 2.871779254415760985e+00 3.159594336197301345e+00
2.957640348193860680e-01 4.122459642211621644e-01 5.185086512185363983e-01 6.608107036112020882e-01 1.121193805922809927e+00 2.004844435967448213e+00 2.677026641502809223e+00 3.085150559751820953e+00
2.151004858474654946e-01 3.540642384935690501e-01 3.791079651694780339e-01 4.807852361357470850e-01 9.777430920520698843e-01 1.887538144213381397e+00 2.686061727617481854e+00 3.065984736149161005e+00
2.899836997080889600e-01 2.803743107607116203e-01 4.480792752073612939e-01 4.669497268835153814e-01 1.013966187125905583e+00 1.760692599302200678e+00 2.586664272849179547e+00 2.971419402133531396e+00
2.717965900966785586e-01 2.529757973582474340e-01 3.707580927483328237e-01 4.782762615859938449e-01 9.274096457694543938e-01 1.744947916666666599e+00 2.506550578996625589e+00 2.829514986684333433e+00
2.207869529574462697e-01 2.272913109208093696e-01 3.518880712704007818e-01 4.783476648423588551e-01 8.862865534225734532e-01 1.728112105266583320e+00 2.366082634456724954e+00 2.580527711883031206e+00
2.523514063311266820e-01 2.187971280161930265e-01 3.676527486442238701e-01 4.389669941078195303e-01 8.267450548234190899e-01 1.662581696705626610e+00 2.346504205926269293e+00 2.604624537714769872e+00
2.622194943551720558e-01 2.378468952947767057e-01 3.261442035725206079e-01 4.467543279586923544e-01 7.366034827910086236e-01 1.413181856937146152e+00 2.323374471656681539e+00 2.583135106017847793e+00
2.334098889997136828e-01 2.469860816294801309e-01 3.108391143835789183e-01 3.956910734644094596e-01 7.405051003191543968e-01 1.456503753553660241e+00 2.136124157032755377e+00 2.448396037343345544e+00
2.224878788206637314e-01 2.280578213876723881e-01 2.511161383038778006e-01 3.839558153377803373e-01 6.743247446510126641e-01 1.348852302080206123e+00 2.047070410009984798e+00 2.466426947564606120e+00
2.006709133158760261e-01 2.498495181441486856e-01 2.529507374583084278e-01 3.955073078786294216e-01 6.247771424212301694e-01 1.202037894290277409e+00 1.824322219122023858e+00 2.248231337616095171e+00
1.766245164365589371e-01 2.306115772570310196e-01 2.260752568431097786e-01 3.585902674807893153e-01 5.970172798757402699e-01 1.239793095626230190e+00 1.843100229402577117e+00 2.226978275672944374e+00
1.841320693770201744e-01 1.832538702511519735e-01 2.431846094680428783e-01 2.724285743982825525e-01 5.965626153420275912e-01 1.137381817518957838e+00 1.815357572999411584e+00 2.037110185049647360e+00
1.799983201723960313e-01 1.844339745326571134e-01 2.520679258507347309e-01 3.593138700686626108e-01 5.208565648153680172e-01 1.062284613558792445e+00 1.677073764745697027e+00 1.973885606672128423e+00
1.990098788661043283e-01 2.035998188114148122e-01 2.406743226578922090e-01 3.072099359837066057e-01 4.850645618431295714e-01 1.041770361309294346e+00 1.559597810691899733e+00 2.009527361433806725e+00
1.662854105990477227e-01 1.726063458049466870e-01 1.910628199925995530e-01 3.160464114682022818e-01 4.524377261551992824e-01 1.006304162602303043e+00 1.585932321259469591e+00 1.940271414637030123e+00
1.473682096496295724e-01 1.825753860631710301e-01 1.343677469484963471e-01 2.581751308242667964e-01 4.731693091515751792e-01 1.001218937811062082e+00 1.510519805631608703e+00 1.851021314387211403e+00
1.480111414956604143e-01 1.622887551027755448e-01 1.879941878780241882e-01 2.408109643815629086e-01 3.673607530932740950e-01 8.259216548574705996e-01 1.408829291477325496e+00 1.672957331674609804e+00
1.540036126177756481e-01 1.248069441462137663e-01 1.556778767017684972e-01 2.705992167780518765e-01 3.916841756257645746e-01 8.031053425092335996e-01 1.352574822413553424e+00 1.576159236785954487e+00
1.608210621517746630e-01 1.332417728832323567e-01 1.772406693827899005e-01 2.792913180678638363e-01 3.522361173497438047e-01 7.423303342666016658e-01 1.314412874667979514e+00 1.572886233702252445e+00
1.057327033179894793e-01 1.589435170638114625e-01 1.826157375185597509e-01 2.327880640728550998e-01 3.770145476988819300e-01 6.951626057288372573e-01 1.307017979793661633e+00 1.559811568805557380e+00
1.183435034237257377e-01 1.544993368029189684e-01 1.773076746012259564e-01 2.030490635839727054e-01 3.318692491222067775e-01 6.968436117474557934e-01 1.257379301423762863e+00 1.414214193045820300e+00
1.009863263469263500e-01 1.321714533522091728e-01 1.880374966580518614e-01 2.114989866399946961e-01 3.371382064660347067e-01 6.700564815445382294e-01 1.240644730655561467e+00 1.334961659599139594e+00
1.071707077234680672e-01 1.164362201582914008e-01 1.613774300891905600e-01 2.135359062555299836e-01 3.022319528357246821e-01 6.061145137215162570e-01 1.120682879719173242e+00 1.363629192241760713e+00
7.893079531516347669e-02 7.666313173408106918e-02 1.913224912170415626e-01 2.002101891465498384e-01 2.781830600622521299e-01 5.947266922470106909e-01 1.032558807545462587e+00 1.280288291475061957e+00
9.281786680836991155e-02 1.082801577919407787e-01 1.197852968545484315e-01 1.731835029930023362e-01 2.690062236893498993e-01 5.537706153768893191e-01 1.045045361145024776e+00 1.291563398281831976e+00
1.001014103290840396e-01 1.044916523386124618e-01 1.638982174654741164e-01 1.834697856724211429e-01 2.751576137183918136e-01 5.477675720625323486e-01 9.661628993100613849e-01 1.181710813115997016e+00
1.026322374486603184e-01 9.429601262957580665e-02 1.074191828769465590e-01 1.348852166734749447e-01 2.585816657925192330e-01 5.126813943414877395e-01 9.318306164061833652e-01 1.258928009338633913e+00
7.515998620159668187e-02 1.176098399283122264e-01 1.403979076530226522e-01 1.697349567557462080e-01 2.238770162920439843e-01 5.039625571167615226e-01 8.519378060457029056e-01 1.206598045418220577e+00
8.817312029560557540e-02 1.035788560328553820e-01 1.125237555703862830e-01 1.204859939039684830e-01 2.483932993368589137e-01 3.970049861348122766e-01 8.612725933527543010e-01 1.123902682995912894e+00
8.259895855299227707e-02 7.681150832169825193e-02 1.072430786733141600e-01 1.112906106588150146e-01 1.866535662438875420e-01 3.911408471657159547e-01 7.654849975256907690e-01 9.548118751830008133e-01
4.642186867814430962e-02 7.584184240370880903e-02 1.099708352567185937e-01 1.140561023027533288e-01 1.985112288935189095e-01 4.623084077380952284e-01 7.392082059965310314e-01 1.102917894437551727e+00
6.437213019642565315e-02 7.861751110948871080e-02 8.112509248668837991e-02 1.579500402262580538e-01 2.054960452251552716e-01 3.999011687308107188e-01 7.503903659433805995e-01 8.815928345220078732e-01
8.498562376469692703e-02 9.784368316944433430e-02 9.849097554851668490e-02 1.267221405750184604e-01 1.602643651507037748e-01 3.540154092201461822e-01 6.272673393316852142e-01 9.984763950972954660e-01
8.513334628896786216e-02 6.483263231012138805e-02 6.411868666585450460e-02 1.110941201771209336e-01 1.712564785341168794e-01 3.424982759038665558e-01 6.448712902968521954e-01 8.645042610473471223e-01
5.495710656270021144e-02 7.019011615073843247e-02 7.296379121455009997e-02 1.025797426481832725e-01 1.876032371627339712e-01 3.359103121479723453e-01 7.001317478707413944e-01 7.927309741516623820e-01
6.074459893472177602e-02 6.316776053500992860e-02 8.740007785150206987e-02 1.139745022081743719e-01 1.247306497382145996e-01 3.143221217661271161e-01 6.099279814476581407e-01 7.513207105394605900e-01
5.143586131626518010e-02 7.632777411157513903e-02 8.243372960744169142e-02 1.082648403480566124e-01 1.382217485255143041e-01 2.497696779243074039e-01 5.670088852007771907e-01 7.454822465333651449e-01
3.654431202026613146e-02 5.827936370125721965e-02 7.575676731047961687e-02 8.088833473744180824e-02 1.584414348841333420e-01 3.264408441355902135e-01 4.995129440479924576e-01 6.544759381841817047e-01
4.309544242984592738e-02 4.655599634868357733e-02 4.906562218116636287e-02 9.408228188504368095e-02 1.398414678860623039e-01 2.766275455876887612e-01 5.627385443873772486e-01 7.397561182868797047e-01
