nan nan nan nan nan nan nan 0.000000000000000000e+00
4.789708557128906250e+02 nan nan nan 4.049567871093750000e+02 6.655586242675781250e+01 nan 2.042884445190429688e+01
3.624820312500000341e+02 nan nan 3.772526448567708144e+02 nan 5.069904785156250000e+02 4.279133300781250000e+02 5.773950195312500000e+02
4.414827575683593750e+02 nan 4.005436197916666288e+02 nan 5.898300781250000000e+02 6.631472167968750000e+02 9.546158854166666288e+02 5.838002929687500000e+02
6.836552734375000000e+02 3.938666178385416288e+02 nan 5.458736572265625000e+02 nan 6.161243489583332575e+02 2.854313557942708144e+02 3.984060621995192264e+02
5.386062233664772521e+02 4.967301757812500114e+02 4.730079868861606656e+02 nan 6.787095170454546178e+02 7.279527180989582575e+02 1.189646763392857110e+03 2.229821200284090992e+03
4.180581665039062500e+02 5.604775390625000000e+02 5.664212890625000227e+02 5.404364013671875000e+02 5.143910522460937500e+02 1.023656921386718750e+03 1.006302734375000000e+03 1.233637586805555429e+03
2.641418863932291288e+02 4.890341389973958144e+02 4.044008382161458144e+02 3.791637834821428328e+02 4.546401811079545610e+02 1.179412785456730944e+03 1.292658025568181756e+03 1.320693663194444525e+03
4.075737047697368212e+02 4.349938616071428328e+02 3.648065592447916288e+02 4.863272986778846416e+02 1.069978236607142890e+03 1.135161295572916515e+03 1.101781550480769283e+03 9.602161192602039819e+02
3.768713060461956275e+02 4.190346679687500000e+02 3.883057215073529278e+02 5.159067993164062500e+02 8.147381835937500227e+02 9.145168945312500455e+02 8.247619357638888005e+02 1.011421446917808112e+03
3.790104932598039227e+02 3.104702690972222285e+02 3.895767489346591219e+02 7.044776664402173765e+02 1.051986902573529505e+03 8.220969460227272521e+02 8.812720788043477569e+02 9.442014001623376771e+02
3.229237882653060865e+02 3.625598958333333144e+02 3.367773995535713993e+02 5.845633789062500227e+02 5.448706202651515014e+02 6.458196149553571104e+02 7.928955078125000000e+02 6.810828284438774745e+02
3.515327228483606632e+02 2.947830602134146716e+02 3.334689719460227479e+02 6.630019531250000000e+02 5.832782479745369528e+02 7.161853357263513544e+02 6.436882233796295623e+02 8.350323745265151274e+02
2.824605876865671803e+02 2.591572265625000000e+02 3.588670726102940876e+02 4.842954606681034306e+02 5.395933593749999773e+02 5.942467447916666288e+02 6.058464421452703164e+02 7.167486530172413950e+02
2.749332439365671803e+02 2.689993489583333144e+02 3.405491753472222172e+02 5.271189707880434980e+02 4.973888671875000114e+02 5.119161551339285552e+02 5.046527132601351582e+02 5.315368923611110858e+02
2.029958186619718390e+02 2.221616030092592382e+02 3.487469248670212778e+02 4.498252766927083144e+02 4.365198376225490051e+02 4.395475390624999932e+02 4.680446093749999932e+02 4.973994954427083144e+02
1.987103818696120641e+02 2.007514740566037688e+02 4.136503906250000000e+02 3.732725207270407850e+02 4.183634690504807736e+02 4.119232047872340559e+02 4.433123468137254690e+02 4.001307503172588440e+02
1.784133890086206975e+02 1.954504394531250000e+02 3.404552951388888573e+02 3.205631167763157805e+02 3.930495300292968750e+02 3.843784327651515014e+02 3.544784179687500227e+02 4.284710404116465270e+02
1.822786815068492956e+02 1.727696533203125000e+02 2.774953497023809632e+02 3.126897119728915868e+02 3.524387369791666629e+02 3.663019283234126533e+02 3.653017035590277715e+02 3.620406991106719374e+02
1.754532137784090935e+02 1.967520507812500057e+02 2.582753906250000000e+02 3.265301877741227941e+02 3.157181595203488200e+02 3.247392299107143003e+02 3.479017096185065157e+02 3.520404456967212923e+02
1.616711748231132049e+02 1.693666680518616943e+02 2.855283052884615813e+02 2.671660355548469283e+02 3.223367133989725630e+02 3.000425248579545610e+02 3.172276449548193114e+02 3.089284644568689941e+02
1.474117838541666572e+02 1.606561936598557736e+02 2.821074877106741496e+02 2.630163702713815610e+02 2.734747640779702920e+02 2.873628951671511800e+02 3.132463924632352814e+02 3.329007377320954788e+02
1.421621627390710501e+02 1.461104675897277332e+02 2.457841244103773590e+02 2.510053755733945025e+02 2.799699590773809632e+02 2.684725818452380963e+02 2.764738769531250000e+02 3.108252098880597032e+02
1.255500892857142787e+02 1.281354111493644155e+02 2.047842588682432279e+02 2.495526988636363512e+02 2.472569590336134411e+02 2.538692143278301785e+02 2.635489823190789593e+02 2.780421172752809298e+02
1.208104952830188665e+02 1.264172149122806985e+02 1.987953234521027923e+02 2.311943100110619298e+02 2.119063720703125000e+02 2.197855009191176237e+02 2.493157209429824377e+02 2.303049562786697493e+02
1.145125990316901436e+02 1.074232812500000023e+02 1.896690124045801440e+02 2.011179496951219789e+02 1.968861484945255427e+02 1.986483466569767415e+02 2.171224670410156250e+02 2.137724699630314262e+02
9.904764811197915719e+01 1.096040354082661281e+02 1.737428579757462614e+02 1.757766452814569504e+02 1.923654048859126817e+02 2.028209773936170279e+02 1.924381318933823479e+02 2.092031680045871553e+02
9.675052416134184341e+01 9.855691528320312500e+01 1.378597475614161851e+02 1.666060121005639019e+02 1.788892381656804673e+02 1.856887555803571388e+02 1.817825081480061442e+02 1.967649038461538566e+02
9.387397444607023544e+01 9.106941964285714164e+01 1.566546735491071445e+02 1.556260353915662620e+02 1.653331612723214334e+02 1.619889605978260647e+02 1.721542308910473196e+02 1.725366509244373106e+02
8.310872788027108982e+01 9.475417636303191671e+01 1.429088304924242436e+02 1.570156483907185816e+02 1.506189211727528061e+02 1.594318888121546820e+02 1.662995476973684106e+02 1.771111693116975800e+02
8.931286918826219789e+01 8.598938563481675601e+01 1.346679581925675677e+02 1.393388459578804373e+02 1.434699665178571308e+02 1.566682188452743958e+02 1.507985243055555600e+02 1.695874184409340728e+02
8.083031952247191043e+01 8.785202088647957908e+01 1.241200108292079278e+02 1.486354932598039227e+02 1.365968750000000114e+02 1.484892435213414501e+02 1.448376034007353041e+02 1.579307424363057351e+02
7.695363230519480169e+01 8.081342466787438639e+01 1.230795686141304230e+02 1.289330808080808310e+02 1.344773046875000091e+02 1.378045099431818414e+02 1.401075379022277332e+02 1.452017508456334554e+02
7.113519683441558072e+01 7.887648982558138755e+01 1.194759083433014268e+02 1.187826489825581433e+02 1.249290750794491487e+02 1.307409382038288186e+02 1.501797219162995702e+02 1.376627290950744680e+02
6.699775795118343069e+01 6.564877062646027639e+01 1.141656456497797478e+02 1.188618339143426255e+02 1.148414880087209298e+02 1.254933401639344339e+02 1.235657298430735977e+02 1.225350520277481365e+02
6.274117091444672667e+01 6.257144886363636260e+01 9.728648546006944287e+01 1.110268799942922300e+02 1.093521124774368332e+02 1.086396440582959571e+02 1.198233915441176407e+02 1.122377758274824515e+02
6.199403585967432662e+01 6.127598741319444287e+01 9.594452776227677759e+01 9.888683832908162685e+01 1.062176753548034895e+02 1.032781002420774712e+02 1.010465558122568126e+02 1.109147027439024384e+02
5.403075132978723616e+01 5.937264322916666970e+01 9.007705114160516757e+01 9.392064824380165078e+01 1.006232220722591393e+02 1.085332519531250028e+02 1.089861790314885468e+02 1.084942586226329979e+02
5.208631448184742396e+01 5.602815104166666771e+01 8.293567875803859124e+01 8.496891541123778779e+01 9.027893672429077299e+01 8.811858974358973740e+01 9.467853156887754551e+01 1.017147813288477636e+02
4.845089089912281111e+01 5.219931512129934248e+01 7.985668866302589208e+01 8.326726638843648232e+01 8.759736359934854022e+01 9.200306919642856940e+01 9.018118364383012420e+01 9.111916430881163365e+01
4.690281906803097201e+01 5.276182793090061551e+01 8.328011988993711157e+01 8.446085362346626368e+01 8.455053164936101950e+01 8.703458444695722562e+01 9.044979567307692037e+01 9.168547022174254835e+01
4.514092629397835310e+01 4.803182119693396146e+01 7.958091012084592819e+01 8.022689322084664809e+01 8.089110083215297209e+01 8.165206866197183899e+01 8.588666062127975920e+01 8.768556457703927265e+01
4.223922366695803987e+01 4.323870139898255616e+01 7.396151327673409526e+01 7.258544545308483009e+01 7.880519998177842922e+01 8.002721576745014431e+01 8.068086046613129270e+01 8.046207157258064058e+01
4.123522997214941199e+01 4.135120196675145365e+01 6.816908482142856940e+01 6.914126461988303163e+01 7.507851857682619823e+01 7.650693887998575349e+01 7.763506765463917247e+01 7.528005701013513828e+01
4.015007471517971283e+01 4.284741864355230945e+01 6.913078825280112483e+01 6.749859336982969182e+01 7.183222113715278567e+01 7.218704268292682968e+01 7.243360925099206327e+01 7.531892616912234928e+01
3.865873120148771136e+01 3.890167749707943301e+01 6.607429478406325529e+01 6.366304769092689497e+01 6.529519203514739445e+01 6.811454417293232666e+01 7.132241321630982611e+01 6.902086195054944540e+01
3.537420419254658555e+01 3.643445187356979176e+01 5.537184920400942900e+01 6.153672522956161828e+01 6.060638701026119435e+01 6.614740429234338137e+01 6.674216839853301053e+01 6.639329380910164957e+01
3.374777747844827758e+01 3.559446614583333002e+01 5.316178242015418931e+01 5.809737185492505773e+01 6.096077034065315559e+01 6.141471652809633497e+01 6.346044276569384124e+01 6.460632094407530701e+01
3.162906753524672610e+01 3.174405607413419972e+01 5.331990899725274602e+01 5.637703159877231940e+01 5.814222995923913118e+01 5.720592657930107805e+01 5.905478214482379684e+01 6.168537946428571672e+01
3.017422497509960166e+01 3.296299208603895892e+01 5.254473286290322420e+01 5.104459223364978726e+01 5.645399305555555003e+01 5.607244390212981955e+01 5.962645066130705374e+01 5.690397118184224468e+01
2.937773513793945312e+01 3.111622111002604285e+01 4.676796025815217206e+01 4.902960725532945929e+01 5.116532363731656119e+01 5.261613919005102247e+01 5.411183882235528841e+01 5.539598181085770534e+01
2.817048482391102837e+01 3.067290380658436533e+01 4.618148882772020158e+01 4.900472071103239102e+01 4.847017770176252327e+01 4.975297296483622489e+01 5.342496866254663956e+01 5.357992560932323300e+01
2.743840886158594472e+01 2.837589518229166430e+01 4.550016538558467261e+01 4.720014143318965694e+01 4.818050826848249102e+01 4.808324032738094900e+01 4.941510710922786842e+01 5.135110550139275887e+01
2.606861873306232980e+01 2.651383134732743940e+01 4.383208151424632604e+01 4.568554687500000000e+01 4.600070638020833513e+01 4.720504127358490365e+01 4.939107840401785410e+01 4.688980042486583244e+01
2.499923915845554490e+01 2.705433587084044333e+01 4.078108426060732228e+01 4.292658528087478231e+01 4.563641073028674100e+01 4.637633634868420529e+01 4.529566895368782298e+01 4.637221393709327089e+01
2.357947269045534000e+01 2.469435971743100922e+01 3.897321158117932072e+01 4.257932500000000431e+01 4.293222268211920323e+01 4.409304549114331451e+01 4.473838656556372939e+01 4.293938003018108418e+01
2.204171127870858626e+01 2.408633471915192814e+01 3.783683993399340295e+01 3.933409323770491994e+01 4.066873627196485330e+01 4.211383572567783062e+01 4.313809223790322278e+01 4.235875293487137583e+01
2.218126048657718030e+01 2.271350952925955369e+01 3.836094474497681261e+01 3.761056615744426779e+01 3.853756686373873919e+01 3.889268611769352191e+01 4.103105127186010037e+01 4.061546196686976629e+01
2.061487273730187297e+01 2.198210039790372505e+01 3.483043245298672730e+01 3.497471956540902482e+01 3.755920940896739069e+01 3.775200076219512368e+01 3.912647834788937473e+01 3.786221322696374614e+01
1.953971168816726234e+01 2.081174879807692335e+01 3.159397170608108141e+01 3.662983732045807272e+01 3.555360785590277573e+01 3.608121623509686771e+01 3.641474595483641963e+01 3.552679941335740210e+01
1.895246250439831215e+01 2.009366413426837283e+01 3.251260626868460690e+01 3.472587492028061007e+01 3.547991829846208844e+01 3.640327405427631646e+01 3.570484947990127012e+01 3.538306573275861666e+01
1.852819815874914866e+01 1.945825671529583900e+01 3.205766217818428032e+01 3.210521619073276156e+01 3.203942533349802346e+01 3.467904985425239772e+01 3.569650563350339922e+01 3.417015146092960265e+01
1.765647274860917904e+01 1.857287613011006044e+01 2.927482148587932897e+01 3.058060719936709049e+01 3.197279049444070154e+01 3.364198690878378528e+01 3.217770643693108212e+01 3.222346298939640974e+01
1.610921670751633883e+01 1.837015742041198507e+01 2.852479185675182549e+01 3.079686518530150963e+01 3.001235611093942879e+01 3.201776175213674946e+01 3.169253687888198812e+01 3.212953419083616069e+01
1.621099796473422927e+01 1.739874660111916782e+01 2.815607781013853739e+01 2.915451334838106945e+01 3.109214633118872584e+01 3.033432904411764852e+01 3.003187421972534210e+01 3.022095470986309707e+01
1.560813140440763647e+01 1.690158897517835612e+01 2.685069550304877950e+01 2.775840602915194211e+01 2.860533944904181070e+01 2.998389900958238030e+01 2.971201114766082085e+01 2.866145368303571672e+01
1.544347478693181763e+01 1.634989178311056790e+01 2.501374673344947652e+01 2.666523924122310518e+01 2.782620272630619596e+01 2.721082759378663241e+01 2.783047586035267074e+01 2.869028118590682652e+01
1.400452267746040924e+01 1.508751047129953449e+01 2.372894048002577350e+01 2.491759386107820262e+01 2.655046160998937310e+01 2.724625725702408374e+01 2.672026524347946719e+01 2.708928975689607199e+01
1.381823097608230810e+01 1.459494107936715324e+01 2.445773509921784594e+01 2.510015818698347090e+01 2.564351738061797903e+01 2.528293281737773412e+01 2.603885076742256643e+01 2.532802145320530229e+01
1.334040633491847849e+01 1.466059049809644677e+01 2.295241251325557030e+01 2.421331110400968711e+01 2.433658854166666785e+01 2.583763318695534039e+01 2.514862370895126986e+01 2.436185606555236660e+01
1.263273873836436145e+01 1.323288512876884582e+01 2.148791905533399671e+01 2.277186381646216873e+01 2.413538602941176592e+01 2.370549368351063890e+01 2.359060589555151211e+01 2.309397407170294159e+01
1.227707406731279782e+01 1.298118216691616666e+01 2.128552938432835617e+01 2.228784350074775489e+01 2.269175136529126036e+01 2.358025958416583379e+01 2.269421936154598640e+01 2.242978572102087043e+01
1.199905586946494473e+01 1.273122755903115966e+01 2.069282197670118606e+01 2.061698688832364468e+01 2.208848114909491045e+01 2.259494462985436769e+01 2.212100083622398472e+01 2.124174259247991969e+01
1.154718164585191786e+01 1.216528204824976278e+01 1.997993303571428569e+01 2.058196497997172258e+01 2.143546030990304629e+01 2.130833093317972171e+01 2.160174317761332219e+01 2.105370029561789735e+01
1.102440694080446626e+01 1.185886146282327580e+01 1.867911918738489874e+01 1.974058252562388560e+01 1.934882185434372204e+01 2.134224393175422207e+01 2.084297369015356693e+01 2.069055207117853001e+01
1.094922567290651294e+01 1.134186714425737996e+01 1.832977966257346836e+01 1.917342530451750093e+01 1.946598307291666430e+01 2.017187848461195543e+01 1.967892315867932851e+01 1.886279960981048021e+01
1.032236083662714066e+01 1.099748931340271874e+01 1.808491477272727366e+01 1.859429733110925653e+01 1.930560578661844318e+01 1.932113954505686948e+01 1.926467170951015007e+01 1.838172226579402846e+01
9.696658764137858100e+00 1.082798298355800704e+01 1.662745233164802272e+01 1.821876212045656018e+01 1.822919638226141004e+01 1.876369666085025401e+01 1.817775281652360420e+01 1.774933299873203651e+01
9.199068962731580257e+00 9.861923492481588838e+00 1.643582130751848780e+01 1.757245809773828782e+01 1.779723056466977127e+01 1.769135315846375534e+01 1.787268177471050379e+01 1.672082791363163423e+01
8.894170673076922995e+00 9.963105917922284505e+00 1.516027996338083916e+01 1.682170577157980418e+01 1.707092013888888715e+01 1.724811476859337134e+01 1.720006807054356557e+01 1.672030434400722854e+01
8.776755744137670234e+00 9.545972360557769321e+00 1.601501098439968374e+01 1.571432985023492535e+01 1.651831939967767937e+01 1.680562783642462676e+01 1.635442416433146562e+01 1.583322716702948618e+01
8.312090102632547328e+00 9.056450336126266265e+00 1.464168923204527673e+01 1.545465959821428470e+01 1.592894563826762599e+01 1.622335817768199462e+01 1.588675863984493297e+01 1.525402985608082318e+01
8.107815621594625100e+00 8.871418019792466580e+00 1.375878906250000000e+01 1.513223059960798444e+01 1.528931595896946583e+01 1.548853594322344307e+01 1.532995723806860511e+01 1.467380774962742152e+01
7.823465565432551116e+00 8.623974123708874728e+00 1.362366570017182177e+01 1.426257570251937956e+01 1.522208212464838262e+01 1.482614670204700502e+01 1.474649988718411464e+01 1.431519776957637902e+01
7.664738824838187803e+00 8.176488554526748942e+00 1.356218121408046073e+01 1.397872583872615770e+01 1.443393978178280079e+01 1.464157458563535918e+01 1.427756829582429532e+01 1.340187888793725257e+01
7.273354652704136392e+00 8.082332334953083119e+00 1.286983797506973382e+01 1.352457821403134020e+01 1.397056427725118510e+01 1.401520979020978963e+01 1.335751797470547508e+01 1.276867597975882873e+01
6.963060729275970751e+00 7.459314721613881538e+00 1.227416975987060432e+01 1.288771513447226091e+01 1.332767818921232816e+01 1.343693763232180771e+01 1.325513423102981037e+01 1.262087834145931353e+01
6.433068847656250533e+00 7.281599554012853304e+00 1.193987703894807062e+01 1.270210384265387127e+01 1.322356305803571352e+01 1.267384583468264303e+01 1.263057924551792688e+01 1.191724493525480355e+01
6.419924345746363059e+00 7.211800912401250763e+00 1.167486893503289380e+01 1.218599058960692894e+01 1.254918097296843627e+01 1.271439979912193508e+01 1.239656332836315400e+01 1.141941446122818427e+01
6.276249928391384181e+00 6.968256062982625565e+00 1.105856634646045755e+01 1.158146086836283217e+01 1.217743666448985707e+01 1.224199230949406569e+01 1.155839573165931888e+01 1.082350763104206059e+01
5.909733451661053572e+00 6.778262904353034912e+00 1.077535194925742523e+01 1.129813330913814262e+01 1.162978255703422015e+01 1.159607733312731703e+01 1.146954966656327457e+01 1.052928372161315629e+01
5.739730894907826730e+00 6.262841264432328359e+00 1.052048268457602376e+01 1.097359394434079505e+01 1.132827958874778496e+01 1.116704890703914188e+01 1.082221205090936067e+01 1.010307687519154030e+01
5.629059551003595452e+00 5.921471361518915622e+00 1.027763435756354582e+01 1.089233141447368425e+01 1.067803074471392932e+01 1.074569574627933477e+01 1.052450585582170994e+01 9.987637908412182242e+00
5.446676430352889398e+00 5.914424602467198255e+00 9.519751175977244628e+00 1.007323343170950380e+01 1.039502365292628028e+01 1.054157729289940804e+01 1.016743462074530591e+01 9.465754548334539109e+00
5.328582692865428960e+00 5.829417347100733338e+00 9.247509489759886847e+00 9.793473698936766780e+00 1.008490429234338670e+01 1.009865121716162228e+01 9.805368015759311717e+00 8.921618806907098076e+00
4.949957985101743674e+00 5.484587930617044194e+00 9.099173428867404212e+00 9.479165936799327952e+00 1.003211974250416461e+01 1.005065285515320461e+01 9.473915701304106207e+00 8.589120892956376707e+00
4.957198645861059738e+00 5.433194468490305518e+00 9.083173076923076295e+00 9.015588750865651591e+00 9.356638454861110787e+00 9.213872606825749045e+00 9.090271567143643594e+00 8.423009615718854093e+00
4.749694381476683880e+00 5.139236064416352612e+00 8.477491386108063409e+00 8.805616775197226076e+00 8.957222634089736957e+00 9.048310032894736565e+00 8.823814583333334127e+00 8.043559223553497617e+00
4.606445567144719533e+00 5.042799870770676485e+00 8.080645422717841697e+00 8.741002195440955802e+00 8.769896066986133221e+00 8.820701668220564784e+00 8.642892817697505947e+00 7.731355195606965935e+00
4.400529780204107233e+00 4.929019380687901908e+00 7.803088827426762464e+00 8.386224394943212701e+00 8.485501348070132011e+00 8.403987294619845727e+00 8.076031717862674597e+00 7.327800486971103311e+00
4.306485512161644991e+00 4.614632534434422340e+00 7.797514601637381304e+00 8.074750212585033893e+00 8.030242792233263316e+00 8.226916200248755473e+00 8.060292463887481773e+00 7.380396916613824132e+00
4.111579575224550531e+00 4.423692843614718484e+00 7.302482512165450856e+00 7.738368523690293266e+00 7.798261894540502226e+00 7.977812002875674047e+00 7.489231143712760108e+00 6.901739834244807525e+00
3.934096106952037264e+00 4.349584937439845866e+00 7.162539644961520402e+00 7.618331339712918648e+00 7.596274548628199064e+00 7.520420301729443757e+00 7.378084206882912000e+00 6.670672931306033782e+00
3.848527725621768258e+00 4.219658440864934690e+00 6.947523706642284580e+00 7.068790954102021296e+00 7.446185143260095174e+00 7.264738390115730304e+00 7.067544801540284638e+00 6.446240554709466331e+00
3.777197199611311618e+00 4.122141678453560054e+00 6.628664058830437078e+00 7.044113526427560501e+00 7.052324848790322953e+00 7.009379783531654695e+00 6.680289452756833057e+00 6.152874427790903766e+00
3.513851548442420203e+00 3.914405543068445681e+00 6.427033426133747618e+00 6.771293210410895824e+00 6.924340348065677553e+00 6.840374194811977837e+00 6.736148012258209583e+00 5.956424179445209965e+00
3.520340420251488744e+00 3.820403742194727226e+00 6.087794641850766020e+00 6.731722789162616571e+00 6.526199622347785834e+00 6.605258867118117827e+00 6.394242438717165022e+00 5.674530387032236334e+00
3.296666376556356415e+00 3.661825480308412040e+00 6.055436417863176324e+00 6.321554123205473275e+00 6.387785009702458439e+00 6.468897331859145616e+00 6.250676146826256385e+00 5.656293160622469784e+00
3.231961786498353195e+00 3.638102110918453036e+00 5.671505513869941062e+00 6.068332248263889284e+00 6.392122164454686839e+00 6.197962629143349389e+00 5.894413508421985526e+00 5.268487009151639811e+00
3.031466038858579459e+00 3.478673436849229805e+00 5.553595536848792591e+00 5.835402685694265124e+00 6.060701973751535299e+00 5.958395141086498370e+00 5.687252868213984236e+00 5.134576371918827320e+00
3.034561875674945952e+00 3.350798145824710250e+00 5.417722282299004988e+00 5.814565355002066838e+00 5.837744412939725791e+00 5.791508271471903058e+00 5.559042960567658120e+00 4.917354426075128515e+00
2.929120922922740622e+00 3.152284792215356291e+00 5.183945835870889418e+00 5.533664858538059228e+00 5.658172091028683681e+00 5.555031061746988463e+00 5.358071064861844590e+00 4.736889168765743285e+00
2.788178029837917293e+00 3.158545258075131645e+00 5.116631040657788176e+00 5.442279201600610072e+00 5.490079066265060703e+00 5.506484566874743969e+00 5.180346965982612240e+00 4.427198859891502636e+00
2.706621937342630346e+00 3.065456437326319783e+00 4.979818232732581507e+00 5.182674586415433993e+00 5.168526138341067444e+00 5.304930304437060151e+00 4.885865510309787219e+00 4.353810801765172656e+00
2.585730254627427005e+00 2.926083984374999947e+00 4.655223424865228665e+00 5.084918300944381464e+00 5.133613063197767445e+00 4.945243923278011877e+00 4.774291331327339627e+00 4.105293418464004418e+00
2.529128251858204557e+00 2.820940072705572899e+00 4.454385659939315900e+00 4.838002057688550295e+00 4.929542038968937057e+00 4.835787230202623022e+00 4.637976129789453950e+00 3.984379072867298532e+00
2.364902587061155081e+00 2.725670692373853399e+00 4.412647080543520950e+00 4.660506291507459764e+00 4.733909191945606665e+00 4.805362275050888421e+00 4.418908078520195737e+00 3.813123369307400257e+00
2.339790184818097085e+00 2.582868956420986351e+00 4.212320281170251590e+00 4.409852172898315104e+00 4.579421482974910695e+00 4.562519466362125797e+00 4.306768301504629193e+00 3.721907513291777381e+00
2.238861515729709595e+00 2.557448778131778511e+00 4.108911606021177221e+00 4.267098250313845043e+00 4.467757338305545112e+00 4.476308345621596629e+00 4.129676546567734974e+00 3.580399169588380115e+00
2.236890085517902804e+00 2.373224368787717253e+00 3.952077186158798217e+00 4.201963485114809771e+00 4.282729398620475969e+00 4.294800153459821246e+00 4.094627268774527096e+00 3.414685440805766525e+00
2.108200374592134718e+00 2.327615645559210300e+00 3.839937341509269242e+00 4.116102204027487943e+00 4.164969991903011426e+00 4.069303902116402583e+00 3.854735814865101418e+00 3.267137573070499457e+00
2.081292318806952313e+00 2.323896016744582127e+00 3.711913040634809757e+00 3.870776280918727608e+00 4.057578311075195288e+00 3.945226918096127466e+00 3.828382096399034928e+00 3.219324897434227672e+00
1.943855317825206486e+00 2.196018824084051690e+00 3.543251097425843543e+00 3.894484241056709539e+00 3.941944300021891667e+00 3.875872744127228930e+00 3.612748490021008507e+00 3.086298850605337041e+00
1.872310124958962430e+00 2.163511566907464712e+00 3.443902328667953761e+00 3.694509274003932919e+00 3.791571533915828685e+00 3.614506522601938165e+00 3.482629447235138009e+00 2.950940654336628555e+00
1.815483887202675728e+00 2.114823010503029010e+00 3.363352948674370957e+00 3.581459787054860566e+00 3.606764718215364152e+00 3.605890200351997699e+00 3.344541737446138363e+00 2.825297182122176398e+00
1.764346440633137947e+00 2.008431164042796535e+00 3.199888555497085729e+00 3.443635730297795128e+00 3.559011221232660560e+00 3.504821777343750000e+00 3.236655527456647086e+00 2.750245147594015283e+00
1.737246696091699460e+00 1.954465090146145334e+00 3.160217129850509288e+00 3.333743595901376811e+00 3.430144403176229595e+00 3.362772526166506903e+00 3.106182795698924526e+00 2.611413846007528239e+00
1.636978270495951460e+00 1.909376822511663852e+00 3.053834069293478226e+00 3.246699435496300801e+00 3.253894197392779741e+00 3.244291627059568750e+00 3.027226117240449987e+00 2.608755983421544133e+00
1.630202414772727204e+00 1.814445524108810659e+00 2.930824045435153291e+00 3.128676254697776660e+00 3.204411322548106789e+00 3.137298097200920566e+00 2.924677389418568030e+00 2.440914672879975100e+00
1.560292208551646631e+00 1.743061642530487898e+00 2.839959694384944555e+00 2.995750577476522292e+00 3.050295896095623238e+00 3.055291559278350721e+00 2.814188682077454207e+00 2.390139607111709363e+00
1.471198822998082800e+00 1.651677803168070335e+00 2.690436376284246922e+00 2.892428548416789091e+00 2.965058058729609147e+00 2.955111950395640452e+00 2.737664057817650765e+00 2.284837056575209413e+00
1.419303566208710787e+00 1.643985104973792133e+00 2.636847296655434381e+00 2.777952417329033974e+00 2.883665067891945988e+00 2.813056623175997917e+00 2.626529301438376152e+00 2.190462714145637424e+00
1.434723370710962342e+00 1.598356922645739919e+00 2.566729032076322081e+00 2.743613635157134745e+00 2.772197366005873853e+00 2.757420123571738380e+00 2.529221951285963499e+00 2.090446529878971393e+00
1.349772763296542388e+00 1.554607009566862930e+00 2.496698527575627935e+00 2.601963928311499696e+00 2.689842326758688174e+00 2.660834441255967242e+00 2.424384010134170708e+00 2.020953968752225993e+00
1.307669050463233118e+00 1.492528943048007317e+00 2.426869653456703801e+00 2.544853997337443996e+00 2.636251917797157951e+00 2.558877958699884214e+00 2.397714223006526701e+00 1.928321510736196398e+00
1.259509964379619040e+00 1.427557051809210664e+00 2.306214527962347827e+00 2.472342364574674711e+00 2.545270033758246342e+00 2.473166494531678694e+00 2.302296316190740377e+00 1.854031215347563988e+00
1.230632137166379092e+00 1.362374787283415767e+00 2.200532617293821769e+00 2.399936552835933323e+00 2.465852238581730749e+00 2.387824181241426924e+00 2.215442785115537827e+00 1.840147708319150643e+00
1.187112524368887145e+00 1.347519973085309353e+00 2.149006010269314704e+00 2.305950592376373454e+00 2.338810142852357998e+00 2.310084154781879118e+00 2.152628460570469748e+00 1.747056867794167578e+00
1.168505232881644540e+00 1.325774363136652090e+00 2.082934472786284630e+00 2.233932506942650331e+00 2.295691462984131181e+00 2.233960606812169569e+00 2.047168459355169112e+00 1.660294543871750461e+00
1.129077730107279187e+00 1.274757235738254835e+00 1.994984774345192724e+00 2.166965141389151306e+00 2.239283930447656612e+00 2.163706428667745207e+00 1.998726178678190690e+00 1.642599904681863121e+00
1.091050077140653052e+00 1.219275406360146086e+00 1.952340369091211558e+00 2.086859564642767673e+00 2.146174997114877581e+00 2.087585020687061199e+00 1.906790301836415846e+00 1.557555371802904709e+00
1.074738894844596393e+00 1.177593258906210805e+00 1.891616189864179010e+00 1.991835998234646299e+00 2.086006407672610141e+00 2.019549793911983748e+00 1.897302927387352733e+00 1.530347900622741841e+00
1.000774089207013384e+00 1.160719772996017030e+00 1.828270263671875062e+00 1.948390568934050826e+00 1.954300997822354891e+00 1.967807251990997042e+00 1.818385861376192958e+00 1.444454563485829235e+00
9.742182179819144361e-01 1.101089406533186432e+00 1.747161797965650187e+00 1.918206357625123815e+00 1.973445562484733795e+00 1.897001841150280477e+00 1.726127271924164264e+00 1.406398964104339733e+00
9.482825857095887878e-01 1.089941215141878583e+00 1.726088028967351029e+00 1.822062883435582981e+00 1.854940697068204081e+00 1.858401600258470232e+00 1.657683103082233655e+00 1.347609249984730972e+00
9.111041169734840350e-01 1.047555254062575658e+00 1.661723852503628418e+00 1.774185522855377339e+00 1.788304293529971556e+00 1.801481777832145470e+00 1.597752160281770806e+00 1.264169955220751262e+00
8.891493629666372689e-01 1.007394209670096963e+00 1.564016442265070861e+00 1.697136902509315481e+00 1.764448273978177051e+00 1.734691925708113258e+00 1.570670503803963225e+00 1.276806533042041281e+00
8.612255905072824236e-01 9.897442256247011017e-01 1.530926851443293213e+00 1.698213223650636428e+00 1.692453733533791471e+00 1.651858004677172032e+00 1.472690698247853369e+00 1.204899076107715850e+00
8.228680001370930475e-01 9.468996075178287564e-01 1.498958813749702523e+00 1.582564443390348963e+00 1.635885887613395262e+00 1.609533430501079998e+00 1.459656146124912679e+00 1.181346207277293558e+00
8.215929719917012264e-01 9.361947573279227885e-01 1.459348783854758080e+00 1.561403159045298361e+00 1.571011277439877007e+00 1.556294466279700694e+00 1.369871149119798792e+00 1.147193371809679396e+00
7.883421780648285360e-01 9.001018352336711548e-01 1.381063164071284044e+00 1.510316392978482414e+00 1.522681444420662000e+00 1.485005719458791784e+00 1.369950727982954586e+00 1.076149214372630114e+00
7.510120718269671647e-01 8.650443626744122039e-01 1.362059955475115602e+00 1.457792634075680827e+00 1.485016494969680245e+00 1.455381263997760355e+00 1.300731412230532458e+00 1.050305067325202790e+00
7.319535118609474811e-01 8.536870256511280841e-01 1.311900872676528884e+00 1.398512811358984420e+00 1.427144051870275598e+00 1.401524944816873619e+00 1.242567202494209155e+00 9.986403332343516404e-01
6.976300032049587152e-01 8.121242894272859836e-01 1.269781742939614100e+00 1.359280623645720443e+00 1.372615365847225100e+00 1.376449677119284010e+00 1.220343734947013425e+00 9.899286165598519815e-01
6.943258155407191490e-01 7.823222019361413260e-01 1.209855012392818896e+00 1.297300211161931172e+00 1.356219527515210910e+00 1.285242706658628054e+00 1.188777900001332322e+00 9.298759117371520055e-01
6.759675934420213972e-01 7.619752321471969791e-01 1.148184957875178158e+00 1.263444520370974766e+00 1.306779325181159468e+00 1.287231806619978824e+00 1.145852849544571672e+00 9.057364099986817685e-01
6.391034247724163286e-01 7.467695451583163946e-01 1.138161904003487157e+00 1.217320371685606029e+00 1.257274955953264106e+00 1.222840687006544691e+00 1.086003079379562086e+00 8.812946148927284229e-01
6.179085017059473550e-01 7.124900763871334641e-01 1.099643220275967170e+00 1.158192400343188933e+00 1.220392876327098142e+00 1.180043499071341317e+00 1.058860491535781101e+00 8.801999793913909409e-01
6.083904840528351343e-01 6.975826901119870360e-01 1.062647937418863542e+00 1.138752496154991078e+00 1.186441791777120836e+00 1.138554435199661707e+00 1.020169318010265780e+00 8.227871606719766584e-01
5.871999369933819102e-01 6.714150164243605223e-01 1.014041343090402281e+00 1.085810250351900264e+00 1.126256630665278147e+00 1.107807309227489156e+00 1.007037069148670305e+00 7.682693578430758174e-01
5.626226391838592411e-01 6.466747696991939076e-01 9.899918453809237739e-01 1.065762945013864149e+00 1.112048778144217431e+00 1.054913324004975061e+00 9.573419656540439471e-01 7.426044076725862864e-01
5.502051726099244089e-01 6.478262129409019243e-01 9.559509074648367966e-01 1.031553736272847965e+00 1.054535111264395475e+00 1.021496207494625663e+00 9.283390410958903827e-01 7.224892238122582189e-01
5.318968877964003195e-01 6.091803757586139456e-01 9.196861399903287770e-01 1.006311806346044335e+00 1.015592256433823559e+00 1.015391922868669194e+00 8.947611400741668497e-01 7.110779450945012847e-01
5.149802439539141741e-01 5.827439332505357505e-01 8.783841256833765376e-01 9.743413474397003560e-01 1.002460373076562217e+00 9.867773475699198604e-01 8.796963295465203281e-01 6.658336829109540167e-01
4.914275068139540292e-01 5.645525597578642252e-01 8.762833419870555973e-01 9.463496133396382959e-01 9.534354613721086613e-01 9.541656229846139370e-01 8.388976528319384007e-01 6.571101650693791374e-01
4.853486293293598486e-01 5.506361408135973523e-01 8.396546879373484318e-01 8.929493254379355927e-01 9.343198340379342826e-01 9.069528663320742812e-01 8.011452993942218548e-01 6.223176968803527664e-01
4.555385592452785848e-01 5.338394390291826275e-01 8.169850131921599923e-01 8.689048165137615021e-01 9.033274837620840492e-01 8.582424914320118114e-01 7.675950773314865749e-01 6.054893592008074865e-01
4.417683907996212689e-01 5.119551408318973040e-01 7.742211852299422103e-01 8.430542342964260083e-01 8.703668323863635869e-01 8.342088013135363633e-01 7.486991779205712794e-01 5.950347600968711737e-01
4.323051241461142724e-01 4.919033226028323713e-01 7.710458610461980999e-01 8.204784854458280208e-01 8.334151646030752980e-01 8.253488690259029870e-01 7.241459916948198572e-01 5.622726109842145492e-01
4.145343545954769393e-01 4.799457227997848685e-01 7.302413384970556365e-01 7.897498651339205367e-01 8.072765460670464632e-01 7.898001667532917880e-01 7.007732056853410718e-01 5.378431165540540349e-01
4.127605861646272967e-01 4.737093078903362176e-01 7.014932210229268827e-01 7.634545354041594178e-01 7.818580401203554242e-01 7.672409845705534526e-01 6.712847083451952690e-01 5.211118897430038199e-01
3.932121037569312194e-01 4.527333514223219058e-01 6.648545906491962754e-01 7.387858444973184335e-01 7.559851519852439639e-01 7.321536882776902289e-01 6.577716692249272468e-01 5.195151502484883776e-01
3.886046299476259569e-01 4.433993043493136832e-01 6.607497008357431367e-01 7.194057721147346651e-01 7.328131243789960392e-01 7.147116084233169353e-01 6.354331679822664558e-01 4.907915486611740818e-01
3.762158211470261193e-01 4.296670469449859198e-01 6.463454115840701064e-01 6.935603034069387496e-01 7.052303059895833615e-01 6.851443987557525039e-01 6.100032150069785164e-01 4.628484525386255544e-01
3.678073984434320209e-01 4.119855996814723587e-01 6.128820268456723896e-01 6.601994283238215022e-01 6.842086272985756779e-01 6.639473516198298730e-01 5.830869291167476431e-01 4.554197129217043005e-01
3.496656707619429927e-01 4.008128767612142984e-01 5.940059655580725018e-01 6.455566891779913608e-01 6.573737825755403552e-01 6.323033804435819194e-01 5.584879383545122700e-01 4.435534893624685782e-01
3.383789454788302398e-01 3.871076483475534569e-01 5.768329685698698750e-01 6.225934824135529455e-01 6.468049730483558246e-01 6.202094894384206913e-01 5.446341851833758074e-01 4.272167044051049523e-01
3.321811681225442792e-01 3.789443783552953193e-01 5.609906149284024091e-01 5.924208928019373266e-01 6.137560988024854947e-01 5.936885232000723711e-01 5.177077417653740410e-01 4.005583953640263761e-01
3.158570641037063420e-01 3.589385519273038394e-01 5.301536093350702750e-01 5.759233354448197728e-01 5.995787030663648487e-01 5.738071111591347417e-01 5.063375159767359301e-01 3.976058764835758153e-01
3.093712993904950692e-01 3.530965267319277068e-01 5.116453270791564423e-01 5.564915441399305163e-01 5.744852256127545020e-01 5.664950495233470606e-01 4.822677557097490575e-01 3.838144502741725472e-01
2.977795391978211303e-01 3.366469421668332740e-01 4.905161536466645655e-01 5.483688505569306315e-01 5.636531979133655446e-01 5.374806276400188043e-01 4.698439458940604774e-01 3.694959494457744631e-01
2.884881773278559769e-01 3.282855599435723915e-01 4.734158112458274892e-01 5.189528531046853077e-01 5.384829379080261491e-01 5.180921760268472065e-01 4.515303039550781494e-01 3.529801924123983636e-01
2.755532720737581265e-01 3.110367075217473354e-01 4.577418544226976027e-01 5.047907522159434945e-01 5.144981971153845812e-01 5.060681399935655911e-01 4.353638532812738604e-01 3.422286367991365097e-01
2.759120392198629035e-01 3.103769916696482167e-01 4.438587819244435018e-01 4.920261071127157160e-01 4.996043967033325650e-01 4.809477689620805241e-01 4.195678326665792657e-01 3.317358532308645747e-01
2.628547958209416779e-01 2.961631001436431099e-01 4.322802376150995940e-01 4.679633861367671344e-01 4.865144972430639481e-01 4.631916662003879859e-01 4.127765918441089754e-01 3.153974411274417800e-01
2.595870664096734948e-01 2.868136185604370780e-01 4.139462373415058183e-01 4.444202401019253790e-01 4.684133549120154671e-01 4.540955034296514925e-01 3.894884981363836429e-01 3.096733009832449701e-01
2.509334184840714688e-01 2.720348867535237192e-01 3.890132441833941690e-01 4.402938356313066404e-01 4.524034449183976236e-01 4.327401134455314824e-01 3.717081545039856438e-01 2.918925452156216349e-01
2.413798241273839573e-01 2.633976264590094374e-01 3.576306224574704040e-01 4.268661696383156401e-01 4.274769673688457727e-01 4.198424570500877140e-01 3.653698644516094607e-01 2.862799162407021480e-01
2.283041654471361648e-01 2.577520708665780313e-01 3.428176431426303017e-01 4.080573911854184499e-01 4.202592394536969200e-01 4.038236988035688868e-01 3.518511104902601883e-01 2.785598002305724741e-01
2.257105393049645969e-01 2.465275544345695014e-01 3.232603578754075779e-01 3.872682836750676594e-01 4.060332425291865999e-01 3.939465765468064817e-01 3.425848384346207864e-01 2.672436192337824812e-01
2.190377939827246601e-01 2.383616356876309128e-01 3.083430284894378426e-01 3.826459454211136313e-01 3.864803351935575115e-01 3.808146448257468397e-01 3.264023816640878040e-01 2.571361642523776192e-01
2.095460814873695010e-01 2.278892661518066853e-01 2.847862623014503214e-01 3.626443233618847350e-01 3.785361391059920422e-01 3.641180260845336414e-01 3.175158358932150815e-01 2.500715832240237302e-01
2.053581242459899536e-01 2.214004647379129997e-01 2.743432961237565748e-01 3.535492529992393940e-01 3.584708584193425085e-01 3.499214022725691819e-01 3.023638080264522965e-01 2.406636477176431754e-01
1.953417173100039927e-01 2.157459551187260460e-01 2.601129944330344834e-01 3.315828818347300033e-01 3.514472077156334806e-01 3.353712540144941912e-01 2.914917075059402785e-01 2.327195928891770405e-01
1.901844151515787729e-01 2.062035415923225701e-01 2.480432793604749331e-01 3.142677271690444418e-01 3.432404212349449146e-01 3.245357973822232123e-01 2.830365804747345670e-01 2.258980529824317074e-01
1.850646521498811869e-01 2.013766621578916005e-01 2.402973544565076003e-01 3.050263842274786863e-01 3.277549913194444664e-01 3.153474547995568367e-01 2.730017287201000342e-01 2.175473468751036588e-01
1.811883446399923936e-01 1.967712014492283834e-01 2.313110483032949638e-01 2.909918677194620051e-01 3.185959879283357665e-01 3.015503104459520967e-01 2.682633282553117393e-01 2.082049952667122950e-01
1.749757780470971302e-01 1.878798058482719358e-01 2.249233636000441128e-01 2.799459325812123089e-01 3.021031975453635221e-01 2.910764093157562904e-01 2.504911342588793111e-01 2.018774664798930474e-01
1.664906831624444472e-01 1.788591601336589065e-01 2.164793883514306294e-01 2.635785031294161085e-01 2.924894688894547623e-01 2.793046513774724016e-01 2.435464137928945449e-01 1.966773402370034507e-01
1.613535166439774293e-01 1.764387545167566684e-01 2.075971672240404242e-01 2.483385150723697032e-01 2.803594611488652300e-01 2.722879993432855139e-01 2.399454674504158669e-01 1.895775624127233328e-01
1.610268543763981874e-01 1.733993545827758886e-01 2.024140906437292831e-01 2.399062011348559453e-01 2.681183821685086954e-01 2.615517373771401588e-01 2.296274357696150015e-01 1.795694848573052005e-01
1.550647991857734276e-01 1.668205970784433223e-01 1.926040784107030390e-01 2.276681678970076117e-01 2.600592375839656523e-01 2.521411776246270109e-01 2.211290695412459206e-01 1.764770319817235977e-01
1.480122046630160948e-01 1.614919744362760534e-01 1.877425370244144298e-01 2.163152010740866105e-01 2.497632538720275241e-01 2.473720167251315660e-01 2.133162117098677535e-01 1.685158910052166337e-01
1.436101875323775034e-01 1.561102164475534071e-01 1.805601005535885650e-01 2.100917498863530131e-01 2.448650616577074390e-01 2.353869421497937764e-01 2.037482167430318403e-01 1.649416097441623597e-01
1.416443106837410593e-01 1.515139174481349438e-01 1.762394220997498540e-01 1.994112573303742919e-01 2.345661871236584539e-01 2.221365699314486741e-01 1.988483661047605877e-01 1.568283165049724759e-01
1.335253976713291491e-01 1.460565758933893565e-01 1.683042933149208609e-01 1.926448757932341105e-01 2.226509282118976085e-01 2.171660397232121620e-01 1.913703228043128757e-01 1.579832504379614089e-01
1.336636741315749555e-01 1.418428982404062455e-01 1.652263472661822385e-01 1.781661432970094439e-01 2.157283251682054204e-01 2.088370771166020157e-01 1.816363013416896210e-01 1.501717403017241437e-01
1.253781231129227069e-01 1.360490194971463451e-01 1.549499223817069615e-01 1.735458607009411069e-01 2.084230303989691724e-01 2.044144909482250305e-01 1.755678250490528836e-01 1.484916846571635030e-01
1.242408329729933480e-01 1.307865968057103367e-01 1.500790880918783932e-01 1.677254717579918786e-01 1.991136768196202500e-01 1.942216063510717738e-01 1.707914698534708509e-01 1.409330315726847194e-01
1.191252696252085991e-01 1.276270319445256818e-01 1.449160220018073653e-01 1.619743559021726564e-01 1.897067018206832489e-01 1.909564046338096122e-01 1.639436781165032331e-01 1.375866780336829909e-01
1.164304473449769561e-01 1.215339993902882915e-01 1.407706859418182965e-01 1.546690953383780820e-01 1.785045862891033730e-01 1.825473178506861471e-01 1.596762917258522652e-01 1.306486528904061140e-01
1.111866293559446855e-01 1.196625896107710724e-01 1.357379641306388496e-01 1.491291754133483305e-01 1.721512614941516361e-01 1.761558752056633093e-01 1.531502830282248928e-01 1.268374224260836736e-01
1.089203137454326786e-01 1.166745340216186200e-01 1.336062953323469971e-01 1.461485936937139685e-01 1.671480470096518289e-01 1.661697471412775795e-01 1.486144604326105623e-01 1.242275113429967409e-01
1.046882559462678913e-01 1.123448611752979748e-01 1.281262679096316637e-01 1.401745355839029428e-01 1.593432121335171259e-01 1.600296133987540170e-01 1.398970416151249507e-01 1.203682484648390810e-01
1.045150197054196262e-01 1.077452088913281175e-01 1.224888027509579425e-01 1.347029340849807688e-01 1.523766077366979776e-01 1.546628132156221969e-01 1.357824946278789746e-01 1.194823636317928345e-01
9.861226904256059633e-02 1.072172253601833686e-01 1.190670279026396217e-01 1.276007140095017089e-01 1.448220941551752461e-01 1.487349088753732451e-01 1.330972280327554214e-01 1.135590520430814765e-01
9.633085363051470396e-02 1.038018148698455073e-01 1.161589790939816930e-01 1.245570591517857206e-01 1.383845882612833034e-01 1.438112171111217696e-01 1.266240658967391353e-01 1.096590917526026748e-01
9.292050374976724980e-02 9.931904991234506708e-02 1.143814853412851301e-01 1.199168690376269247e-01 1.343616583408453469e-01 1.393185640149842142e-01 1.214414842188512866e-01 1.055441853039856964e-01
9.273353971068244717e-02 9.689740649132896899e-02 1.087298119065616409e-01 1.182993536998513118e-01 1.275129429273124115e-01 1.324938135113618021e-01 1.189469725630171310e-01 1.055011271885057389e-01
8.894619428016192764e-02 9.213406976245425151e-02 1.031159633796656233e-01 1.117748933679917345e-01 1.238753200516184427e-01 1.297596807065217184e-01 1.141064956401845881e-01 1.032946260349219825e-01
8.513373700102974673e-02 8.832713333601804884e-02 1.027285623155486938e-01 1.082963309008110192e-01 1.183196640740642736e-01 1.226422702680878551e-01 1.079828861103421939e-01 9.876231022715346863e-02
8.363465763456609525e-02 8.648346875080242802e-02 9.802674808823340358e-02 1.053025415583756647e-01 1.127285313067339229e-01 1.176041127691216243e-01 1.046057574825199760e-01 9.940262209695038820e-02
8.162188980562046225e-02 8.409404451884920639e-02 9.305087797695181517e-02 1.011737603137162073e-01 1.062828530519129566e-01 1.139889749851313583e-01 1.037185475676745405e-01 9.642777189554600781e-02
7.902987441630282550e-02 8.251540207394419957e-02 9.069344572378898461e-02 9.840399717474974939e-02 1.025518105458800289e-01 1.103120154686868387e-01 9.811895945322018919e-02 9.352779497535466946e-02
7.674815774302269633e-02 7.970182519719641590e-02 8.899077321908431537e-02 9.576937859058137770e-02 9.795257448247805809e-02 1.068350599918138771e-01 9.565366430295164923e-02 8.854147053495547981e-02
7.506581014067832680e-02 7.832147630334175548e-02 8.486546420078969200e-02 9.255895893431492771e-02 9.351405233878573586e-02 9.997509120642261715e-02 9.151000062406389191e-02 8.799185299686664019e-02
7.241704146004401821e-02 7.388743731557634309e-02 8.208895508201413671e-02 8.672144131397638289e-02 9.122564270867412894e-02 9.737962999608516801e-02 8.903681437174479352e-02 8.400094040432570797e-02
7.102063234349710596e-02 7.181614280115562743e-02 8.023971362974728627e-02 8.532601916871829228e-02 8.874104659703851983e-02 9.449515755720964971e-02 8.784269774532653396e-02 8.212761718172266467e-02
6.978008715458029754e-02 7.001780630519822968e-02 7.909313048952956726e-02 8.222050327694122029e-02 8.491526926596333624e-02 9.022500907635377931e-02 8.259040673152949485e-02 8.213502569858681379e-02
6.569644118889951534e-02 6.960722175359863872e-02 7.515732484184672879e-02 8.010706694229788316e-02 8.163513416997789096e-02 8.878572513685584200e-02 7.880231200369246236e-02 7.904970592764330728e-02
6.419416645457630410e-02 6.659397881487311155e-02 7.296561064921532058e-02 7.730414169418126091e-02 7.781107521279863326e-02 8.467671680855005933e-02 7.640664552193827952e-02 7.638640226599738292e-02
6.386415211696959415e-02 6.462268124259477886e-02 6.962948671454854965e-02 7.412901010517823630e-02 7.393674774804023797e-02 7.958506920694352615e-02 7.388993465539181460e-02 7.688280395594407346e-02
6.293037879139765089e-02 6.271172611698590249e-02 6.801407521767934006e-02 7.213432723436022376e-02 7.252762367580999070e-02 7.769775963778875749e-02 7.078048613856566251e-02 7.197807388802546225e-02
6.148220826745071782e-02 6.012923219943219072e-02 6.610200142198635609e-02 6.942948163080993329e-02 6.932045760988693461e-02 7.373623400675494155e-02 6.889291611361633705e-02 7.234022352430555247e-02
5.809049574802607058e-02 5.757803514779332582e-02 6.313665894199364803e-02 6.795086801571821600e-02 6.697486424430401653e-02 7.035598543542243011e-02 6.726350339601487593e-02 6.986975482408330773e-02
5.619640930234557491e-02 5.754294716102233836e-02 6.286434768941361051e-02 6.409939438549440427e-02 6.414620567343225221e-02 6.651685711537458356e-02 6.432953970972533908e-02 6.973255063329208969e-02
5.439222498105844572e-02 5.561964930993335693e-02 6.092137801886135517e-02 6.356930139136104940e-02 6.265123149141323122e-02 6.603425481108557427e-02 6.297101439594733618e-02 6.707555716348460872e-02
5.500593899858856328e-02 5.484237248330578463e-02 5.793690412313454163e-02 6.110918023487032363e-02 6.054244922541057033e-02 6.290510545889994864e-02 6.104222482295362795e-02 6.713269615504349752e-02
5.284524900498998451e-02 5.238705082494407583e-02 5.733979601410024024e-02 5.956999863892521729e-02 5.824061209950054385e-02 6.034425579428856490e-02 5.908172514497134209e-02 6.538005959549844648e-02
5.082405465637729325e-02 5.190016859668796639e-02 5.508829084131626475e-02 5.553943240480113674e-02 5.603689190194392766e-02 5.801807239743098088e-02 5.528312359614277749e-02 6.394292995534726909e-02
4.963934115687421156e-02 5.024002453868784551e-02 5.348076741873184631e-02 5.455496651785714940e-02 5.452880321383318796e-02 5.598984643143822132e-02 5.601407713809256061e-02 6.451230880688726965e-02
4.915254297816103179e-02 5.014627021655701511e-02 5.210854628531304961e-02 5.228224062768400265e-02 5.268924363153426604e-02 5.309322163659387778e-02 5.224616294482264250e-02 6.201096380196424729e-02
4.796048307866106891e-02 4.776402080022468244e-02 5.022477079028925956e-02 5.094543613131393561e-02 5.074251091316497181e-02 5.046931183077092709e-02 5.116414673157820836e-02 6.232236145145131356e-02
4.622359434134697825e-02 4.602831192598998145e-02 4.864816890421138490e-02 4.971230766612200203e-02 4.823978882403610891e-02 4.877292974181476198e-02 4.874161552411606507e-02 6.075959614292449767e-02
4.479873435105771740e-02 4.544756704177767281e-02 4.789880395358007276e-02 4.811307585209382426e-02 4.733455077282772844e-02 4.741882165765534674e-02 4.743281246666169321e-02 6.063719012220298438e-02
4.505723276435424224e-02 4.399775820404011606e-02 4.704500313749681445e-02 4.671155857740585254e-02 4.517689774301184014e-02 4.577290922301621018e-02 4.694268695378708139e-02 5.709829884016115464e-02
4.334322903761703150e-02 4.369915983922669639e-02 4.434904909495603065e-02 4.508436193869192615e-02 4.419201576793167080e-02 4.334513943683940274e-02 4.442312132637456223e-02 5.612497022152246329e-02
4.234566492703428775e-02 4.266985160066971705e-02 4.311061986666252926e-02 4.291368381897464612e-02 4.202155647211566758e-02 4.145970567659808259e-02 4.378626921021929602e-02 5.657567733373397578e-02
4.176002764707683473e-02 4.127556955108491188e-02 4.284610416989764053e-02 4.184889266141356839e-02 4.091172623091356153e-02 4.011282027781667980e-02 4.275921772024993822e-02 5.753090588588207627e-02
4.111924990180924194e-02 4.045379294365838291e-02 4.138862097464719725e-02 4.124784344450382195e-02 3.997468547595368904e-02 3.913486954838545778e-02 4.103812161283813820e-02 5.383928791695288124e-02
4.022916763939084900e-02 3.963997608094703418e-02 4.015803839862371050e-02 3.958024117920803248e-02 3.799437729315239404e-02 3.800615220020823332e-02 3.929839677428952072e-02 5.491504038696078810e-02
3.911492023970554455e-02 3.881838425886996458e-02 3.852586351785147745e-02 3.856620418336086098e-02 3.767426497240267819e-02 3.573054917418078125e-02 3.753125880667584902e-02 5.310083944561919123e-02
4.042898865407230230e-02 3.777243590482496499e-02 3.807165140749663862e-02 3.736855355053296524e-02 3.521010919464350603e-02 3.438257404925752769e-02 3.745453149629078549e-02 5.487236884209540505e-02
3.678245459093610475e-02 3.686348858966245756e-02 3.709694334698207530e-02 3.599815962343636683e-02 3.403782913943877164e-02 3.311051116383737641e-02 3.615743090499203005e-02 5.374183278142817544e-02
3.802503499217113614e-02 3.655927279468779156e-02 3.677163474442687874e-02 3.481334985181099712e-02 3.306289135239935673e-02 3.240930580635634217e-02 3.461924400951810893e-02 5.229170427375332691e-02
3.658609184777630863e-02 3.632536179702067908e-02 3.492734560769494845e-02 3.371857187009395102e-02 3.196035068155086284e-02 3.033846971640031739e-02 3.413112966947021848e-02 5.014979427412110530e-02
