nan nan nan nan nan nan nan 0.000000000000000000e+00
8.027876281738281250e+01 nan nan nan 1.049714584350585938e+02 1.756703758239746094e+01 nan 3.949793815612792969e+00
1.077597778320312614e+02 nan nan 1.892320963541666572e+02 nan 2.752967529296875000e+02 2.472093200683593750e+02 5.978931477864582575e+02
1.742624053955078125e+02 nan 1.917171427408854072e+02 nan 2.927319946289062500e+02 3.439089965820312500e+02 6.747500000000000000e+02 3.572714233398437500e+02
3.108013916015625000e+02 2.421742146809895644e+02 nan 3.119714355468750000e+02 nan 4.383249918619791288e+02 3.037163492838541288e+02 3.248907376802884528e+02
2.822622514204545610e+02 2.747812011718750114e+02 2.505523332868303328e+02 nan 4.289843306107954390e+02 5.055159505208333144e+02 1.343734375000000000e+03 3.319162286931818471e+03
2.270507202148437500e+02 2.900844726562500000e+02 3.361129638671875455e+02 3.846756896972656250e+02 3.771348876953125000e+02 1.102730712890625000e+03 1.352406127929687500e+03 1.746750434027777601e+03
1.495434366861979072e+02 2.818200683593750000e+02 2.244166259765625000e+02 2.507067871093750000e+02 3.118855202414773089e+02 1.435106520432692378e+03 1.665109375000000000e+03 1.813004166666666833e+03
2.593707596628289593e+02 2.843617117745535552e+02 2.780209960937500000e+02 3.200197566105769624e+02 1.247983816964285552e+03 1.400201497395833258e+03 1.397665715144230944e+03 1.308919323979591809e+03
2.377228048573369392e+02 2.624399038461538680e+02 2.495686753216911598e+02 3.555838012695312500e+02 9.221989257812500682e+02 1.094488574218750045e+03 1.035789713541666515e+03 1.334315282534246535e+03
2.361328125000000000e+02 2.028715277777777715e+02 2.709513494318181870e+02 7.219353770380434980e+02 1.195581571691176350e+03 9.906981534090909918e+02 1.108796365489130494e+03 1.242972909902597394e+03
2.151911670918367179e+02 2.309610731336805429e+02 2.322789481026785552e+02 6.415423828125000227e+02 6.253903290719697452e+02 7.527212611607142208e+02 9.912157505580356656e+02 8.972279177295918089e+02
2.398483126280737849e+02 2.072699599847560989e+02 2.520156693892045610e+02 7.218243771114865694e+02 6.644812644675926094e+02 8.436071579391892783e+02 7.871937934027777146e+02 1.084863636363636488e+03
2.004198344216417809e+02 1.853712842987804947e+02 3.483961971507353041e+02 5.294827586206896513e+02 6.074790798611111313e+02 7.033564157196969973e+02 7.496900337837838606e+02 9.336756465517240713e+02
2.013933214785447774e+02 1.921690383184523796e+02 3.234620442708333599e+02 5.739983865489130039e+02 5.616177083333333258e+02 5.980234375000000000e+02 6.227512668918918735e+02 6.952309992283950351e+02
1.545531470070422699e+02 1.599072265625000000e+02 3.405636220079787222e+02 4.854898274739583144e+02 4.888532092524509949e+02 5.117630468749999864e+02 5.797389453125000500e+02 6.406169433593750000e+02
1.527786570581896513e+02 1.577505527712264097e+02 4.402082609953703241e+02 4.091032764668366895e+02 4.719824594350961888e+02 4.843115857712766115e+02 5.469017310049019898e+02 5.161140942258882660e+02
1.410616514008620754e+02 1.531999162946428612e+02 3.628282696759259238e+02 3.494760142543859729e+02 4.392042846679687500e+02 4.511991299715909349e+02 4.346498046874999659e+02 5.553950803212850360e+02
1.412152049443492956e+02 1.380930001395089164e+02 2.945334201388888573e+02 3.393031579442771317e+02 3.967292317708333371e+02 4.274609995039682531e+02 4.476743977864583144e+02 4.653430706521738784e+02
1.387533355316558641e+02 1.512896484375000057e+02 2.631457722981770644e+02 3.548348410087718889e+02 3.547849745639534831e+02 3.785931919642857224e+02 4.257125101461039094e+02 4.564850409836065523e+02
1.258940398977987485e+02 1.356136136968084998e+02 3.046150240384615699e+02 2.928991549744897611e+02 3.610294038955479436e+02 3.501806640625000000e+02 3.890737245858434221e+02 3.979126397763578211e+02
1.202151111421130878e+02 1.298184157151442264e+02 3.011964975421348072e+02 2.874755859375000000e+02 3.072434831373762449e+02 3.356075581395348877e+02 3.819370863970588061e+02 4.268938163129973304e+02
1.202412696379781352e+02 1.188351059715346594e+02 2.644195533608490223e+02 2.744972763761468286e+02 3.169704473586309064e+02 3.144062500000000000e+02 3.384074707031250000e+02 3.945085509950248479e+02
1.034282366071428640e+02 1.063514631885593218e+02 2.097360817849099135e+02 2.715655539772727138e+02 2.778261226365546008e+02 2.987681308962264097e+02 3.220107935855263008e+02 3.574942766853932881e+02
1.007251547759433947e+02 1.071973941200657805e+02 2.143136317172896952e+02 2.530887721238937900e+02 2.392994210379464164e+02 2.598790047268907415e+02 3.055661321271929864e+02 2.966824111238532282e+02
9.661194707306337648e+01 9.381392187500000546e+01 2.032395336354961728e+02 2.200543540396341768e+02 2.227415317062043698e+02 2.337213238856589044e+02 2.656042480468750000e+02 2.747443969500924368e+02
8.474728054470485006e+01 9.734116683467742348e+01 1.864175314832089612e+02 1.927698934188741759e+02 2.160625310019841265e+02 2.383011968085106389e+02 2.380134564568014639e+02 2.676161983944954272e+02
8.538816643370606130e+01 8.487280273437500000e+01 1.462856191293352595e+02 1.828030574483082660e+02 2.027910502958579855e+02 2.179138950892857167e+02 2.207815855061349737e+02 2.509633279914529851e+02
8.075653219063545407e+01 8.013225446428570820e+01 1.669843889508928498e+02 1.705943147590361662e+02 1.869715680803571445e+02 1.909417459239130324e+02 2.119613597972973196e+02 2.218684686495176948e+02
7.515841490963855165e+01 8.318125623337765262e+01 1.542012310606060623e+02 1.724094896145209646e+02 1.705506386060393140e+02 1.883107518991712652e+02 2.028388157894736707e+02 2.261491173323823318e+02
7.569674161585366789e+01 7.628126022578534560e+01 1.455274070945945937e+02 1.529012822690217490e+02 1.622874107142857270e+02 1.836883336509146432e+02 1.849823784722222229e+02 2.178755151098901308e+02
7.235376799508426870e+01 7.929979472257652162e+01 1.301480894183168289e+02 1.626898743872548891e+02 1.538310785060975547e+02 1.736550304878048792e+02 1.774037607230392268e+02 2.009633757961783260e+02
6.845211461715368273e+01 7.248540345712559940e+01 1.326093844353864597e+02 1.419672407670454675e+02 1.523245800781249955e+02 1.621477371369949765e+02 1.728383353960396107e+02 1.862328374846248380e+02
6.467933238636364024e+01 6.976719204215116577e+01 1.300050743869617236e+02 1.316382267441860563e+02 1.423824152542372872e+02 1.544622043918919019e+02 1.838825887940528787e+02 1.762786010882016114e+02
6.183337185650887591e+01 6.296476160922896526e+01 1.231981604487885562e+02 1.309780409611553864e+02 1.305268168604651180e+02 1.483603835809426243e+02 1.514732819264069121e+02 1.570523612593383120e+02
5.688571817366803884e+01 6.009613813920454106e+01 1.037559950086805429e+02 1.230507990867579906e+02 1.245953576263537883e+02 1.278639293721973047e+02 1.460624080882352871e+02 1.443020310932798509e+02
5.761909198395593279e+01 5.849852837456597143e+01 1.049057268415178470e+02 1.103617532950680271e+02 1.228935418941047999e+02 1.224663842429577443e+02 1.245170689445525340e+02 1.431643597560975536e+02
5.271002327127659726e+01 5.586472656250000313e+01 9.759417521909594484e+01 1.041065340909090935e+02 1.149630398671096430e+02 1.277172014508928584e+02 1.339931267891221296e+02 1.387041394274120876e+02
4.985146915211397101e+01 5.413207682291667311e+01 9.098967544212219138e+01 9.525779977605863280e+01 1.041090287012411295e+02 1.040265353136446862e+02 1.166554793792517017e+02 1.304057374894869668e+02
4.626279468201754241e+01 4.959933953536184248e+01 8.676425970873786753e+01 9.278971778298046047e+01 1.004553326038273724e+02 1.091181051587301596e+02 1.109918870192307594e+02 1.176001793654001517e+02
4.550788739859881815e+01 5.027919072690217206e+01 9.083920499213836308e+01 9.473338645513804579e+01 9.803445736821085177e+01 1.033759187397203902e+02 1.119941105769230774e+02 1.182005985086342292e+02
4.315991310047361651e+01 4.810640231918239351e+01 8.797192456570996910e+01 9.000071136182108944e+01 9.353298734065155884e+01 9.700121038732395107e+01 1.066241629464285694e+02 1.140409035120845971e+02
4.028330419580419886e+01 4.395668207212936096e+01 8.100817941654624121e+01 8.175905767994858309e+01 9.133911488702624126e+01 9.605312945156696003e+01 9.968042946927374715e+01 1.043931780329593266e+02
3.957773847067496575e+01 4.206801587481831461e+01 7.503306598062954436e+01 7.791009343019005939e+01 8.668945804471032091e+01 9.140943843482907027e+01 9.668276820231957913e+01 9.907342694256757909e+01
3.910412989409498863e+01 4.352480611313868764e+01 7.684029783788515999e+01 7.649047673357664223e+01 8.347808159722222854e+01 8.683512766768292579e+01 9.063942625661374564e+01 9.827522421524662377e+01
3.748631043822769016e+01 4.016566424503504606e+01 7.350261842305353355e+01 7.171021336488250597e+01 7.590185657596371982e+01 8.178463247963658489e+01 8.912372087531485931e+01 8.973822878510378587e+01
3.440870050465838403e+01 3.881399724685354613e+01 6.113467349646226268e+01 7.000856227784360897e+01 7.052682874689054415e+01 7.962884280742458998e+01 8.390838936430317574e+01 8.699377585697399695e+01
3.410685902863300356e+01 3.679493923611111228e+01 5.913625412995595099e+01 6.628774089935760117e+01 7.109828089808559071e+01 7.391342639048166063e+01 7.951388697687225715e+01 8.459515157807308583e+01
3.155594631168177244e+01 3.426641343682359064e+01 5.996483516483516496e+01 6.486672101702008320e+01 6.817407438858695912e+01 6.988293010752688872e+01 7.488070450165199077e+01 8.070746909340658704e+01
3.068920412101593698e+01 3.505353126691016996e+01 5.946098790322580641e+01 5.816822422204641185e+01 6.618734499007936734e+01 6.837110959685598743e+01 7.515308123703319154e+01 7.471075966119640555e+01
3.020525741577148438e+01 3.331757812499999716e+01 5.273284646739129755e+01 5.683776571584301962e+01 6.056178344470649932e+01 6.436006058673470420e+01 6.854327282934130494e+01 7.263128253594446448e+01
2.888304781626506212e+01 3.208077739197531031e+01 5.257564901770293631e+01 5.640976878795546412e+01 5.713566065630797652e+01 6.045928167148362320e+01 6.741486415578357594e+01 7.055903928064363129e+01
2.822781450320513130e+01 3.063121202256944287e+01 5.178100585937500000e+01 5.449749797952586050e+01 5.688524440661478820e+01 5.898252561240842340e+01 6.324479166666666430e+01 6.758058408774373049e+01
2.739958432136404554e+01 2.898953730008417295e+01 5.011725212545955799e+01 5.286946248829588058e+01 5.487016927083333684e+01 5.760062446397941471e+01 6.253090122767856940e+01 6.179382826475849555e+01
2.587204614459211882e+01 2.903206324658703252e+01 4.657613612728785313e+01 5.004184310677529623e+01 5.447359431003584262e+01 5.751510038566242855e+01 5.752102540737563885e+01 6.116424891540130204e+01
2.496660019428633959e+01 2.737271078530844193e+01 4.500899888933764714e+01 4.941276249999999948e+01 5.123317208195364003e+01 5.427732487922705218e+01 5.710253267973856595e+01 5.750967681086518724e+01
2.384876223644578275e+01 2.663629798030546425e+01 4.385916228341584144e+01 4.636964011270492136e+01 4.921966104233226957e+01 5.204291579445773408e+01 5.514879032258064484e+01 5.631734891792568476e+01
2.375623077460850041e+01 2.493906903115047768e+01 4.421662178806028010e+01 4.410194503881369599e+01 4.644825685060060039e+01 4.825881837480253012e+01 5.245769574721781225e+01 5.405366408035034453e+01
2.205248249504682789e+01 2.468369534889363237e+01 4.017262686670353844e+01 4.132706166255289304e+01 4.580590668672360266e+01 4.682968862087518147e+01 5.009087290756914257e+01 5.020685422960725219e+01
2.130251334519573092e+01 2.365266526442307793e+01 3.701878167229730110e+01 4.343952591226707938e+01 4.279356553819444287e+01 4.487043591654247621e+01 4.686623733108108070e+01 4.778967734657039301e+01
2.044620315798733401e+01 2.275762282644356915e+01 3.841001027653214095e+01 4.108846859056122014e+01 4.302335367489270368e+01 4.515728824013157805e+01 4.534128173483779989e+01 4.742401939655172072e+01
2.008969956852358152e+01 2.270067660923276875e+01 3.799044609586720611e+01 3.798192236889367734e+01 3.904981884057971087e+01 4.319728705847050776e+01 4.610031887755101820e+01 4.593180574267429961e+01
1.949819356310848306e+01 2.141022995283018915e+01 3.483064977134146289e+01 3.676305132515823004e+01 3.864518931098383092e+01 4.204235114020270458e+01 4.146223027064369404e+01 4.378032728384992112e+01
1.797965175653594727e+01 2.134170177902621646e+01 3.405075273722627571e+01 3.740840923366834403e+01 3.692562673825710107e+01 4.009940666971917267e+01 4.107065702639751947e+01 4.311974024220919688e+01
1.807768691588784904e+01 2.062584479429382256e+01 3.369868250157430367e+01 3.534399322851805891e+01 3.807893401501225128e+01 3.799804687500000000e+01 3.903368835830212191e+01 4.077773996577473525e+01
1.760610919076361824e+01 1.959822987886444423e+01 3.219193978658536537e+01 3.343069972025912762e+01 3.543742967842624836e+01 3.772919944221968080e+01 3.842680464181286482e+01 3.908184523809524080e+01
1.757518421519886331e+01 1.939669084143377731e+01 3.035231562137050076e+01 3.230760723386183741e+01 3.477663179678007310e+01 3.457137034730363467e+01 3.590642331484641403e+01 3.899216689862291219e+01
1.612846878535068029e+01 1.830496066433566327e+01 2.866013611469072231e+01 3.040238077606635159e+01 3.292681904224229328e+01 3.463679938360091626e+01 3.482149174528301927e+01 3.694393894538868750e+01
1.564121166822554621e+01 1.770729888532949658e+01 2.974436467989571042e+01 3.071492042226239860e+01 3.203757900280898951e+01 3.204861675663372012e+01 3.448270274474557340e+01 3.480787631863672971e+01
1.537783840013586989e+01 1.743232471446700771e+01 2.833419977796924982e+01 2.982186196515069554e+01 3.033549685594512368e+01 3.288862081290849915e+01 3.322893769862287883e+01 3.381556256529120219e+01
1.485477892287233992e+01 1.634403070037688721e+01 2.659540908524426683e+01 2.822008803041922675e+01 3.022206300133689894e+01 3.053356921225937270e+01 3.124111643145161565e+01 3.193134202944942146e+01
1.439809313595326579e+01 1.596046188872255378e+01 2.608355099502487562e+01 2.750217316799600908e+01 2.874275447512135884e+01 3.040336226273726439e+01 3.010656571061643660e+01 3.122655857115916689e+01
1.411679020842942833e+01 1.588402963729308759e+01 2.579444418762327373e+01 2.591321841690891503e+01 2.795723764677103418e+01 2.918047254247572653e+01 2.955596119301288383e+01 2.954286893100510980e+01
1.357505418571587974e+01 1.525877428009697212e+01 2.499174479166666529e+01 2.591011022914702977e+01 2.729666039069713790e+01 2.777811419930875658e+01 2.892267720860314739e+01 2.954184659749594033e+01
1.308818617536462980e+01 1.470278357728687624e+01 2.354959426795580058e+01 2.493113406584224379e+01 2.501684224504249343e+01 2.767961604420731803e+01 2.770990359643179701e+01 2.900321798424737452e+01
1.307523122507753577e+01 1.431454771823108807e+01 2.320263302896725222e+01 2.423373196546830499e+01 2.507160129676870497e+01 2.630910250334522971e+01 2.639028682641342627e+01 2.669874407748049094e+01
1.235725118028107161e+01 1.403897621070518298e+01 2.293408380681818315e+01 2.359803742702251839e+01 2.496446230786618514e+01 2.526913823272090909e+01 2.609065740842894954e+01 2.622403552304197305e+01
1.182491897407170356e+01 1.376768982332516345e+01 2.133422137209552716e+01 2.327385998448581361e+01 2.359693010892116050e+01 2.457884874682741128e+01 2.464366785139484861e+01 2.547274705462806210e+01
1.134326697813442486e+01 1.288752908909574479e+01 2.097843698644206967e+01 2.246108264337641458e+01 2.303183378757409017e+01 2.314718582681219061e+01 2.428235499379652751e+01 2.402372691207076016e+01
1.111732605502136728e+01 1.269949909545995226e+01 1.970164353226444831e+01 2.171915080415309518e+01 2.236880270337301724e+01 2.285086935377930217e+01 2.339024093225419776e+01 2.395770019825336306e+01
1.097703970073751911e+01 1.253564414218127610e+01 2.063147339060031626e+01 2.035760999902114321e+01 2.171891997381144179e+01 2.235916843429360767e+01 2.249671143164531628e+01 2.294305672372847837e+01
1.049705305366347474e+01 1.191473155568004749e+01 1.904444159836065609e+01 2.023434467197204967e+01 2.097492181576952319e+01 2.177608955938697477e+01 2.193507262906581090e+01 2.210539279927563783e+01
1.025541029104613244e+01 1.155548166074173722e+01 1.821389342350746432e+01 1.980161094529579557e+01 2.032352695610687121e+01 2.083061183608058542e+01 2.136063047632363876e+01 2.150609805793591534e+01
9.921010126466276446e+00 1.138918593391354150e+01 1.806513235609965662e+01 1.891342357073643399e+01 2.023542985232067437e+01 1.978865380970432142e+01 2.068218355144404086e+01 2.106505449981661471e+01
9.785997617763394274e+00 1.090151387281378526e+01 1.799439655172414021e+01 1.849501474157016290e+01 1.934238903817642452e+01 1.983150250345303789e+01 2.002613911108098321e+01 2.002129490849260662e+01
9.337892005788264171e+00 1.071632692066018855e+01 1.708840955151673668e+01 1.791773643384971493e+01 1.857238728207515166e+01 1.891395869755244874e+01 1.884426162941787908e+01 1.897917608742463358e+01
9.071697244447358699e+00 1.020169898184804680e+01 1.642307512856669049e+01 1.722890677858592667e+01 1.778597361943493027e+01 1.829154077717007709e+01 1.862639471121273615e+01 1.910522181825823651e+01
8.513030327690971788e+00 9.925171622651614456e+00 1.589212170231358279e+01 1.704363573378557106e+01 1.777052072999338606e+01 1.742687925032383589e+01 1.766876245019920333e+01 1.807131631161236385e+01
8.524750701691967691e+00 9.806185453011849518e+00 1.578730468749999893e+01 1.663700761992005184e+01 1.702294298816319795e+01 1.740145325960901346e+01 1.749430759194830998e+01 1.742009101292393680e+01
8.277865299419492118e+00 9.585121812660874596e+00 1.500774648238201436e+01 1.573442685287610665e+01 1.648418532959434302e+01 1.686869778653966279e+01 1.647113605950881521e+01 1.678912625549278204e+01
8.017897466319656274e+00 9.291462410143770612e+00 1.475694833887685675e+01 1.542137955569987717e+01 1.594445847195817478e+01 1.609031452796662265e+01 1.649921366121277799e+01 1.617345952427564626e+01
7.803943789664550934e+00 8.864805915250160595e+00 1.469741182383040901e+01 1.499609375000000000e+01 1.552801978735971566e+01 1.545769708806818343e+01 1.564012419871794712e+01 1.565207798613239198e+01
7.587211887732174809e+00 8.432986086603612819e+00 1.423711155455672639e+01 1.497002695540935768e+01 1.481889867070895406e+01 1.494111892708929545e+01 1.517369665327471218e+01 1.547566159077469017e+01
7.399530389182549683e+00 8.317426821876782839e+00 1.326208795215869252e+01 1.403106204236401489e+01 1.431460590180078896e+01 1.468180011094674597e+01 1.470392734008215996e+01 1.464685010861694359e+01
7.265722996120939747e+00 8.201688813840291914e+00 1.294557953742937961e+01 1.368641359471180863e+01 1.403433149651972123e+01 1.410351785586807516e+01 1.433845809455587350e+01 1.414581666133162585e+01
6.810596838662790198e+00 7.797349500207525708e+00 1.280496590124309542e+01 1.331259853209080646e+01 1.387624279913936753e+01 1.411153595055710319e+01 1.388040848709766983e+01 1.367848165288969042e+01
6.876872546247006390e+00 7.872069771468144239e+00 1.279876695570054856e+01 1.263517139889196805e+01 1.318055881076388935e+01 1.310637486126526063e+01 1.335963942969179996e+01 1.358391919841490569e+01
6.642173838244818107e+00 7.515992721221086192e+00 1.219952409318431208e+01 1.247642860786180741e+01 1.259093766116554924e+01 1.285934210526315802e+01 1.297034999999999982e+01 1.303479808531346507e+01
6.380118358865709993e+00 7.365382799912728373e+00 1.158763128890041472e+01 1.229330740844543968e+01 1.244369817156063007e+01 1.253529152237613076e+01 1.279797033361486491e+01 1.257304799194177214e+01
6.305300575240871730e+00 7.208288548079496927e+00 1.126290478370158787e+01 1.195195882909681018e+01 1.213241832744702364e+01 1.211835132087628963e+01 1.208109955795043966e+01 1.211156395123838969e+01
6.134337194362870171e+00 6.941022481411506462e+00 1.122051384451544287e+01 1.155923150510204067e+01 1.160219992154811663e+01 1.179358092350746112e+01 1.194727849404460152e+01 1.217673886334812927e+01
5.915608236651696217e+00 6.615037559373496912e+00 1.072395453163017010e+01 1.118680181047765920e+01 1.130253545416864114e+01 1.151645290320607096e+01 1.128122963474428886e+01 1.143816536346319168e+01
5.727131837878975951e+00 6.533338001533927297e+00 1.052631598725348816e+01 1.111343731309808724e+01 1.103990449680118147e+01 1.097095988737075345e+01 1.113956761197663070e+01 1.121843859795250786e+01
5.599312630817532721e+00 6.302764549683988804e+00 1.030981134231948992e+01 1.040905250940291360e+01 1.082767406472684080e+01 1.061245460852621747e+01 1.074833197571090082e+01 1.086278885016401219e+01
5.530987705610635352e+00 6.231956384812588290e+00 9.935042310063410653e+00 1.039090428120575815e+01 1.024989864568723696e+01 1.035250386292744906e+01 1.026647546536286448e+01 1.051433014619019524e+01
5.228488388439046730e+00 6.090739196635730934e+00 9.699884179327808553e+00 9.992054045475530444e+00 1.012030828272604666e+01 1.012123338846332388e+01 1.023426605375618514e+01 1.021786698828394258e+01
5.147646857075887539e+00 5.908118206521739246e+00 9.235603408194318575e+00 9.921904344343792204e+00 9.674977657979704659e+00 9.803834091918295357e+00 9.896921351336050776e+00 9.802501902051396598e+00
4.933993078309305780e+00 5.623552555536761588e+00 9.189883670291385087e+00 9.492550260767160353e+00 9.482797508354893878e+00 9.627847546728972361e+00 9.644805432192374184e+00 9.780185086423804464e+00
4.846531112788144746e+00 5.586905031657209086e+00 8.749887200147794530e+00 9.171816573183761534e+00 9.503859395824077794e+00 9.175574418854928638e+00 9.260603667996454291e+00 9.270081163100151400e+00
4.713342342613393576e+00 5.378709391920033944e+00 8.564238868593815113e+00 8.890879352630443933e+00 9.033101591281210929e+00 9.026785007911392711e+00 9.005309001373046129e+00 9.156142922598810685e+00
4.674703023758099540e+00 5.278403174798220299e+00 8.342779508133029154e+00 8.883098323170731447e+00 8.859467168060918496e+00 8.769238572264793419e+00 8.746019290689149628e+00 8.788415068797739593e+00
4.452730877108496799e+00 5.070364731057535934e+00 8.088886615661794011e+00 8.515746136226338692e+00 8.578228983955840548e+00 8.501498964608433795e+00 8.486247968305566047e+00 8.594234099496221191e+00
4.392768449165028954e+00 5.021003411046982556e+00 8.076185274162630989e+00 8.363303480691056890e+00 8.328801142068273933e+00 8.416208299222267541e+00 8.271453573594824249e+00 8.119094282346379643e+00
4.243845178433081955e+00 4.938746774513695925e+00 7.818357801802255480e+00 8.007302547730906994e+00 7.917668153035577028e+00 8.090243842845973532e+00 7.911962929163378178e+00 7.986497793534311995e+00
4.115843657808336609e+00 4.710991406249999791e+00 7.395068227762803481e+00 7.922001797408884549e+00 7.928481982655502414e+00 7.699738134353415475e+00 7.699628105665119904e+00 7.700170170261341873e+00
4.031453985610824908e+00 4.571086595138347697e+00 7.194033881941890307e+00 7.645728006545525979e+00 7.664730597398952128e+00 7.550163346711041612e+00 7.476928525701820760e+00 7.587668838862558829e+00
3.853459958356927118e+00 4.473233944954128738e+00 7.101290185604568705e+00 7.372926048489810924e+00 7.403706257131989155e+00 7.500578275351591273e+00 7.271938555822951677e+00 7.355897177419354449e+00
3.783952308768656625e+00 4.327163201943844406e+00 6.801451991432737820e+00 7.069001190875143337e+00 7.220599518369176018e+00 7.185188549741601705e+00 7.102726417824073657e+00 7.242416668576405314e+00
3.650187022989575425e+00 4.227844105883947989e+00 6.707662194903087460e+00 6.858747309899570155e+00 7.056876990445859477e+00 7.083664643829400198e+00 6.810878323015295166e+00 6.955016761906930078e+00
3.628344646282426034e+00 4.006545776757188371e+00 6.491495942864807134e+00 6.774244059273763163e+00 6.806404974716111056e+00 6.825777064732142740e+00 6.835697104664644641e+00 6.659621412303201815e+00
3.482873679804224576e+00 3.960886101973684070e+00 6.353288136149003229e+00 6.685835018702158017e+00 6.648933987657563272e+00 6.493617724867725371e+00 6.499552437368604885e+00 6.544580558851968988e+00
3.454360287293283704e+00 3.880547393830827918e+00 6.161531680545866863e+00 6.362087980344522720e+00 6.528257512121469652e+00 6.360470979110053769e+00 6.427354787646450518e+00 6.437916503863853279e+00
3.274754302345199708e+00 3.798883351293103061e+00 5.997185182620183852e+00 6.414367736152324362e+00 6.367355790280210037e+00 6.271104600694443754e+00 6.136064863445378492e+00 6.239943462784551365e+00
3.163194943163164741e+00 3.713280309382524624e+00 5.832340431949806892e+00 6.115050685063269320e+00 6.137067182938696241e+00 5.938115573821858284e+00 6.012448496139156440e+00 6.082954510052338115e+00
3.114285234968615423e+00 3.645186443718111846e+00 5.733411051155676397e+00 5.971497032402951710e+00 5.931245544699764949e+00 5.915374815815324538e+00 5.767542519472986129e+00 5.815388987439850332e+00
3.023183186848958037e+00 3.507499396575504580e+00 5.509379806913860200e+00 5.787246267275419243e+00 5.848409914880202010e+00 5.768956135228736848e+00 5.655985318320487565e+00 5.727048372422159694e+00
2.948289605889107712e+00 3.397483337149569849e+00 5.438444258905852813e+00 5.633870677233429269e+00 5.637633196721311357e+00 5.603360198945350312e+00 5.491230347833170100e+00 5.565222424115008337e+00
2.866033653846153939e+00 3.320714667573872347e+00 5.289569584627328958e+00 5.506443385866214513e+00 5.434533853363159750e+00 5.413169483721482322e+00 5.353725017329020730e+00 5.507052410881071225e+00
2.821072792473919399e+00 3.237742194796855433e+00 5.125353901644430721e+00 5.394669491857187360e+00 5.361244471601489536e+00 5.232748993481595612e+00 5.222856507893091305e+00 5.300610016292963245e+00
2.758500187125748404e+00 3.150466844512195053e+00 5.002058311658506007e+00 5.136754250605877203e+00 5.146143631969423815e+00 5.185496536726803996e+00 5.056622448213749621e+00 5.202562732253905864e+00
2.666420305817725822e+00 3.031468343223583162e+00 4.795993825379690989e+00 5.021192700662739483e+00 5.062433272737765222e+00 4.981569824947746028e+00 4.948210874288283101e+00 5.044235594534987932e+00
2.617095010596316662e+00 3.002321079269218984e+00 4.671277356072555342e+00 4.896195565574384290e+00 4.893444127973631375e+00 4.814257114539905125e+00 4.817610410886389971e+00 4.897599765041071862e+00
2.587139248328002239e+00 2.931661973619674733e+00 4.613355783315805425e+00 4.811902228730181363e+00 4.763416620778267330e+00 4.740975624638414487e+00 4.645877606437082363e+00 4.815665297889200502e+00
2.480771527628947037e+00 2.865849278104850129e+00 4.592525673783533158e+00 4.623679153020378685e+00 4.685526621181334228e+00 4.641847005756809530e+00 4.516336443762489772e+00 4.668917414689747858e+00
2.435509830026261646e+00 2.767950732040830530e+00 4.399771407995809902e+00 4.549742557542741039e+00 4.608330865991961289e+00 4.457932605638880830e+00 4.446741318459137560e+00 4.481860632183908066e+00
2.348469034252416154e+00 2.688631838642659311e+00 4.235869584025470758e+00 4.443578012434192814e+00 4.470208132902693698e+00 4.380007092532912871e+00 4.269821755007623842e+00 4.386704401725691760e+00
2.314597580002655697e+00 2.592296436674917270e+00 4.142083198659499921e+00 4.368938310327723507e+00 4.335056984031593785e+00 4.202340267061043022e+00 4.185298582779073406e+00 4.349508454455715878e+00
2.258929235229976129e+00 2.567066341305532795e+00 4.056594931651251734e+00 4.200719812414148713e+00 4.213866925827304044e+00 4.125206061241610378e+00 4.046520553691275168e+00 4.187185009749067710e+00
2.203798544285153316e+00 2.543118097304782221e+00 3.945583492842875906e+00 4.106660252115086784e+00 4.144023794714899900e+00 4.006710379464285765e+00 3.987092177997752618e+00 4.123375014543580797e+00
2.173441459210872395e+00 2.469516568791946032e+00 3.816623759354388579e+00 4.013924393322750639e+00 4.046219315142638884e+00 3.942101537216827989e+00 3.910052425185208680e+00 4.035172905050837144e+00
2.107888686439316039e+00 2.429692663094788596e+00 3.749895711967376588e+00 3.921363746559058949e+00 3.932722288396861110e+00 3.805253896454989793e+00 3.770009737643266412e+00 3.916416140511535193e+00
2.090752681075896291e+00 2.360247865405083800e+00 3.652038310802234289e+00 3.743526192828452892e+00 3.829783229798938038e+00 3.717961633147292666e+00 3.715351282482078688e+00 3.858795636052481104e+00
2.003576903423607725e+00 2.320301317058750090e+00 3.569702880859375149e+00 3.702986768436030474e+00 3.652063348407299070e+00 3.598742986259757970e+00 3.619811858441110530e+00 3.719669796314334587e+00
1.971859212672621320e+00 2.226527580057555689e+00 3.380519742683075979e+00 3.664449640733399516e+00 3.678821617763800678e+00 3.520919498277018889e+00 3.479178189528023601e+00 3.638313471452754744e+00
1.915662782834170352e+00 2.242130167563600729e+00 3.409691506163920138e+00 3.484105396855828207e+00 3.484699402753925312e+00 3.467358872851270313e+00 3.367559319250977623e+00 3.507144479478409682e+00
1.880661021460138249e+00 2.173015230869512315e+00 3.300732114779874049e+00 3.445762279207861045e+00 3.385718958135109702e+00 3.372432729244566829e+00 3.261502627446243086e+00 3.449875368792307828e+00
1.842556653255438048e+00 2.133445728662227481e+00 3.152643644725177108e+00 3.294629406584769438e+00 3.354852481839281531e+00 3.320897828027484344e+00 3.243014548684831411e+00 3.416085059623057418e+00
1.793012162932849929e+00 2.105344519667623260e+00 3.098625028467319797e+00 3.298124549711815678e+00 3.243516430412371143e+00 3.154777779007318372e+00 3.094720443403342180e+00 3.296314209687371655e+00
1.747709102978526996e+00 2.054220111925515013e+00 3.066232835188050565e+00 3.130175958243656797e+00 3.170824804135249586e+00 3.101327130229649676e+00 3.056062250335316310e+00 3.275918682524103787e+00
1.757262311260949783e+00 2.025079266719656435e+00 2.997965476308766863e+00 3.096928755733945327e+00 3.047782525866890246e+00 3.032057220270733655e+00 2.933539273262459890e+00 3.222788079610118928e+00
1.707826563746154713e+00 1.967579444679053990e+00 2.885396317039577330e+00 3.015492284824462299e+00 2.981752104737442899e+00 2.914097150095441346e+00 2.937112926136363544e+00 3.079481763611410017e+00
1.646020177362927273e+00 1.904393866045924089e+00 2.821921537794538803e+00 2.954474424016915624e+00 2.906992058296582471e+00 2.867085360092385571e+00 2.808473451935767695e+00 2.996037056453837888e+00
1.595836330634368139e+00 1.920289948988055828e+00 2.767137748157721067e+00 2.844387931511396683e+00 2.850618938278123515e+00 2.787097026923915255e+00 2.727888281077652799e+00 2.944402674575989920e+00
1.564672639894798101e+00 1.845642749540639782e+00 2.698957458125541997e+00 2.771019053020043366e+00 2.741492222119645383e+00 2.748521674800474823e+00 2.673855513072682655e+00 2.919110709066287779e+00
1.547740530803807468e+00 1.799120244565217464e+00 2.616286927250803807e+00 2.688207695533654906e+00 2.720075425765971389e+00 2.618402079983922714e+00 2.607147496535919817e+00 2.805834908658993321e+00
1.512524941353009078e+00 1.775885129752646341e+00 2.491613215231113898e+00 2.639352664001305193e+00 2.633766013198757694e+00 2.618539409355179703e+00 2.576471898296409435e+00 2.798114948589506934e+00
1.461253120231267078e+00 1.749005754069175911e+00 2.501507175429184215e+00 2.572696890782828483e+00 2.561345843047901472e+00 2.510668534437980437e+00 2.475476774309176342e+00 2.714412486297436811e+00
1.443461378444021781e+00 1.693227455131445902e+00 2.433466855472790957e+00 2.487855976108764633e+00 2.490694514661274006e+00 2.436705313072460743e+00 2.416759982187434819e+00 2.702922508435151361e+00
1.421468065399484670e+00 1.666236940065065175e+00 2.367473037747153786e+00 2.441161479522226507e+00 2.475812155893148514e+00 2.387198521119540562e+00 2.356249921371779354e+00 2.634161580947219861e+00
1.386404117714959972e+00 1.621064769278327322e+00 2.294369034062624380e+00 2.352442054280615480e+00 2.349520364886569013e+00 2.321454276266858407e+00 2.308469556088782237e+00 2.557500132938791637e+00
1.350063713592233094e+00 1.597093327030254750e+00 2.260165935562887363e+00 2.326597392429194056e+00 2.330355537715731007e+00 2.244504430970148956e+00 2.248161196732252343e+00 2.499560327038519603e+00
1.323737531731966843e+00 1.597077105644527428e+00 2.195860015994334891e+00 2.268289434085102307e+00 2.242728826775432172e+00 2.182796010846198786e+00 2.190530592588062486e+00 2.434551234586557200e+00
1.291327537258356362e+00 1.529140869714173734e+00 2.137451077429883828e+00 2.212774274924112827e+00 2.182399662990195832e+00 2.169781861374238563e+00 2.160437310368907848e+00 2.412559704487303502e+00
1.271271097391325045e+00 1.496789691091954033e+00 2.043350796597016128e+00 2.155154905113304764e+00 2.163036275567648659e+00 2.131181967228144014e+00 2.095419187300693764e+00 2.341425433227439790e+00
1.224375651225628747e+00 1.456140738537067714e+00 2.054925225801777611e+00 2.102257933601679341e+00 2.071702202016822980e+00 2.065118382336005087e+00 2.027071048126307673e+00 2.325225445378645173e+00
1.218813063168763033e+00 1.436060159679041659e+00 1.984629390977794561e+00 2.031960026605764025e+00 2.028173560329067815e+00 1.990915837472020167e+00 1.982959575955265619e+00 2.264733114207675424e+00
1.177973767938949035e+00 1.397026405452660880e+00 1.945396914119608800e+00 1.972646753153669774e+00 1.972782246351552304e+00 1.914719572063727338e+00 1.916645566424284297e+00 2.225636161226315579e+00
1.156759071649579695e+00 1.349321171265644770e+00 1.876876538782977999e+00 1.946850480704471975e+00 1.917073863636363562e+00 1.862943290374909688e+00 1.862103180190124441e+00 2.179883368845232372e+00
1.138698039112402416e+00 1.335934681129352208e+00 1.870179681882527367e+00 1.909262236411561453e+00 1.880203211603790558e+00 1.853530410605162215e+00 1.850889111768017958e+00 2.126892258243249234e+00
1.110082401842082511e+00 1.298503771117135663e+00 1.796407630152569546e+00 1.837708833867236047e+00 1.824184857033304130e+00 1.795112720893971003e+00 1.798587660540301281e+00 2.088771391781125253e+00
1.093268456293933877e+00 1.272340263872997701e+00 1.735418816979971801e+00 1.794203942431389143e+00 1.783302909521257584e+00 1.739008034219108101e+00 1.738629240211107208e+00 2.051252169288853899e+00
1.062144809445936700e+00 1.254170992294368459e+00 1.664736773586096730e+00 1.754393243362053934e+00 1.730408110499829455e+00 1.682718677433841625e+00 1.720262226168064235e+00 2.015421268052111969e+00
1.047016533227440371e+00 1.225869678499242221e+00 1.664008075381177898e+00 1.707859628464007962e+00 1.682796569898047379e+00 1.662082847825628429e+00 1.671395166522491316e+00 1.984413385309389044e+00
1.040123182735857021e+00 1.208679482726443322e+00 1.632014913082284968e+00 1.658567654528237068e+00 1.645527994791666559e+00 1.615661818753195700e+00 1.622142674938673812e+00 1.941402787158596821e+00
9.972552768813801594e-01 1.167384338886348516e+00 1.573076863289670113e+00 1.609543689220372498e+00 1.596826171874999867e+00 1.572120345855570145e+00 1.584246188002681022e+00 1.898532279592006322e+00
9.727484003101789511e-01 1.139953151957361133e+00 1.531592520850494132e+00 1.581501051334106567e+00 1.553968432689158075e+00 1.531736173094486952e+00 1.543514527991049601e+00 1.863909749526534432e+00
9.538030311018720342e-01 1.115646041067023031e+00 1.482826685245800524e+00 1.533221049450999685e+00 1.527260693093785981e+00 1.487013317051964156e+00 1.502814145548790670e+00 1.827498134520378681e+00
9.415461057152593183e-01 1.082738054386286120e+00 1.459020390523009247e+00 1.488910822856554184e+00 1.468886681044884179e+00 1.445759404144556948e+00 1.458675544834090676e+00 1.777393465620298540e+00
9.126965344598875207e-01 1.051503337039034536e+00 1.397221047206915978e+00 1.452517644260640006e+00 1.442631852667645598e+00 1.399603469765197783e+00 1.439143498335446969e+00 1.788045351462596022e+00
8.977444210438569883e-01 1.044528426204819338e+00 1.358523745951573103e+00 1.415684474502989953e+00 1.396127617826288247e+00 1.391990979764547331e+00 1.385449541352052893e+00 1.728367459022052133e+00
8.749221597254879246e-01 1.013805923297639300e+00 1.321974962845116508e+00 1.385704999285986228e+00 1.375093927022262630e+00 1.329344175336357958e+00 1.368954066515828183e+00 1.670958690976682703e+00
8.540511296948356534e-01 9.891820267147876100e-01 1.284585110279847786e+00 1.334936937628825149e+00 1.324109543010752787e+00 1.304008671791341722e+00 1.320889129638671999e+00 1.664719238566094939e+00
8.402085630416279427e-01 9.671221988464446806e-01 1.255340201126536215e+00 1.295569914433398973e+00 1.282911996543867783e+00 1.268612008777658229e+00 1.293573983505488689e+00 1.627707138679675980e+00
8.251089274431339105e-01 9.318886642249171182e-01 1.215135587823356955e+00 1.271962326519129771e+00 1.242218987908642935e+00 1.230552221295911464e+00 1.265195201244191381e+00 1.593340097555021373e+00
8.094541409598048354e-01 9.245033561647044706e-01 1.196051684266918658e+00 1.238258082832804474e+00 1.224951777243347584e+00 1.205848650589376403e+00 1.252146636704579707e+00 1.562157799586777029e+00
7.928977830348012956e-01 8.961691628103627405e-01 1.155994901537253039e+00 1.187927925369120175e+00 1.195654339569367730e+00 1.166078102360120328e+00 1.205526385548252088e+00 1.551074178930199610e+00
7.706966693244418076e-01 8.623877098015578779e-01 1.100258040602189791e+00 1.174640451338110569e+00 1.165408098803783377e+00 1.131181164322612398e+00 1.169665057773877415e+00 1.492373054403289157e+00
7.619801271815401789e-01 8.465357745427054548e-01 1.043161641043251597e+00 1.140129693631012797e+00 1.120007933877518402e+00 1.112714121638901155e+00 1.150239278160475775e+00 1.465642714209996811e+00
7.284991613382565401e-01 8.183024434840425743e-01 1.000536236800324996e+00 1.101439769472317254e+00 1.093748570186676483e+00 1.074049961419753174e+00 1.118090170832424679e+00 1.453370996505386037e+00
7.139717294095037081e-01 7.991509657148340162e-01 9.572751137430890456e-01 1.065528901132884787e+00 1.065521171345936713e+00 1.055384867025038975e+00 1.098919621500708654e+00 1.417446044757622037e+00
6.986781966075903405e-01 7.816559690336940536e-01 9.232086352129887930e-01 1.040977363388218002e+00 1.030817597220260007e+00 1.030782277960526461e+00 1.060249881312420817e+00 1.394932194434660211e+00
6.822527985074626766e-01 7.559553849791004199e-01 8.755182255697514515e-01 1.009006914164828350e+00 1.007130794297614207e+00 9.987042797282236206e-01 1.039382215194248449e+00 1.379249365645965897e+00
6.760853098662747973e-01 7.356119026688208162e-01 8.391969358766233622e-01 9.809749931933688938e-01 9.752361858623506130e-01 9.608710057248921466e-01 1.010118160010373467e+00 1.346882349889319208e+00
6.498076483613262067e-01 7.274863078244665493e-01 8.148573851240795696e-01 9.369145186495396738e-01 9.487941032471362002e-01 9.412823077456617948e-01 9.823957537763069459e-01 1.331322133778269023e+00
6.402289952133020101e-01 7.026628719327758787e-01 7.885671594210241775e-01 9.048471715328466614e-01 9.323264647905893376e-01 9.215100387047077124e-01 9.689511264656968104e-01 1.296992399875054991e+00
6.292719453289994380e-01 6.952499321297678225e-01 7.618083941457548525e-01 8.749585228425537098e-01 9.086540032679739642e-01 8.878387279034045676e-01 9.408162488818578861e-01 1.271321188099107768e+00
6.162263779893820681e-01 6.720989090260666154e-01 7.444965155072025276e-01 8.474181743950316426e-01 8.795918292210851419e-01 8.661982903610243589e-01 9.312794882057519041e-01 1.233006775966641433e+00
5.997993536335383125e-01 6.521078104812660925e-01 7.248963663598613216e-01 8.208731894675149743e-01 8.453048317835464287e-01 8.436261657124154434e-01 8.941291360294116863e-01 1.216237269616340599e+00
5.814405017844308521e-01 6.258604066596517024e-01 7.060414090693066802e-01 7.798161442943859489e-01 8.235169285991462695e-01 8.244680957808887545e-01 8.714967697831847993e-01 1.199977456165890466e+00
5.743886008013238120e-01 6.198141677255399884e-01 6.796039684084265176e-01 7.542049690925313188e-01 7.986982756202718470e-01 8.017654458050358368e-01 8.543814729286628440e-01 1.178847338260496924e+00
5.625501268099054597e-01 6.056993272569445308e-01 6.674727479039147537e-01 7.267421040837439561e-01 7.723457257692062372e-01 7.799691364140773908e-01 8.394943405706900563e-01 1.148559193899608921e+00
5.545045114640627659e-01 5.913092733771985188e-01 6.406497527191046260e-01 7.003119557473085344e-01 7.589545156813658489e-01 7.589245477996021672e-01 8.096784179197503706e-01 1.138753211726435621e+00
5.353791068819175880e-01 5.712408228133630805e-01 6.249726480202006940e-01 6.735237075593554223e-01 7.329733455882352366e-01 7.407783234934853800e-01 7.994498207141311763e-01 1.104516866194983349e+00
5.271019900734397190e-01 5.633034884311335366e-01 6.047161686494838539e-01 6.586473923365037120e-01 7.115771454800121631e-01 7.220886125261635202e-01 7.717775343452670800e-01 1.094242455872889375e+00
5.174480843066029401e-01 5.504759207355406359e-01 5.861446607254534591e-01 6.341597435353883983e-01 6.901230568685261524e-01 6.949944832868235611e-01 7.611154337128224201e-01 1.067331817767099622e+00
5.025542943148337827e-01 5.347253074518657501e-01 5.724054517927809060e-01 6.150756568434988525e-01 6.723078771208907956e-01 6.780557234891591012e-01 7.425101259238673368e-01 1.053905476299441757e+00
4.995261192611735734e-01 5.167795714645267990e-01 5.586546400417558011e-01 5.848629078035372242e-01 6.514123856316377248e-01 6.634387123330927061e-01 7.189645469366997554e-01 1.039182699503113039e+00
4.841717853638284885e-01 5.039239931129070316e-01 5.427076231758549696e-01 5.623870770752583681e-01 6.322273586107337584e-01 6.478815538757518588e-01 7.013795083463649771e-01 1.012956499255184273e+00
4.758666774918183795e-01 4.967828658420342380e-01 5.284159308867307780e-01 5.456831867052278628e-01 6.128134172963740633e-01 6.248570967730143755e-01 6.861084300210220643e-01 9.867303923186364623e-01
4.638046982895039916e-01 4.803804492850041186e-01 5.102230470571944565e-01 5.286113410596026130e-01 5.865787146226414395e-01 6.101986179289388135e-01 6.621882977011743776e-01 9.768991577435361950e-01
4.512980157121315727e-01 4.681282874381187953e-01 4.960430326246545452e-01 5.134026649950028665e-01 5.685314857650598519e-01 5.934982134722697200e-01 6.562882240372475140e-01 9.620477365616244558e-01
4.439612475269016367e-01 4.558979139772859068e-01 4.829460616795527850e-01 4.996935279965951104e-01 5.472586888740135214e-01 5.754597206586998803e-01 6.345271852329403828e-01 9.416071288895841995e-01
4.400143963200440211e-01 4.497915872713414420e-01 4.771563311922632500e-01 4.889290804768898213e-01 5.369733205324312975e-01 5.616256753163139104e-01 6.260264978387188872e-01 9.257460506307727544e-01
4.277899384152135109e-01 4.360265880214655998e-01 4.617976651308090541e-01 4.750896018987967873e-01 5.128577174669687322e-01 5.427937947469197999e-01 6.085573759679357986e-01 9.057233207112854734e-01
4.261933595954678911e-01 4.286247939215672709e-01 4.483067424915922472e-01 4.601483130834705948e-01 4.972035991993628556e-01 5.252143375781948009e-01 5.893840703202857245e-01 9.070719064675857313e-01
4.138803570806631194e-01 4.200505271433638832e-01 4.370925741542791565e-01 4.451974024365401572e-01 4.781181755438962955e-01 5.160931350095006032e-01 5.803574949591243648e-01 8.907675943435008348e-01
4.105937186664438410e-01 4.094308407596425892e-01 4.252611601971353350e-01 4.355294363839285476e-01 4.630007604336596194e-01 5.009670366273016873e-01 5.597444484544836785e-01 8.597812979307489778e-01
3.991881704028568123e-01 4.000806051587301182e-01 4.214336556261527589e-01 4.222293091153510591e-01 4.505182771601228819e-01 4.904375510292857676e-01 5.492427103871813099e-01 8.537183137476396233e-01
3.925215433852320412e-01 3.895709725809923807e-01 4.033569361838266198e-01 4.125365446724358343e-01 4.377853571211998696e-01 4.729799875844324930e-01 5.382493022037764252e-01 8.440630444250871722e-01
3.849438642960453238e-01 3.801113674440197987e-01 3.947002373315189327e-01 4.012554921080909720e-01 4.211835203257901505e-01 4.607571268619162219e-01 5.246541974521455876e-01 8.326978749270247393e-01
3.782309881349039671e-01 3.743593951353093030e-01 3.864417579259438740e-01 3.891914344104016599e-01 4.118956422473038503e-01 4.472473554586562927e-01 5.133208150440261575e-01 8.170804888587883674e-01
3.730859027632473790e-01 3.651097469282816310e-01 3.732241360735590319e-01 3.799995509469597521e-01 3.947673000489030359e-01 4.336561897974591240e-01 4.963733614505499991e-01 8.064048481655764489e-01
3.661273770119418680e-01 3.575033302131336299e-01 3.633390813257827978e-01 3.668203639085543810e-01 3.811151898146942774e-01 4.220284843523737783e-01 4.884697041370610338e-01 7.898909115205331455e-01
3.621602769453342585e-01 3.549202371759165864e-01 3.561494372547395759e-01 3.595750146509122946e-01 3.689835939489938821e-01 4.082859443288323620e-01 4.729972733994211587e-01 7.748654616511581050e-01
3.585278807791415501e-01 3.399687825223372539e-01 3.471359357652906708e-01 3.538625917946856547e-01 3.577958839501967914e-01 4.033417792256827616e-01 4.668481739935097519e-01 7.618491135870668618e-01
3.544085815013106600e-01 3.386661825638024315e-01 3.379595875198683208e-01 3.423372206804415341e-01 3.456534824265289907e-01 3.878533577019538936e-01 4.522406819458312244e-01 7.546170325125709510e-01
3.524804909709512435e-01 3.287876989421145146e-01 3.293658051059712433e-01 3.290166899913877785e-01 3.392500365694836040e-01 3.776959773189508818e-01 4.409924703931051848e-01 7.444513372737232570e-01
3.474384404964073747e-01 3.236569611657898471e-01 3.204963604455570714e-01 3.230593188134138760e-01 3.265010773377585163e-01 3.659428634042815043e-01 4.345746023586977702e-01 7.395054676715638875e-01
3.426034633031735388e-01 3.161815853142699306e-01 3.194214691004614859e-01 3.148366159440009748e-01 3.175499382920152769e-01 3.578240922886690711e-01 4.221420534991909834e-01 7.239789657743540552e-01
3.390030315468689492e-01 3.103082543201523547e-01 3.085226839305998947e-01 3.095602663407414634e-01 3.070560375089627092e-01 3.497164579277233232e-01 4.084300799379955160e-01 7.148325492156816230e-01
3.377753955485262582e-01 3.022768384194333136e-01 3.024958561875955576e-01 2.969362162348071488e-01 2.998112685581086900e-01 3.396843006562138556e-01 4.013013613488428111e-01 7.030307331463029330e-01
3.324673207736138503e-01 2.998960724600118199e-01 2.923363200537786866e-01 2.900548836451918300e-01 2.881314544620088847e-01 3.261181584863913629e-01 3.908425995797821795e-01 6.951546427938046779e-01
3.290834410489920647e-01 2.933050929141552410e-01 2.870228420981804640e-01 2.832298719104777707e-01 2.823918559735191236e-01 3.204031041647102951e-01 3.801488962778512004e-01 6.843281435020722725e-01
3.263272566839596767e-01 2.854894779592424547e-01 2.807095893236004613e-01 2.775750724410510073e-01 2.745225794589293833e-01 3.105296649372191742e-01 3.721486965159278570e-01 6.835780534529483088e-01
3.215536453073356560e-01 2.799581045127776946e-01 2.763923412454831752e-01 2.716847966383661994e-01 2.666769159628775698e-01 2.998651478099030321e-01 3.632900315483915676e-01 6.742524337848180283e-01
3.191940231347732415e-01 2.779927065387683971e-01 2.687829519282875501e-01 2.640683757725046932e-01 2.593022958207694684e-01 2.910162816572180455e-01 3.550519801732230918e-01 6.635318475602071109e-01
3.184331756061299368e-01 2.729308158588684141e-01 2.640007942273338570e-01 2.578508068578720946e-01 2.554379083463697575e-01 2.850224567909251383e-01 3.510643328915868389e-01 6.573216501993783822e-01
3.172893721374478448e-01 2.683378965573074426e-01 2.562908598759369716e-01 2.503745448750344660e-01 2.467525988498945611e-01 2.755459832183221880e-01 3.411302858044487074e-01 6.534638398290473216e-01
3.201011759467886630e-01 2.654464660234899243e-01 2.538881477809464271e-01 2.458375960717927300e-01 2.409644521340151280e-01 2.670178851130481923e-01 3.299464561083870762e-01 6.448411399398373822e-01
3.137043003194798785e-01 2.587660019007106404e-01 2.462112566324038687e-01 2.358563473279065570e-01 2.326506263499515115e-01 2.600839706808720231e-01 3.227787590178808341e-01 6.410343743087812962e-01
3.141655429446763570e-01 2.538645069769495666e-01 2.410052051236904747e-01 2.315499872547398807e-01 2.279725546771705635e-01 2.520780281222320673e-01 3.188629150390625000e-01 6.373201632693668017e-01
3.108993895265982910e-01 2.527003238075657965e-01 2.379858313222622257e-01 2.270445874075052994e-01 2.234169617573344424e-01 2.453469282392829187e-01 3.081970826951796472e-01 6.249519385194137744e-01
3.079908804530560595e-01 2.464206265755151393e-01 2.330025027865376408e-01 2.219918253476662329e-01 2.170351412115014422e-01 2.373713325438653043e-01 3.022740582960247169e-01 6.168419747779703144e-01
3.106073956675769465e-01 2.446829950040119717e-01 2.273744114320286336e-01 2.174282152096949638e-01 2.081619718123784712e-01 2.315352288959980909e-01 2.930676239297762553e-01 6.215472788436809948e-01
3.045532403219970985e-01 2.379773750183546144e-01 2.233421267001015620e-01 2.110354022355163672e-01 2.050274229193617959e-01 2.265607007892973812e-01 2.881374035189255278e-01 6.034295501465103406e-01
3.046818657447967760e-01 2.360579198303631165e-01 2.202289691328809806e-01 2.069182794554798865e-01 1.996755120456644161e-01 2.198793378706271340e-01 2.803116930945445118e-01 5.997032239363841999e-01
3.062364456699949167e-01 2.323644553801141877e-01 2.158795721065683015e-01 2.033017624889733865e-01 1.954735039599317103e-01 2.131144700659550473e-01 2.777334043600488966e-01 5.941764980575772181e-01
3.064557722975955190e-01 2.304269412212239243e-01 2.109199228447740937e-01 1.965137650492474186e-01 1.890101013511767125e-01 2.065501463832815632e-01 2.703434455854567542e-01 5.879749534739454608e-01
3.011335365293540955e-01 2.253377790132422287e-01 2.049351341178143049e-01 1.924932798678335999e-01 1.845866491977225521e-01 2.020016613960978480e-01 2.657205473672075713e-01 5.810541408371862060e-01
2.934888640596493015e-01 2.221342719956971024e-01 2.031153631347857591e-01 1.887870648401615836e-01 1.818834308700530145e-01 1.977598957275588931e-01 2.585774646470966887e-01 5.677709024303349006e-01
2.953772282219148670e-01 2.194621168722317994e-01 1.996622152606649381e-01 1.851477692225731997e-01 1.752642346020037434e-01 1.919432955786583295e-01 2.547623642529067700e-01 5.725314264893422989e-01
2.940058833061384158e-01 2.181971401306669889e-01 1.955160183538243446e-01 1.816469570054441152e-01 1.729952466957885293e-01 1.889198973587866148e-01 2.450983216432865430e-01 5.654651097218581501e-01
2.966405560458958424e-01 2.137580657853320742e-01 1.940786188863673212e-01 1.784341858947254555e-01 1.679776730664267748e-01 1.817308475058662109e-01 2.420883190927742290e-01 5.619682661088910569e-01
2.946430912182406714e-01 2.106779118198920664e-01 1.904356128673262982e-01 1.732767266752681390e-01 1.642670549253599233e-01 1.784309616749027716e-01 2.359322260175866770e-01 5.628906482805887679e-01
2.962030175692496048e-01 2.098566786329100486e-01 1.887364301505036202e-01 1.692672599277540713e-01 1.602039350688697072e-01 1.738506126463769119e-01 2.305944962064774006e-01 5.533113860666393213e-01
2.960208946005624120e-01 2.089283806619532391e-01 1.827748066477670741e-01 1.651333744100553780e-01 1.563814778620518653e-01 1.674827227671934760e-01 2.264948121735147479e-01 5.531606596581528645e-01
