nan nan nan nan nan nan nan 0.000000000000000000e+00
9.076120117187500000e+03 nan nan nan 5.887692871093750000e+03 1.788870483398437500e+03 nan -1.202718139648437500e+03
7.293037500000000364e+03 nan nan 6.108676432291666060e+03 nan 8.967439453125000000e+03 8.341145507812500000e+03 1.083295182291666606e+04
7.194321289062500000e+03 nan 6.480494791666666060e+03 nan 8.910667968750000000e+03 1.111757421875000000e+04 1.646113802083333212e+04 1.207253906250000000e+04
1.071162239583333212e+04 6.139501953125000000e+03 nan 8.356196289062500000e+03 nan 9.942336588541666060e+03 5.274265625000000000e+03 7.945590144230769511e+03
8.574348011363636033e+03 7.578295312500000364e+03 7.069024553571428442e+03 nan 1.047474857954545405e+04 1.193632552083333212e+04 2.010650446428571377e+04 3.916406534090909554e+04
6.155895507812500000e+03 8.156017361111110404e+03 8.399979687500001091e+03 8.068049316406250000e+03 7.654594726562500000e+03 1.547629101562500000e+04 1.522709375000000000e+04 2.103776388888888687e+04
3.981913411458333030e+03 7.021069010416666060e+03 5.692658854166666060e+03 5.805428571428571558e+03 6.933056818181818016e+03 1.574640384615384755e+04 1.960538352272727207e+04 2.191244166666666570e+04
5.753474917763157464e+03 6.026553571428570649e+03 4.994954427083333030e+03 7.371212139423077133e+03 1.362521986607142753e+04 1.539502604166666606e+04 1.638164423076923231e+04 1.668338520408163095e+04
5.249548913043478024e+03 5.952345552884616154e+03 5.493769301470588289e+03 7.682614257812500000e+03 9.896440625000001091e+03 1.239500546875000146e+04 1.223304947916666606e+04 1.689104965753424403e+04
5.246996323529411711e+03 4.451361111111111313e+03 5.268428977272727025e+03 8.654009510869564110e+03 1.298414797794117658e+04 1.149026278409090992e+04 1.334240489130434798e+04 1.583184577922078097e+04
4.452429209183673265e+03 5.316466145833333030e+03 4.768992410714285143e+03 6.647912500000000364e+03 6.812320075757575978e+03 8.887100446428570649e+03 1.231713839285714130e+04 1.135263010204081547e+04
4.902311987704918465e+03 4.156639481707316918e+03 4.665941051136363967e+03 7.654622466216216708e+03 7.505032986111110404e+03 9.788315878378378329e+03 9.778856481481481751e+03 1.428301325757575796e+04
3.863580923507462558e+03 3.557974085365853625e+03 4.391745404411764866e+03 5.508039331896551630e+03 6.780981944444444707e+03 8.051874053030303003e+03 9.178660472972973366e+03 1.190806724137931087e+04
3.712878264925373060e+03 3.675689732142856883e+03 4.162081944444444161e+03 6.130404891304347984e+03 6.170733333333333576e+03 7.022513392857142208e+03 7.885283783783784202e+03 8.839569444444443434e+03
2.839250220070422529e+03 3.088375000000000000e+03 4.148990026595744894e+03 5.244129557291666060e+03 5.396704044117646845e+03 5.948304374999999709e+03 6.961534999999999854e+03 8.557901041666666060e+03
2.824357219827586050e+03 2.747433372641509322e+03 4.709268518518518249e+03 4.456273596938774972e+03 5.211933894230769511e+03 5.889328457446807988e+03 6.563393995098039341e+03 6.915220177664974472e+03
2.452338577586207066e+03 2.712839285714285779e+03 3.756210358796296077e+03 3.834905701754385973e+03 4.765269531250000000e+03 5.330457859848484986e+03 5.652148958333333212e+03 7.207477911646586108e+03
2.533017765410958873e+03 2.443851562500000000e+03 2.994662202380952294e+03 3.635367469879518467e+03 4.599090624999999818e+03 5.033160218253968196e+03 5.370796875000000000e+03 6.309590415019762077e+03
2.419973620129870142e+03 2.696349218750000091e+03 3.183873697916666515e+03 3.844799616228070136e+03 4.019193313953488541e+03 4.594899553571428442e+03 5.314024350649350708e+03 6.065654918032786554e+03
2.283630306603773533e+03 2.534361702127659555e+03 3.269315384615384573e+03 3.183701530612244824e+03 4.150039811643835492e+03 4.281671164772727025e+03 5.016067018072289102e+03 5.382842252396166259e+03
2.028633556547619037e+03 2.487332932692307622e+03 3.161521067415730158e+03 3.147140625000000000e+03 3.495345606435643731e+03 4.097244186046511459e+03 4.736482352941176032e+03 5.756096153846153356e+03
1.955162739071038231e+03 2.221114789603960617e+03 2.780716981132075489e+03 3.056170011467890163e+03 3.585061011904761926e+03 3.767721428571428987e+03 4.179208333333333030e+03 5.372905472636815830e+03
1.796417500000000018e+03 2.015168034957627015e+03 2.601332207207207375e+03 2.957518181818181802e+03 3.206334033613445172e+03 3.669207547169811278e+03 4.315621984649122169e+03 4.965758426966292973e+03
1.810790094339622556e+03 2.114313870614034840e+03 2.359596232476635123e+03 2.841584070796460310e+03 2.758037388392856883e+03 3.256587710084033461e+03 3.878973135964912217e+03 4.099924311926605696e+03
1.661483714788732414e+03 1.801879000000000133e+03 2.248623091603053126e+03 2.512665142276423012e+03 2.630138686131386748e+03 2.831435077519379774e+03 3.621901367187500000e+03 3.986237985212569129e+03
1.478374782986111086e+03 1.878178553427419274e+03 2.000372201492537215e+03 2.230632864238410548e+03 2.594132440476190368e+03 2.933138297872340445e+03 3.105949448529411711e+03 3.884522477064220311e+03
1.422983726038338546e+03 1.721781250000000000e+03 1.797987355491329481e+03 2.119436560150375954e+03 2.394800295857988203e+03 2.827431250000000091e+03 3.062519555214723823e+03 3.724676923076923231e+03
1.376167224080267488e+03 1.642872499999999945e+03 1.934586607142857019e+03 1.970567959337349521e+03 2.297436607142857156e+03 2.414460791925465855e+03 2.904464949324324607e+03 3.451495176848874507e+03
1.259229009789156635e+03 1.673513796542553109e+03 1.715299053030302957e+03 1.989279752994012142e+03 2.012340414325842630e+03 2.356561118784530208e+03 2.803803728070175111e+03 3.253990014265335503e+03
1.342671112804878021e+03 1.492761125654450325e+03 1.625804391891892010e+03 1.762445991847826008e+03 1.980175892857142799e+03 2.324828887195122206e+03 2.562565625000000182e+03 3.221833791208791354e+03
1.254622366573033560e+03 1.549886639030612059e+03 1.672735148514851517e+03 1.962443627450980330e+03 1.865118750000000091e+03 2.268243292682926949e+03 2.404696384803921319e+03 3.042912738853503015e+03
1.202982413419913428e+03 1.530906099033816417e+03 1.528629679951690832e+03 1.682319917929293069e+03 1.901541875000000118e+03 2.048989898989899302e+03 2.356293316831683114e+03 2.760433886838868602e+03
1.132043560606060510e+03 1.510441569767441933e+03 1.474909688995215220e+03 1.574312790697674473e+03 1.715445974576271283e+03 2.035157939189189165e+03 2.510628303964757833e+03 2.731206471935853642e+03
1.051629684418146098e+03 1.239768107476635350e+03 1.452001927312775479e+03 1.585099352589641512e+03 1.696603197674418652e+03 1.891350409836065637e+03 2.128167207792207591e+03 2.544460512273212316e+03
1.029673603995901658e+03 1.214093181818181847e+03 1.339967773437500000e+03 1.429440924657534197e+03 1.615649255415162543e+03 1.807729260089686022e+03 2.085400980392156725e+03 2.370398946840521603e+03
1.012801843869731783e+03 1.173030164930555429e+03 1.197271205357142890e+03 1.330524022108843383e+03 1.549461653930130979e+03 1.625347491197183217e+03 1.924405642023346218e+03 2.209743902439024168e+03
9.116422872340425556e+02 1.193856145833333358e+03 1.183234547970479753e+03 1.309381069214876106e+03 1.509233596345515025e+03 1.743565624999999955e+03 1.853290314885496173e+03 2.312928313796212478e+03
8.644302619485293917e+02 1.111624375000000100e+03 1.133442323151125493e+03 1.178816978827361709e+03 1.360807180851063777e+03 1.500544871794871824e+03 1.720427402210884338e+03 2.180849243061396010e+03
8.148470394736842763e+02 1.030044510690789366e+03 1.104432241100323608e+03 1.192207756514658058e+03 1.322904112377850197e+03 1.511154365079365107e+03 1.693379807692307622e+03 1.933364389652384716e+03
8.395348451327433850e+02 1.073907996894409962e+03 1.106201650943396317e+03 1.184636119631901920e+03 1.319595047923322682e+03 1.421437705592105203e+03 1.675476153846153920e+03 1.956823390894819568e+03
8.242543978349120835e+02 9.658073899371070183e+02 1.050821185800604326e+03 1.167638678115015864e+03 1.249067811614730999e+03 1.369645246478873332e+03 1.594654389880952294e+03 1.936005098187311205e+03
7.876195804195804158e+02 8.943194040697674154e+02 1.017330473265895876e+03 1.045537917737789030e+03 1.219610422740524655e+03 1.311212428774928867e+03 1.562921089385474943e+03 1.798484747545581968e+03
7.692420543905635668e+02 8.640079941860465169e+02 9.728530569007264148e+02 9.755449561403507914e+02 1.137996930100755662e+03 1.288556267806267897e+03 1.439553318298969089e+03 1.727197297297297382e+03
7.418757220795891953e+02 9.023208637469587075e+02 9.472190126050420531e+02 9.926979927007299693e+02 1.076030034722222354e+03 1.225913185975609849e+03 1.374487764550264501e+03 1.665082158872517539e+03
7.510835219922380475e+02 8.427283878504672430e+02 9.133365267639902640e+02 9.577557114882506539e+02 1.039523526077097586e+03 1.171993186090225436e+03 1.368827770780856326e+03 1.578782967032967008e+03
6.810521739130434753e+02 7.815921052631579187e+02 8.205058962264150750e+02 9.353533767772512419e+02 9.836368159203980213e+02 1.190635005800463887e+03 1.320775061124694275e+03 1.498999261229314470e+03
6.467828663793103487e+02 7.579234027777778238e+02 8.144480313876653099e+02 8.564132762312634668e+02 9.617934966216215571e+02 1.089082998853211166e+03 1.250261288546255628e+03 1.467204180509412936e+03
6.450712487411883558e+02 7.254783549783550143e+02 7.624434065934066211e+02 8.550979352678571104e+02 9.028400815217391937e+02 1.072133266129032336e+03 1.190485820484581609e+03 1.476954945054945028e+03
6.190672310756972365e+02 7.150454545454545041e+02 7.773334677419354648e+02 7.842759757383965962e+02 9.324939236111110858e+02 1.014469320486815377e+03 1.201358402489626542e+03 1.369478957120169525e+03
6.179722900390625000e+02 7.001209635416666970e+02 7.337223937747035052e+02 7.716285125968992133e+02 8.630386530398322975e+02 9.538586734693878952e+02 1.112546656686626648e+03 1.348747025285076688e+03
6.003576227988878600e+02 7.006168338477366433e+02 7.247298143350603823e+02 7.653138284412955272e+02 8.040753130797774020e+02 9.453712668593449280e+02 1.092136427238805936e+03 1.260314600094652178e+03
5.879171415004748269e+02 6.568153211805555429e+02 6.880412046370967118e+02 7.283970905172413950e+02 7.908825389105059003e+02 8.871001030219780432e+02 1.043429143126176996e+03 1.274257892293407622e+03
5.610167118337849388e+02 6.331864478114478061e+02 6.806405101102941444e+02 7.207264747191011338e+02 7.894281250000000227e+02 8.676365780445969449e+02 1.025665959821428487e+03 1.168311717352415144e+03
5.490666819431713748e+02 6.286788075938566180e+02 6.495732113144758841e+02 6.976757075471698499e+02 8.045420026881720332e+02 8.524731170598910239e+02 9.943254716981132333e+02 1.169878091106290640e+03
5.184889448336251689e+02 6.043420251623376771e+02 6.316554927302100850e+02 6.900547500000000127e+02 7.480506001655629689e+02 8.361939915458937094e+02 9.790539215686275156e+02 1.116901207243460703e+03
5.087310805722891587e+02 5.878939911575562292e+02 5.966001443894389240e+02 6.482105532786885078e+02 7.163586761182108376e+02 8.141938795853269539e+02 9.634428427419354648e+02 1.101780624744793840e+03
5.201475111856823332e+02 5.622530851910828460e+02 6.152365243431221415e+02 6.325064689490445744e+02 6.849607263513513544e+02 7.443826026856239650e+02 9.062187996820350691e+02 1.055637185833968033e+03
4.817139769452449514e+02 5.393249708850930801e+02 5.915501474926253422e+02 5.918825811001410102e+02 6.602768827639750953e+02 7.405869799139168208e+02 8.883381550218341545e+02 1.037738009818731143e+03
4.598390569395018019e+02 5.202513461538461570e+02 5.446440033783784429e+02 6.032789208074533462e+02 6.374134982638888687e+02 7.472207526080476327e+02 7.966278449502134436e+02 9.890138989169674915e+02
4.547361893033075262e+02 5.167814550524934702e+02 5.474581464872944707e+02 5.855493861607142208e+02 6.493774588698140633e+02 7.019586348684210861e+02 8.394985895627644368e+02 9.898413793103447915e+02
4.552873376623376771e+02 4.965318595578673921e+02 5.228041158536585726e+02 5.512809806034482563e+02 5.974131258234519919e+02 6.822627743484224538e+02 7.909973639455781722e+02 9.380186931626809610e+02
4.250744958275382146e+02 4.869867924528301728e+02 5.060639441591783907e+02 5.299191455696202411e+02 6.146453419811321055e+02 6.765586148648649214e+02 7.853937743823147457e+02 8.993709624796084654e+02
4.119146650326796930e+02 4.813045411985018518e+02 4.841961678832116718e+02 5.351429805276382012e+02 5.732209904202718462e+02 6.490154151404151435e+02 7.412613354037267754e+02 9.095936439370564131e+02
4.239247225467289582e+02 4.680346784363177903e+02 4.894008579974810687e+02 5.150062266500622172e+02 5.812621400122549176e+02 6.546186061381074524e+02 7.371659644194756993e+02 8.430708618543870898e+02
4.030788882650196570e+02 4.565532476218786542e+02 4.745381859756097356e+02 5.131242638398115332e+02 5.432471689895470490e+02 6.226760583524027197e+02 7.240279239766082355e+02 8.422892113095239210e+02
4.087443181818181870e+02 4.533652794653705769e+02 4.479440693960510771e+02 4.809673697621744282e+02 5.267305589307411537e+02 5.928422479484172527e+02 7.103720847554038755e+02 8.069328303545268000e+02
3.800364465497738138e+02 4.290844988344988451e+02 4.423722293814433328e+02 4.709381664691943570e+02 5.123093119022316841e+02 6.009601490825688188e+02 6.652975166481687666e+02 7.940096823627751519e+02
3.771635823089256974e+02 4.201122515690375963e+02 4.399692207415990879e+02 4.549360149793388359e+02 5.125706460674157370e+02 5.602942247658689894e+02 6.384359098451327554e+02 7.691332161211793164e+02
3.604130434782608745e+02 4.093782360406091811e+02 4.204356773594910237e+02 4.524512917115177402e+02 4.988038617886179509e+02 5.691316721132898238e+02 6.475217161016948921e+02 7.481378950117524482e+02
3.545186502659574330e+02 3.901967022613065978e+02 4.105719404287138445e+02 4.361866053169734414e+02 4.844999331550802140e+02 5.067221694528875560e+02 5.942723725286160743e+02 7.425292573623559065e+02
3.379484864577801204e+02 3.820162175648702032e+02 4.029214863184079150e+02 4.221917996011963510e+02 4.594841019417475536e+02 5.220181068931068467e+02 6.158398972602739150e+02 7.154343097812421775e+02
3.400964022140221346e+02 3.747672224926972149e+02 3.893371548323471529e+02 4.092903040213178087e+02 4.662106775929549372e+02 5.100129247572815530e+02 5.930971258671952455e+02 6.962344244341688864e+02
3.300659009812667364e+02 3.574898888363292144e+02 3.862095238095238301e+02 4.057786286522148771e+02 4.418571098799630477e+02 4.819016129032257822e+02 5.708186864014801358e+02 6.755890911198700906e+02
3.258881324065633294e+02 3.552283285440612985e+02 3.754096454880294687e+02 3.941906751336898083e+02 4.279311850802644130e+02 4.904997654784240240e+02 5.559670280036133363e+02 6.571093348891482719e+02
3.232972972972972912e+02 3.609724976937269503e+02 3.630962951301427211e+02 3.835878666035951028e+02 4.146985809948979522e+02 4.693037466547725671e+02 5.418844964664310737e+02 6.433925306577481251e+02
3.149876482213438749e+02 3.425468351741716333e+02 3.567878409090909031e+02 3.817963667639699565e+02 4.133215981012658062e+02 4.598654855643044925e+02 5.288125000000000000e+02 6.151861748160969228e+02
3.022144686299616296e+02 3.364869791666666856e+02 3.450176419965576429e+02 3.784675310283687963e+02 4.000494813278008337e+02 4.494407783417935320e+02 5.107984978540771976e+02 6.041164412510565853e+02
2.910551486428263388e+02 3.191521583469722145e+02 3.468272647904683481e+02 3.666799777867528292e+02 3.980794348010160775e+02 4.314205364497528876e+02 4.970918114143920548e+02 5.927759105098855343e+02
2.860177083333333599e+02 3.199132632831086198e+02 3.283388262074425938e+02 3.541384364820847281e+02 3.803411210317460132e+02 4.158806083265965867e+02 4.799426958433253390e+02 5.749144248142943070e+02
2.817291036308623120e+02 3.080796812749003948e+02 3.337105055292258839e+02 3.446702231793265696e+02 3.770890914585011728e+02 4.147630228887135218e+02 4.721971577261809330e+02 5.652756778151592698e+02
2.726240335051546140e+02 3.009992205767732116e+02 3.128708528493364724e+02 3.278798524844720532e+02 3.626005022744503208e+02 3.981885536398467593e+02 4.763562310892586993e+02 5.512564334731223425e+02
2.698036460225209225e+02 2.934772770945426714e+02 3.055149720149253767e+02 3.294952334283677828e+02 3.538336832061068549e+02 3.968525641025640880e+02 4.598765846383295752e+02 5.232437593144560424e+02
2.630151667888562770e+02 2.896155317521040615e+02 2.961469072164948670e+02 3.191703246124030784e+02 3.406093969760900109e+02 3.884849317664897512e+02 4.389091155234656867e+02 5.197713643865762378e+02
2.586179431859043234e+02 2.853441786694101552e+02 2.898482279693486703e+02 3.040475136239782046e+02 3.321145756115641348e+02 3.829790659530386847e+02 4.317391540130151952e+02 5.104787234042553337e+02
2.501347207493814153e+02 2.847789879356568576e+02 2.888357086820083737e+02 3.080032941595441685e+02 3.303287914691943001e+02 3.745511363636363740e+02 4.277569300069300198e+02 4.896980189491817441e+02
2.477627667016439261e+02 2.701590296495957091e+02 2.854171366954213909e+02 2.908192658998647175e+02 3.242768407534246649e+02 3.543051340860973824e+02 4.129978827913279247e+02 4.936281102891728096e+02
2.345921006944444400e+02 2.630691125576796026e+02 2.770414031291611536e+02 2.949280898411648195e+02 3.170505539021164054e+02 3.434616661269430438e+02 3.926604415670650496e+02 4.737222639933166306e+02
2.333157416192283335e+02 2.616094470046082847e+02 2.701255345394736764e+02 2.814362508327781711e+02 3.090149848891873603e+02 3.503524685222001267e+02 3.947263088137839873e+02 4.573009137306552248e+02
2.332934234647112817e+02 2.535007440476190368e+02 2.652318638392856656e+02 2.759918615676359082e+02 3.025414105716041604e+02 3.341661851967519965e+02 3.769702849496221688e+02 4.466268047708725817e+02
2.267277250459277411e+02 2.565640575079872292e+02 2.583703782487623926e+02 2.629391809290953574e+02 2.908239662547528610e+02 3.248344020395549592e+02 3.746082506203474054e+02 4.392020360219264035e+02
2.166693487458446725e+02 2.390910840282232073e+02 2.453356725146198869e+02 2.635644434079601979e+02 2.889759118428824536e+02 3.182322443181818699e+02 3.608240161001788806e+02 4.304449126570640374e+02
2.119180272618334300e+02 2.340952498588368087e+02 2.488257517048976979e+02 2.624266081871344909e+02 2.763582283893034628e+02 3.146521536920434983e+02 3.508236052152819866e+02 4.162652276759314418e+02
2.107307549136390890e+02 2.333521463205932491e+02 2.380079127771294907e+02 2.519504258816497213e+02 2.729768218908272388e+02 3.048728365384615699e+02 3.480287925469483525e+02 4.048993845039826169e+02
2.066435252320185612e+02 2.300610538939051821e+02 2.369231461864406754e+02 2.456802602126469139e+02 2.626899289443155112e+02 2.953565105653912042e+02 3.425071633237822084e+02 4.115975245411864876e+02
1.965695675872092920e+02 2.218377836192584311e+02 2.326064744475138184e+02 2.404239770179372044e+02 2.659580441421432511e+02 2.921812674094707631e+02 3.312764983351831347e+02 3.827280841900527548e+02
1.997101743412297310e+02 2.194400623268698212e+02 2.270456043956043857e+02 2.335226108033241132e+02 2.557098784722222149e+02 2.832764289678135583e+02 3.160993395707209856e+02 3.783783022803114591e+02
1.943020239637305622e+02 2.160553052716514060e+02 2.224741154690071312e+02 2.267616294885745560e+02 2.563955969571944138e+02 2.778973026315789525e+02 3.203807333333333531e+02 3.743275607464088921e+02
1.954851368970012970e+02 2.094591836734693686e+02 2.148209608402489721e+02 2.298295808420528203e+02 2.477971044045676763e+02 2.709527670484815758e+02 3.082236876299376718e+02 3.557382375877306799e+02
1.881609723630831752e+02 2.015529811295503464e+02 2.125856194141012736e+02 2.233838899405083964e+02 2.436560607971745753e+02 2.672621295103093075e+02 3.020235544656686102e+02 3.529200528895768798e+02
1.867437436159346191e+02 1.997261701608971123e+02 2.127314962726304657e+02 2.181905672983479008e+02 2.308181877615062660e+02 2.628902674129353159e+02 2.950479916371008358e+02 3.490758719086873612e+02
1.809240581337325295e+02 1.972461970899470884e+02 2.054144160583941812e+02 2.184351887519260345e+02 2.239653156087162529e+02 2.599877630934900026e+02 2.849225422045680034e+02 3.389062615214452308e+02
1.764120899602385464e+02 1.930345133541867142e+02 2.006628186628186654e+02 2.115895783492823057e+02 2.186917599655511708e+02 2.478009293451501946e+02 2.814393257059396660e+02 3.311637387933123478e+02
1.732919231716326181e+02 1.899946014747191043e+02 1.937917059933931228e+02 2.014161377527033210e+02 2.199065023752969239e+02 2.423370482994804149e+02 2.782671208530805984e+02 3.163830834114339154e+02
1.686624324019828691e+02 1.864601308345120287e+02 1.896596993893846843e+02 2.015461302501179830e+02 2.129125175315568015e+02 2.353649780499075632e+02 2.664087240810555954e+02 3.137837566450088502e+02
1.669125899685110141e+02 1.788819460556844660e+02 1.887005352209944817e+02 1.950260560941828203e+02 2.060943263607737492e+02 2.310890784586815130e+02 2.656934885290148713e+02 3.070096198024351111e+02
1.653232544672402184e+02 1.815370750462534772e+02 1.805508904418394991e+02 1.956314626601856048e+02 2.053094874308117994e+02 2.310303619005328812e+02 2.544206295289855007e+02 3.020659096032461548e+02
1.615015427042376643e+02 1.734754172304916437e+02 1.815315403293919019e+02 1.847003140421713852e+02 2.015086917852522674e+02 2.239270972407654483e+02 2.525606044194107369e+02 2.988228585493928335e+02
1.556305845225027440e+02 1.744441729718369061e+02 1.741769554342883168e+02 1.840371928418803407e+02 1.995798256330519678e+02 2.168464673913043441e+02 2.472615248226950371e+02 2.867643113187051540e+02
1.533640885750962752e+02 1.677116826322365739e+02 1.742896680432020275e+02 1.823206931867184153e+02 1.936872953336062153e+02 2.131218090717299560e+02 2.391642902408111411e+02 2.778136155971100720e+02
1.516475161987040963e+02 1.672660130380794783e+02 1.716934961665975834e+02 1.823874276560562180e+02 1.930801024238524235e+02 2.100814974457215953e+02 2.391952241307079987e+02 2.770773255205608621e+02
1.494024104539775237e+02 1.583735311993517030e+02 1.671950238530247645e+02 1.725557037857430487e+02 1.838713113908378034e+02 2.034068273092369452e+02 2.342607679804957286e+02 2.665908060453400594e+02
1.462897593320235785e+02 1.596584016808424451e+02 1.647495460048426139e+02 1.715755462398373936e+02 1.818779492971887635e+02 2.012787684199754494e+02 2.259333552365547746e+02 2.627240924761711653e+02
1.469676544644586613e+02 1.560171571059944426e+02 1.601314689891260628e+02 1.651750549780088022e+02 1.775009184068058801e+02 1.992877980844409649e+02 2.213284333070244543e+02 2.538472084490281588e+02
1.416267724590788077e+02 1.546465000000000032e+02 1.588013814016172489e+02 1.658045747911921239e+02 1.728205990829346206e+02 1.905212250575594624e+02 2.149905984145398463e+02 2.513941513650053139e+02
1.372087621497998668e+02 1.495819003312548716e+02 1.522248069143067255e+02 1.604719128565846233e+02 1.728251309880239717e+02 1.870443177368833290e+02 2.098717754172989487e+02 2.454534834123222709e+02
1.329584984899962308e+02 1.488830733944954261e+02 1.542638095706971058e+02 1.554677947598253240e+02 1.668657759604412263e+02 1.864044920429311674e+02 2.064840033975085021e+02 2.463414136622390913e+02
1.307322994402985046e+02 1.464083423326133868e+02 1.497483594604447603e+02 1.506617196476445883e+02 1.674331541218637938e+02 1.828534283868586101e+02 2.038312037037036930e+02 2.348204005866715534e+02
1.283119880863737876e+02 1.425490554953000810e+02 1.454159413137114143e+02 1.510613230810616869e+02 1.624348772948669932e+02 1.780558643375680390e+02 1.985032319737800606e+02 2.300094709042892305e+02
1.285633905736207510e+02 1.373371050763223309e+02 1.449396906294706753e+02 1.473714400142399370e+02 1.558275483498935614e+02 1.721590513392857247e+02 1.938664377452729184e+02 2.261329382628692599e+02
1.259728662201614355e+02 1.359141666666666595e+02 1.386756951731374556e+02 1.451733429018789252e+02 1.589403230042016730e+02 1.682018628747795503e+02 1.904470918009810703e+02 2.205283271800281284e+02
1.245739010293621334e+02 1.358464697658161242e+02 1.375034007673526446e+02 1.429071996466431074e+02 1.499880486560054464e+02 1.660063688858695627e+02 1.857164670916609168e+02 2.157186767387340467e+02
1.205638708452842849e+02 1.312686853448275883e+02 1.350378558643027418e+02 1.412723376195186233e+02 1.484166703152364448e+02 1.594773448216735119e+02 1.845125630252100848e+02 2.137923949185778838e+02
1.186776099803020230e+02 1.280750773993808025e+02 1.341050313706563770e+02 1.366679954685362475e+02 1.468067628932857644e+02 1.609289981617646959e+02 1.802584274327466005e+02 2.085907202791393047e+02
1.158664519326065374e+02 1.308715720663265074e+02 1.287719451053704915e+02 1.372636349053577192e+02 1.444993919825561761e+02 1.551006262278978340e+02 1.753827477626781501e+02 2.029531441154881577e+02
1.156164754231770786e+02 1.247532313997477900e+02 1.280524206606217774e+02 1.316618336623889434e+02 1.417619798234552206e+02 1.511258154800257785e+02 1.715960179833012091e+02 1.957696118075212439e+02
1.133915682414698125e+02 1.228724912392481627e+02 1.275037372773536930e+02 1.298053154018571718e+02 1.384655327868852339e+02 1.502916666666666572e+02 1.704022686542847964e+02 1.943791045971487961e+02
1.101429554655870504e+02 1.200417379471228543e+02 1.250008540372670893e+02 1.267970387638717682e+02 1.351895923326133868e+02 1.443445817490494107e+02 1.654180722427603314e+02 1.891684698007472036e+02
1.090307190760059655e+02 1.166949330635118258e+02 1.225171811976419463e+02 1.272646805512057711e+02 1.334370732464307991e+02 1.443959930981595221e+02 1.611428766802125665e+02 1.874453409884397672e+02
1.073327844311377248e+02 1.163552210365853625e+02 1.197263043145654677e+02 1.230451757043320242e+02 1.283666067146282899e+02 1.450230347938144462e+02 1.576204780846592541e+02 1.818206431063248942e+02
1.060165443887332231e+02 1.132354326186829923e+02 1.171385497319833320e+02 1.202398840206185469e+02 1.269668070944906049e+02 1.376619979844729755e+02 1.515747115672760117e+02 1.781459143241626748e+02
1.033366888336743585e+02 1.114460175478577781e+02 1.144155972182391707e+02 1.179138984703059236e+02 1.269492780882774525e+02 1.358884566706372823e+02 1.503954713054906449e+02 1.735196662473173888e+02
1.035842177958708845e+02 1.117118133408071685e+02 1.124579326923076934e+02 1.159068958805209633e+02 1.232065528634361158e+02 1.341684263812554150e+02 1.489393163324614875e+02 1.730466825156688913e+02
1.000962637519645710e+02 1.087527859545836861e+02 1.111781178652967981e+02 1.139955058224163054e+02 1.193543126401345233e+02 1.302733080595338322e+02 1.446679720953468404e+02 1.665505093680985738e+02
9.908106580099212124e+01 1.061773446209587490e+02 1.080640537709497124e+02 1.129365803671524588e+02 1.183111541774332522e+02 1.277184886068647103e+02 1.422614216799091764e+02 1.615886044707707470e+02
9.546450397953381639e+01 1.053649757617728682e+02 1.071914624861572491e+02 1.110720594347464782e+02 1.161795457669048943e+02 1.246099321173889223e+02 1.399419271555309194e+02 1.591150460877399837e+02
9.532276590094276969e+01 1.035168024614961411e+02 1.016426408546543314e+02 1.069937055281882863e+02 1.136238839285714306e+02 1.224612139917695544e+02 1.362581082007679640e+02 1.557054598679283970e+02
9.200076823949245863e+01 1.007395066775688264e+02 1.021676754624592007e+02 1.062221325549450484e+02 1.118123995176848808e+02 1.181347986577181075e+02 1.325263171140939562e+02 1.526011359782977479e+02
9.210109812778215144e+01 9.969597743853012162e+01 1.011485186418109095e+02 1.051216901317489061e+02 1.090252655997848166e+02 1.174660383597883708e+02 1.310725971708091038e+02 1.512989827804002232e+02
9.038516026062919195e+01 9.874381711409395734e+01 9.875867262810754710e+01 1.017532508105917231e+02 1.067274738920020383e+02 1.150447512135922210e+02 1.281786700675851307e+02 1.458772712364709889e+02
8.958659038313190592e+01 9.725597148791540292e+01 9.789360019973368310e+01 1.006820414164164106e+02 1.056446270772883196e+02 1.136536014292878605e+02 1.270831922375618745e+02 1.436472270419638733e+02
8.911356235491359712e+01 9.571822564487852958e+01 9.606472930946941347e+01 9.907591830785177933e+01 1.036775733434496800e+02 1.113692904798563035e+02 1.230119127624167987e+02 1.401505197439310280e+02
8.580756578947369917e+01 9.352795151854617473e+01 9.274702343750000466e+01 9.733397519178420509e+01 1.000674752034587982e+02 1.113954293628808756e+02 1.218747488699146260e+02 1.387755137309118538e+02
8.421134232864564240e+01 9.107159257898604210e+01 9.228436505020818004e+01 9.723742566897918493e+01 1.001501740351734213e+02 1.067316571114906054e+02 1.198687238815142706e+02 1.358329332102185276e+02
8.437242945958871587e+01 9.093025318003913071e+01 9.201066004672897236e+01 9.304715490797546806e+01 9.716109543670263804e+01 1.069138016940707416e+02 1.169645191837732199e+02 1.340429518109082210e+02
8.226535062046359315e+01 8.923626606839680164e+01 8.922336115142718427e+01 9.280727785145889186e+01 9.576963903425310320e+01 1.032398340733816298e+02 1.142549302367721680e+02 1.296620739232013477e+02
8.115971487360376102e+01 8.680448698547215258e+01 8.736861702127659157e+01 9.103925535631113064e+01 9.371687364359777916e+01 1.008393843014882378e+02 1.112025979004482252e+02 1.289206068004525605e+02
7.912373508423023338e+01 8.678361131037780751e+01 8.694354930539741133e+01 8.880518281700287275e+01 9.142924541809851746e+01 9.939270538243626163e+01 1.094852416453933728e+02 1.255651407416113301e+02
7.754083929808358278e+01 8.395046128594067625e+01 8.523631278267079381e+01 8.715905357951970700e+01 9.043948810084825141e+01 9.871010970895861192e+01 1.079650323652904120e+02 1.218927024998556732e+02
7.761913612263715834e+01 8.304219656403391525e+01 8.457453724733136369e+01 8.552197534403670431e+01 8.831291247203579076e+01 9.731851153758282180e+01 1.060805541266575176e+02 1.207390698067496686e+02
7.637725019938476123e+01 8.203090512387387889e+01 8.242069091522374435e+01 8.562610419026047737e+01 8.667591324200913050e+01 9.466425022456770932e+01 1.035286789772727332e+02 1.178721135887712990e+02
7.343889080064234065e+01 8.091473027905955462e+01 8.108230565954634983e+01 8.322164707820738272e+01 8.551761300992282600e+01 9.319678051511758099e+01 1.029443741750990000e+02 1.155474587495171335e+02
7.292937633832976019e+01 7.975225337314753915e+01 7.974454190497141326e+01 8.252945895109537844e+01 8.476115773677189225e+01 9.041018094615216683e+01 9.966706651224353664e+01 1.137474863267222673e+02
7.127462201311058720e+01 7.802857490272373298e+01 7.856301496097137260e+01 7.950017605633803441e+01 8.303386790462123201e+01 8.968474978429681244e+01 9.703816768357953038e+01 1.101717191354714203e+02
7.131672395557906441e+01 7.615686141304348666e+01 7.668155144694533476e+01 7.801266643950513924e+01 8.271672642329421876e+01 8.744307341907823172e+01 9.568518839266680232e+01 1.071629951820128497e+02
6.950783707276158907e+01 7.488611876215165353e+01 7.471397755039706112e+01 7.599157555483029114e+01 7.989938535196687042e+01 8.476003567653276605e+01 9.264317776144477534e+01 1.060138544687582396e+02
6.860239949484318345e+01 7.357998474059003513e+01 7.487746781115879458e+01 7.587948232323232389e+01 7.842647838066977783e+01 8.471588666112612032e+01 9.143612486965588459e+01 1.036288889178890145e+02
6.713618022000616747e+01 7.263291203235591809e+01 7.210504603765777176e+01 7.283125659978880151e+01 7.657320525783619303e+01 8.271132709139018857e+01 9.016501976284584430e+01 1.025472240682991583e+02
6.655103092783505758e+01 7.145914664664664429e+01 7.174932594367885486e+01 7.379986108354832197e+01 7.496942546900490356e+01 8.032810257330326920e+01 8.860940016103059236e+01 9.942141578867772012e+01
6.501234480812641436e+01 7.016546762589928221e+01 7.068950368379131532e+01 7.167605067363764704e+01 7.458738205179682268e+01 7.884570235025783802e+01 8.845769596080783970e+01 9.701642185075822056e+01
6.412334951456311671e+01 6.879286300756369599e+01 6.937052589482102860e+01 7.057422261834025790e+01 7.367410979964293460e+01 7.899636194029849889e+01 8.513008577219696349e+01 9.572022886443221523e+01
6.255473464891273494e+01 6.921886667321675191e+01 6.860411579410040872e+01 6.914896570361635497e+01 7.149084692898273374e+01 7.661511261481336987e+01 8.437702421722113399e+01 9.423256769825918866e+01
6.168858918198266394e+01 6.760085282889585301e+01 6.642171179883945342e+01 6.810908153101878781e+01 7.090191176470588630e+01 7.557011614623000639e+01 8.287507224041610243e+01 9.112959230472144156e+01
6.076136093408161543e+01 6.578992548217416925e+01 6.528783473869532372e+01 6.711630762497567559e+01 6.908465471945956438e+01 7.332429591238020805e+01 8.184395516788595160e+01 9.185768881670090025e+01
5.982203659225769599e+01 6.509568731604120728e+01 6.635286055834620811e+01 6.617656624838531343e+01 6.783729807876123630e+01 7.197166943062465805e+01 7.881930640098916285e+01 8.905807855126998618e+01
5.900510371691383682e+01 6.346637253108998067e+01 6.337957174846053476e+01 6.366778112638915132e+01 6.652815356489945486e+01 7.147095924267860312e+01 7.733628844361602717e+01 8.716480139808341221e+01
5.743939323111443684e+01 6.224250501184618400e+01 6.322819581505847708e+01 6.309378440366972285e+01 6.587462818367725959e+01 6.981449147832530855e+01 7.615888734995382947e+01 8.679163990457402633e+01
5.663041470398078303e+01 6.270531584436785266e+01 6.147639591615467936e+01 6.274391612787356109e+01 6.475126136363635965e+01 6.817217916366257668e+01 7.412940957830240052e+01 8.381779287425962366e+01
5.568779386976579104e+01 6.048810436586686023e+01 5.985727125651626324e+01 6.064463279403744167e+01 6.363703513320221816e+01 6.732387814666179793e+01 7.340867117117117857e+01 8.337907639422860484e+01
5.472857389950704743e+01 6.008105171177630410e+01 5.970925901142041425e+01 6.004048763125111066e+01 6.242049189307624601e+01 6.581810897435897800e+01 7.201451505757307814e+01 8.086329198050509603e+01
5.440954504035407524e+01 5.820692879774687611e+01 5.934879545853829796e+01 5.890056818181817988e+01 6.110705832440157081e+01 6.549705292614136454e+01 7.035110261913104068e+01 7.903589459024242103e+01
5.308829708889274457e+01 5.756366028601883045e+01 5.784861029287998946e+01 5.847154694918234696e+01 5.918585806891846346e+01 6.333459297230985641e+01 6.983467396885161804e+01 7.685990582452477327e+01
5.227433029964797129e+01 5.642390938184268379e+01 5.623226647388714383e+01 5.658191111862115008e+01 5.922544064282011789e+01 6.248899105787075570e+01 6.745958044982698709e+01 7.684269867833849332e+01
5.166101948384891074e+01 5.545283987226277134e+01 5.499742859571574627e+01 5.625076403236914757e+01 5.729290104166666708e+01 6.118504452871995625e+01 6.722244544070377970e+01 7.524625353539617834e+01
5.156555829747743047e+01 5.385700033255736230e+01 5.526152897529431129e+01 5.528161570792813961e+01 5.702134353741496398e+01 6.060516385923948945e+01 6.551023688840483317e+01 7.401096846566122167e+01
4.943128587103309002e+01 5.409421212619125896e+01 5.431957372322899147e+01 5.347030369572422615e+01 5.606244882083196757e+01 5.945804965127864961e+01 6.380681864838233253e+01 7.184332928486145420e+01
4.859949184542460188e+01 5.305157277960525875e+01 5.278898015480896078e+01 5.320859451819075758e+01 5.458374711554310466e+01 5.802394128477905610e+01 6.280991854533487384e+01 7.146184129271304641e+01
4.810771489856466587e+01 5.217739344395640444e+01 5.156517216057441289e+01 5.212532976092333570e+01 5.401267897361647385e+01 5.657281114327061999e+01 6.228039307155606252e+01 6.960404383361120040e+01
4.736451156252474703e+01 5.155950321556496618e+01 5.104784579140712708e+01 5.124996116806461544e+01 5.292815406265296474e+01 5.589650510614345080e+01 6.095381856372859630e+01 6.889081981297954371e+01
4.643793150792405555e+01 5.058826305220883768e+01 4.987396861505244061e+01 5.015572470502666391e+01 5.155362928108608145e+01 5.511578900428096262e+01 5.951517520056630417e+01 6.754213183952029453e+01
4.467886393918018939e+01 4.973995501384190021e+01 4.892527130545802549e+01 4.973475818735719400e+01 5.073951731104421015e+01 5.442505280037546811e+01 5.851953063783106046e+01 6.579663961228541780e+01
4.314827856025038955e+01 4.726557726092269718e+01 4.830205907467784243e+01 4.876627160298081520e+01 4.989491167434715635e+01 5.282814173168120675e+01 5.734137695312499972e+01 6.381762629798156183e+01
4.279451988548436958e+01 4.533860155068078512e+01 4.793508667121832900e+01 4.747692394919867098e+01 4.879112604263206521e+01 5.144098609403810229e+01 5.704457615490166233e+01 6.353231865038609527e+01
4.223944052998391641e+01 4.387141740735161477e+01 4.683962813956986082e+01 4.723332708177044736e+01 4.902611397223466128e+01 5.107809665961305967e+01 5.535487558087243798e+01 6.192320945692181056e+01
4.126581202896408485e+01 4.282032655968805557e+01 4.618730348854619194e+01 4.606617841492898435e+01 4.774011093891744650e+01 5.005829416592062131e+01 5.447613739419588796e+01 6.122612227648384930e+01
4.044526913526146217e+01 4.080644142134998020e+01 4.464703489676840320e+01 4.543738870752337533e+01 4.681371593558729671e+01 4.944526489820181325e+01 5.331039310370152862e+01 5.984003039626347942e+01
3.931686267758770725e+01 4.050585589762611249e+01 4.354997262773723321e+01 4.479588329921029555e+01 4.615709384272997085e+01 4.836446316442756910e+01 5.255431384379113524e+01 5.866288407180353204e+01
3.922777078085642444e+01 4.026007707626494181e+01 4.213054733727810230e+01 4.390667235866879281e+01 4.476977511350737871e+01 4.818853207657460302e+01 5.121553922977439299e+01 5.706889845125589034e+01
3.866477845821325587e+01 3.901286347517730491e+01 4.062872913897503935e+01 4.310768040136635904e+01 4.408006954612005757e+01 4.623304686391372087e+01 5.055911106265445198e+01 5.666194563533523620e+01
3.782120190932494097e+01 3.815934621825286399e+01 3.924085625177204406e+01 4.226949843371778570e+01 4.397863907308126130e+01 4.623793146130994813e+01 4.928241052445073933e+01 5.537902340568677317e+01
3.764991049051199212e+01 3.737357716480446612e+01 3.860563023743016231e+01 4.158841805926134327e+01 4.200404422153150819e+01 4.506442923186344274e+01 4.880300499366999389e+01 5.478617911236351290e+01
3.651982604582720171e+01 3.683447042973607921e+01 3.791348411602210433e+01 4.056349096925409725e+01 4.194810091868915691e+01 4.419676783264746689e+01 4.773617879856214330e+01 5.344868828487872037e+01
3.609148796982260876e+01 3.617132205557091851e+01 3.668807854379662814e+01 4.007256084912183525e+01 4.084853697525716143e+01 4.309072019752399285e+01 4.748000518672198922e+01 5.293969631986718127e+01
3.507683317750768026e+01 3.576516984067286842e+01 3.550229666621216040e+01 3.904746531116911257e+01 4.072301212938005932e+01 4.290933548560666821e+01 4.624052528852681831e+01 5.140871875531372837e+01
3.473108414511252562e+01 3.505940728656878491e+01 3.465446181259289204e+01 3.771790394824153481e+01 3.930941242514970213e+01 4.194978700835129359e+01 4.554746505845988480e+01 5.012509708573936962e+01
3.424015394007391677e+01 3.414630276910546769e+01 3.435845875048758558e+01 3.741732889219531444e+01 3.933724264705882945e+01 4.119928485092667358e+01 4.489018188444208590e+01 4.980487329596338242e+01
3.382491441188145131e+01 3.354185984308131196e+01 3.370876245288098971e+01 3.628402947612305240e+01 3.825375319779183769e+01 4.063511161004815619e+01 4.376462801164945660e+01 4.893945100042852658e+01
3.360150102492891477e+01 3.299870195413436136e+01 3.305132585665707268e+01 3.514868971868720138e+01 3.731788389513108228e+01 4.010188254010340358e+01 4.281046891412815114e+01 4.802906881664159044e+01
3.271275970207761219e+01 3.247502731011437760e+01 3.223239745779095244e+01 3.433697327852004122e+01 3.716804908808691721e+01 3.881785817492936275e+01 4.225504071345483226e+01 4.781170742753623415e+01
3.202948920699099489e+01 3.196778907242693535e+01 3.113560069267920838e+01 3.359190192454754254e+01 3.572483651750224709e+01 3.789980298564838535e+01 4.143829174664107740e+01 4.668187660668380090e+01
3.120137335321899030e+01 3.130343120858817940e+01 3.098535729086967550e+01 3.276034559009350033e+01 3.546155561217989316e+01 3.729713855421686475e+01 4.053357700114169404e+01 4.576762326350255705e+01
3.092220235152339214e+01 3.100723222194103457e+01 3.046964060529634466e+01 3.190385330905636962e+01 3.448020587137703785e+01 3.676964973893584698e+01 4.036823413196186294e+01 4.451592309142910864e+01
3.042184390933963201e+01 3.045190889404971202e+01 3.031141173007807410e+01 3.129606578299913977e+01 3.428175844806007433e+01 3.641548170884490077e+01 3.913604485912011199e+01 4.397773951207322085e+01
3.020490385787420706e+01 3.038449100112485723e+01 2.936620296747479486e+01 3.043253061668531245e+01 3.329295881284070191e+01 3.546198596404826731e+01 3.829744297389607510e+01 4.345346351852419531e+01
2.941106653485378075e+01 2.943077924799425205e+01 2.897813086303940011e+01 3.004718453595869931e+01 3.257034272432297684e+01 3.508297060786217259e+01 3.806491037270146904e+01 4.243484839268878517e+01
2.898676041729300579e+01 2.882322775095374112e+01 2.846522739537114788e+01 2.889141062515217939e+01 3.215613217273477176e+01 3.449553785337805323e+01 3.729406772022593231e+01 4.220503721265230013e+01
2.857546366676801242e+01 2.848415847447589755e+01 2.781825814312886536e+01 2.845489140176864140e+01 3.192931224354332898e+01 3.340574251172861864e+01 3.650262130549240425e+01 4.104772808908045789e+01
2.776815368357488012e+01 2.808063760913166718e+01 2.758447634139151106e+01 2.737033856001879428e+01 3.074212473416824309e+01 3.282448180799622861e+01 3.603926811636964800e+01 4.097038066723695238e+01
2.774704670724005240e+01 2.733687969263256434e+01 2.671915342784720693e+01 2.704859884610856113e+01 3.071281645569620267e+01 3.267651918353023888e+01 3.543849964718334888e+01 4.001088694300214144e+01
2.721751100529404965e+01 2.707587875774944663e+01 2.646620292094216254e+01 2.670088844835598962e+01 2.955540666094911373e+01 3.186212161056568704e+01 3.456700509082494222e+01 3.915723934302544507e+01
2.686994281324684408e+01 2.683466074548631397e+01 2.591761608993551391e+01 2.605703883495145590e+01 2.881769319106872729e+01 3.136386089283680789e+01 3.433642891988062473e+01 3.860604474163080368e+01
2.621000519528581307e+01 2.637314342074727591e+01 2.547821643119367963e+01 2.562634716932132761e+01 2.830497111048477876e+01 3.030320185313474113e+01 3.374576697460893371e+01 3.787894647022014993e+01
2.619075002821510978e+01 2.586941865299334964e+01 2.512053983833718362e+01 2.529483484814896954e+01 2.760749526025508516e+01 3.022946058672041048e+01 3.279097930839002117e+01 3.760545731020500426e+01
2.560521462105969448e+01 2.549829626972740115e+01 2.488840828039674591e+01 2.479619887583324100e+01 2.716454534286961930e+01 2.973012751137751053e+01 3.217587778150508626e+01 3.686440165234081690e+01
2.535173622869398358e+01 2.492201768621410451e+01 2.429373242639761799e+01 2.422288234486545733e+01 2.648652155991504742e+01 2.888583731289097400e+01 3.149494103643007392e+01 3.618181502954312379e+01
2.476799247701309525e+01 2.470681551517136043e+01 2.375243537545086880e+01 2.362226031653960945e+01 2.582733353477640037e+01 2.850887282844734116e+01 3.111657796554372979e+01 3.564520814492038880e+01
2.445225768716577264e+01 2.415200331846371640e+01 2.344197864424334909e+01 2.321032873376623229e+01 2.519294113648722089e+01 2.794406407551512572e+01 3.056926630434782766e+01 3.505782229823275031e+01
2.423780390487843661e+01 2.395709325396825307e+01 2.310441982206791778e+01 2.268751364777814317e+01 2.479097556089743648e+01 2.748841886176250071e+01 3.006685528305963828e+01 3.427292284866468464e+01
2.379471136038943868e+01 2.360899829135722783e+01 2.284479266125610053e+01 2.236720054257095214e+01 2.416968520914187124e+01 2.690625000000000000e+01 2.996500079558714447e+01 3.401472191930207600e+01
2.354671567073492611e+01 2.323044562116481870e+01 2.243870528771384087e+01 2.191141834721020842e+01 2.370485436574608684e+01 2.645004025764895061e+01 2.908560882940681580e+01 3.347235895870926470e+01
2.326990305908280021e+01 2.285745972938144277e+01 2.188908384425083398e+01 2.156580361740473606e+01 2.337416406745612107e+01 2.597708333333333286e+01 2.871796240641147335e+01 3.280138338624616523e+01
2.284301930219176668e+01 2.265295360004108360e+01 2.160387453517198608e+01 2.126390652822876248e+01 2.253463805359517380e+01 2.537698505675309946e+01 2.800470241801577487e+01 3.249168756625384447e+01
2.249693016614745744e+01 2.222352790578597137e+01 2.123526552747365415e+01 2.094887949354772516e+01 2.195098773309719675e+01 2.503960552854778498e+01 2.766732957470909327e+01 3.202679007114056020e+01
2.245458626123798496e+01 2.199675600060765746e+01 2.059228162266843043e+01 2.040362075519513496e+01 2.139344116148751951e+01 2.447271467006871504e+01 2.708877437043054215e+01 3.171066280222713729e+01
2.223588202708758388e+01 2.168103043456188317e+01 2.076026947920871990e+01 1.987604134821155810e+01 2.106402008275305349e+01 2.396575794496903100e+01 2.655425413244092780e+01 3.112201278603683718e+01
2.178207070082595465e+01 2.135518285009564110e+01 1.997291288222827887e+01 1.972923132759311216e+01 2.049215802472200210e+01 2.380224594716301567e+01 2.617618572141787325e+01 3.068755785154979776e+01
2.140112874703205392e+01 2.098178365143144219e+01 1.983094540272799478e+01 1.936430856299212522e+01 2.025586055466076374e+01 2.335546329107606311e+01 2.567413194444444358e+01 3.031013296481661357e+01
2.124180317818431618e+01 2.076348078936870323e+01 1.979819771936605832e+01 1.899270118372625049e+01 1.957462564314144515e+01 2.270573326771653555e+01 2.553119051395939110e+01 3.009688670873595129e+01
2.072997422743523188e+01 2.045967829029471119e+01 1.926018044114728056e+01 1.864999092888243837e+01 1.915405696358267562e+01 2.247437961792727990e+01 2.490628371089536230e+01 2.922874124765180781e+01
2.055889516285381902e+01 2.012192080618892476e+01 1.881727934068058872e+01 1.834134498738353969e+01 1.889236227294454906e+01 2.155140280982598000e+01 2.448207098481918109e+01 2.893699248210886665e+01
2.039934191390343088e+01 1.980806382369776841e+01 1.880437249187846405e+01 1.810296140779021812e+01 1.845156797391981129e+01 2.146617997975318204e+01 2.389081485053037568e+01 2.851318594457352162e+01
2.008202010924735248e+01 1.971538803317535482e+01 1.824054745730729366e+01 1.762349005210800712e+01 1.817922412164714885e+01 2.088597675580510327e+01 2.340180516098484986e+01 2.830776779380468255e+01
1.981949347391890015e+01 1.929253243313241839e+01 1.801351623130796753e+01 1.718146434484389928e+01 1.786314787304281992e+01 2.081572213353366507e+01 2.306001286348187307e+01 2.808306098283007657e+01
1.963039708462213184e+01 1.909972197404307437e+01 1.776304623030757668e+01 1.709334860772548126e+01 1.732259604291647292e+01 2.002766189618049353e+01 2.280665457201149948e+01 2.749648397346042472e+01
1.941696600716121779e+01 1.893684111445783103e+01 1.759693783007504919e+01 1.674200034419458305e+01 1.702783005551896167e+01 1.975674774930747901e+01 2.233331498563085304e+01 2.703839262935733245e+01
1.925812382491860220e+01 1.872929047960410642e+01 1.724672597543352381e+01 1.655193271921641696e+01 1.673716219279949158e+01 1.936332110230013015e+01 2.215079455944312059e+01 2.686990731193144200e+01
1.892714146843550083e+01 1.820551152737752076e+01 1.702730460050111461e+01 1.620368753358409464e+01 1.630139988037176835e+01 1.901541749480531251e+01 2.165349834701322251e+01 2.662184650716391232e+01
1.883612880917830523e+01 1.815741412810433886e+01 1.672120670775760942e+01 1.585549136267573189e+01 1.619614472090101387e+01 1.842982962220821364e+01 2.125460277929403219e+01 2.639860037413509275e+01
1.848343688834266274e+01 1.797815715883669085e+01 1.654106558016219708e+01 1.561528753657239221e+01 1.565543456102201603e+01 1.810068782348134064e+01 2.094147691653233068e+01 2.617393118824083231e+01
1.823676900093997588e+01 1.764519056762005533e+01 1.633482816801349813e+01 1.557513327287205662e+01 1.539064979502776964e+01 1.779058391761612512e+01 2.069246951624324993e+01 2.537896759566467608e+01
1.811051892565234667e+01 1.743756899673231331e+01 1.613327262523109340e+01 1.515693893298060146e+01 1.524204495372410939e+01 1.730299213906111788e+01 2.009706865730932179e+01 2.529544901839405568e+01
1.785976219669592169e+01 1.734342379385964961e+01 1.588186082024432899e+01 1.493143278717406730e+01 1.489730709139831610e+01 1.690445431940583632e+01 2.007677602031917630e+01 2.501375732235796434e+01
1.771917832055510189e+01 1.704791895002191993e+01 1.552773352544584640e+01 1.470800031969309352e+01 1.475581853180505654e+01 1.678910291645111030e+01 1.965400878103642057e+01 2.484660186288313710e+01
1.769957423017374865e+01 1.678551136363636331e+01 1.518080676557239173e+01 1.438266884531590328e+01 1.443160511964149961e+01 1.628819957417224273e+01 1.917705130668716507e+01 2.469845802704614002e+01
1.736582611517834351e+01 1.677999271060580710e+01 1.520445780399274049e+01 1.400685610831234307e+01 1.415039079344545137e+01 1.598385813583451842e+01 1.910646656567380930e+01 2.409815396909962715e+01
1.737478898670883254e+01 1.649848351740294561e+01 1.491047498511018610e+01 1.400006003970625734e+01 1.386259102451103864e+01 1.560348896117747408e+01 1.878807733050847517e+01 2.397991359776370501e+01
1.698008308380076770e+01 1.617446870816599613e+01 1.473225598066183117e+01 1.371080819961354358e+01 1.349386777042407992e+01 1.527180500796912987e+01 1.839394294348046088e+01 2.400054900238423983e+01
1.696392634200680760e+01 1.618525898476316627e+01 1.455447285666997637e+01 1.349395845328179000e+01 1.334054202167259540e+01 1.503846661490683090e+01 1.820059030932518596e+01 2.355032309760132492e+01
1.660187188699273264e+01 1.592365820377108854e+01 1.437458643507030587e+01 1.331536864725027236e+01 1.311259057971014386e+01 1.477533503443697782e+01 1.804436862720716306e+01 2.342343157174548907e+01
1.659357769106020442e+01 1.575103197315325687e+01 1.407456221672847185e+01 1.304587280593831977e+01 1.273291003671970500e+01 1.444492536555645756e+01 1.759859482265446218e+01 2.330698035637392707e+01
1.656109675335163800e+01 1.540322419414370003e+01 1.405133766259998396e+01 1.283294975932611237e+01 1.270742276771139423e+01 1.401208302711089360e+01 1.713942482984929683e+01 2.310004352138620476e+01
1.627275992031713159e+01 1.536728815027723272e+01 1.382220717234262253e+01 1.259422661283745271e+01 1.241771331142970958e+01 1.382200600458641837e+01 1.696382765531062020e+01 2.283359376575196009e+01
1.622777170424456372e+01 1.535361583254642781e+01 1.361942573068468576e+01 1.241144809038703656e+01 1.231930995795261552e+01 1.359424962217626387e+01 1.665186899519615693e+01 2.265039210789210955e+01
1.597527539749121139e+01 1.511083888188480095e+01 1.333614322255710505e+01 1.218470410652366809e+01 1.197698351821257035e+01 1.333690065094863897e+01 1.649435532084495648e+01 2.260061187595605503e+01
1.601191123009444084e+01 1.502571004993757775e+01 1.348448358319669005e+01 1.204552705585725292e+01 1.162653331165760129e+01 1.303736786780886447e+01 1.616716985570890586e+01 2.222469993744624261e+01
1.574738098067173553e+01 1.486291857664517302e+01 1.321434441375554414e+01 1.187218679304157831e+01 1.154576075122482415e+01 1.264400037164540969e+01 1.591899876227974531e+01 2.240673011556764038e+01
