# k, xm.power, xs.power, xd.power,  pm1.power, pm2.power, ps1.power, ps2.power, pd1.power, pd2.power
0.000000000000000000e+00 0.000000000000000000e+00 0.000000000000000000e+00 0.000000000000000000e+00 0.000000000000000000e+00 0.000000000000000000e+00 0.000000000000000000e+00 0.000000000000000000e+00 0.000000000000000000e+00 0.000000000000000000e+00
8.691056022563805813e-03 1.081273568650850935e-05 3.166443990384615608e+04 1.048979417067307850e+03 1.039727385384518057e-11 1.583738581730769329e+04 3.166443990384615608e+04 3.166443990384615608e+04 1.048979417067307850e+03 1.048979417067307850e+03
1.503254434404273886e-02 8.309680399381451948e-06 2.411289756944444161e+04 7.999781901041666288e+02 6.688330445037138361e-12 1.286450000000000000e+04 2.411289756944444161e+04 2.411289756944444161e+04 7.999781901041666288e+02 7.999781901041666288e+02
2.104537904654678673e-02 1.186198680539076212e-05 2.311805427631578641e+04 7.615695415296052033e+02 8.874271200928031414e-12 1.257740625000000000e+04 2.311805427631578641e+04 2.311805427631578641e+04 7.615695415296052033e+02 7.615695415296052033e+02
2.718418752217394846e-02 -2.118854576514827182e-05 1.736164636752137085e+04 5.750043402777778283e+02 8.391350292687350544e-12 9.291579059829060498e+03 1.736164636752137085e+04 1.736164636752137085e+04 5.750043402777778283e+02 5.750043402777778283e+02
3.359305548768203725e-02 2.575450721153846189e+03 1.979568269230769511e+04 6.560812049278846416e+02 2.748420372596153811e+03 1.120564543269230853e+04 1.979568269230769511e+04 1.979568269230769511e+04 6.560812049278846416e+02 6.560812049278846416e+02
3.967812110980351720e-02 1.742488281250000000e+03 1.595317291666666642e+04 5.253522786458332803e+02 1.921665624999999864e+03 8.809635416666666060e+03 1.595317291666666642e+04 1.595317291666666642e+04 5.253522786458332803e+02 5.253522786458332803e+02
4.573133090443888549e-02 1.743663088642659204e+03 1.407315650969529088e+04 4.619481907894736992e+02 1.865488919667589926e+03 7.740554016620498260e+03 1.407315650969529088e+04 1.407315650969529088e+04 4.619481907894736992e+02 4.619481907894736992e+02
5.186912300623527233e-02 1.349745995423340901e+03 1.295331006864988558e+04 4.232872926201372934e+02 1.414905034324942790e+03 7.103853546910755540e+03 1.295331006864988558e+04 1.295331006864988558e+04 4.232872926201372934e+02 4.232872926201372934e+02
5.807971256735403043e-02 1.424498601549053319e+03 1.189996299483648909e+04 3.902746073580034363e+02 1.573715684165232460e+03 6.583965146299483422e+03 1.189996299483648909e+04 1.189996299483648909e+04 3.902746073580034363e+02 3.902746073580034363e+02
6.422094742881356844e-02 1.444938236377025078e+03 1.138430633284241594e+04 3.718615150957290325e+02 1.598768593519882188e+03 6.272233431516936434e+03 1.138430633284241594e+04 1.138430633284241594e+04 3.718615150957290325e+02 3.718615150957290325e+02
7.029194303550849454e-02 1.059533624387254804e+03 8.990158088235293690e+03 2.953780254289215463e+02 1.178918964460784309e+03 5.036273284313725526e+03 8.990158088235293690e+03 8.990158088235293690e+03 2.953780254289215463e+02 2.953780254289215463e+02
7.656976085866129544e-02 1.094173379174852471e+03 9.091929273084479064e+03 2.977732686640471229e+02 1.213327725933202373e+03 5.132205304518663979e+03 9.091929273084479064e+03 9.091929273084479064e+03 2.977732686640471229e+02 2.977732686640471229e+02
8.283279975513359317e-02 1.103898051948051943e+03 7.641761904761904589e+03 2.484969155844155750e+02 1.240351839826839750e+03 4.345875324675324919e+03 7.641761904761904589e+03 7.641761904761904589e+03 2.484969155844155750e+02 2.484969155844155750e+02
8.886264192081894109e-02 8.552753164556961565e+02 7.028919303797468274e+03 2.276525415348101262e+02 9.925231408227847396e+02 3.959310126582278372e+03 7.028919303797468274e+03 7.028919303797468274e+03 2.276525415348101262e+02 2.276525415348101262e+02
9.493524398572131262e-02 7.595710560625814196e+02 6.163104302477183410e+03 1.995971316818774426e+02 9.019165580182528856e+02 3.432065840938721976e+03 6.163104302477183410e+03 6.163104302477183410e+03 1.995971316818774426e+02 1.995971316818774426e+02
1.010510809291368245e-01 6.441367211131276918e+02 5.545301875378100704e+03 1.803885549001815036e+02 7.542028130671507142e+02 3.157042347247429007e+03 5.545301875378100704e+03 5.545301875378100704e+03 1.803885549001815036e+02 1.803885549001815036e+02
1.071918355362574127e-01 6.179880528723945190e+02 5.060448906964921662e+03 1.634269032791052325e+02 7.315149974580580192e+02 2.885660650737162996e+03 5.060448906964921662e+03 5.060448906964921662e+03 1.634269032791052325e+02 1.634269032791052325e+02
1.133640700251744293e-01 5.754692334739803528e+02 4.749401312705110286e+03 1.526461409985935518e+02 6.952621308016878174e+02 2.686132208157524929e+03 4.749401312705110286e+03 4.749401312705110286e+03 1.526461409985935518e+02 1.526461409985935518e+02
1.195184611122857843e-01 6.164644347100542063e+02 4.620261159783061885e+03 1.476418309345014563e+02 7.484360137672090332e+02 2.626386316228618853e+03 4.620261159783061885e+03 4.620261159783061885e+03 1.476418309345014563e+02 1.476418309345014563e+02
1.256657517103361710e-01 5.250601043643263210e+02 4.224255028462997871e+03 1.350675996204933540e+02 6.640581119544591502e+02 2.416607779886147910e+03 4.224255028462997871e+03 4.224255028462997871e+03 1.350675996204933540e+02 1.350675996204933540e+02
1.317871926578333408e-01 5.544158411539798408e+02 4.090077163712200218e+03 1.297794251824817593e+02 6.895044316996871885e+02 2.370980361487660957e+03 4.090077163712200218e+03 4.090077163712200218e+03 1.297794251824817593e+02 1.297794251824817593e+02
1.378887696062481294e-01 4.957197351828499450e+02 3.827851197982345639e+03 1.206527033417402208e+02 6.271778058007565733e+02 2.203779949558638236e+03 3.827851197982345639e+03 3.827851197982345639e+03 1.206527033417402208e+02 1.206527033417402208e+02
1.440612672229828750e-01 4.815323994867408146e+02 3.486080125463359309e+03 1.113106109210151260e+02 6.105853293413174470e+02 2.077801824921585649e+03 3.486080125463359309e+03 3.486080125463359309e+03 1.113106109210151260e+02 1.113106109210151260e+02
1.501845201433902877e-01 3.972974945681694408e+02 3.177390548614882846e+03 1.007487778381314456e+02 5.335049565453557534e+02 1.878110401955458883e+03 3.177390548614882846e+03 3.177390548614882846e+03 1.007487778381314456e+02 1.007487778381314456e+02
1.563418093457785985e-01 4.031281837657700748e+02 2.889947155439181188e+03 9.095647613663413722e+01 5.519557843370625960e+02 1.714224946441323482e+03 2.889947155439181188e+03 2.889947155439181188e+03 9.095647613663413722e+01 9.095647613663413722e+01
1.625438955957596576e-01 3.801476882581826544e+02 2.698965438315403844e+03 8.517428902494850718e+01 5.223260471503776898e+02 1.614011902037079381e+03 2.698965438315403844e+03 2.698965438315403844e+03 8.517428902494850718e+01 8.517428902494850718e+01
1.686940235306336466e-01 3.485819544984487948e+02 2.513955739400206767e+03 7.930352895553257042e+01 4.845660806618407150e+02 1.518551913133402195e+03 2.513955739400206767e+03 2.513955739400206767e+03 7.930352895553257042e+01 7.930352895553257042e+01
1.747987378343396903e-01 3.121550607287448997e+02 2.364508299595141580e+03 7.438124999999999432e+01 4.537256578947367984e+02 1.432961437246963442e+03 2.364508299595141580e+03 2.364508299595141580e+03 7.438124999999999432e+01 7.438124999999999432e+01
1.809057159377772395e-01 3.074968778077268894e+02 2.314580233602875069e+03 7.184086365678346908e+01 4.462548966756513664e+02 1.378264420485175151e+03 2.314580233602875069e+03 2.314580233602875069e+03 7.184086365678346908e+01 7.184086365678346908e+01
1.870079494254630881e-01 3.131410526315789298e+02 2.212809122807017502e+03 6.819083333333333030e+01 4.532615789473683776e+02 1.317947982456140153e+03 2.212809122807017502e+03 2.212809122807017502e+03 6.819083333333333030e+01 6.819083333333333030e+01
1.931644028143169878e-01 2.888613622072001590e+02 2.111757899701305178e+03 6.605797535764817496e+01 4.293399622700833334e+02 1.296194151862914623e+03 2.111757899701305178e+03 2.111757899701305178e+03 6.605797535764817496e+01 6.605797535764817496e+01
1.993257601852206906e-01 2.816846810933940901e+02 2.017917539863325828e+03 6.174766989369780390e+01 4.248592255125284964e+02 1.217953530751708513e+03 2.017917539863325828e+03 2.017917539863325828e+03 6.174766989369780390e+01 6.174766989369780390e+01
2.054762598507901550e-01 2.665044409981672402e+02 1.937086705202312260e+03 5.928216639644720232e+01 4.084793458339207746e+02 1.187566896940645847e+03 1.937086705202312260e+03 1.937086705202312260e+03 5.928216639644720232e+01 5.928216639644720232e+01
2.116257382464896697e-01 2.389163323973793354e+02 1.769727904800107126e+03 5.408216756919375001e+01 3.805835004679770464e+02 1.091380732718277841e+03 1.769727904800107126e+03 1.769727904800107126e+03 5.408216756919375001e+01 5.408216756919375001e+01
2.177578654451892970e-01 2.298774205796734691e+02 1.653966459941779704e+03 5.048842314264017261e+01 3.755015187950892255e+02 1.027232755347424472e+03 1.653966459941779704e+03 1.653966459941779704e+03 5.048842314264017261e+01 5.048842314264017261e+01
2.238991135097555263e-01 2.172360115848560724e+02 1.570648871372267877e+03 4.714022378478442477e+01 3.640307237549265551e+02 9.652177833512480447e+02 1.570648871372267877e+03 1.570648871372267877e+03 4.714022378478442477e+01 4.714022378478442477e+01
2.300081978121491233e-01 2.252093789209535828e+02 1.510435610813276980e+03 4.595774994296795057e+01 3.709747633169841379e+02 9.640489335006272995e+02 1.510435610813276980e+03 1.510435610813276980e+03 4.595774994296795057e+01 4.595774994296795057e+01
2.361454707693454169e-01 2.059877073301230439e+02 1.381014446227929284e+03 4.163197231139646703e+01 3.458501605136436297e+02 8.817078116639913787e+02 1.381014446227929284e+03 1.381014446227929284e+03 4.163197231139646703e+01 4.163197231139646703e+01
2.422857100963227428e-01 1.896589272950066345e+02 1.342310732155621281e+03 4.031958414173389116e+01 3.342459920351271307e+02 8.530425814357193985e+02 1.342310732155621281e+03 1.342310732155621281e+03 4.031958414173389116e+01 4.031958414173389116e+01
2.484099584913142256e-01 1.952066848567530712e+02 1.324678620152017174e+03 3.952293351685830913e+01 3.368696404209705406e+02 8.491853439875267213e+02 1.324678620152017174e+03 1.324678620152017174e+03 3.952293351685830913e+01 3.952293351685830913e+01
2.545441957051269855e-01 1.878915804544614900e+02 1.258945501570293800e+03 3.736534442545723067e+01 3.348968917421023548e+02 8.041258082394235771e+02 1.258945501570293800e+03 1.258945501570293800e+03 3.736534442545723067e+01 3.736534442545723067e+01
2.606917133414053955e-01 1.796317882249560682e+02 1.200754393673110826e+03 3.531299978031634623e+01 3.273512521968365832e+02 7.706033391915641459e+02 1.200754393673110826e+03 1.200754393673110826e+03 3.531299978031634623e+01 3.531299978031634623e+01
2.668580198415695381e-01 1.700937029131089844e+02 1.162394525364138644e+03 3.378169470952619946e+01 3.211664783191026231e+02 7.402516323455549809e+02 1.162394525364138644e+03 1.162394525364138644e+03 3.378169470952619946e+01 3.378169470952619946e+01
2.730019564931540632e-01 1.648706646817413457e+02 1.115917035487245357e+03 3.252380904482175339e+01 3.122738593385370223e+02 7.214738875030175222e+02 1.115917035487245357e+03 1.115917035487245357e+03 3.252380904482175339e+01 3.252380904482175339e+01
2.791389873202678173e-01 1.506420122887864750e+02 1.051874654377880233e+03 3.070720286098310225e+01 2.946326804915514685e+02 6.883799539170506705e+02 1.051874654377880233e+03 1.051874654377880233e+03 3.070720286098310225e+01 3.070720286098310225e+01
2.852424996643880273e-01 1.515990150723772558e+02 9.919861960901357634e+02 2.872958093941202762e+01 2.945400313386061839e+02 6.559155349947768627e+02 9.919861960901357634e+02 9.919861960901357634e+02 2.872958093941202762e+01 2.872958093941202762e+01
2.913531997893986092e-01 1.520301228070175341e+02 9.603939649122805804e+02 2.770110526315789201e+01 2.990163859649122742e+02 6.380054035087719058e+02 9.603939649122805804e+02 9.603939649122805804e+02 2.770110526315789201e+01 2.770110526315789201e+01
2.975143171497069416e-01 1.426670951156812350e+02 9.075947774320119379e+02 2.593541131105398279e+01 2.849195305100798237e+02 6.044726018130157854e+02 9.075947774320119379e+02 9.075947774320119379e+02 2.593541131105398279e+01 2.593541131105398279e+01
3.036544665973567314e-01 1.402554647467081850e+02 8.858801971849258052e+02 2.517045915223454955e+01 2.881372186547318393e+02 5.937583187390542889e+02 8.858801971849258052e+02 8.858801971849258052e+02 2.517045915223454955e+01 2.517045915223454955e+01
3.097883787544665757e-01 1.326788334901222868e+02 8.447121354656632093e+02 2.369999412041392262e+01 2.813300407651300930e+02 5.691136406396989287e+02 8.447121354656632093e+02 8.447121354656632093e+02 2.369999412041392262e+01 2.369999412041392262e+01
3.159486680635095190e-01 1.305613190783628568e+02 8.220055677308536133e+02 2.322273329680744069e+01 2.773923769472250456e+02 5.552186815139489227e+02 8.220055677308536133e+02 8.220055677308536133e+02 2.322273329680744069e+01 2.322273329680744069e+01
3.221066234444813769e-01 1.251122330547817967e+02 7.893171425255338818e+02 2.212915288416898818e+01 2.706686687558031394e+02 5.367393802228411914e+02 7.893171425255338818e+02 7.893171425255338818e+02 2.212915288416898818e+01 2.212915288416898818e+01
3.282572612915165555e-01 1.181138735505245734e+02 7.650260629486472226e+02 2.124564467145223645e+01 2.654218111540585596e+02 5.188122032026504939e+02 7.650260629486472226e+02 7.650260629486472226e+02 2.124564467145223645e+01 2.124564467145223645e+01
3.343544383171894174e-01 1.181156531224434190e+02 7.397901827106627479e+02 2.059546632124352428e+01 2.673055631306244777e+02 5.089961276247614137e+02 7.397901827106627479e+02 7.397901827106627479e+02 2.059546632124352428e+01 2.059546632124352428e+01
3.404813620364756654e-01 1.072576571048729335e+02 7.142978473180958190e+02 1.961826008590274384e+01 2.541347087999181724e+02 4.916477987421383773e+02 7.142978473180958190e+02 7.142978473180958190e+02 1.961826008590274384e+01 1.961826008590274384e+01
3.466259536752008263e-01 1.112373677878590428e+02 6.820678229485187103e+02 1.863531380019048456e+01 2.621793573612712294e+02 4.750675221815629925e+02 6.820678229485187103e+02 6.820678229485187103e+02 1.863531380019048456e+01 1.863531380019048456e+01
3.527314914776840671e-01 1.106219343737882923e+02 6.601308162078324813e+02 1.793872685633966668e+01 2.675429187669639077e+02 4.600050407134548323e+02 6.601308162078324813e+02 6.601308162078324813e+02 1.793872685633966668e+01 1.793872685633966668e+01
3.588700951741782830e-01 1.055190443213296305e+02 6.365514312096029244e+02 1.716315068097876306e+01 2.618053554939981495e+02 4.452803324099722886e+02 6.365514312096029244e+02 6.365514312096029244e+02 1.716315068097876306e+01 1.716315068097876306e+01
3.650083489029407047e-01 9.866828489951113568e+01 6.082938167662501883e+02 1.634565962791960914e+01 2.495205956907477685e+02 4.255540467137425367e+02 6.082938167662501883e+02 6.082938167662501883e+02 1.634565962791960914e+01 1.634565962791960914e+01
3.711704037116136945e-01 9.757005671564836291e+01 5.928883732920855891e+02 1.601312623528400536e+01 2.446679556586749129e+02 4.230215691329379979e+02 5.928883732920855891e+02 5.928883732920855891e+02 1.601312623528400536e+01 1.601312623528400536e+01
3.773137312255384068e-01 9.731177168524089893e+01 5.761492859866943945e+02 1.530572270011441205e+01 2.479061824653587109e+02 4.125091317428704656e+02 5.761492859866943945e+02 5.761492859866943945e+02 1.530572270011441205e+01 1.530572270011441205e+01
3.834202365329835160e-01 9.182371624113766018e+01 5.588322609729109445e+02 1.464219576041965531e+01 2.458508052948649549e+02 3.966493996147698908e+02 5.588322609729109445e+02 5.588322609729109445e+02 1.464219576041965531e+01 1.464219576041965531e+01
3.895813105051545988e-01 9.337437278773968785e+01 5.433902524407794772e+02 1.417417417052394057e+01 2.490650939359757103e+02 3.889014741919172025e+02 5.433902524407794772e+02 5.433902524407794772e+02 1.417417417052394057e+01 1.417417417052394057e+01
3.957247046642990429e-01 9.010751531363882805e+01 5.264351011863222993e+02 1.366884740637357432e+01 2.501797511049080924e+02 3.783270915716832974e+02 5.264351011863222993e+02 5.264351011863222993e+02 1.366884740637357432e+01 1.366884740637357432e+01
4.018641006880244171e-01 8.769793572944878690e+01 5.110806309933386729e+02 1.319282309128175079e+01 2.438530488251225847e+02 3.710849132567161632e+02 5.110806309933386729e+02 5.110806309933386729e+02 1.319282309128175079e+01 1.319282309128175079e+01
4.079986652309439688e-01 8.587644506035520919e+01 4.921442689909193859e+02 1.260254686189416873e+01 2.422424966266729882e+02 3.600359578425294558e+02 4.921442689909193859e+02 4.921442689909193859e+02 1.260254686189416873e+01 1.260254686189416873e+01
4.141066506702003602e-01 8.400095922424918626e+01 4.748348739056123122e+02 1.201865909170183677e+01 2.398419024032927496e+02 3.465450486588300691e+02 4.748348739056123122e+02 4.748348739056123122e+02 1.201865909170183677e+01 1.201865909170183677e+01
4.202576909860619159e-01 7.847802040058094519e+01 4.667286452528118730e+02 1.168268272705779154e+01 2.320026682879048963e+02 3.394780288445300016e+02 4.667286452528118730e+02 4.667286452528118730e+02 1.168268272705779154e+01 1.168268272705779154e+01
4.264066946730206698e-01 7.735305563800666562e+01 4.541479502654925682e+02 1.132066162890405892e+01 2.340256093136769948e+02 3.324014709277398651e+02 4.541479502654925682e+02 4.541479502654925682e+02 1.132066162890405892e+01 1.132066162890405892e+01
4.325254831734640648e-01 7.594334587312305018e+01 4.349274942927879692e+02 1.068389983441046809e+01 2.314673804700813378e+02 3.169064660300311971e+02 4.349274942927879692e+02 4.349274942927879692e+02 1.068389983441046809e+01 1.068389983441046809e+01
4.386395650806790836e-01 7.457225347710580365e+01 4.260467885607126277e+02 1.041173132520706446e+01 2.300293327082356711e+02 3.140892326926082205e+02 4.260467885607126277e+02 4.260467885607126277e+02 1.041173132520706446e+01 1.041173132520706446e+01
4.447681454847935978e-01 7.125770898396045538e+01 4.100718292350140928e+02 9.980646053788545302e+00 2.272438525211485398e+02 3.013893757011612706e+02 4.100718292350140928e+02 4.100718292350140928e+02 9.980646053788545302e+00 9.980646053788545302e+00
4.509437495939586094e-01 7.337868852459016011e+01 3.972542869577832221e+02 9.650616567532278367e+00 2.320189757725228503e+02 2.977715653561584190e+02 3.972542869577832221e+02 3.972542869577832221e+02 9.650616567532278367e+00 9.650616567532278367e+00
4.571038061189046653e-01 7.288093415007656972e+01 3.920682192493281946e+02 9.379026228726631942e+00 2.355773064809731636e+02 2.912441850385737894e+02 3.920682192493281946e+02 3.920682192493281946e+02 9.379026228726631942e+00 9.379026228726631942e+00
4.632394462505528554e-01 6.497358710429209339e+01 3.800659767499930695e+02 9.013685909885415626e+00 2.228152207085980763e+02 2.826428987598146705e+02 3.800659767499930695e+02 3.800659767499930695e+02 9.013685909885415626e+00 9.013685909885415626e+00
4.693790757792539181e-01 6.737353857080420028e+01 3.681182255244755197e+02 8.700887613363200046e+00 2.304094460227272805e+02 2.786595279720279450e+02 3.681182255244755197e+02 3.681182255244755197e+02 8.700887613363200046e+00 8.700887613363200046e+00
4.755007986458400504e-01 6.436906215169045709e+01 3.575447163101746355e+02 8.362004737009712585e+00 2.196996178546786211e+02 2.710242025370203578e+02 3.575447163101746355e+02 3.575447163101746355e+02 8.362004737009712585e+00 8.362004737009712585e+00
4.816148015649592273e-01 6.392613621632833087e+01 3.483672707474527783e+02 8.040939922480619728e+00 2.247043115293873825e+02 2.639283917969459026e+02 3.483672707474527783e+02 3.483672707474527783e+02 8.040939922480619728e+00 8.040939922480619728e+00
4.877448110253904678e-01 6.285007942311086282e+01 3.385983964095711372e+02 7.774989914525604284e+00 2.267007387609994851e+02 2.569924611078893690e+02 3.385983964095711372e+02 3.385983964095711372e+02 7.774989914525604284e+00 7.774989914525604284e+00
4.938644425720450370e-01 6.263117896501565696e+01 3.279619338773699155e+02 7.482164209462291105e+00 2.266457434481398252e+02 2.517094253100268588e+02 3.279619338773699155e+02 3.279619338773699155e+02 7.482164209462291105e+00 7.482164209462291105e+00
4.999990772533337013e-01 6.032324456651540601e+01 3.224819441127298774e+02 7.226609147360878893e+00 2.232252209219011263e+02 2.455885598280391662e+02 3.224819441127298774e+02 3.224819441127298774e+02 7.226609147360878893e+00 7.226609147360878893e+00
5.061739783630568867e-01 5.865497286264321986e+01 3.117862411281718096e+02 6.970185148675604125e+00 2.221401864823491223e+02 2.397277914366563039e+02 3.117862411281718096e+02 3.117862411281718096e+02 6.970185148675604125e+00 6.970185148675604125e+00
5.123176238977423802e-01 5.728022626716489896e+01 3.070013067100708213e+02 6.778062745008138101e+00 2.158981453886889312e+02 2.357027349212535228e+02 3.070013067100708213e+02 3.070013067100708213e+02 6.778062745008138101e+00 6.778062745008138101e+00
5.184419198367248294e-01 5.669055572935288012e+01 2.973552466928852027e+02 6.511171288434036697e+00 2.198662629603146286e+02 2.301524848051483616e+02 2.973552466928852027e+02 2.973552466928852027e+02 6.511171288434036697e+00 6.511171288434036697e+00
5.245811071337125320e-01 5.412170062577138907e+01 2.913283675811445619e+02 6.318081734620964340e+00 2.183372236537254025e+02 2.245289175670701241e+02 2.913283675811445619e+02 2.913283675811445619e+02 6.318081734620964340e+00 6.318081734620964340e+00
5.307339722686617023e-01 5.536347276057417588e+01 2.824710993738552247e+02 6.069522830855730966e+00 2.227050091578992124e+02 2.195415726029731047e+02 2.824710993738552247e+02 2.824710993738552247e+02 6.069522830855730966e+00 6.069522830855730966e+00
5.368662932732624071e-01 5.175871905721946575e+01 2.778777253548936983e+02 5.875032475630287188e+00 2.169947415459439242e+02 2.141217966038284999e+02 2.778777253548936983e+02 2.778777253548936983e+02 5.875032475630287188e+00 5.875032475630287188e+00
5.429628466927283181e-01 5.044096035895113772e+01 2.714721524719054742e+02 5.694880598320503751e+00 2.169972214218087458e+02 2.102819330671386808e+02 2.714721524719054742e+02 2.714721524719054742e+02 5.694880598320503751e+00 5.694880598320503751e+00
5.491073400914713298e-01 4.793360523942115492e+01 2.632935017059492679e+02 5.462977102043217847e+00 2.128068551707910387e+02 2.052866386917134207e+02 2.632935017059492679e+02 2.632935017059492679e+02 5.462977102043217847e+00 5.462977102043217847e+00
5.552762609626447077e-01 4.803187661668319919e+01 2.552955053775988574e+02 5.278478543088861663e+00 2.145599315401520926e+02 2.022584942723223946e+02 2.552955053775988574e+02 2.552955053775988574e+02 5.278478543088861663e+00 5.278478543088861663e+00
5.614082796802024600e-01 4.795588739803308442e+01 2.513715407486467939e+02 5.089737435198597559e+00 2.179229435084241970e+02 1.969621864755660567e+02 2.513715407486467939e+02 2.513715407486467939e+02 5.089737435198597559e+00 5.089737435198597559e+00
5.675371533509153688e-01 4.830118702630405636e+01 2.467646009808292433e+02 4.942189357631148638e+00 2.177245504532619975e+02 1.920093253083667548e+02 2.467646009808292433e+02 2.467646009808292433e+02 4.942189357631148638e+00 4.942189357631148638e+00
5.736740022558224350e-01 4.629818645766881957e+01 2.382930465688507979e+02 4.760165861660438757e+00 2.179039278228378578e+02 1.884192290166772921e+02 2.382930465688507979e+02 2.382930465688507979e+02 4.760165861660438757e+00 4.760165861660438757e+00
5.798103603643611770e-01 4.487199533151583353e+01 2.343259207783182774e+02 4.601907596977958370e+00 2.151047914327969863e+02 1.837610520126156075e+02 2.343259207783182774e+02 2.343259207783182774e+02 4.601907596977958370e+00 4.601907596977958370e+00
5.859425366486809006e-01 4.310096640709571147e+01 2.295004714180954579e+02 4.469857887086636339e+00 2.127238188357719082e+02 1.808743408876628109e+02 2.295004714180954579e+02 2.295004714180954579e+02 4.469857887086636339e+00 4.469857887086636339e+00
5.920586774162177601e-01 4.374327906096176122e+01 2.232208874049086091e+02 4.311792730887060721e+00 2.168483873188530708e+02 1.771598912257753682e+02 2.232208874049086091e+02 2.232208874049086091e+02 4.311792730887060721e+00 4.311792730887060721e+00
5.981941542880485629e-01 4.153439813659429092e+01 2.170028450212128917e+02 4.142257819648947681e+00 2.123655436319773742e+02 1.738716080192995719e+02 2.170028450212128917e+02 2.170028450212128917e+02 4.142257819648947681e+00 4.142257819648947681e+00
6.043590774859866066e-01 4.223907334075140341e+01 2.143464295064798932e+02 4.033956608358423956e+00 2.155310086398743010e+02 1.717179113758345181e+02 2.143464295064798932e+02 2.143464295064798932e+02 4.033956608358423956e+00 4.033956608358423956e+00
6.104910230252050818e-01 3.994960483870968204e+01 2.098353870967742125e+02 3.869649193548387434e+00 2.137730806451612864e+02 1.663099677419354805e+02 2.098353870967742125e+02 2.098353870967742125e+02 3.869649193548387434e+00 3.869649193548387434e+00
6.166050503334797872e-01 4.111918728753261121e+01 2.062763854850185794e+02 3.794528223574986203e+00 2.144256462961498926e+02 1.643674440667246301e+02 2.062763854850185794e+02 2.062763854850185794e+02 3.794528223574986203e+00 3.794528223574986203e+00
6.227565424953059869e-01 3.799827702650846106e+01 1.998265360941840925e+02 3.611142342936959793e+00 2.091611383137116320e+02 1.591907013154461197e+02 1.998265360941840925e+02 1.998265360941840925e+02 3.611142342936959793e+00 3.611142342936959793e+00
6.288977757446623240e-01 3.873441634477934770e+01 1.956321512211441984e+02 3.507133400118616962e+00 2.128429848839685121e+02 1.570501231789287999e+02 1.956321512211441984e+02 1.956321512211441984e+02 3.507133400118616962e+00 3.507133400118616962e+00
6.350332706002194127e-01 3.723255917291228911e+01 1.917585389696951950e+02 3.400387558506384078e+00 2.115326302692774902e+02 1.542172734543946433e+02 1.917585389696951950e+02 1.917585389696951950e+02 3.400387558506384078e+00 3.400387558506384078e+00
6.411743038514937654e-01 3.665956623903556988e+01 1.882316943240363685e+02 3.279157909715836983e+00 2.127983128274734668e+02 1.504668038588963270e+02 1.882316943240363685e+02 1.882316943240363685e+02 3.279157909715836983e+00 3.279157909715836983e+00
6.473071136295037720e-01 3.638351079033871827e+01 1.842982135200800258e+02 3.196290151136201185e+00 2.122863227097327297e+02 1.489466914391882142e+02 1.842982135200800258e+02 1.842982135200800258e+02 3.196290151136201185e+00 3.196290151136201185e+00
6.534392957951101755e-01 3.546110008166483851e+01 1.801489116048548169e+02 3.072955827067668899e+00 2.120515333277012644e+02 1.457485004646447635e+02 1.801489116048548169e+02 1.801489116048548169e+02 3.072955827067668899e+00 3.072955827067668899e+00
6.595783755518781488e-01 3.602289901299128161e+01 1.770080357020629833e+02 2.991499498624210940e+00 2.146510972087229163e+02 1.426182425495215398e+02 1.770080357020629833e+02 1.770080357020629833e+02 2.991499498624210940e+00 2.991499498624210940e+00
6.657085753353266799e-01 3.484838967097724804e+01 1.728555273639984762e+02 2.883219387720303395e+00 2.138372346810716351e+02 1.407626179953074654e+02 1.728555273639984762e+02 1.728555273639984762e+02 2.883219387720303395e+00 2.883219387720303395e+00
6.718369711955728407e-01 3.417712126009181617e+01 1.694889715582291103e+02 2.770260515606036478e+00 2.122394596591208824e+02 1.371735528468154541e+02 1.694889715582291103e+02 1.694889715582291103e+02 2.770260515606036478e+00 2.770260515606036478e+00
6.779675665423466890e-01 3.277016049528766928e+01 1.677063370006703735e+02 2.702725322699370381e+00 2.145419377735715329e+02 1.353178227322318321e+02 1.677063370006703735e+02 1.677063370006703735e+02 2.702725322699370381e+00 2.702725322699370381e+00
6.841025602423458363e-01 3.140365844358866809e+01 1.615891257101460212e+02 2.599925450553500994e+00 2.124531589583253890e+02 1.318427701732311448e+02 1.615891257101460212e+02 1.615891257101460212e+02 2.599925450553500994e+00 2.599925450553500994e+00
6.902473351098605825e-01 3.081639216081923038e+01 1.606726864579917731e+02 2.530392826065023915e+00 2.103044240421721724e+02 1.303025575705601966e+02 1.606726864579917731e+02 1.606726864579917731e+02 2.530392826065023915e+00 2.530392826065023915e+00
6.963896182979992799e-01 3.191544543594547179e+01 1.575480563019202691e+02 2.443141901052579890e+00 2.126637907658934523e+02 1.276374392979515306e+02 1.575480563019202691e+02 1.575480563019202691e+02 2.443141901052579890e+00 2.443141901052579890e+00
7.025354447064345864e-01 3.168350196910027350e+01 1.535315237806725293e+02 2.357247046349591368e+00 2.150334807634050378e+02 1.247650530142381200e+02 1.535315237806725293e+02 1.535315237806725293e+02 2.357247046349591368e+00 2.357247046349591368e+00
7.086795257259553837e-01 3.009638062192969699e+01 1.515876257929126609e+02 2.276659080340535102e+00 2.168650259932274480e+02 1.229625959841655884e+02 1.515876257929126609e+02 1.515876257929126609e+02 2.276659080340535102e+00 2.276659080340535102e+00
7.148105300560909647e-01 2.956028800056401806e+01 1.480665303628501590e+02 2.196855465078022096e+00 2.145468368114307225e+02 1.201110876104530973e+02 1.480665303628501590e+02 1.480665303628501590e+02 2.196855465078022096e+00 2.196855465078022096e+00
7.209489185367295994e-01 2.903668073556979223e+01 1.451474474716225984e+02 2.126111412199694239e+00 2.170282796453256537e+02 1.180730969604269092e+02 1.451474474716225984e+02 1.451474474716225984e+02 2.126111412199694239e+00 2.126111412199694239e+00
7.270775917581103753e-01 2.905618127955335339e+01 1.425174841907366101e+02 2.060223323648378901e+00 2.159252777303024970e+02 1.165227824303537858e+02 1.425174841907366101e+02 1.425174841907366101e+02 2.060223323648378901e+00 2.060223323648378901e+00
7.331906622449658739e-01 2.726164282685827800e+01 1.405324794144556222e+02 1.993395645515809944e+00 2.139414009327650490e+02 1.139472586079932057e+02 1.405324794144556222e+02 1.405324794144556222e+02 1.993395645515809944e+00 1.993395645515809944e+00
7.393386679216931157e-01 2.720636047807371938e+01 1.367017720191404351e+02 1.921074580210632154e+00 2.142205300762558124e+02 1.115234339152664518e+02 1.367017720191404351e+02 1.367017720191404351e+02 1.921074580210632154e+00 1.921074580210632154e+00
7.454822748005143218e-01 2.700038548214920908e+01 1.343321831768042216e+02 1.864483817836771085e+00 2.138360811291661605e+02 1.098303770716295844e+02 1.343321831768042216e+02 1.343321831768042216e+02 1.864483817836771085e+00 1.864483817836771085e+00
7.516118807450163919e-01 2.711019504206059949e+01 1.329602258829534946e+02 1.811254067807425372e+00 2.175169465389074048e+02 1.083548510597568963e+02 1.329602258829534946e+02 1.329602258829534946e+02 1.811254067807425372e+00 1.811254067807425372e+00
7.577553313207755492e-01 2.655247298096988118e+01 1.297365268217730261e+02 1.747690988984748950e+00 2.153398324352944826e+02 1.062993116765814250e+02 1.297365268217730261e+02 1.297365268217730261e+02 1.747690988984748950e+00 1.747690988984748950e+00
7.639042897236033580e-01 2.543560812268249904e+01 1.276021754984233354e+02 1.682634209661349578e+00 2.180932033649352491e+02 1.036925644791848669e+02 1.276021754984233354e+02 1.276021754984233354e+02 1.682634209661349578e+00 1.682634209661349578e+00
7.700556058884338029e-01 2.540877335050146613e+01 1.253345270548944370e+02 1.630014793680652829e+00 2.163398887424679913e+02 1.025196712571296445e+02 1.253345270548944370e+02 1.253345270548944370e+02 1.630014793680652829e+00 1.630014793680652829e+00
7.761646078124272430e-01 2.499682256732531727e+01 1.231223236046488267e+02 1.578296208733659611e+00 2.171489314560799357e+02 1.004382238604548121e+02 1.231223236046488267e+02 1.231223236046488267e+02 1.578296208733659611e+00 1.578296208733659611e+00
7.822760392858680856e-01 2.525930858849013561e+01 1.209886813808715402e+02 1.532346186308373825e+00 2.221804344007962015e+02 9.931657006810686994e+01 1.209886813808715402e+02 1.209886813808715402e+02 1.532346186308373825e+00 1.532346186308373825e+00
7.884165269731352454e-01 2.459136607272200692e+01 1.197886136462407762e+02 1.484493758752233550e+00 2.179214640977353099e+02 9.723256555120963185e+01 1.197886136462407762e+02 1.197886136462407762e+02 1.484493758752233550e+00 1.484493758752233550e+00
7.945591276009631443e-01 2.439112682179920810e+01 1.168056842025670505e+02 1.434645906977183749e+00 2.208903045311052722e+02 9.519517589459556461e+01 1.168056842025670505e+02 1.168056842025670505e+02 1.434645906977183749e+00 1.434645906977183749e+00
8.007019309919388705e-01 2.372470023419203500e+01 1.149892833723653354e+02 1.376931645199063192e+00 2.220020234192037378e+02 9.314177049180327117e+01 1.149892833723653354e+02 1.149892833723653354e+02 1.376931645199063192e+00 1.376931645199063192e+00
8.068322471611056868e-01 2.289676627210771542e+01 1.129796282500528832e+02 1.334911224236404292e+00 2.187027747886948248e+02 9.170823791260841062e+01 1.129796282500528832e+02 1.129796282500528832e+02 1.334911224236404292e+00 1.334911224236404292e+00
8.129795759107908415e-01 2.242057778059170658e+01 1.107640126265138605e+02 1.292641759978654159e+00 2.197798862166586673e+02 9.000367218096796762e+01 1.107640126265138605e+02 1.107640126265138605e+02 1.292641759978654159e+00 1.292641759978654159e+00
8.191384193203445907e-01 2.205298347056054453e+01 1.089120502367058521e+02 1.247289596045724647e+00 2.172098910176130744e+02 8.882399388917015415e+01 1.089120502367058521e+02 1.089120502367058521e+02 1.247289596045724647e+00 1.247289596045724647e+00
8.252636533623828319e-01 2.164503366480674629e+01 1.070358736438715823e+02 1.208371126773057469e+00 2.195661453574501536e+02 8.692078347186614451e+01 1.070358736438715823e+02 1.070358736438715823e+02 1.208371126773057469e+00 1.208371126773057469e+00
8.313801266770000087e-01 2.108787666068689504e+01 1.055056201197687926e+02 1.171985631212680623e+00 2.225661198207801590e+02 8.556069469360164703e+01 1.055056201197687926e+02 1.055056201197687926e+02 1.171985631212680623e+00 1.171985631212680623e+00
8.375206517277707929e-01 2.128130033835899937e+01 1.041871542900000804e+02 1.129617945172205040e+00 2.201415994068063924e+02 8.404584466168361701e+01 1.041871542900000804e+02 1.041871542900000804e+02 1.129617945172205040e+00 1.129617945172205040e+00
8.436596178727920892e-01 2.067704458222615926e+01 1.020285039436500938e+02 1.092309816419924973e+00 2.237190265300097280e+02 8.275978742249779430e+01 1.020285039436500938e+02 1.020285039436500938e+02 1.092309816419924973e+00 1.092309816419924973e+00
8.497926552975230141e-01 1.978995817632200271e+01 1.006591411652656518e+02 1.060411339496459604e+00 2.186874984471406833e+02 8.152985216779163125e+01 1.006591411652656518e+02 1.006591411652656518e+02 1.060411339496459604e+00 1.060411339496459604e+00
8.559261024612236923e-01 2.029913612672877221e+01 9.926522756186645324e+01 1.026730696228505657e+00 2.235008166782943988e+02 8.046937251200394314e+01 9.926522756186645324e+01 9.926522756186645324e+01 1.026730696228505657e+00 1.026730696228505657e+00
8.620635216668264267e-01 1.941156080044344279e+01 9.740828720848965361e+01 9.872510036672264011e-01 2.216394951840040051e+02 7.869450759553667751e+01 9.740828720848965361e+01 9.740828720848965361e+01 9.872510036672264011e-01 9.872510036672264011e-01
8.681991121454618598e-01 1.970897256070833592e+01 9.588249639376140010e+01 9.587311070953242753e-01 2.240988388310208279e+02 7.755914629772786384e+01 9.588249639376140010e+01 9.588249639376140010e+01 9.587311070953242753e-01 9.587311070953242753e-01
8.743258064632770665e-01 1.895612371506427607e+01 9.379406475526342035e+01 9.255420117047925554e-01 2.244410048609638579e+02 7.573822256775115136e+01 9.379406475526342035e+01 9.379406475526342035e+01 9.255420117047925554e-01 9.255420117047925554e-01
8.804649962982444844e-01 1.841351254590670194e+01 9.282497324515141202e+01 8.990857396656991574e-01 2.242054156433097489e+02 7.472897915816542991e+01 9.282497324515141202e+01 9.282497324515141202e+01 8.990857396656991574e-01 8.990857396656991574e-01
8.866060715851544760e-01 1.828667635473631847e+01 9.150648973192090807e+01 8.680967723431105565e-01 2.259424069754101367e+02 7.372289571302917466e+01 9.150648973192090807e+01 9.150648973192090807e+01 8.680967723431105565e-01 8.680967723431105565e-01
8.927497452568226022e-01 1.766335775800897778e+01 8.971169919555426020e+01 8.361639721095600608e-01 2.225824874328694989e+02 7.186350565054040374e+01 8.971169919555426020e+01 8.971169919555426020e+01 8.361639721095600608e-01 8.361639721095600608e-01
8.989002179133253057e-01 1.822309603571348902e+01 8.847104221292904924e+01 8.104805894248553466e-01 2.266518751810558001e+02 7.086670578710065627e+01 8.847104221292904924e+01 8.847104221292904924e+01 8.104805894248553466e-01 8.104805894248553466e-01
9.050334286265421246e-01 1.713173641743659559e+01 8.740530061960043895e+01 7.835533847594384760e-01 2.286523873270861316e+02 6.941859240239647022e+01 8.740530061960043895e+01 8.740530061960043895e+01 7.835533847594384760e-01 7.835533847594384760e-01
9.111662727418216035e-01 1.695391511239159854e+01 8.575004512993811545e+01 7.529565750709442673e-01 2.276985320133728976e+02 6.858131692769822507e+01 8.575004512993811545e+01 8.575004512993811545e+01 7.529565750709442673e-01 7.529565750709442673e-01
9.173141852908638372e-01 1.657532366190189066e+01 8.438032845032455498e+01 7.332417399709147965e-01 2.279124605398503149e+02 6.735920263895293658e+01 8.438032845032455498e+01 8.438032845032455498e+01 7.332417399709147965e-01 7.332417399709147965e-01
9.234386234055659282e-01 1.610705064267170528e+01 8.299225398442308688e+01 7.082046751978947619e-01 2.282496126992211600e+02 6.592744919108960744e+01 8.299225398442308688e+01 8.299225398442308688e+01 7.082046751978947619e-01 7.082046751978947619e-01
9.295586914769259357e-01 1.609454187656340096e+01 8.230482895293000922e+01 6.876410739898972668e-01 2.317627999473381522e+02 6.508829867583168038e+01 8.230482895293000922e+01 8.230482895293000922e+01 6.876410739898972668e-01 6.876410739898972668e-01
9.356866131768992734e-01 1.561229455277237932e+01 8.064242395104294303e+01 6.626724258569888226e-01 2.302181638357933195e+02 6.388157036202669303e+01 8.064242395104294303e+01 8.064242395104294303e+01 6.626724258569888226e-01 6.626724258569888226e-01
9.418341995598693561e-01 1.615077635795599420e+01 7.915453411818340612e+01 6.422489595764222514e-01 2.319855991633033341e+02 6.289846337440834390e+01 7.915453411818340612e+01 7.915453411818340612e+01 6.422489595764222514e-01 6.422489595764222514e-01
9.479856668247271800e-01 1.566329617940865582e+01 7.796028296714317207e+01 6.210210879725590605e-01 2.343343719493440460e+02 6.156051832733788842e+01 7.796028296714317207e+01 7.796028296714317207e+01 6.210210879725590605e-01 6.210210879725590605e-01
9.541104538204613350e-01 1.512113410546970194e+01 7.709141848781548845e+01 6.021330322045393979e-01 2.325515661111586780e+02 6.101432117624594298e+01 7.709141848781548845e+01 7.709141848781548845e+01 6.021330322045393979e-01 6.021330322045393979e-01
9.602408593380125090e-01 1.492763650571419376e+01 7.605804708104059841e+01 5.793198828671898282e-01 2.329951486341288955e+02 5.967603946211702493e+01 7.605804708104059841e+01 7.605804708104059841e+01 5.793198828671898282e-01 5.793198828671898282e-01
9.663673603621276698e-01 1.470605290026777645e+01 7.521698228309797685e+01 5.634964854360515751e-01 2.367281974224122791e+02 5.882940016824314000e+01 7.521698228309797685e+01 7.521698228309797685e+01 5.634964854360515751e-01 5.634964854360515751e-01
9.725109363121978712e-01 1.454885982689066104e+01 7.385217523059148448e+01 5.453314594815558136e-01 2.388234120595718366e+02 5.782313427653301829e+01 7.385217523059148448e+01 7.385217523059148448e+01 5.453314594815558136e-01 5.453314594815558136e-01
9.786539223807257937e-01 1.435991288816469691e+01 7.294768276251056704e+01 5.257563042490520644e-01 2.362538902641556717e+02 5.669456961113025528e+01 7.294768276251056704e+01 7.294768276251056704e+01 5.257563042490520644e-01 5.257563042490520644e-01
9.847742802912333726e-01 1.388956828068262084e+01 7.180234604469011117e+01 5.084792672328322105e-01 2.381220488542428484e+02 5.579509598582210828e+01 7.180234604469011117e+01 7.180234604469011117e+01 5.084792672328322105e-01 5.084792672328322105e-01
9.909163226000885505e-01 1.341337163353395212e+01 7.046954830080855459e+01 4.929535990029789150e-01 2.385409933734573542e+02 5.474393580156848316e+01 7.046954830080855459e+01 7.046954830080855459e+01 4.929535990029789150e-01 4.929535990029789150e-01
9.970641613013051519e-01 1.324438988704510933e+01 6.948872859516870903e+01 4.770835559867295794e-01 2.374109968449700148e+02 5.393709207389031945e+01 6.948872859516870903e+01 6.948872859516870903e+01 4.770835559867295794e-01 4.770835559867295794e-01
1.003199363263552968e+00 1.321176765177576051e+01 6.894606840715192675e+01 4.614975019525311417e-01 2.405345702344826009e+02 5.301711669279978167e+01 6.894606840715192675e+01 6.894606840715192675e+01 4.614975019525311417e-01 4.614975019525311417e-01
1.009337884460522083e+00 1.283817639389703835e+01 6.788044257038490059e+01 4.467506812389151483e-01 2.393663538448889483e+02 5.238095937232055377e+01 6.788044257038490059e+01 6.788044257038490059e+01 4.467506812389151483e-01 4.467506812389151483e-01
1.015478646350256975e+00 1.323778427399455460e+01 6.710262603273396564e+01 4.317647612737101070e-01 2.413939397458153735e+02 5.118853091960496471e+01 6.710262603273396564e+01 6.710262603273396564e+01 4.317647612737101070e-01 4.317647612737101070e-01
1.021609453879374962e+00 1.255292840149084377e+01 6.610307443272482431e+01 4.182713840707862896e-01 2.422184074242624945e+02 5.025686519617726589e+01 6.610307443272482431e+01 6.610307443272482431e+01 4.182713840707862896e-01 4.182713840707862896e-01
1.027737761654253790e+00 1.265863808537020496e+01 6.509588436125218891e+01 4.066303207752280380e-01 2.427188014879486389e+02 4.955470249520153914e+01 6.509588436125218891e+01 6.509588436125218891e+01 4.066303207752280380e-01 4.066303207752280380e-01
1.033868183565701315e+00 1.199434764980487778e+01 6.395255123014286625e+01 3.926394856431713043e-01 2.429090049048039930e+02 4.888329832583441004e+01 6.395255123014286625e+01 6.395255123014286625e+01 3.926394856431713043e-01 3.926394856431713043e-01
1.040006632801374398e+00 1.249021042824380423e+01 6.314401406897768254e+01 3.787123932560421680e-01 2.483092528887712831e+02 4.789688078856840292e+01 6.314401406897768254e+01 6.314401406897768254e+01 3.787123932560421680e-01 3.787123932560421680e-01
1.046156808389768100e+00 1.199881806392304284e+01 6.256747705894905920e+01 3.671171344479647325e-01 2.494130264677074251e+02 4.728101624614912879e+01 6.256747705894905920e+01 6.256747705894905920e+01 3.671171344479647325e-01 3.671171344479647325e-01
1.052295850575665437e+00 1.163566402338358152e+01 6.182168394273187317e+01 3.551109722184632722e-01 2.445939646539825105e+02 4.640418414571436045e+01 6.182168394273187317e+01 6.182168394273187317e+01 3.551109722184632722e-01 3.551109722184632722e-01
1.058425977651756611e+00 1.169565031206843031e+01 6.075190827436328078e+01 3.461602042161354698e-01 2.479189585585971258e+02 4.581596527101243055e+01 6.075190827436328078e+01 6.075190827436328078e+01 3.461602042161354698e-01 3.461602042161354698e-01
1.064562605041261323e+00 1.138987423113334785e+01 5.981093416967690501e+01 3.327912743551568742e-01 2.498014671271492375e+02 4.499301871724217960e+01 5.981093416967690501e+01 5.981093416967690501e+01 3.327912743551568742e-01 3.327912743551568742e-01
1.070698774491387617e+00 1.133849472074488851e+01 5.946164645953267325e+01 3.213712909187939615e-01 2.502627884279145576e+02 4.415308013089838823e+01 5.946164645953267325e+01 5.946164645953267325e+01 3.213712909187939615e-01 3.213712909187939615e-01
1.076840726399151738e+00 1.096858552886428129e+01 5.853243325603136071e+01 3.109304829414863969e-01 2.504807425121247206e+02 4.336966009513824361e+01 5.853243325603136071e+01 5.853243325603136071e+01 3.109304829414863969e-01 3.109304829414863969e-01
1.082972309238944275e+00 1.057590246188837035e+01 5.787099418080484980e+01 3.027574864188898318e-01 2.527915129907384539e+02 4.270853311203999425e+01 5.787099418080484980e+01 5.787099418080484980e+01 3.027574864188898318e-01 3.027574864188898318e-01
1.089087945679088287e+00 1.024652409940847697e+01 5.690587823830257719e+01 2.917337353069386352e-01 2.504724386300161711e+02 4.204966115354788059e+01 5.690587823830257719e+01 5.690587823830257719e+01 2.917337353069386352e-01 2.917337353069386352e-01
1.095217492047269259e+00 1.079413468356453087e+01 5.614790624282191089e+01 2.838940948295233246e-01 2.562467567486592657e+02 4.146957236020813298e+01 5.614790624282191089e+01 5.614790624282191089e+01 2.838940948295233246e-01 2.838940948295233246e-01
1.101360503814608816e+00 1.008310592141235063e+01 5.560284519405543335e+01 2.737999569908230457e-01 2.554621716278588508e+02 4.064704274194740208e+01 5.560284519405543335e+01 5.560284519405543335e+01 2.737999569908230457e-01 2.737999569908230457e-01
1.107509538678442151e+00 1.017687797437461761e+01 5.476259670530811263e+01 2.651223116229408094e-01 2.585063868212324678e+02 4.002704331909701096e+01 5.476259670530811263e+01 5.476259670530811263e+01 2.651223116229408094e-01 2.651223116229408094e-01
1.113637274621421813e+00 1.005057773338440796e+01 5.410083059780738068e+01 2.566842470676939936e-01 2.594080208691941607e+02 3.937015666442005823e+01 5.410083059780738068e+01 5.410083059780738068e+01 2.566842470676939936e-01 2.566842470676939936e-01
1.119766029293861820e+00 9.960185817017478627e+00 5.344995490573150221e+01 2.486460348955673860e-01 2.601714822891664198e+02 3.876573885408067355e+01 5.344995490573150221e+01 5.344995490573150221e+01 2.486460348955673860e-01 2.486460348955673860e-01
1.125921199838792353e+00 9.535383685032847723e+00 5.270325000470605659e+01 2.420259681835080778e-01 2.582388042843965650e+02 3.818330101839127622e+01 5.270325000470605659e+01 5.270325000470605659e+01 2.420259681835080778e-01 2.420259681835080778e-01
1.132060593734519616e+00 9.425774583169227228e+00 5.209223728877135784e+01 2.336657884032896371e-01 2.613026500872109636e+02 3.752275455278606131e+01 5.209223728877135784e+01 5.209223728877135784e+01 2.336657884032896371e-01 2.336657884032896371e-01
1.138193835500512563e+00 9.415546656014925020e+00 5.150952422732541436e+01 2.270037891994107770e-01 2.627081407322918949e+02 3.677002627532290546e+01 5.150952422732541436e+01 5.150952422732541436e+01 2.270037891994107770e-01 2.270037891994107770e-01
1.144331290643838761e+00 8.978740635524296465e+00 5.081856629017847382e+01 2.196705000400925589e-01 2.654094251872895143e+02 3.625244335494512882e+01 5.081856629017847382e+01 5.081856629017847382e+01 2.196705000400925589e-01 2.196705000400925589e-01
1.150477416657047947e+00 8.581184052312305965e+00 5.007314085502879664e+01 2.117063795310536456e-01 2.626872745450369280e+02 3.553206020238593510e+01 5.007314085502879664e+01 5.007314085502879664e+01 2.117063795310536456e-01 2.117063795310536456e-01
1.156613064375511923e+00 8.921461368275439341e+00 4.936875757562103928e+01 2.057307742566316378e-01 2.667599817959797974e+02 3.508559944847225864e+01 4.936875757562103928e+01 4.936875757562103928e+01 2.057307742566316378e-01 2.057307742566316378e-01
1.162735018537596643e+00 8.759339509531963941e+00 4.892831893252635922e+01 1.994913574419654168e-01 2.686867968269558560e+02 3.448076574244898040e+01 4.892831893252635922e+01 4.892831893252635922e+01 1.994913574419654168e-01 1.994913574419654168e-01
1.168863107201693285e+00 8.705097333356832223e+00 4.832183016673128861e+01 1.930701136694102649e-01 2.689848249850188608e+02 3.400841807959392327e+01 4.832183016673128861e+01 4.832183016673128861e+01 1.930701136694102649e-01 1.930701136694102649e-01
1.175003119642887395e+00 8.707796031770000056e+00 4.759722767493129680e+01 1.868809920628928534e-01 2.704807693137352089e+02 3.336917740550754274e+01 4.759722767493129680e+01 4.759722767493129680e+01 1.868809920628928534e-01 1.868809920628928534e-01
1.181141063188670737e+00 8.395053259470987683e+00 4.719577119368571516e+01 1.818816938649061576e-01 2.742801702921390756e+02 3.287442897729725644e+01 4.719577119368571516e+01 4.719577119368571516e+01 1.818816938649061576e-01 1.818816938649061576e-01
1.187270909488056914e+00 8.034931589588394374e+00 4.653185916101878661e+01 1.749675617452708387e-01 2.733619012499523251e+02 3.223641010643032701e+01 4.653185916101878661e+01 4.653185916101878661e+01 1.749675617452708387e-01 1.749675617452708387e-01
1.193410238621095854e+00 7.892520313559643341e+00 4.607483056237705910e+01 1.703446545799758294e-01 2.745185359915417962e+02 3.178252802197107840e+01 4.607483056237705910e+01 4.607483056237705910e+01 1.703446545799758294e-01 1.703446545799758294e-01
1.199554515593299175e+00 8.446105574587354781e+00 4.536825495691891774e+01 1.658210707982974985e-01 2.757706218208242035e+02 3.133900134952766336e+01 4.536825495691891774e+01 4.536825495691891774e+01 1.658210707982974985e-01 1.658210707982974985e-01
1.205699244952225024e+00 7.598830278723693432e+00 4.482941401730236208e+01 1.600025136963315886e-01 2.792340513141478482e+02 3.071038512375595531e+01 4.482941401730236208e+01 4.482941401730236208e+01 1.600025136963315886e-01 1.600025136963315886e-01
1.211823614414484052e+00 7.822433581318285256e+00 4.443552938088520676e+01 1.557689278632419239e-01 2.773002723186456251e+02 3.020613373142163738e+01 4.443552938088520676e+01 4.443552938088520676e+01 1.557689278632419239e-01 1.557689278632419239e-01
1.217948190684038368e+00 7.851763868041769179e+00 4.414795671331041405e+01 1.506520125708129543e-01 2.800883164673412580e+02 2.986100889297761185e+01 4.414795671331041405e+01 4.414795671331041405e+01 1.506520125708129543e-01 1.506520125708129543e-01
1.224088465910863066e+00 7.400845874053199935e+00 4.328111597417910161e+01 1.461369211783280220e-01 2.821128365009892605e+02 2.918541079601094879e+01 4.328111597417910161e+01 4.328111597417910161e+01 1.461369211783280220e-01 1.461369211783280220e-01
1.230226458808759915e+00 7.256557766557766520e+00 4.290002970002969818e+01 1.418560043560043449e-01 2.817568161568161713e+02 2.882321354321354434e+01 4.290002970002969818e+01 4.290002970002969818e+01 1.418560043560043449e-01 1.418560043560043449e-01
1.236361550594031522e+00 7.354873565964647142e+00 4.223642929603502694e+01 1.382104509304338535e-01 2.857843179494811920e+02 2.834159319418278145e+01 4.223642929603502694e+01 4.223642929603502694e+01 1.382104509304338535e-01 1.382104509304338535e-01
1.242496792651986093e+00 7.080403089980513265e+00 4.200299118204201676e+01 1.334460962448801857e-01 2.872472956835959508e+02 2.786563991458211120e+01 4.200299118204201676e+01 4.200299118204201676e+01 1.334460962448801857e-01 1.334460962448801857e-01
1.248637470443478836e+00 7.264678778808281834e+00 4.131131891308424997e+01 1.299193364525957628e-01 2.902611338434390973e+02 2.758207752638247356e+01 4.131131891308424997e+01 4.131131891308424997e+01 1.299193364525957628e-01 1.299193364525957628e-01
1.254772466883479876e+00 6.673128595180307876e+00 4.091366598505551622e+01 1.255459060332141941e-01 2.888223670380491512e+02 2.706449060714353649e+01 4.091366598505551622e+01 4.091366598505551622e+01 1.255459060332141941e-01 1.255459060332141941e-01
1.260914491442226115e+00 6.975333555578862033e+00 4.047628590264147164e+01 1.223070824140733842e-01 2.887608588166549453e+02 2.666427003580899679e+01 4.047628590264147164e+01 4.047628590264147164e+01 1.223070824140733842e-01 1.223070824140733842e-01
1.267057912247927520e+00 6.487603178110511237e+00 3.998106091815410679e+01 1.185866541642011385e-01 2.925389080722359267e+02 2.610943620933733911e+01 3.998106091815410679e+01 3.998106091815410679e+01 1.185866541642011385e-01 1.185866541642011385e-01
1.273186365191749214e+00 6.556795502005063447e+00 3.963846765102655212e+01 1.148025168397612400e-01 2.921526139744608486e+02 2.583306968750577326e+01 3.963846765102655212e+01 3.963846765102655212e+01 1.148025168397612400e-01 1.148025168397612400e-01
1.279317993167675471e+00 6.618154605974228666e+00 3.916636318005122064e+01 1.118069193116410648e-01 2.970871293585746002e+02 2.547995156426893715e+01 3.916636318005122064e+01 3.916636318005122064e+01 1.118069193116410648e-01 1.118069193116410648e-01
1.285454867222016517e+00 6.345309889424871841e+00 3.869023742303050284e+01 1.088985912747670592e-01 2.988305493239006978e+02 2.498751635431881013e+01 3.869023742303050284e+01 3.869023742303050284e+01 1.088985912747670592e-01 1.088985912747670592e-01
1.291590440177868837e+00 6.237274155114598706e+00 3.827347223370340856e+01 1.052705966087775363e-01 2.972431595101946868e+02 2.454666232977396589e+01 3.827347223370340856e+01 3.827347223370340856e+01 1.052705966087775363e-01 1.052705966087775363e-01
1.297722286883003173e+00 6.016923271434778009e+00 3.777007429251162307e+01 1.024014167908733480e-01 2.983993845759343344e+02 2.411123220149439561e+01 3.777007429251162307e+01 3.777007429251162307e+01 1.024014167908733480e-01 1.024014167908733480e-01
1.303853449480362636e+00 6.177793675814061913e+00 3.729323854459796195e+01 9.975364609781083025e-02 3.011099591646742510e+02 2.379179449745748798e+01 3.729323854459796195e+01 3.729323854459796195e+01 9.975364609781083025e-02 9.975364609781083025e-02
1.310000794114592582e+00 5.979814520025163560e+00 3.699144286146263738e+01 9.653704521736938826e-02 3.031445085901575567e+02 2.345242655006899213e+01 3.699144286146263738e+01 3.699144286146263738e+01 9.653704521736938826e-02 9.653704521736938826e-02
1.316143719180109750e+00 5.888740967136508075e+00 3.657822815373994274e+01 9.399780883676839283e-02 3.091435648544854757e+02 2.307460460081941989e+01 3.657822815373994274e+01 3.657822815373994274e+01 9.399780883676839283e-02 9.399780883676839283e-02
1.322267763843804511e+00 5.877102321257670958e+00 3.610521639802005467e+01 9.134014109735766329e-02 3.096992827324087330e+02 2.278131056554714107e+01 3.610521639802005467e+01 3.610521639802005467e+01 9.134014109735766329e-02 9.134014109735766329e-02
1.328401901823275777e+00 5.606600220544575741e+00 3.570228857409449574e+01 8.880995392951056278e-02 3.083683026550174304e+02 2.233823903638985442e+01 3.570228857409449574e+01 3.570228857409449574e+01 8.880995392951056278e-02 8.880995392951056278e-02
1.334537614144214679e+00 5.401366753150481870e+00 3.540382438169687873e+01 8.640021385790822017e-02 3.120413774513107228e+02 2.199823438237077866e+01 3.540382438169687873e+01 3.540382438169687873e+01 8.640021385790822017e-02 8.640021385790822017e-02
1.340678552423816727e+00 5.452183861269372045e+00 3.498496420444163846e+01 8.405105694483663847e-02 3.164535986578741813e+02 2.170469744032689263e+01 3.498496420444163846e+01 3.498496420444163846e+01 8.405105694483663847e-02 8.405105694483663847e-02
1.346815149096061148e+00 5.381541107243494437e+00 3.460047737444057958e+01 8.185927917288247924e-02 3.164045748383888395e+02 2.145169567379413422e+01 3.460047737444057958e+01 3.460047737444057958e+01 8.185927917288247924e-02 8.185927917288247924e-02
1.352940200955950356e+00 5.504679711050958879e+00 3.433797022135958343e+01 7.934507263821471978e-02 3.185629269346461001e+02 2.103989414802910574e+01 3.433797022135958343e+01 3.433797022135958343e+01 7.934507263821471978e-02 7.934507263821471978e-02
1.359082410299650379e+00 5.263145943898119405e+00 3.384313103283025725e+01 7.727257307597035219e-02 3.177335176844293869e+02 2.064547762368415107e+01 3.384313103283025725e+01 3.384313103283025725e+01 7.727257307597035219e-02 7.727257307597035219e-02
1.365220173749337018e+00 5.160872344056385508e+00 3.360505768295784890e+01 7.540213834854157804e-02 3.190279769590150067e+02 2.045606725546321769e+01 3.360505768295784890e+01 3.360505768295784890e+01 7.540213834854157804e-02 7.540213834854157804e-02
1.371355627496639196e+00 5.324085306715594434e+00 3.324803403746538066e+01 7.326722597161318407e-02 3.252249035700544368e+02 2.014462265920878181e+01 3.324803403746538066e+01 3.324803403746538066e+01 7.326722597161318407e-02 7.326722597161318407e-02
1.377497312851453160e+00 5.161767402162230844e+00 3.283030916102927677e+01 7.146610574263451143e-02 3.267789087690459837e+02 1.984675507365492919e+01 3.283030916102927677e+01 3.283030916102927677e+01 7.146610574263451143e-02 7.146610574263451143e-02
1.383633079758801232e+00 4.946146473530780519e+00 3.246074219421279849e+01 6.938083696035944603e-02 3.282370372221927255e+02 1.948226220196156078e+01 3.246074219421279849e+01 3.246074219421279849e+01 6.938083696035944603e-02 6.938083696035944603e-02
1.389766479619330530e+00 5.014318577158736190e+00 3.213932168896274533e+01 6.747133177626440936e-02 3.329109992936205344e+02 1.915408719897186174e+01 3.213932168896274533e+01 3.213932168896274533e+01 6.747133177626440936e-02 6.747133177626440936e-02
1.395898899779254521e+00 4.845482051565309867e+00 3.181609989014294015e+01 6.608837078216388272e-02 3.296959475631985015e+02 1.894597057794634765e+01 3.181609989014294015e+01 3.181609989014294015e+01 6.608837078216388272e-02 6.608837078216388272e-02
1.402038197914537321e+00 4.835896185968734606e+00 3.150683071364708354e+01 6.441737751593629158e-02 3.332961542334556952e+02 1.865125064462285209e+01 3.150683071364708354e+01 3.150683071364708354e+01 6.441737751593629158e-02 6.441737751593629158e-02
1.408181749899602986e+00 4.791368653986943116e+00 3.120181910755872678e+01 6.273647263769090154e-02 3.370791242494449307e+02 1.834629625724193502e+01 3.120181910755872678e+01 3.120181910755872678e+01 6.273647263769090154e-02 6.273647263769090154e-02
1.414313666006327352e+00 4.641481294996467888e+00 3.091005666361053628e+01 6.112248221747102611e-02 3.391522642899012112e+02 1.815411900861226613e+01 3.091005666361053628e+01 3.091005666361053628e+01 6.112248221747102611e-02 6.112248221747102611e-02
1.420444380108462745e+00 4.559957757843276838e+00 3.059589918838103273e+01 5.942451063877912665e-02 3.435321562485167988e+02 1.782214835777682893e+01 3.059589918838103273e+01 3.059589918838103273e+01 5.942451063877912665e-02 5.942451063877912665e-02
1.426582768631972087e+00 4.630987411348039373e+00 3.019711721047719521e+01 5.818143696400340098e-02 3.432987331859357596e+02 1.759961256627736859e+01 3.019711721047719521e+01 3.019711721047719521e+01 5.818143696400340098e-02 5.818143696400340098e-02
1.432726168338077644e+00 4.437906858831277113e+00 3.000259923421664610e+01 5.667583131057352119e-02 3.475472670159509221e+02 1.737210718635810025e+01 3.000259923421664610e+01 3.000259923421664610e+01 5.667583131057352119e-02 5.667583131057352119e-02
1.438861657952483553e+00 4.519699036557468297e+00 2.961511297182735092e+01 5.532597796628965781e-02 3.473445343554386682e+02 1.710408977440426170e+01 2.961511297182735092e+01 2.961511297182735092e+01 5.532597796628965781e-02 5.532597796628965781e-02
1.444991779317132963e+00 4.471303880083195459e+00 2.927376317865595468e+01 5.408768624937244224e-02 3.512749221831743398e+02 1.689903033780391439e+01 2.927376317865595468e+01 2.927376317865595468e+01 5.408768624937244224e-02 5.408768624937244224e-02
1.451129573505090198e+00 4.378892316145176267e+00 2.900910698069001370e+01 5.265867847184067113e-02 3.539110823898493550e+02 1.660104649143533706e+01 2.900910698069001370e+01 2.900910698069001370e+01 5.265867847184067113e-02 5.265867847184067113e-02
1.457259699941714226e+00 4.235792124373991996e+00 2.869393185304028648e+01 5.154681228444562419e-02 3.595456191441944043e+02 1.641718757502916404e+01 2.869393185304028648e+01 2.869393185304028648e+01 5.154681228444562419e-02 5.154681228444562419e-02
1.463381498859491758e+00 4.218305553293591359e+00 2.851162353179026709e+01 5.038117666848715426e-02 3.599710443628889038e+02 1.615120840364921762e+01 2.851162353179026709e+01 2.851162353179026709e+01 5.038117666848715426e-02 5.038117666848715426e-02
1.469517533590522174e+00 4.148116234764527732e+00 2.823522629238834725e+01 4.914225616849989681e-02 3.635525692923662291e+02 1.592133823301701057e+01 2.823522629238834725e+01 2.823522629238834725e+01 4.914225616849989681e-02 4.914225616849989681e-02
1.475660550406120208e+00 4.285721420108560942e+00 2.797524315983798715e+01 4.809662740576695766e-02 3.667840740638690704e+02 1.571723059543162648e+01 2.797524315983798715e+01 2.797524315983798715e+01 4.809662740576695766e-02 4.809662740576695766e-02
1.481800492405727532e+00 4.105034757676504498e+00 2.762578793596854609e+01 4.686095478608984927e-02 3.705082381002948750e+02 1.553801969737813060e+01 2.762578793596854609e+01 2.762578793596854609e+01 4.686095478608984927e-02 4.686095478608984927e-02
1.487943725053375577e+00 4.066872699291090854e+00 2.739101705871692971e+01 4.613041279383484072e-02 3.720982032494597433e+02 1.536344777035780851e+01 2.739101705871692971e+01 2.739101705871692971e+01 4.613041279383484072e-02 4.613041279383484072e-02
1.494084839802395370e+00 4.016267777691361118e+00 2.716297144573563571e+01 4.505163844406481072e-02 3.733485379583714803e+02 1.509067795928328870e+01 2.716297144573563571e+01 2.716297144573563571e+01 4.505163844406481072e-02 4.505163844406481072e-02
1.500230994160872244e+00 3.996286063725529303e+00 2.687221961059276865e+01 4.400551882398325704e-02 3.760948260521989823e+02 1.493097861739451560e+01 2.687221961059276865e+01 2.687221961059276865e+01 4.400551882398325704e-02 4.400551882398325704e-02
1.506363835328208056e+00 4.076853397453731098e+00 2.658453691559688892e+01 4.315485098879880133e-02 3.822673714611236733e+02 1.470941404024747179e+01 2.658453691559688892e+01 2.658453691559688892e+01 4.315485098879880133e-02 4.315485098879880133e-02
1.512486114839888929e+00 4.018562791795624811e+00 2.626151445207994328e+01 4.215698338240308346e-02 3.840645019147038397e+02 1.452657110633163562e+01 2.626151445207994328e+01 2.626151445207994328e+01 4.215698338240308346e-02 4.215698338240308346e-02
1.518627690030334820e+00 3.947826331757676943e+00 2.605699286036024631e+01 4.135644883657266235e-02 3.889984726658969976e+02 1.434917446297379762e+01 2.605699286036024631e+01 2.605699286036024631e+01 4.135644883657266235e-02 4.135644883657266235e-02
1.524765346634578744e+00 3.783327449261193465e+00 2.583952389450569953e+01 4.055586114204021153e-02 3.919487477918564764e+02 1.418528490547981846e+01 2.583952389450569953e+01 2.583952389450569953e+01 4.055586114204021153e-02 4.055586114204021153e-02
1.530890949051883609e+00 3.649342187671754445e+00 2.561929071559858073e+01 3.965317123795001480e-02 3.914676046760723125e+02 1.398551189596684985e+01 2.561929071559858073e+01 2.561929071559858073e+01 3.965317123795001480e-02 3.965317123795001480e-02
1.537028126588163568e+00 3.593366926538632100e+00 2.541328009127210308e+01 3.905242798060467452e-02 3.942693693351080242e+02 1.381890473474044434e+01 2.541328009127210308e+01 2.541328009127210308e+01 3.905242798060467452e-02 3.905242798060467452e-02
1.543169805434377873e+00 3.537663214909580134e+00 2.511128146481847168e+01 3.813422011077878537e-02 3.987907858193105994e+02 1.363839116283161523e+01 2.511128146481847168e+01 2.511128146481847168e+01 3.813422011077878537e-02 3.813422011077878537e-02
1.549306732909000672e+00 3.535088217666008781e+00 2.490245735833978458e+01 3.768527446276502546e-02 4.034189646130409415e+02 1.349218839747271659e+01 2.490245735833978458e+01 2.490245735833978458e+01 3.768527446276502546e-02 3.768527446276502546e-02
1.555434294201658130e+00 3.700907881762387053e+00 2.461116754799273565e+01 3.689492142578604944e-02 4.059707957765893980e+02 1.336448897576580919e+01 2.461116754799273565e+01 2.461116754799273565e+01 3.689492142578604944e-02 3.689492142578604944e-02
1.561571446339652391e+00 3.642566907563272505e+00 2.440234629376655917e+01 3.622103147170933901e-02 4.157915754735919904e+02 1.318448297810876646e+01 2.440234629376655917e+01 2.440234629376655917e+01 3.622103147170933901e-02 3.622103147170933901e-02
1.567719175442112256e+00 3.586565313145552825e+00 2.418097054512373845e+01 3.557173153414980304e-02 4.127567393547096799e+02 1.301670418543621466e+01 2.418097054512373845e+01 2.418097054512373845e+01 3.557173153414980304e-02 3.557173153414980304e-02
