# k, xm.power, xs.power, xd.power,  pm1.power, pm2.power, ps1.power, ps2.power, pd1.power, pd2.power
0.000000000000000000e+00 0.000000000000000000e+00 0.000000000000000000e+00 0.000000000000000000e+00 0.000000000000000000e+00 0.000000000000000000e+00 0.000000000000000000e+00 0.000000000000000000e+00 0.000000000000000000e+00 0.000000000000000000e+00
8.691056022563805813e-03 4.011161057692308077e+03 2.400069110576923322e+03 1.549513127253605944e+02 1.159361628605769283e+03 1.559212019230769329e+04 8.092068810096154721e+02 3.166443990384615608e+04 5.196357609675481370e+01 2.046842848557692378e+03
1.503254434404273886e-02 4.660505208333333030e+03 5.472973958333333030e+03 3.530054796006944002e+02 2.246015407986110858e+03 1.302900694444444343e+04 3.825340277777777374e+03 2.411289756944444161e+04 2.448033582899305429e+02 1.561972981770833258e+03
2.104537904654678673e-02 4.800439555921052488e+03 6.137173519736841627e+03 3.930425575657894797e+02 2.282490542763157919e+03 1.270930756578947330e+04 3.530466694078947057e+03 2.311805427631578641e+04 2.258164576480263008e+02 1.483339432565789366e+03
2.718418752217394846e-02 3.883718750000000455e+03 5.844286858974359347e+03 3.767706997863248262e+02 2.047883947649572747e+03 9.284895299145300669e+03 3.825889155982906232e+03 1.736164636752137085e+04 2.440469250801282328e+02 1.121970886752136948e+03
3.359305548768203725e-02 6.245423677884616154e+03 1.136125480769230853e+04 7.329175180288461888e+02 4.367730468750000000e+03 1.128857812500000000e+04 1.270187500000000000e+04 1.979568269230769511e+04 8.157827524038461888e+02 1.280895883413461661e+03
3.967812110980351720e-02 5.266892708333332848e+03 1.026442499999999927e+04 6.597960286458333030e+02 4.049541666666666515e+03 8.735764583333333576e+03 1.240272291666666570e+04 1.595317291666666642e+04 7.946324869791666288e+02 1.023644661458333303e+03
4.573133090443888549e-02 5.448837603878116170e+03 1.147094875346260415e+04 7.346792763157894797e+02 4.550272853185595523e+03 7.767428670360111028e+03 1.443760803324099652e+04 1.407315650969529088e+04 9.273838296398891998e+02 8.994242555401662003e+02
5.186912300623527233e-02 4.784055491990846349e+03 9.883727688787184888e+03 6.322898312356979886e+02 3.889172196796338540e+03 7.106197940503432619e+03 1.186468306636155648e+04 1.295331006864988558e+04 7.618805778032036642e+02 8.233877288329518933e+02
5.807971256735403043e-02 4.467923407917383884e+03 9.151795180722891018e+03 5.868730098967297408e+02 3.681144148020654029e+03 6.563966006884681519e+03 1.104593803786574972e+04 1.189996299483648909e+04 7.094756884681584097e+02 7.604155012908778417e+02
6.422094742881356844e-02 4.290878865979381771e+03 8.676266568483062656e+03 5.544930504418261989e+02 3.522599779086892340e+03 6.290008100147275400e+03 1.031166053019145693e+04 1.138430633284241594e+04 6.626544090574374195e+02 7.237586524300442079e+02
7.029194303550849454e-02 3.442499387254902103e+03 6.885549019607842638e+03 4.439800474877450824e+02 2.885409007352940989e+03 5.014466299019607504e+03 8.421722426470587379e+03 8.990158088235293690e+03 5.417125459558823195e+02 5.763788679534313815e+02
7.656976085866129544e-02 3.689366404715127373e+03 7.397191552062868141e+03 4.780399066797642149e+02 3.147571218074655917e+03 5.127474950884085956e+03 8.971836935166993499e+03 9.091929273084479064e+03 5.817961689587425553e+02 5.805507121807464728e+02
8.283279975513359317e-02 3.069157792207792227e+03 6.091587445887445938e+03 3.904471320346320340e+02 2.628151298701298856e+03 4.326288744588744521e+03 7.507039826839826674e+03 7.641761904761904589e+03 4.831956709956709801e+02 4.840359848484848726e+02
8.886264192081894109e-02 2.761461629746835570e+03 5.468786787974683648e+03 3.500444026898734364e+02 2.347715783227848078e+03 3.912809731012658176e+03 6.577513844936708665e+03 7.028919303797468274e+03 4.224308742088607573e+02 4.431965981012658062e+02
9.493524398572131262e-02 2.406363428943937379e+03 4.772925032594524055e+03 3.064961294002607701e+02 2.055487940026075648e+03 3.433776727509778084e+03 5.783173402868317680e+03 6.163104302477183410e+03 3.720736228813559023e+02 3.888318529986962062e+02
1.010510809291368245e-01 2.185513914095583914e+03 4.261415910465820161e+03 2.738695553539020011e+02 1.868511645493043034e+03 3.129465214761040897e+03 5.135494252873563710e+03 5.545301875378100704e+03 3.299071763460375450e+02 3.519304295220811127e+02
1.071918355362574127e-01 2.065662430096593653e+03 4.059770462633452098e+03 2.598626874682257153e+02 1.804801093035078793e+03 2.869331469242501498e+03 4.992684799186578857e+03 5.060448906964921662e+03 3.198770653279105431e+02 3.186601741230300036e+02
1.133640700251744293e-01 1.877752695733708606e+03 3.689014767932489576e+03 2.341389328410689359e+02 1.639106071261134730e+03 2.661496483825597807e+03 4.562240037505860528e+03 4.749401312705110286e+03 2.897222222222222285e+02 2.971420241443975669e+02
1.195184611122857843e-01 1.852963913224864427e+03 3.590154359616186866e+03 2.292616551939924818e+02 1.613082394659991678e+03 2.595413850646641549e+03 4.402664163537755485e+03 4.620261159783061885e+03 2.810840112640801181e+02 2.875108468919482902e+02
1.256657517103361710e-01 1.714021442125237172e+03 3.306253510436432407e+03 2.106112666034155438e+02 1.495141366223909017e+03 2.393533396584440197e+03 4.061026944971536977e+03 4.224255028462997871e+03 2.585950901328272948e+02 2.633370730550284406e+02
1.317871926578333408e-01 1.684486618004866159e+03 3.204224191866527690e+03 2.043483229058046504e+02 1.479444907890163449e+03 2.335945081682308228e+03 3.950336461591936313e+03 4.090077163712200218e+03 2.531077294056308631e+02 2.526323427181091574e+02
1.378887696062481294e-01 1.576078972257251053e+03 3.029133669609079334e+03 1.921941598360655803e+02 1.392205706179066738e+03 2.170121216897856357e+03 3.748802017654476458e+03 3.827851197982345639e+03 2.386639344262295026e+02 2.346983370113493095e+02
1.440612672229828750e-01 1.483628172226974812e+03 2.735857428001140761e+03 1.761055567436555691e+02 1.321447961220416346e+03 2.048619190191046528e+03 3.489896207584830790e+03 3.486080125463359309e+03 2.237182064442543776e+02 2.176596449957228572e+02
1.501845201433902877e-01 1.313236827810972272e+03 2.426558120586637415e+03 1.554096788430200888e+02 1.167967544812601773e+03 1.840210483432916817e+03 3.091290059750135697e+03 3.177390548614882846e+03 1.967394418794133344e+02 1.967097535306898237e+02
1.563418093457785985e-01 1.217736372292311444e+03 2.224485598666984060e+03 1.424447601761485487e+02 1.099726850749821551e+03 1.685798857414901249e+03 2.883432039990478643e+03 2.889947155439181188e+03 1.832154992858843059e+02 1.777940222566055581e+02
1.625438955957596576e-01 1.140721103227283038e+03 2.062111467154955335e+03 1.325223306248569486e+02 1.027787479972533674e+03 1.585819981689173801e+03 2.684574731059738951e+03 2.698965438315403844e+03 1.705549038681620573e+02 1.665686369878690698e+02
1.686940235306336466e-01 1.087119338159255449e+03 1.935507135470527373e+03 1.254035289555325647e+02 9.907789038262667418e+02 1.498983143743536630e+03 2.574593381592554124e+03 2.513955739400206767e+03 1.642463676318510863e+02 1.554039296794208838e+02
1.747987378343396903e-01 1.011448582995951369e+03 1.780962145748987723e+03 1.138619812753036342e+02 9.181360323886639208e+02 1.408112955465586992e+03 2.356488056680161662e+03 2.364508299595141580e+03 1.480602606275303685e+02 1.457786563765181995e+02
1.809057159377772395e-01 9.765467205750225048e+02 1.744630008984725919e+03 1.112411612758310895e+02 8.886592093441149700e+02 1.353763342318059358e+03 2.315015453728661214e+03 2.314580233602875069e+03 1.456765049415992905e+02 1.402518306379155320e+02
1.870079494254630881e-01 9.315091228070174338e+02 1.653266140350877095e+03 1.053675219298245480e+02 8.537156140350876967e+02 1.292958070175438479e+03 2.213921754385964960e+03 2.212809122807017502e+03 1.397132456140350882e+02 1.331067105263157657e+02
1.931644028143169878e-01 9.107707907561704133e+02 1.559450086464392598e+03 1.008892961012419534e+02 8.331832259078761354e+02 1.271616726929728202e+03 2.113411884923754315e+03 2.111757899701305178e+03 1.333492473667662352e+02 1.295143255777393563e+02
1.993257601852206906e-01 8.548188306757783721e+02 1.489506302201974222e+03 9.494966780561883013e+01 7.897985573272590045e+02 1.184675778283978843e+03 2.043497342444950846e+03 2.017917539863325828e+03 1.278429384965831446e+02 1.205772019741837511e+02
2.054762598507901550e-01 8.489742704074440098e+02 1.451812632172564690e+03 9.320481460594953660e+01 7.835175525165657291e+02 1.160642393909488419e+03 1.985361906104610398e+03 1.937086705202312260e+03 1.246761067249400838e+02 1.159662078810094528e+02
2.116257382464896697e-01 7.704381601818425906e+02 1.291796496857868760e+03 8.329888688327316970e+01 7.192781789009226259e+02 1.066606899318090655e+03 1.810476935419173742e+03 1.769727904800107126e+03 1.135819878994518035e+02 1.060050474662388069e+02
2.177578654451892970e-01 7.233430578407796929e+02 1.193927097835716950e+03 7.722246392861663367e+01 6.767445260093659272e+02 1.005753828629287455e+03 1.699233261612454271e+03 1.653966459941779704e+03 1.061533112897101745e+02 9.914344703202127107e+01
2.238991135097555263e-01 6.776474979099485836e+02 1.125362116326286923e+03 7.175513555475934879e+01 6.398218081930012886e+02 9.401516780126596586e+02 1.622733787173056271e+03 1.570648871372267877e+03 1.004428818822405276e+02 9.222858443807476192e+01
2.300081978121491233e-01 6.934397171210219994e+02 1.109356108132770487e+03 7.246025578875327255e+01 6.558869624729097723e+02 9.430052469487851567e+02 1.617891639101174860e+03 1.510435610813276980e+03 1.013774167332040577e+02 9.048248403102543591e+01
2.361454707693454169e-01 6.245348849652219769e+02 9.822352059925093499e+02 6.360479534510432842e+01 5.975032637774210116e+02 8.618256286784376243e+02 1.469996682718031025e+03 1.381014446227929284e+03 9.123709202782235650e+01 8.194175361155697601e+01
2.422857100963227428e-01 5.978028693965077309e+02 9.440312468089450704e+02 6.111688195649954025e+01 5.710105687736137270e+02 8.321540385989992501e+02 1.436689778413152226e+03 1.342310732155621281e+03 8.844366511794137864e+01 7.930020805677524720e+01
2.484099584913142256e-01 5.988009647242253095e+02 9.357091210290391246e+02 6.060999317871759473e+01 5.748621126486065123e+02 8.260333268368739255e+02 1.422869031377899091e+03 1.324678620152017174e+03 8.804913759501071979e+01 7.765772388423309280e+01
2.545441957051269855e-01 5.681771660816552867e+02 8.810502493995935538e+02 5.724266811380011433e+01 5.480737114354332107e+02 7.855613338259745433e+02 1.359034084611121443e+03 1.258945501570293800e+03 8.400755126547201712e+01 7.355798540550526354e+01
2.606917133414053955e-01 5.446626977152900508e+02 8.321056239015817937e+02 5.400562390158172832e+01 5.277360720562390952e+02 7.486267135325132358e+02 1.288623198594024643e+03 1.200754393673110826e+03 7.985376208260106523e+01 6.943739015817223503e+01
2.668580198415695381e-01 5.221807299514481429e+02 7.996608069646742933e+02 5.163816340197555377e+01 5.047396618114850071e+02 7.190940900719905358e+02 1.244787376527707920e+03 1.162394525364138644e+03 7.647095262012388162e+01 6.629230495563368208e+01
2.730019564931540632e-01 5.058067916633137315e+02 7.642668383358815163e+02 4.952531282690914338e+01 4.900666693489981185e+02 6.989931600547195103e+02 1.208921702744024969e+03 1.115917035487245357e+03 7.410414822563771509e+01 6.394816226764302769e+01
2.791389873202678173e-01 4.820409754224270387e+02 7.145990015360982852e+02 4.683767761136712693e+01 4.706953917050691416e+02 6.686043778801843018e+02 1.160472427035330156e+03 1.051874654377880233e+03 7.110206893241166881e+01 6.059112903225806690e+01
2.852424996643880273e-01 4.638539397104909767e+02 6.747708550962543086e+02 4.413800179077749419e+01 4.554140426801969852e+02 6.377701835546932898e+02 1.115573421877331839e+03 9.919861960901357634e+02 6.811343456200566493e+01 5.672180458140576320e+01
2.913531997893986092e-01 4.485036491228069622e+02 6.470785964912280406e+02 4.258038596491227423e+01 4.414629824561403098e+02 6.166095438596490794e+02 1.080329403508771748e+03 9.603939649122805804e+02 6.570072807017542971e+01 5.460618859649122214e+01
2.975143171497069416e-01 4.271064132052496234e+02 6.029164524421594251e+02 3.972348971722365008e+01 4.264063726153430025e+02 5.870363956162900649e+02 1.046427547016641938e+03 9.075947774320119379e+02 6.353922422540927784e+01 5.123367101880665331e+01
3.036544665973567314e-01 4.167233249010832310e+02 5.878506194460660481e+02 3.848682055523124035e+01 4.148379710708957759e+02 5.747906856067977515e+02 1.015121943309333915e+03 8.858801971849258052e+02 6.130297317895829678e+01 4.979526658883051482e+01
3.097883787544665757e-01 3.977938538726873503e+02 5.523107557227971256e+02 3.583771166509877304e+01 3.987755095641266507e+02 5.489132016306051582e+02 9.722874882408277699e+02 8.447121354656632093e+02 5.827802994669174552e+01 4.683047977422388897e+01
3.159486680635095190e-01 3.855815317182965032e+02 5.304538885269206503e+02 3.513713498785760692e+01 3.856937155718770782e+02 5.347113072321270693e+02 9.491847420482142752e+02 8.220055677308536133e+02 5.702621349878576495e+01 4.583957235088551130e+01
3.221066234444813769e-01 3.721446436861652955e+02 5.042328806870937683e+02 3.322984491063138535e+01 3.747014565923862506e+02 5.170080663881151395e+02 9.100526926648096833e+02 7.893171425255338818e+02 5.437538083217270213e+01 4.369601975974930497e+01
3.282572612915165555e-01 3.608198233020430621e+02 4.802603533959138531e+02 3.188152263942573228e+01 3.655206515737161794e+02 5.002070679182772324e+02 8.803165102153506041e+02 7.650260629486472226e+02 5.275278506350083063e+01 4.205071783545002972e+01
3.343544383171894174e-01 3.551353967821107176e+02 4.617897463866921157e+02 3.082673847832015568e+01 3.574390509953640844e+02 4.920889555494954948e+02 8.560322334333242225e+02 7.397901827106627479e+02 5.115669143714207934e+01 4.077553176983910532e+01
3.404813620364756654e-01 3.431775323413611432e+02 4.447995091271667434e+02 2.978634568185304587e+01 3.494987472516234561e+02 4.749948867413202152e+02 8.417140665746279637e+02 7.142978473180958190e+02 5.027601050774658376e+01 3.883647479163470706e+01
3.466259536752008263e-01 3.336696074991227761e+02 4.244781192039701523e+02 2.854286242418166353e+01 3.402653265827860878e+02 4.575322572560028220e+02 8.083781141911874784e+02 6.820678229485187103e+02 4.819605306030377534e+01 3.689029838588400168e+01
3.527314914776840671e-01 3.187111283443194907e+02 4.073887650252035542e+02 2.687908952113222227e+01 3.259010759984490164e+02 4.423256591702210017e+02 7.866169057774330895e+02 6.601308162078324813e+02 4.600636147731678705e+01 3.558750060585498431e+01
3.588700951741782830e-01 3.114510618651892742e+02 3.864163896583563655e+02 2.597768928901200169e+01 3.199116343490304644e+02 4.283866112650046034e+02 7.540705447830100638e+02 6.365514312096029244e+02 4.467507502308401968e+01 3.404536011080332258e+01
3.650083489029407047e-01 2.956266521817852322e+02 3.704271229404309338e+02 2.472131880318667285e+01 3.050532093065363028e+02 4.085400144848813966e+02 7.444186130726054671e+02 6.082938167662501883e+02 4.333263172189027301e+01 3.239461117146478131e+01
3.711704037116136945e-01 2.951105525479075027e+02 3.543512503222480063e+02 2.423603591991062700e+01 3.039027670361776927e+02 4.086058262438772886e+02 7.205446420898856559e+02 5.928883732920855891e+02 4.242999699235198108e+01 3.186193015811635121e+01
3.773137312255384068e-01 2.863197804991737030e+02 3.469551887791855620e+02 2.332600692825967315e+01 2.960257426162125398e+02 3.945495995593033740e+02 7.109217339717785080e+02 5.761492859866943945e+02 4.140781653883639279e+01 3.037443853553116568e+01
3.834202365329835160e-01 2.745429490594647746e+02 3.273533871562640911e+02 2.203540326216138823e+01 2.845140977828777409e+02 3.794278513175689795e+02 6.788282857259948742e+02 5.588322609729109445e+02 3.932015593623211913e+01 2.909430965944018865e+01
3.895813105051545988e-01 2.699528958730405748e+02 3.161614220700921578e+02 2.138089287798047167e+01 2.816605468901940981e+02 3.730846007234820263e+02 6.667345287642459652e+02 5.433902524407794772e+02 3.876336351083278231e+01 2.814901882609202843e+01
3.957247046642990429e-01 2.633842560285337413e+02 3.029192254012560852e+02 2.069530947119485020e+01 2.739991277041171998e+02 3.635815305885089401e+02 6.454011010312475491e+02 5.264351011863222993e+02 3.744234124214933246e+01 2.720814918198030341e+01
4.018641006880244171e-01 2.572221286875045507e+02 2.913832076714735422e+02 1.996847320840348416e+01 2.694986274796866610e+02 3.554307883756679303e+02 6.341039455383939867e+02 5.110806309933386729e+02 3.681443525364175429e+01 2.627615566210379683e+01
4.079986652309439688e-01 2.493347981474052801e+02 2.755589876372123967e+02 1.916377958498960865e+01 2.609784107071222934e+02 3.451869005506728740e+02 6.093222347835600203e+02 4.921442689909193859e+02 3.540743864191678369e+01 2.515331543342693621e+01
4.141066506702003602e-01 2.400530538212005922e+02 2.630271896473542483e+02 1.816474894485332570e+01 2.530787610310788409e+02 3.318693013359377346e+02 5.862781401513830133e+02 4.748348739056123122e+02 3.408855819875126514e+01 2.394440641459415886e+01
4.202576909860619159e-01 2.340995203836930614e+02 2.553067180058770020e+02 1.755634541662444903e+01 2.464919951362853396e+02 3.242101867801533785e+02 5.807936636606208367e+02 4.667286452528118730e+02 3.313007270240146340e+01 2.327410958557098297e+01
4.264066946730206698e-01 2.292604465551927717e+02 2.434987467431813002e+02 1.691003656706573111e+01 2.416871310312984349e+02 3.187870123017050901e+02 5.545839517166319865e+02 4.541479502654925682e+02 3.205663154249530322e+01 2.254619735496850197e+01
4.325254831734640648e-01 2.171563776084370261e+02 2.306582585768946103e+02 1.595558221600591509e+01 2.305961544644866592e+02 3.024552265200475745e+02 5.404226230667824211e+02 4.349274942927879692e+02 3.085805721680974756e+01 2.129572602167132800e+01
4.386395650806790836e-01 2.172600093764650921e+02 2.231624628848257714e+02 1.571580520393811575e+01 2.307350054696046300e+02 2.999905922800437565e+02 5.292436318174715097e+02 4.260467885607126277e+02 3.043575949367088640e+01 2.077615643069229634e+01
4.447681454847935978e-01 2.075421454776992789e+02 2.128191382917437409e+02 1.496924176040750787e+01 2.217864224856735689e+02 2.875454958915739212e+02 5.129365998605258028e+02 4.100718292350140928e+02 2.918635729662532796e+01 1.991710189199842418e+01
4.509437495939586094e-01 2.042648774118671042e+02 2.036710285797185520e+02 1.447945651385463428e+01 2.177468011025678152e+02 2.843056143914115523e+02 4.993222109386333614e+02 3.972542869577832221e+02 2.854964456695197939e+01 1.932247388655157394e+01
4.571038061189046653e-01 2.009143286428385693e+02 1.972344187927995733e+02 1.406558806957727725e+01 2.147488803490421674e+02 2.782766043514693024e+02 4.787195238232829979e+02 3.920682192493281946e+02 2.763991664018029937e+01 1.872612434626831046e+01
4.632394462505528554e-01 1.928061759564964177e+02 1.869784701606414501e+02 1.331384648197985854e+01 2.059781788419388135e+02 2.694057653358488551e+02 4.652801376134062252e+02 3.800659767499930695e+02 2.645600914185833830e+01 1.802301937962988632e+01
4.693790757792539181e-01 1.897641089379370669e+02 1.777537423513986141e+02 1.293055223585008662e+01 2.028935068837412530e+02 2.655849267919580257e+02 4.500279993444056004e+02 3.681182255244755197e+02 2.597929755791084006e+01 1.739825652862762340e+01
4.755007986458400504e-01 1.851789315853723394e+02 1.727389337084019019e+02 1.244205622047662096e+01 1.987974364418024606e+02 2.579587070749960276e+02 4.374588132264742057e+02 3.575447163101746355e+02 2.502644996284698209e+01 1.675502229181041258e+01
4.816148015649592273e-01 1.805979233102590058e+02 1.636175494542532078e+02 1.193911957818049885e+01 1.944875943066034267e+02 2.513915636099660560e+02 4.201319385030204216e+02 3.483672707474527783e+02 2.423645679396437913e+01 1.612097495527728341e+01
4.877448110253904678e-01 1.749372809561029669e+02 1.591099694914399549e+02 1.158355500365598445e+01 1.883933839287965384e+02 2.444315070220115444e+02 4.081334812536244954e+02 3.385983964095711372e+02 2.352467159173999534e+01 1.558530577897682790e+01
4.938644425720450370e-01 1.717183871206331105e+02 1.496633712186583125e+02 1.104558180888045094e+01 1.858396859051798629e+02 2.404404477207169464e+02 3.957036315672690421e+02 3.279619338773699155e+02 2.280447504992480390e+01 1.507678095954241826e+01
4.999990772533337013e-01 1.664827442082636821e+02 1.447146644375447977e+02 1.070142703606400758e+01 1.798605206591831802e+02 2.333019345593503715e+02 3.817468593264867422e+02 3.224819441127298774e+02 2.203294273943157577e+01 1.448015136135657954e+01
5.061739783630568867e-01 1.626215150531149902e+02 1.375446954585517290e+02 1.026104484622164392e+01 1.766945655703483737e+02 2.273637333580739437e+02 3.715867467643920463e+02 3.117862411281718096e+02 2.145924467690309356e+01 1.398519912325462577e+01
5.123176238977423802e-01 1.592291671442653751e+02 1.341410215263290695e+02 9.900952952706266075e+00 1.724748744870589974e+02 2.237387496847848354e+02 3.610513972627862813e+02 3.070013067100708213e+02 2.068413866027830750e+01 1.356438699250361068e+01
5.184419198367248294e-01 1.552514301036825088e+02 1.286876564175902615e+02 9.575166333348230197e+00 1.686808075616732197e+02 2.177543350017876378e+02 3.520807338219520943e+02 2.973552466928852027e+02 2.018348481632105873e+01 1.306918685198426822e+01
5.245811071337125320e-01 1.516935777234047009e+02 1.192811207587207321e+02 9.158627092220081423e+00 1.644689929194725266e+02 2.129594439512374606e+02 3.326804451854578133e+02 2.913283675811445619e+02 1.925247114739189769e+01 1.269752668730918188e+01
5.307339722686617023e-01 1.486965114793201792e+02 1.153119755505388184e+02 8.834625378029560494e+00 1.623312603825020233e+02 2.087500532436000924e+02 3.227315457681986572e+02 2.824710993738552247e+02 1.889565851684627518e+01 1.221779294628785451e+01
5.368662932732624071e-01 1.433440026604036461e+02 1.095922100056117898e+02 8.452171840251075707e+00 1.564470101635732533e+02 2.025646914555317721e+02 3.143610874399850559e+02 2.778777253548936983e+02 1.815514647808284820e+01 1.180774426870076788e+01
5.429628466927283181e-01 1.412728666694109450e+02 1.041159284567570893e+02 8.188295625283002366e+00 1.545225167743794543e+02 1.990512904952043698e+02 3.024823611740007436e+02 2.714721524719054742e+02 1.764258865722636216e+01 1.142476742271436230e+01
5.491073400914713298e-01 1.367843640927095237e+02 9.915576101023570743e+01 7.797945507666967480e+00 1.498023647986195499e+02 1.938686615161379052e+02 2.917261853406016030e+02 2.632935017059492679e+02 1.696351327503039386e+01 1.101183379740382051e+01
5.552762609626447077e-01 1.352356030106774085e+02 9.358942567633273768e+01 7.603602043098586449e+00 1.482911391174125413e+02 1.906614932804325520e+02 2.797057393469086151e+02 2.552955053775988574e+02 1.650929288951125073e+01 1.066905036272050111e+01
5.614082796802024600e-01 1.307935408248837348e+02 9.138540634291378240e+01 7.235523914576504012e+00 1.440182492185713272e+02 1.853163452008843421e+02 2.754163871312038054e+02 2.513715407486467939e+02 1.599549963787451468e+01 1.023616537699169093e+01
5.675371533509153688e-01 1.282230643483430015e+02 8.804826125724476071e+01 7.037059741417744263e+00 1.407383247882300452e+02 1.812952890474067544e+02 2.642453559221281125e+02 2.467646009808292433e+02 1.548187416406598338e+01 9.948764210878287884e+00
5.736740022558224350e-01 1.248800601476350920e+02 8.398697712567209805e+01 6.749836530575047178e+00 1.372898022418663970e+02 1.775311765241957289e+02 2.557837419119657056e+02 2.382930465688507979e+02 1.497356921534675855e+01 9.614776041192016010e+00
5.798103603643611770e-01 1.221210242155342911e+02 7.984507581832112066e+01 6.478373737103757968e+00 1.348254753122716920e+02 1.736898843570143072e+02 2.479551148411468091e+02 2.343259207783182774e+02 1.449971601539530575e+01 9.287747122289339075e+00
5.859425366486809006e-01 1.200705555749554776e+02 7.665572511087054863e+01 6.322076771309843579e+00 1.318944285365087126e+02 1.710455005761776590e+02 2.386070992073192087e+02 2.295004714180954579e+02 1.408927152809302541e+01 9.041556268987672951e+00
5.920586774162177601e-01 1.161009517744655994e+02 7.169970913221575870e+01 6.033275532683901154e+00 1.286424735809438573e+02 1.660571753123816734e+02 2.307000963822243591e+02 2.232208874049086091e+02 1.368389749922550003e+01 8.698943775601529538e+00
5.981941542880485629e-01 1.139688461858414428e+02 6.908281756925380535e+01 5.805150881790200224e+00 1.257478412777639107e+02 1.630601613842442532e+02 2.257673737625821389e+02 2.170028450212128917e+02 1.320157848764661779e+01 8.385052720239581703e+00
6.043590774859866066e-01 1.115134670768425167e+02 6.798747790941222036e+01 5.647562058188244194e+00 1.232371547322947976e+02 1.605500883623510902e+02 2.168478531221363994e+02 2.143464295064798932e+02 1.291994207356983715e+01 8.172679874656367360e+00
6.104910230252050818e-01 1.088254354838709759e+02 6.353381854838709586e+01 5.371508064516128833e+00 1.203999838709677448e+02 1.561865161290322703e+02 2.107897096774193528e+02 2.098353870967742125e+02 1.232573286290322656e+01 7.829950100806452262e+00
6.166050503334797872e-01 1.071403668274171821e+02 6.099937149181753426e+01 5.243514309431575704e+00 1.190970827733417678e+02 1.540154320499644314e+02 2.036046011542414362e+02 2.062763854850185794e+02 1.213460352597043190e+01 7.679354593248477912e+00
6.227565424953059869e-01 1.035235690494098009e+02 5.695258561144453324e+01 4.998097630048043527e+00 1.153960076133171526e+02 1.493031051896421957e+02 1.970687193970743749e+02 1.998265360941840925e+02 1.165895101996960648e+01 7.350359848194139012e+00
6.288977757446623240e-01 1.016327519085130433e+02 5.538298762127801922e+01 4.832154927917516218e+00 1.129764743453268068e+02 1.471627178442166723e+02 1.914685969767937195e+02 1.956321512211441984e+02 1.138154293013777796e+01 7.126952709176070044e+00
6.350332706002194127e-01 9.914847290932252122e+01 5.321162647747134145e+01 4.658499533430103590e+00 1.100197144295997873e+02 1.437365287199691863e+02 1.855815682673223534e+02 1.917585389696951950e+02 1.104347246497022894e+01 6.902866442515626311e+00
6.411743038514937654e-01 9.673132215362610964e+01 5.049972634528656812e+01 4.450615814323452213e+00 1.075714056365573441e+02 1.404019148532480870e+02 1.768801465329772213e+02 1.882316943240363685e+02 1.066768010128873101e+01 6.652941970605835031e+00
6.473071136295037720e-01 9.581279119622695362e+01 4.793791624982134891e+01 4.345205981134771633e+00 1.064335286551379198e+02 1.390502358153494242e+02 1.738153208517936150e+02 1.842982135200800258e+02 1.039871016149778526e+01 6.485373642275260586e+00
6.534392957951101755e-01 9.335559404128298411e+01 4.582949649404410053e+01 4.183825962377854424e+00 1.039137450367491766e+02 1.360444369350342129e+02 1.678004843569597995e+02 1.801489116048548169e+02 1.010060263017093263e+01 6.270764692630452330e+00
6.595783755518781488e-01 9.080938821886678625e+01 4.389757902230009989e+01 4.033512180180427009e+00 1.013541663814699660e+02 1.326933838930033289e+02 1.630719790825336304e+02 1.770080357020629833e+02 9.803879929910060298e+00 6.098676487700037008e+00
6.657085753353266799e-01 8.980584656517706321e+01 4.178714123970098626e+01 3.884615679734817473e+00 1.001135687783052362e+02 1.311378021498335897e+02 1.566646205052654466e+02 1.728555273639984762e+02 9.483426945217438231e+00 5.882284760871937301e+00
6.718369711955728407e-01 8.683756793836737131e+01 4.038543150757215727e+01 3.703200853516964486e+00 9.698601656904648394e+01 1.273854282095931580e+02 1.528114347527834980e+02 1.694889715582291103e+02 9.219022083267374157e+00 5.659356696216558014e+00
6.779675665423466890e-01 8.575765343007742558e+01 3.901980559170314677e+01 3.624518579859878908e+00 9.538532013617782468e+01 1.261102698581700139e+02 1.492023213323343498e+02 1.677063370006703735e+02 8.991746027051540580e+00 5.517393151018048059e+00
6.841025602423458363e-01 8.314152717936985937e+01 3.619685819956533379e+01 3.454682118300479221e+00 9.326705303694666327e+01 1.225481247060916843e+02 1.447424155768228786e+02 1.615891257101460212e+02 8.720380396792108968e+00 5.324953371843265337e+00
6.902473351098605825e-01 8.178432163845940295e+01 3.521255706610840974e+01 3.345928207052236036e+00 9.109102832496785140e+01 1.212074936312961881e+02 1.396412465003657246e+02 1.606726864579917731e+02 8.464825522738165020e+00 5.178075815950765382e+00
6.963896182979992799e-01 8.031540414622722324e+01 3.367634715409076307e+01 3.235043646929770311e+00 8.990603815909483387e+01 1.185446052209924375e+02 1.345381714201197951e+02 1.575480563019202691e+02 8.226315416471516428e+00 5.001282600389479249e+00
7.025354447064345864e-01 7.793447440169646256e+01 3.170438352014541294e+01 3.111826908512572043e+00 8.732501666161769549e+01 1.154186004241139045e+02 1.310822417449257955e+02 1.535315237806725293e+02 7.988195243865495954e+00 4.828521660102999213e+00
7.086795257259553837e-01 7.628329040873754252e+01 3.105939690942910048e+01 2.956676339605093684e+00 8.540540492202030975e+01 1.138005198645490452e+02 1.268842466733438243e+02 1.515876257929126609e+02 7.723627456240759415e+00 4.660065147016740461e+00
7.148105300560909647e-01 7.493658347433728295e+01 2.961015933446136472e+01 2.884537044380993009e+00 8.404580278247790659e+01 1.116240129723632322e+02 1.241472551231434522e+02 1.480665303628501590e+02 7.595051348937770896e+00 4.514144825742620881e+00
7.209489185367295994e-01 7.324509217623314328e+01 2.779492944464250925e+01 2.778253589582878380e+00 8.222619116074201884e+01 1.094976941566133490e+02 1.209171851459984168e+02 1.451474474716225984e+02 7.402031844789714654e+00 4.371707632284107525e+00
7.270775917581103753e-01 7.210522987523499694e+01 2.673831823619893910e+01 2.709769163390873370e+00 8.086915626958354153e+01 1.075869537970717289e+02 1.172289978920982065e+02 1.425174841907366101e+02 7.168788811029453534e+00 4.238208568335896764e+00
7.331906622449658739e-01 7.023168500211991727e+01 2.644599223439626812e+01 2.606826736940173639e+00 7.897787472385245167e+01 1.051354182937986650e+02 1.135104433981210690e+02 1.405324794144556222e+02 6.992251829826166443e+00 4.105847494030749445e+00
7.393386679216931157e-01 6.864527388729871404e+01 2.493687045250944934e+01 2.488148700209757980e+00 7.725455022177551712e+01 1.030691874057727233e+02 1.096794524439006295e+02 1.367017720191404351e+02 6.745990560884480125e+00 3.960136056001048566e+00
7.454822748005143218e-01 6.722633463085367111e+01 2.389932176707173639e+01 2.411870828436182279e+00 7.560341165180449252e+01 1.012852891385687002e+02 1.077230566847456856e+02 1.343321831768042216e+02 6.579906001660538628e+00 3.860474668701006085e+00
7.516118807450163919e-01 6.547243994001978251e+01 2.272410162605949324e+01 2.328428590039455237e+00 7.357610787931639607e+01 9.945132988057130774e+01 1.050919058608331369e+02 1.329602258829534946e+02 6.411808339802831824e+00 3.729914536163605909e+00
7.577553313207755492e-01 6.477549028768389405e+01 2.178478992120098212e+01 2.239109656772666490e+00 7.290808338783857323e+01 9.799711381733993676e+01 1.022051785176648906e+02 1.297365268217730261e+02 6.262620560417770044e+00 3.607279305655049395e+00
7.639042897236033580e-01 6.288541655967213728e+01 2.094970700617315984e+01 2.159184271546986889e+00 7.099245046581140173e+01 9.557300450917756507e+01 9.888280246926261441e+01 1.276021754984233354e+02 6.112699266616679061e+00 3.487189544665509899e+00
7.700556058884338029e-01 6.166421551368588894e+01 1.956670925167741615e+01 2.097383190908268080e+00 6.930806063837277975e+01 9.407726664587713117e+01 9.636838716816384931e+01 1.253345270548944370e+02 5.927649282258145469e+00 3.379136320655071746e+00
7.761646078124272430e-01 6.046253550063448046e+01 1.924859634016154075e+01 2.010918962877918048e+00 6.821948456100066949e+01 9.239125224082019372e+01 9.336233810703568281e+01 1.231223236046488267e+02 5.754954982174149691e+00 3.281307594114448278e+00
7.822760392858680856e-01 5.966017797552836299e+01 1.787810164315126116e+01 1.958057990847530405e+00 6.701649981460882088e+01 9.116960365318189474e+01 9.056077903323381406e+01 1.209886813808715402e+02 5.622320975547880018e+00 3.181787329488905858e+00
7.884165269731352454e-01 5.804981409049206320e+01 1.759365010381959848e+01 1.895755166835675354e+00 6.546810565454633490e+01 8.905049978270318434e+01 8.841284465691245487e+01 1.197886136462407762e+02 5.507946424259984042e+00 3.078801185474914437e+00
7.945591276009631443e-01 5.700391296950908071e+01 1.674154316553562083e+01 1.815952941579554114e+00 6.459069771837961582e+01 8.736845239220430415e+01 8.626294398971663213e+01 1.168056842025670505e+02 5.375038397194759732e+00 2.976549651707907085e+00
8.007019309919388705e-01 5.510922716627634088e+01 1.576867213114753952e+01 1.748310158079625198e+00 6.251791569086650924e+01 8.507477283372364241e+01 8.381551288056205351e+01 1.149892833723653354e+02 5.213250585480093235e+00 2.866628220140515104e+00
8.068322471611056868e-01 5.426703547351672086e+01 1.504529725280283969e+01 1.686442468200755940e+00 6.150623108830210839e+01 8.386866429379466581e+01 8.176129643425396409e+01 1.129796282500528832e+02 5.092439689503260425e+00 2.776646524846177133e+00
8.129795759107908415e-01 5.296075921889273275e+01 1.452293756387876300e+01 1.631081767078807143e+00 6.012106438979386525e+01 8.223218856558821699e+01 7.972093233599551354e+01 1.107640126265138605e+02 5.005970120566926695e+00 2.700204807753185943e+00
8.191384193203445907e-01 5.176234822848108763e+01 1.379509845719310590e+01 1.563798995443523854e+00 5.889772797925160575e+01 8.054897101796832715e+01 7.774108911330793603e+01 1.089120502367058521e+02 4.847144319504028687e+00 2.608279041985309465e+00
8.252636533623828319e-01 5.095187130197198400e+01 1.346810381534476342e+01 1.528478973910883498e+00 5.773048195229266355e+01 7.946077761711714516e+01 7.550828979233382654e+01 1.070358736438715823e+02 4.712876123269079010e+00 2.530378995200879721e+00
8.313801266770000087e-01 4.978752740729186144e+01 1.294463293728171749e+01 1.469258199438421508e+00 5.671490783350233045e+01 7.799295426773782935e+01 7.398474724627131138e+01 1.055056201197687926e+02 4.631119517458336610e+00 2.447995746994947819e+00
8.375206517277707929e-01 4.909568230050029314e+01 1.232153799933521299e+01 1.420971972453997534e+00 5.582516555726960661e+01 7.660930188952620767e+01 7.167647936180549095e+01 1.041871542900000804e+02 4.498589460585863620e+00 2.374057687226734714e+00
8.436596178727920892e-01 4.784660255599139589e+01 1.141898540638576165e+01 1.366541582310515146e+00 5.456569235311485500e+01 7.488347884769497398e+01 6.963692268758700266e+01 1.020285039436500938e+02 4.389021574085790078e+00 2.292861097051752672e+00
8.497926552975230141e-01 4.706882686653692360e+01 1.124903101577705122e+01 1.315356872955401935e+00 5.359322953331401607e+01 7.415967534887573720e+01 6.820895275166674310e+01 1.006591411652656518e+02 4.285132924758789486e+00 2.226834444490455311e+00
8.559261024612236923e-01 4.616943407066934668e+01 1.065507858989617063e+01 1.277495306151762655e+00 5.274662042926909322e+01 7.274049329010547638e+01 6.642132802560840332e+01 9.926522756186645324e+01 4.203603746870768099e+00 2.157505027291008126e+00
8.620635216668264267e-01 4.516808589262618767e+01 1.065753307733710464e+01 1.224269793181288701e+00 5.140104915609611425e+01 7.154688667346825071e+01 6.476118845446293903e+01 9.740828720848965361e+01 4.084479257878713021e+00 2.077335346358078816e+00
8.681991121454618598e-01 4.437665867051332214e+01 1.002832192353977270e+01 1.198997500537947181e+00 5.062348079727758687e+01 7.028381296970759706e+01 6.294290587119552072e+01 9.588249639376140010e+01 4.001737121145708009e+00 2.024302138041234489e+00
8.743258064632770665e-01 4.311996136358281717e+01 9.458458980218468426e+00 1.147244774856487570e+00 4.939943930077507872e+01 6.848048939461759232e+01 6.125573067590170950e+01 9.379406475526342035e+01 3.895985974666446694e+00 1.953812008701046654e+00
8.804649962982444844e-01 4.243974962081257729e+01 9.067248985625525393e+00 1.106792026285195130e+00 4.851269604182225237e+01 6.779456125897922902e+01 5.989121748034769865e+01 9.282497324515141202e+01 3.790979670164686510e+00 1.901902818305705845e+00
8.866060715851544760e-01 4.190392366820910297e+01 8.740271138475657509e+00 1.069804653141611439e+00 4.798274121381314217e+01 6.664492714826570818e+01 5.811651305977283499e+01 9.150648973192090807e+01 3.710472914834218816e+00 1.838560509006080368e+00
8.927497452568226022e-01 4.051459878548860871e+01 8.091636415921602321e+00 1.029743881693444330e+00 4.659115184380159036e+01 6.490245068381622673e+01 5.644989580298922505e+01 8.971169919555426020e+01 3.627083473383079237e+00 1.776227932828407408e+00
8.989002179133253057e-01 3.973210054446730766e+01 7.922496973118319907e+00 9.977821824374011328e-01 4.568278279988412294e+01 6.392412368989875660e+01 5.530152569692558018e+01 8.847104221292904924e+01 3.551410796125591407e+00 1.722168008646111081e+00
9.050334286265421246e-01 3.912378109889466771e+01 7.458860030285074494e+00 9.507991551817469578e-01 4.500767733959517614e+01 6.286558986400977034e+01 5.390516528774478644e+01 8.740530061960043895e+01 3.448196703023386878e+00 1.666458753959371153e+00
9.111662727418216035e-01 3.842239094801752941e+01 7.118337015936283763e+00 9.246015816238112306e-01 4.417710070835951086e+01 6.185692004419123435e+01 5.242028608770371534e+01 8.575004512993811545e+01 3.381884572059874916e+00 1.603108820917184651e+00
9.173141852908638372e-01 3.738216223885361700e+01 6.971485386443443844e+00 8.968570988365907048e-01 4.305809243429219890e+01 6.058964991309899517e+01 5.112481821728798081e+01 8.438032845032455498e+01 3.307673003937147804e+00 1.562267783669705201e+00
9.234386234055659282e-01 3.651953481462617646e+01 6.547917418277767077e+00 8.657367800449905504e-01 4.212208993866853746e+01 5.938014190417577254e+01 4.971716078464662303e+01 8.299225398442308688e+01 3.227660791720605715e+00 1.513724750288264920e+00
9.295586914769259357e-01 3.588733136082374386e+01 6.447669453356153824e+00 8.323750840164361176e-01 4.142553891779901676e+01 5.847902880464533126e+01 4.828204923882841371e+01 8.230482895293000922e+01 3.155589344983612765e+00 1.469619180346043885e+00
9.356866131768992734e-01 3.530987932443662913e+01 5.971765386649449781e+00 7.994228611338145551e-01 4.079557271097618809e+01 5.756047514715275781e+01 4.719388105524152621e+01 8.064242395104294303e+01 3.074821682452248517e+00 1.414423245327857126e+00
9.418341995598693561e-01 3.440821142680915301e+01 5.662566288767615141e+00 7.722838889801418860e-01 3.974395607342549397e+01 5.645667010820740472e+01 4.631510545864117034e+01 7.915453411818340612e+01 2.988184299534721422e+00 1.375840237365746344e+00
9.479856668247271800e-01 3.367924149828159841e+01 5.355536815148637331e+00 7.412227822985062442e-01 3.899050535578169985e+01 5.529740301421522020e+01 4.495085184343197682e+01 7.796028296714317207e+01 2.917199974257478345e+00 1.331026779744313160e+00
9.541104538204613350e-01 3.318113818782799029e+01 5.255874974485260864e+00 7.224232479604669743e-01 3.848040797245067068e+01 5.448394382148242698e+01 4.373121292132242388e+01 7.709141848781548845e+01 2.877180069861002387e+00 1.291045910892653747e+00
9.602408593380125090e-01 3.238615244359066025e+01 4.864014423859603475e+00 6.897303767948426145e-01 3.760450949109497998e+01 5.349910786963175724e+01 4.275347898284114478e+01 7.605804708104059841e+01 2.783373490053071997e+00 1.247922194998860368e+00
9.663673603621276698e-01 3.162297161057491479e+01 4.516929867653008301e+00 6.621875742485247018e-01 3.675294907113088527e+01 5.248367977293597164e+01 4.165891592337873561e+01 7.521698228309797685e+01 2.707584426592691162e+00 1.209880612385777710e+00
9.725109363121978712e-01 3.087375392210710956e+01 4.714649346262871354e+00 6.487359490710051801e-01 3.589267157837585387e+01 5.142313932713371827e+01 4.072921519978282134e+01 7.385217523059148448e+01 2.669981123379861820e+00 1.173249611735070808e+00
9.786539223807257937e-01 3.026550308651646404e+01 4.240737317080813362e+00 6.201088212483940598e-01 3.528045310688433744e+01 5.052542850875818203e+01 3.979431579607056335e+01 7.294768276251056704e+01 2.605950748911102011e+00 1.134904564754175338e+00
9.847742802912333726e-01 2.993057603886527218e+01 4.208428735639306417e+00 5.984083661496610862e-01 3.481398641698373098e+01 4.992179541201402770e+01 3.889726294786154170e+01 7.180234604469011117e+01 2.540079231679658989e+00 1.098915763765816900e+00
9.909163226000885505e-01 2.904191744178977430e+01 4.066565216730499976e+00 5.759632519454069843e-01 3.399216365736518952e+01 4.887825399720347264e+01 3.777234482339351729e+01 7.046954830080855459e+01 2.476847376740227258e+00 1.065289968235151097e+00
9.970641613013051519e-01 2.845753353724621348e+01 3.845759148984850828e+00 5.566762338635871110e-01 3.325429601888200892e+01 4.795363189711230234e+01 3.696310300811637717e+01 6.948872859516870903e+01 2.427942336408082546e+00 1.034267580712169732e+00
1.003199363263552968e+00 2.810948781083997616e+01 3.677492532686265747e+00 5.413908654333426940e-01 3.287125218355581069e+01 4.724104071400039118e+01 3.590433491721864101e+01 6.894606840715192675e+01 2.375613892184509801e+00 1.004192445791177501e+00
1.009337884460522083e+00 2.735746837524518682e+01 3.356293091297759990e+00 5.222559762564746855e-01 3.210783542207448704e+01 4.644246467541314871e+01 3.509421064377077215e+01 6.788044257038490059e+01 2.320314794042682927e+00 9.727000662152479604e-01
1.015478646350256975e+00 2.672048108130076827e+01 3.478274122284991332e+00 4.990700949128236141e-01 3.135778607384011707e+01 4.551010816491230315e+01 3.437419369821815707e+01 6.710262603273396564e+01 2.267681486846612859e+00 9.341409837897780566e-01
1.021609453879374962e+00 2.609694803361886883e+01 3.176344596268282583e+00 4.749349052093114198e-01 3.066735985898048966e+01 4.467572137125345222e+01 3.362234940348977119e+01 6.610307443272482431e+01 2.204401963212802240e+00 9.057495477928257932e-01
1.027737761654253790e+00 2.555563104762228477e+01 3.049909692615177637e+00 4.671564833766469471e-01 3.010159156149678239e+01 4.381725635407289587e+01 3.287588538039508990e+01 6.509588436125218891e+01 2.164847779683952478e+00 8.842685384924612313e-01
1.033868183565701315e+00 2.521458939864061932e+01 2.831758289175080545e+00 4.483653322286730858e-01 2.969203631019084355e+01 4.321056025137824008e+01 3.198008795986056896e+01 6.395255123014286625e+01 2.130865809123723587e+00 8.535994665814473636e-01
1.040006632801374398e+00 2.460991940107612308e+01 2.689827142321601805e+00 4.289253384934286206e-01 2.905750253594425203e+01 4.241786021434241860e+01 3.119962567257651997e+01 6.314401406897768254e+01 2.068600048513716150e+00 8.282463704297874374e-01
1.046156808389768100e+00 2.400342542585266159e+01 2.690696288939595338e+00 4.149384356993942591e-01 2.835769434914172749e+01 4.166639307035255513e+01 3.068565972279221299e+01 6.256747705894905920e+01 2.015830966725216111e+00 8.030667410848640886e-01
1.052295850575665437e+00 2.361533735689734215e+01 2.474625159002949992e+00 3.988163583588189010e-01 2.797397223199545024e+01 4.100767273809845648e+01 2.994896208287098460e+01 6.182168394273187317e+01 1.979475594738693722e+00 7.762913069365882102e-01
1.058425977651756611e+00 2.326429466111402533e+01 2.348308915629115035e+00 3.906400547591774020e-01 2.752203213823079153e+01 4.042464858846577869e+01 2.922311822201286802e+01 6.075190827436328078e+01 1.937562728163239045e+00 7.579350290121936728e-01
1.064562605041261323e+00 2.268280912009392836e+01 2.158539245915684912e+00 3.723425178630928034e-01 2.693162045092739731e+01 3.955261084108590808e+01 2.854322842016744488e+01 5.981093416967690501e+01 1.894481315813134170e+00 7.318086678972058889e-01
1.070698774491387617e+00 2.227255361458045257e+01 2.087375684372048124e+00 3.604305492852259429e-01 2.647143774236817748e+01 3.891278399156571766e+01 2.777366792102255388e+01 5.946164645953267325e+01 1.854993860876100742e+00 7.077817799153440781e-01
1.076840726399151738e+00 2.172851254822765199e+01 1.914123954744774370e+00 3.465018248387246591e-01 2.583694018480164090e+01 3.820271882569868893e+01 2.714440146064572090e+01 5.853243325603136071e+01 1.810956327829226442e+00 6.871859069380672480e-01
1.082972309238944275e+00 2.121055010859765488e+01 1.902349032610032076e+00 3.362915549314605124e-01 2.525547854684042193e+01 3.741580608146873033e+01 2.659685681501516186e+01 5.787099418080484980e+01 1.771299483648881345e+00 6.680746022995041056e-01
1.089087945679088287e+00 2.080801319904504609e+01 1.895994635987165999e+00 3.180356576016159509e-01 2.478554339616903590e+01 3.692844688195370395e+01 2.591901138949855010e+01 5.690587823830257719e+01 1.720599146167765880e+00 6.449950215295483513e-01
1.095217492047269259e+00 2.043216386533640971e+01 1.733636124177327931e+00 3.109309421844883570e-01 2.440867962968511407e+01 3.636701171465380611e+01 2.536917637894358535e+01 5.614790624282191089e+01 1.692077753143382379e+00 6.293338148899941809e-01
1.101360503814608816e+00 2.004740799668980245e+01 1.612663416400258010e+00 3.017187276795609829e-01 2.394062578506371608e+01 3.569636567836894159e+01 2.480893211631011397e+01 5.560284519405543335e+01 1.657705138688432500e+00 6.069653931599091612e-01
1.107509538678442151e+00 1.962869432580841789e+01 1.647965985356924845e+00 2.873035387431360221e-01 2.345990726052470876e+01 3.514839048200121852e+01 2.423977547284929557e+01 5.476259670530811263e+01 1.627181970713849735e+00 5.897573596705307786e-01
1.113637274621421813e+00 1.915325450816293795e+01 1.502986248830229243e+00 2.743432767883551282e-01 2.302004489979974622e+01 3.443920101630648389e+01 2.347222612819232168e+01 5.410083059780738068e+01 1.579363032579023107e+00 5.699931616901914300e-01
1.119766029293861820e+00 1.875481363421629055e+01 1.544609773526562702e+00 2.650728412610171003e-01 2.258094301897776646e+01 3.383971731381316062e+01 2.294949203334589782e+01 5.344995490573150221e+01 1.546940986156775333e+00 5.529773774103959871e-01
1.125921199838792353e+00 1.842225942623722190e+01 1.341233875863561797e+00 2.565593645878432860e-01 2.211095241232611031e+01 3.335893351279106867e+01 2.250017412420232077e+01 5.270325000470605659e+01 1.509074606338120850e+00 5.402012928722021989e-01
1.132060593734519616e+00 1.795841304225510626e+01 1.298594602768244011e+00 2.474614393438549220e-01 2.158827059772313817e+01 3.263592949980307623e+01 2.192709446913858073e+01 5.209223728877135784e+01 1.481084369549316548e+00 5.198226124833549289e-01
1.138193835500512563e+00 1.751421245607311050e+01 1.228754046353548679e+00 2.374274066279386808e-01 2.115874635770458312e+01 3.203410250608396126e+01 2.148318887293180168e+01 5.150952422732541436e+01 1.446676015802136339e+00 5.064002807626770686e-01
1.144331290643838761e+00 1.730243419093221036e+01 1.131017248390570273e+00 2.287808354716030224e-01 2.084353822538889744e+01 3.158491145272514800e+01 2.095818002703384053e+01 5.081856629017847382e+01 1.414726568764461900e+00 4.909572312653210924e-01
1.150477416657047947e+00 1.678521263133243835e+01 1.128418063305276720e+00 2.195611523366253481e-01 2.035326794295004049e+01 3.095994163502978580e+01 2.033467761910551985e+01 5.007314085502879664e+01 1.381365373270104557e+00 4.755800398894848291e-01
1.156613064375511923e+00 1.660726065543484609e+01 1.048201085707591185e+00 2.135652935454582513e-01 2.009190326635996371e+01 3.051486286154581151e+01 1.975807578099302120e+01 4.936875757562103928e+01 1.351125388074564393e+00 4.617147756151742666e-01
1.162735018537596643e+00 1.614692804905565282e+01 1.018571870202496177e+00 2.029165954645200387e-01 1.959544792924801726e+01 2.988207486649943334e+01 1.923313601352039015e+01 4.892831893252635922e+01 1.320802999836304226e+00 4.470316170712607673e-01
1.168863107201693285e+00 1.581095341746272354e+01 1.019811526776587041e+00 1.961395781101290259e-01 1.919851113891924399e+01 2.939707955867319811e+01 1.883538369346822350e+01 4.832183016673128861e+01 1.295712309210758306e+00 4.352846017549966695e-01
1.175003119642887395e+00 1.552121631124590628e+01 9.530565789871047189e-01 1.896839110987915689e-01 1.884389816688309693e+01 2.894029750939423806e+01 1.821016778045739315e+01 4.759722767493129680e+01 1.264381894680984164e+00 4.212797371878114205e-01
1.181141063188670737e+00 1.514072417336637777e+01 9.250577229471247387e-01 1.811827240265627970e-01 1.846783490643431236e+01 2.843441334703499734e+01 1.775936304522413423e+01 4.719577119368571516e+01 1.235105914456697151e+00 4.089741641911554537e-01
1.187270909488056914e+00 1.482369695967854817e+01 8.502943417299273499e-01 1.745001608004950744e-01 1.812396526073522196e+01 2.790827960954355191e+01 1.727862513722348936e+01 4.653185916101878661e+01 1.209592981363037278e+00 3.957619731465822910e-01
1.193410238621095854e+00 1.463706545410125415e+01 8.211054225304651455e-01 1.689317090822357037e-01 1.786251858653850277e+01 2.752088431906926402e+01 1.679723929352198653e+01 4.607483056237705910e+01 1.182647491817710783e+00 3.836702516396170437e-01
1.199554515593299175e+00 1.426297103706010461e+01 7.233570798297518367e-01 1.620846309560884380e-01 1.745506903353057027e+01 2.707448354614346187e+01 1.635464548946330154e+01 4.536825495691891774e+01 1.147582269282674039e+00 3.747114411398317912e-01
1.205699244952225024e+00 1.394903894061114258e+01 6.986980121017718481e-01 1.573515355744327104e-01 1.709438784963991154e+01 2.654729738076316536e+01 1.580622650366264992e+01 4.482941401730236208e+01 1.133147927587016213e+00 3.627062427683780954e-01
1.211823614414484052e+00 1.367060106958889953e+01 7.144462555160930872e-01 1.496904118409396744e-01 1.679559901899668617e+01 2.609039420584664981e+01 1.531928540962630159e+01 4.443552938088520676e+01 1.107540745267233229e+00 3.523204181054989115e-01
1.217948190684038368e+00 1.333686994625477951e+01 6.631493457366968158e-01 1.431612979450120060e-01 1.638088998369889637e+01 2.563596491228069851e+01 1.488957213641278798e+01 4.414795671331041405e+01 1.077727559757258646e+00 3.417597410686905590e-01
1.224088465910863066e+00 1.298316545756140350e+01 6.571555798708954566e-01 1.396044895527309704e-01 1.604465995163578640e+01 2.510094330195655132e+01 1.440853068729140318e+01 4.328111597417910161e+01 1.058218043647700668e+00 3.319795538801286749e-01
1.230226458808759915e+00 1.274908028908028967e+01 6.102935971685972127e-01 1.342968363280863386e-01 1.570669537669537696e+01 2.483664389664389560e+01 1.402411345411345422e+01 4.290002970002969818e+01 1.033182667557667633e+00 3.235545985545985603e-01
1.236361550594031522e+00 1.251640156514995361e+01 5.964014843661259446e-01 1.286159178168978234e-01 1.546125705512100801e+01 2.433036179404725985e+01 1.352892844413284124e+01 4.223642929603502694e+01 1.011760350611607073e+00 3.141856586183125466e-01
1.242496792651986093e+00 1.225284240088062937e+01 5.488011325844357469e-01 1.240106706116364393e-01 1.518451878532337140e+01 2.390945353554605646e+01 1.308232557596785561e+01 4.200299118204201676e+01 9.871777137489352594e-01 3.057616355620038084e-01
1.248637470443478836e+00 1.195640432837134881e+01 4.717013118031180285e-01 1.193699211109537500e-01 1.483620762249620029e+01 2.357188816970522893e+01 1.273075333106222651e+01 4.131131891308424997e+01 9.634193195867607473e-01 2.965505120993826016e-01
1.254772466883479876e+00 1.170363579031857348e+01 4.783766029009879905e-01 1.143044878838840317e-01 1.451436065511112794e+01 2.312918187551359495e+01 1.233002847478357111e+01 4.091366598505551622e+01 9.452381179888011964e-01 2.874223333556290005e-01
1.260914491442226115e+00 1.144339668579476488e+01 4.577870057534123016e-01 1.096406309112004235e-01 1.423741160121660698e+01 2.275864135564778223e+01 1.183969573588241353e+01 4.047628590264147164e+01 9.228992764222464507e-01 2.802116771609007850e-01
1.267057912247927520e+00 1.124752821949410908e+01 4.614052598833769392e-01 1.068348490739249729e-01 1.400172088354917754e+01 2.241733954024882536e+01 1.149696926003879938e+01 3.998106091815410679e+01 8.990674412203105703e-01 2.724577994974046180e-01
1.273186365191749214e+00 1.099708203204405521e+01 4.237280667307301574e-01 1.009476841285827792e-01 1.370799345813390424e+01 2.202015227394526420e+01 1.111962190231552405e+01 3.963846765102655212e+01 8.797011577624600509e-01 2.641739277068356762e-01
1.279317993167675471e+00 1.079529308746642968e+01 3.896560907382235484e-01 9.811487897707912853e-02 1.346641832057712485e+01 2.166647309472079641e+01 1.077364447733742736e+01 3.916636318005122064e+01 8.632507515415531740e-01 2.567600670387888973e-01
1.285454867222016517e+00 1.058586425099938033e+01 3.168183782676925464e-01 9.337395118303790098e-02 1.322608101594296848e+01 2.130581035876210905e+01 1.034839501161564357e+01 3.869023742303050284e+01 8.408070154138321817e-01 2.500773545688802502e-01
1.291590440177868837e+00 1.031396617223693823e+01 3.337763448260990251e-01 9.137533223054059017e-02 1.289515981209993178e+01 2.091564803599860767e+01 1.000331197233973057e+01 3.827347223370340856e+01 8.220906016719800036e-01 2.426547062174508607e-01
1.297722286883003173e+00 1.006439159205362088e+01 2.911578755938770691e-01 8.775265235796810004e-02 1.265130065317577213e+01 2.055716178387503490e+01 9.728492211039169391e+00 3.777007429251162307e+01 8.069674048728194826e-01 2.363921342892350563e-01
1.303853449480362636e+00 9.887839500948592431e+00 3.030813226431528506e-01 8.460732970734682890e-02 1.242115396822038420e+01 2.026019296278272819e+01 9.381922257720979985e+00 3.729323854459796195e+01 7.872515454301814986e-01 2.302715076407549355e-01
1.310000794114592582e+00 9.706510480930649720e+00 2.677337366142649167e-01 8.090634970873752940e-02 1.219530921439072912e+01 1.991917640148342272e+01 9.060247538345503671e+00 3.699144286146263738e+01 7.696936161209260163e-01 2.230196085161254282e-01
1.316143719180109750e+00 9.443886967351597050e+00 2.816718841607893098e-01 7.833559651807613100e-02 1.192498343469105215e+01 1.953303695017918074e+01 8.723159863036984873e+00 3.657822815373994274e+01 7.584886909242921638e-01 2.180774544193815889e-01
1.322267763843804511e+00 9.306396922369760460e+00 2.858025996233573007e-01 7.441601681085197040e-02 1.170620928708883923e+01 1.932256288526119548e+01 8.452006359704036242e+00 3.610521639802005467e+01 7.368880414238326848e-01 2.118666183714492390e-01
1.328401901823275777e+00 9.087719908389177093e+00 2.497003827720756797e-01 7.281936551022138993e-02 1.146878530833828158e+01 1.896795656968360433e+01 8.140869454576300512e+00 3.570228857409449574e+01 7.190653363304776446e-01 2.057175916108236469e-01
1.334537614144214679e+00 8.865824011051957498e+00 2.735949714434934843e-01 6.879264522541950200e-02 1.122051351169216282e+01 1.868120156344767224e+01 7.872796347462767130e+00 3.540382438169687873e+01 7.048189104724038589e-01 2.006593425685693211e-01
1.340678552423816727e+00 8.719190073584373479e+00 2.136436566699333739e-01 6.673856966222613263e-02 1.103577977841635693e+01 1.839178446256831023e+01 7.577841635798880482e+00 3.498496420444163846e+01 6.897439704001461225e-01 1.955008471338637588e-01
1.346815149096061148e+00 8.495002486325210711e+00 2.190386727167246972e-01 6.355424073843858601e-02 1.079720205536217570e+01 1.801083706282114960e+01 7.343517321398972619e+00 3.460047737444057958e+01 6.769877652080225072e-01 1.906462114619592307e-01
1.352940200955950356e+00 8.320995119811732010e+00 2.196899926682617799e-01 6.125732253265733090e-02 1.056709604249789791e+01 1.777235443717453123e+01 7.097086615977298507e+00 3.433797022135958343e+01 6.625128673642728394e-01 1.849659449555022539e-01
1.359082410299650379e+00 8.168506399940421048e+00 1.801862937375134088e-01 6.005367190105592029e-02 1.039840721948250035e+01 1.746736240856649758e+01 6.883377154495501138e+00 3.384313103283025725e+01 6.493096143198060499e-01 1.803916927866697495e-01
1.365220173749337018e+00 7.965059389458974515e+00 1.955249951099083394e-01 5.721402849575145388e-02 1.019347537003705995e+01 1.715228590655457452e+01 6.651522408291663524e+00 3.360505768295784890e+01 6.324604083689391310e-01 1.753665103581398543e-01
1.371355627496639196e+00 7.853999656572659305e+00 1.711554148832824251e-01 5.598857512830827249e-02 1.001055323600772162e+01 1.695920369375184933e+01 6.442925078781596149e+00 3.324803403746538066e+01 6.188517463121310236e-01 1.711446330931991888e-01
1.377497312851453160e+00 7.683739014983878235e+00 1.668010116686160504e-01 5.349520714460707232e-02 9.831373680217488698e+00 1.669971233482961281e+01 6.249323512676234316e+00 3.283030916102927677e+01 6.092557157646836252e-01 1.671766582237466103e-01
1.383633079758801232e+00 7.526298933607455943e+00 1.470121656392262555e-01 5.141555442531033776e-02 9.634541057518957174e+00 1.642204367428940870e+01 6.043078681210181990e+00 3.246074219421279849e+01 5.961436126586074913e-01 1.629943230727290415e-01
1.389766479619330530e+00 7.306120607299670056e+00 1.751358545558366619e-01 4.928495849242431337e-02 9.408414162442392481e+00 1.605821874115080661e+01 5.851467371179094101e+00 3.213932168896274533e+01 5.841932122997165466e-01 1.582893742395529157e-01
1.395898899779254521e+00 7.240110562848673936e+00 1.695596444451604734e-01 4.783349832030699134e-02 9.309846015993716861e+00 1.592074334566923888e+01 5.678857195023905291e+00 3.181609989014294015e+01 5.746823773007077030e-01 1.549950489523686803e-01
1.402038197914537321e+00 7.050098257305979388e+00 1.391340593350543497e-01 4.571956598191699583e-02 9.112026297560960941e+00 1.565471253635062610e+01 5.501496364174531806e+00 3.150683071364708354e+01 5.617281690269779748e-01 1.512239085085639312e-01
1.408181749899602986e+00 6.925582442810187089e+00 1.139693843753483565e-01 4.384388764570485569e-02 8.948462887253292308e+00 1.542918043751374668e+01 5.327750805161469039e+00 3.120181910755872678e+01 5.502752819948120155e-01 1.474856427621331623e-01
1.414313666006327352e+00 6.774822268648640566e+00 1.285006711894849107e-01 4.304493693449115005e-02 8.774280432266694518e+00 1.518500293087640607e+01 5.165744066854042416e+00 3.091005666361053628e+01 5.402000229209564797e-01 1.437494833390948745e-01
1.420444380108462745e+00 6.609998694764819938e+00 1.230485320368491647e-01 4.139521390283117108e-02 8.602219196449759409e+00 1.492643219896530482e+01 5.022671045137405699e+00 3.059589918838103273e+01 5.282081438517489680e-01 1.400470881204316786e-01
1.426582768631972087e+00 6.487041872871101233e+00 1.161602421902370175e-01 3.978064090877642817e-02 8.446959705126431572e+00 1.472695343435265158e+01 4.886097503172186940e+00 3.019711721047719521e+01 5.191092998813557902e-01 1.368070017568470687e-01
1.432726168338077644e+00 6.346680148494367124e+00 1.100669013238028127e-01 3.810992058967940799e-02 8.298823059753248188e+00 1.450757624323237494e+01 4.720610732622720462e+00 3.000259923421664610e+01 5.079200881175366389e-01 1.337284332037601553e-01
1.438861657952483553e+00 6.258839288044092619e+00 6.933408295738875682e-02 3.653398829020843008e-02 8.165825623570274416e+00 1.430610537852012953e+01 4.596413111864288581e+00 2.961511297182735092e+01 4.993238252698537494e-01 1.306221464393506615e-01
1.444991779317132963e+00 6.076358029118553716e+00 8.349841766477802962e-02 3.535378415692461834e-02 7.980291185541132037e+00 1.403696048196227508e+01 4.452458581366994572e+00 2.927376317865595468e+01 4.910464480384422181e-01 1.274971311769346749e-01
1.451129573505090198e+00 5.953029942864300317e+00 6.406958813971629085e-02 3.449133100718395489e-02 7.843686035488471653e+00 1.382771465742778361e+01 4.355616351001653896e+00 2.900910698069001370e+01 4.822663951985515229e-01 1.243095902819491561e-01
1.457259699941714226e+00 5.853108078716715568e+00 8.161232797136674932e-02 3.292416270542102702e-02 7.732898999799451722e+00 1.364251092424631828e+01 4.241865073200218106e+00 2.869393185304028648e+01 4.742065180394826607e-01 1.217844817267794422e-01
1.463381498859491758e+00 5.725058686269939301e+00 8.331603223252116719e-02 3.154700984767543070e-02 7.585645450690896574e+00 1.346059034456421877e+01 4.118773709674249162e+00 2.851162353179026709e+01 4.657048161350738624e-01 1.196485633095686618e-01
1.469517533590522174e+00 5.611550064149357198e+00 8.185876327400899710e-02 3.029753185260993659e-02 7.459105475921870010e+00 1.324867277191585302e+01 4.021452360806954118e+00 2.823522629238834725e+01 4.573526448475899731e-01 1.160447639642367273e-01
1.475660550406120208e+00 5.524921816879288627e+00 9.331943315515389692e-02 2.991732436351362753e-02 7.330690491279310272e+00 1.310058137932934841e+01 3.917568470503954181e+00 2.797524315983798715e+01 4.491991826936324039e-01 1.139176933224037708e-01
1.481800492405727532e+00 5.433905276141775431e+00 6.220383265329183786e-02 2.859310661114015592e-02 7.220099957250644351e+00 1.291251630329714573e+01 3.841568030017127100e+00 2.762578793596854609e+01 4.405268313469858921e-01 1.112908501403649247e-01
1.487943725053375577e+00 5.316643473627553185e+00 8.618678924830210086e-02 2.786046126508899892e-02 7.113324029070412280e+00 1.272308457953657168e+01 3.736984850820749493e+00 2.739101705871692971e+01 4.332462664616483217e-01 1.093210956242916948e-01
1.494084839802395370e+00 5.199386714905235074e+00 5.169682268605060166e-02 2.690661224602340293e-02 6.966550584789832357e+00 1.254920226674783912e+01 3.639028720542603512e+00 2.716297144573563571e+01 4.260118416253429463e-01 1.069027426522451696e-01
1.500230994160872244e+00 5.092847078914589432e+00 4.560242718035647375e-02 2.579700796071135449e-02 6.832427009383274630e+00 1.235336408859001267e+01 3.555225671343696714e+00 2.687221961059276865e+01 4.188018812363719645e-01 1.044218296423041481e-01
1.506363835328208056e+00 4.999713842852032464e+00 5.357470287183868640e-02 2.492651491064212799e-02 6.729150934647535998e+00 1.218221453837287704e+01 3.477491951830212980e+00 2.658453691559688892e+01 4.122227852629068434e-01 1.024129398341348252e-01
1.512486114839888929e+00 4.886702643865078244e+00 3.742574221413864227e-02 2.395535783077820668e-02 6.623525284582698625e+00 1.200088915700571768e+01 3.422457771599433318e+00 2.626151445207994328e+01 4.051020792897235268e-01 1.001905072981692235e-01
1.518627690030334820e+00 4.819506321609965838e+00 2.582143150683158597e-02 2.335443907360714930e-02 6.520547821089636820e+00 1.184853505361201620e+01 3.327521913361326078e+00 2.605699286036024631e+01 3.991767766260931327e-01 9.830687369917731622e-02
1.524765346634578744e+00 4.735604391198980245e+00 5.328183416389274674e-02 2.351874697309750545e-02 6.419323551548352214e+00 1.170114603620450211e+01 3.261696048231287115e+00 2.583952389450569953e+01 3.936453152440144154e-01 9.628640486748553384e-02
1.530890949051883609e+00 4.650503089346929464e+00 6.437553583457103490e-02 2.181794600049721117e-02 6.326114631770807684e+00 1.155901585702855172e+01 3.199708640201644805e+00 2.561929071559858073e+01 3.864427342829315215e-01 9.463172047992883529e-02
1.537028126588163568e+00 4.580107434873549543e+00 5.333956273372630896e-02 2.164389073096913141e-02 6.224498320339734825e+00 1.143527666856816793e+01 3.145632249477086528e+00 2.541328009127210308e+01 3.813214647905178167e-01 9.293812789186790824e-02
1.543169805434377873e+00 4.496577984994910793e+00 4.524965970712428037e-02 2.072646245428725817e-02 6.134164226559260413e+00 1.126272353687808803e+01 3.075838224020710943e+00 2.511128146481847168e+01 3.734553491762281352e-01 9.071958688876881338e-02
1.549306732909000672e+00 4.419872699348200484e+00 3.014722308284219221e-02 2.049708428673550908e-02 6.039058012636415285e+00 1.115293434557850283e+01 3.015329146167869290e+00 2.490245735833978458e+01 3.689786214194740732e-01 8.967028413205803405e-02
1.555434294201658130e+00 4.366885818391358143e+00 3.937958392271238145e-02 1.947850495738152887e-02 5.972562361374322393e+00 1.102055571976066339e+01 2.969800093389930229e+00 2.461116754799273565e+01 3.668526367131711985e-01 8.761649291627443548e-02
1.561571446339652391e+00 4.267581902397704852e+00 4.392061596943747093e-02 1.917160826790689429e-02 5.856504942787056578e+00 1.086691441805353620e+01 2.906709484569397706e+00 2.440234629376655917e+01 3.607775142971156312e-01 8.637552512522217452e-02
1.567719175442112256e+00 4.228074384720633461e+00 4.361587922726375272e-02 1.863963896047298244e-02 5.812223029776814265e+00 1.075626986198133217e+01 2.868555755005280261e+00 2.418097054512373845e+01 3.575979395366533642e-01 8.478968173880595260e-02
